0.000000	0.008908
0.000500	-0.018294
0.001000	-0.053268
0.001500	-0.018294
0.002000	-0.018294
0.002500	-0.057154
0.003000	-0.026066
0.003500	-0.018294
0.004000	-0.026066
0.004500	-0.018294
0.005000	-0.061039
0.005500	-0.057154
0.006000	-0.026066
0.006500	-0.022180
0.007000	-0.026066
0.007500	-0.057154
0.008000	-0.029952
0.008500	-0.029952
0.009000	-0.041610
0.009500	-0.033838
0.010000	-0.018294
0.010500	-0.076583
0.011000	-0.026066
0.011500	-0.045496
0.012000	-0.033838
0.012500	-0.033838
0.013000	-0.076583
0.013500	-0.045496
0.014000	-0.033838
0.014500	-0.033838
0.015000	-0.076583
0.015500	-0.068811
0.016000	-0.061039
0.016500	-0.076583
0.017000	-0.076583
0.017500	-0.103790
0.018000	-0.111560
0.018500	-0.115440
0.019000	-0.103790
0.019500	-0.127100
0.020000	-0.080469
0.020500	-0.107670
0.021000	-0.099899
0.021500	-0.107670
0.022000	-0.150420
0.022500	-0.165960
0.023000	-0.173730
0.023500	-0.173730
0.024000	-0.142640
0.024500	-0.173730
0.025000	-0.146530
0.025500	-0.146530
0.026000	-0.197050
0.026500	-0.204820
0.027000	-0.216480
0.027500	-0.200930
0.028000	-0.204820
0.028500	-0.162070
0.029000	-0.197050
0.029500	-0.200930
0.030000	-0.200930
0.030500	-0.200930
0.031000	-0.220360
0.031500	-0.204820
0.032000	-0.232020
0.032500	-0.232020
0.033000	-0.239790
0.033500	-0.267000
0.034000	-0.313630
0.034500	-0.356370
0.035000	-0.348600
0.035500	-0.364140
0.036000	-0.445750
0.036500	-0.492380
0.037000	-0.519580
0.037500	-0.612850
0.038000	-0.678910
0.038500	-0.756630
0.039000	-0.846000
0.039500	-0.919840
0.040000	-1.017000
0.040500	-1.153000
0.041000	-1.238500
0.041500	-1.444400
0.042000	-1.615400
0.042500	-1.817500
0.043000	-2.035100
0.043500	-2.311000
0.044000	-2.524700
0.044500	-2.761800
0.045000	-3.010500
0.045500	-3.270800
0.046000	-3.542900
0.046500	-3.779900
0.047000	-4.024700
0.047500	-4.281200
0.048000	-4.541600
0.048500	-4.852400
0.049000	-5.081700
0.049500	-5.330400
0.050000	-5.583000
0.050500	-5.862800
0.051000	-6.165900
0.051500	-6.511700
0.052000	-6.795400
0.052500	-7.152900
0.053000	-7.448300
0.053500	-7.735800
0.054000	-8.070000
0.054500	-8.380900
0.055000	-8.660700
0.055500	-8.987100
0.056000	-9.301900
0.056500	-9.632200
0.057000	-9.923600
0.057500	-10.165000
0.058000	-10.444000
0.058500	-10.716000
0.059000	-11.008000
0.059500	-11.264000
0.060000	-11.486000
0.060500	-11.684000
0.061000	-11.781000
0.061500	-11.937000
0.062000	-11.968000
0.062500	-12.076000
0.063000	-12.111000
0.063500	-12.232000
0.064000	-12.376000
0.064500	-12.461000
0.065000	-12.582000
0.065500	-12.655000
0.066000	-12.764000
0.066500	-12.889000
0.067000	-13.036000
0.067500	-13.188000
0.068000	-13.324000
0.068500	-13.444000
0.069000	-13.464000
0.069500	-13.503000
0.070000	-13.475000
0.070500	-13.398000
0.071000	-13.370000
0.071500	-13.398000
0.072000	-13.460000
0.072500	-13.608000
0.073000	-13.813000
0.073500	-14.004000
0.074000	-14.210000
0.074500	-14.400000
0.075000	-14.532000
0.075500	-14.598000
0.076000	-14.645000
0.076500	-14.645000
0.077000	-14.622000
0.077500	-14.595000
0.078000	-14.614000
0.078500	-14.614000
0.079000	-14.591000
0.079500	-14.672000
0.080000	-14.688000
0.080500	-14.734000
0.081000	-14.750000
0.081500	-14.789000
0.082000	-14.812000
0.082500	-14.843000
0.083000	-14.847000
0.083500	-14.859000
0.084000	-14.839000
0.084500	-14.859000
0.085000	-14.781000
0.085500	-14.738000
0.086000	-14.719000
0.086500	-14.672000
0.087000	-14.626000
0.087500	-14.598000
0.088000	-14.544000
0.088500	-14.567000
0.089000	-14.548000
0.089500	-14.513000
0.090000	-14.552000
0.090500	-14.513000
0.091000	-14.459000
0.091500	-14.470000
0.092000	-14.459000
0.092500	-14.451000
0.093000	-14.451000
0.093500	-14.470000
0.094000	-14.528000
0.094500	-14.517000
0.095000	-14.517000
0.095500	-14.459000
0.096000	-14.505000
0.096500	-14.501000
0.097000	-14.536000
0.097500	-14.602000
0.098000	-14.668000
0.098500	-14.754000
0.099000	-14.800000
0.099500	-14.754000
0.100000	-14.723000
0.100500	-14.742000
0.101000	-14.668000
0.101500	-14.707000
0.102000	-14.703000
0.102500	-14.680000
0.103000	-14.641000
0.103500	-14.587000
0.104000	-14.563000
0.104500	-14.583000
0.105000	-14.575000
0.105500	-14.649000
0.106000	-14.719000
0.106500	-14.754000
0.107000	-14.804000
0.107500	-14.921000
0.108000	-14.933000
0.108500	-14.968000
0.109000	-15.003000
0.109500	-15.014000
0.110000	-15.057000
0.110500	-15.092000
0.111000	-15.127000
0.111500	-15.236000
0.112000	-15.282000
0.112500	-15.360000
0.113000	-15.407000
0.113500	-15.391000
0.114000	-15.368000
0.114500	-15.360000
0.115000	-15.348000
0.115500	-15.333000
0.116000	-15.313000
0.116500	-15.313000
0.117000	-15.321000
0.117500	-15.391000
0.118000	-15.368000
0.118500	-15.387000
0.119000	-15.403000
0.119500	-15.368000
0.120000	-15.329000
0.120500	-15.302000
0.121000	-15.216000
0.121500	-15.189000
0.122000	-15.073000
0.122500	-14.999000
0.123000	-14.909000
0.123500	-14.839000
0.124000	-14.804000
0.124500	-14.754000
0.125000	-14.696000
0.125500	-14.661000
0.126000	-14.532000
0.126500	-14.513000
0.127000	-14.447000
0.127500	-14.408000
0.128000	-14.381000
0.128500	-14.330000
0.129000	-14.311000
0.129500	-14.268000
0.130000	-14.268000
0.130500	-14.194000
0.131000	-14.206000
0.131500	-14.190000
0.132000	-14.171000
0.132500	-14.190000
0.133000	-14.179000
0.133500	-14.144000
0.134000	-14.078000
0.134500	-14.008000
0.135000	-13.922000
0.135500	-13.914000
0.136000	-13.856000
0.136500	-13.810000
0.137000	-13.775000
0.137500	-13.728000
0.138000	-13.685000
0.138500	-13.596000
0.139000	-13.565000
0.139500	-13.514000
0.140000	-13.386000
0.140500	-13.355000
0.141000	-13.277000
0.141500	-13.165000
0.142000	-13.032000
0.142500	-12.920000
0.143000	-12.780000
0.143500	-12.702000
0.144000	-12.562000
0.144500	-12.481000
0.145000	-12.411000
0.145500	-12.279000
0.146000	-12.181000
0.146500	-12.119000
0.147000	-12.049000
0.147500	-11.937000
0.148000	-11.847000
0.148500	-11.734000
0.149000	-11.676000
0.149500	-11.630000
0.150000	-11.529000
0.150500	-11.447000
0.151000	-11.396000
0.151500	-11.330000
0.152000	-11.311000
0.152500	-11.210000
0.153000	-11.105000
0.153500	-11.023000
0.154000	-10.926000
0.154500	-10.864000
0.155000	-10.794000
0.155500	-10.751000
0.156000	-10.635000
0.156500	-10.615000
0.157000	-10.553000
0.157500	-10.464000
0.158000	-10.452000
0.158500	-10.289000
0.159000	-10.200000
0.159500	-10.071000
0.160000	-9.981900
0.160500	-9.888600
0.161000	-9.810900
0.161500	-9.686600
0.162000	-9.643800
0.162500	-9.597200
0.163000	-9.507800
0.163500	-9.453400
0.164000	-9.364000
0.164500	-9.278500
0.165000	-9.247500
0.165500	-9.173600
0.166000	-9.080400
0.166500	-9.033700
0.167000	-8.971500
0.167500	-8.940500
0.168000	-8.901600
0.168500	-8.870500
0.169000	-8.785000
0.169500	-8.684000
0.170000	-8.598500
0.170500	-8.555800
0.171000	-8.478000
0.171500	-8.419700
0.172000	-8.373100
0.172500	-8.276000
0.173000	-8.194400
0.173500	-8.132200
0.174000	-8.023400
0.174500	-7.883500
0.175000	-7.829100
0.175500	-7.689200
0.176000	-7.557100
0.176500	-7.432700
0.177000	-7.347200
0.177500	-7.152900
0.178000	-7.044100
0.178500	-6.931400
0.179000	-6.822600
0.179500	-6.787600
0.180000	-6.671100
0.180500	-6.605000
0.181000	-6.488400
0.181500	-6.391300
0.182000	-6.263000
0.182500	-6.107600
0.183000	-5.952200
0.183500	-5.785100
0.184000	-5.676300
0.184500	-5.536400
0.185000	-5.412000
0.185500	-5.330400
0.186000	-5.194400
0.186500	-5.058400
0.187000	-4.899100
0.187500	-4.782500
0.188000	-4.607600
0.188500	-4.459900
0.189000	-4.320100
0.189500	-4.180200
0.190000	-4.055800
0.190500	-3.892600
0.191000	-3.760500
0.191500	-3.620600
0.192000	-3.531200
0.192500	-3.368000
0.193000	-3.267000
0.193500	-3.162000
0.194000	-3.072700
0.194500	-2.921100
0.195000	-2.824000
0.195500	-2.691800
0.196000	-2.536400
0.196500	-2.458700
0.197000	-2.299400
0.197500	-2.198300
0.198000	-2.015700
0.198500	-1.899100
0.199000	-1.716500
0.199500	-1.545500
0.200000	-1.401700
0.200500	-1.281200
0.201000	-1.145200
0.201500	-1.052000
0.202000	-0.915950
0.202500	-0.807140
0.203000	-0.698340
0.203500	-0.573990
0.204000	-0.418550
0.204500	-0.333060
0.205000	-0.142640
0.205500	-0.002750
0.206000	0.106060
0.206500	0.253720
0.207000	0.358640
0.207500	0.381960
0.208000	0.451910
0.208500	0.455790
0.209000	0.451910
0.209500	0.475220
0.210000	0.475220
0.210500	0.479110
0.211000	0.494650
0.211500	0.506310
0.212000	0.448020
0.212500	0.416930
0.213000	0.389730
0.213500	0.315900
0.214000	0.292580
0.214500	0.230410
0.215000	0.156570
0.215500	0.102170
0.216000	0.055539
0.216500	0.063311
0.217000	0.028338
0.217500	0.047767
0.218000	0.016680
0.218500	0.024452
0.219000	0.012794
0.219500	-0.018294
0.220000	-0.045496
0.220500	-0.123210
0.221000	-0.130990
0.221500	-0.185390
0.222000	-0.243680
0.222500	-0.290310
0.223000	-0.364140
0.223500	-0.356370
0.224000	-0.383570
0.224500	-0.410780
0.225000	-0.484610
0.225500	-0.492380
0.226000	-0.519580
0.226500	-0.504040
0.227000	-0.484610
0.227500	-0.484610
0.228000	-0.453520
0.228500	-0.418550
0.229000	-0.383570
0.229500	-0.383570
0.230000	-0.356370
0.230500	-0.348600
0.231000	-0.364140
0.231500	-0.325280
0.232000	-0.344710
0.232500	-0.325280
0.233000	-0.278650
0.233500	-0.267000
0.234000	-0.255340
0.234500	-0.173730
0.235000	-0.173730
0.235500	-0.154300
0.236000	-0.111560
0.236500	-0.134870
0.237000	-0.092127
0.237500	-0.107670
0.238000	-0.080469
0.238500	-0.107670
0.239000	-0.041610
0.239500	-0.029952
0.240000	-0.006636
0.240500	0.001136
0.241000	-0.029952
0.241500	-0.076583
0.242000	-0.115440
0.242500	-0.173730
0.243000	-0.220360
0.243500	-0.270880
0.244000	-0.185390
0.244500	-0.096013
0.245000	0.008908
0.245500	0.148800
0.246000	0.210980
0.246500	0.292580
0.247000	0.327560
0.247500	0.362530
0.248000	0.401390
0.248500	0.405280
0.249000	0.483000
0.249500	0.564600
0.250000	0.653980
0.250500	0.739470
0.251000	0.727810
0.251500	0.762780
0.252000	0.688950
0.252500	0.587920
0.253000	0.529630
0.253500	0.385850
0.254000	0.323670
0.254500	0.253720
0.255000	0.245950
0.255500	0.253720
0.256000	0.335330
0.256500	0.405280
0.257000	0.529630
0.257500	0.552940
0.258000	0.572370
0.258500	0.564600
0.259000	0.475220
0.259500	0.416930
0.260000	0.385850
0.260500	0.420820
0.261000	0.510200
0.261500	0.603460
0.262000	0.696720
0.262500	0.727810
0.263000	0.743350
0.263500	0.723920
0.264000	0.677290
0.264500	0.692840
0.265000	0.607350
0.265500	0.537400
0.266000	0.510200
0.266500	0.440250
0.267000	0.358640
0.267500	0.327560
0.268000	0.249840
0.268500	0.222640
0.269000	0.203210
0.269500	0.214860
0.270000	0.179890
0.270500	0.156570
0.271000	0.129370
0.271500	0.055539
0.272000	0.012794
0.272500	-0.018294
0.273000	-0.014408
0.273500	-0.041610
0.274000	-0.018294
0.274500	0.012794
0.275000	-0.006636
0.275500	-0.045496
0.276000	-0.049382
0.276500	-0.026066
0.277000	-0.076583
0.277500	-0.033838
0.278000	-0.072697
0.278500	-0.103790
0.279000	-0.111560
0.279500	-0.123210
0.280000	-0.119330
0.280500	-0.107670
0.281000	-0.107670
0.281500	-0.080469
0.282000	-0.134870
0.282500	-0.130990
0.283000	-0.119330
0.283500	-0.138760
0.284000	-0.134870
0.284500	-0.173730
0.285000	-0.138760
0.285500	-0.146530
0.286000	-0.154300
0.286500	-0.103790
0.287000	-0.072697
0.287500	-0.103790
0.288000	-0.049382
0.288500	-0.076583
0.289000	-0.053268
0.289500	-0.080469
0.290000	-0.018294
0.290500	0.012794
0.291000	-0.022180
0.291500	-0.068811
0.292000	-0.088241
0.292500	-0.123210
0.293000	-0.123210
0.293500	-0.107670
0.294000	-0.068811
0.294500	0.005022
0.295000	0.074969
0.295500	0.082741
0.296000	0.106060
0.296500	0.074969
0.297000	0.043881
0.297500	0.074969
0.298000	0.106060
0.298500	0.129370
