0.000000	-0.000176
0.000500	-0.000184
0.001000	0.000262
0.001500	0.000450
0.002000	0.000426
0.002500	0.000915
0.003000	0.001612
0.003500	0.002312
0.004000	0.003101
0.004500	0.003859
0.005000	0.004692
0.005500	0.005280
0.006000	0.005609
0.006500	0.005744
0.007000	0.005675
0.007500	0.005729
0.008000	0.005771
0.008500	0.005685
0.009000	0.005482
0.009500	0.005365
0.010000	0.005417
0.010500	0.005155
0.011000	0.004827
0.011500	0.004569
0.012000	0.003888
0.012500	0.002825
0.013000	0.001723
0.013500	0.000395
0.014000	-0.000794
0.014500	-0.001571
0.015000	-0.002362
0.015500	-0.003130
0.016000	-0.003699
0.016500	-0.004581
0.017000	-0.005877
0.017500	-0.006844
0.018000	-0.007339
0.018500	-0.007537
0.019000	-0.007713
0.019500	-0.007808
0.020000	-0.008228
0.020500	-0.008666
0.021000	-0.009035
0.021500	-0.009355
0.022000	-0.009333
0.022500	-0.009495
0.023000	-0.009872
0.023500	-0.010122
0.024000	-0.010280
0.024500	-0.010615
0.025000	-0.011021
0.025500	-0.011066
0.026000	-0.010737
0.026500	-0.010211
0.027000	-0.009683
0.027500	-0.009520
0.028000	-0.009253
0.028500	-0.009158
0.029000	-0.009333
0.029500	-0.009635
0.030000	-0.009695
0.030500	-0.009699
0.031000	-0.009572
0.031500	-0.009516
0.032000	-0.010035
0.032500	-0.010176
0.033000	-0.010251
0.033500	-0.010599
0.034000	-0.011469
0.034500	-0.012489
0.035000	-0.012965
0.035500	-0.013443
0.036000	-0.014440
0.036500	-0.015170
0.037000	-0.015737
0.037500	-0.016908
0.038000	-0.018501
0.038500	-0.019998
0.039000	-0.021292
0.039500	-0.022705
0.040000	-0.024457
0.040500	-0.026388
0.041000	-0.028230
0.041500	-0.029913
0.042000	-0.031406
0.042500	-0.032782
0.043000	-0.034199
0.043500	-0.035402
0.044000	-0.036793
0.044500	-0.038415
0.045000	-0.039715
0.045500	-0.041058
0.046000	-0.042669
0.046500	-0.044048
0.047000	-0.045409
0.047500	-0.047249
0.048000	-0.049231
0.048500	-0.051277
0.049000	-0.053736
0.049500	-0.057240
0.050000	-0.061221
0.050500	-0.065627
0.051000	-0.070932
0.051500	-0.076960
0.052000	-0.083700
0.052500	-0.091222
0.053000	-0.100180
0.053500	-0.110200
0.054000	-0.120820
0.054500	-0.132674
0.055000	-0.145871
0.055500	-0.160788
0.056000	-0.177833
0.056500	-0.196597
0.057000	-0.216940
0.057500	-0.239470
0.058000	-0.264142
0.058500	-0.290471
0.059000	-0.318425
0.059500	-0.348343
0.060000	-0.380481
0.060500	-0.414599
0.061000	-0.450359
0.061500	-0.487663
0.062000	-0.525161
0.062500	-0.560953
0.063000	-0.593285
0.063500	-0.620418
0.064000	-0.641002
0.064500	-0.654939
0.065000	-0.663629
0.065500	-0.667701
0.066000	-0.668248
0.066500	-0.666429
0.067000	-0.661569
0.067500	-0.653361
0.068000	-0.641340
0.068500	-0.624281
0.069000	-0.601380
0.069500	-0.571607
0.070000	-0.533884
0.070500	-0.486408
0.071000	-0.426943
0.071500	-0.353734
0.072000	-0.266363
0.072500	-0.164539
0.073000	-0.048760
0.073500	0.077150
0.074000	0.209617
0.074500	0.344979
0.075000	0.477621
0.075500	0.602780
0.076000	0.716931
0.076500	0.816742
0.077000	0.896775
0.077500	0.948789
0.078000	0.963144
0.078500	0.930555
0.079000	0.845694
0.079500	0.711282
0.080000	0.536781
0.080500	0.335516
0.081000	0.123371
0.081500	-0.085643
0.082000	-0.279334
0.082500	-0.447349
0.083000	-0.583757
0.083500	-0.686289
0.084000	-0.756118
0.084500	-0.797092
0.085000	-0.813314
0.085500	-0.810192
0.086000	-0.793825
0.086500	-0.767963
0.087000	-0.735084
0.087500	-0.697683
0.088000	-0.656918
0.088500	-0.611535
0.089000	-0.559376
0.089500	-0.497207
0.090000	-0.421294
0.090500	-0.327984
0.091000	-0.214944
0.091500	-0.080577
0.092000	0.074923
0.092500	0.247936
0.093000	0.432962
0.093500	0.623363
0.094000	0.812767
0.094500	0.993754
0.095000	1.159645
0.095500	1.305596
0.096000	1.429999
0.096500	1.536087
0.097000	1.633162
0.097500	1.738574
0.098000	1.876817
0.098500	2.073157
0.099000	2.348194
0.099500	2.709652
0.100000	3.150774
0.100500	3.650636
0.101000	4.174316
0.101500	4.679007
0.102000	5.118519
0.102500	5.447951
0.103000	5.632382
0.103500	5.648476
0.104000	5.488024
0.104500	5.160201
0.105000	4.687054
0.105500	4.099160
0.106000	3.431765
0.106500	2.720435
0.107000	1.998483
0.107500	1.294862
0.108000	0.629286
0.108500	0.016644
0.109000	-0.534351
0.109500	-1.019857
0.110000	-1.440604
0.110500	-1.800695
0.111000	-2.104539
0.111500	-2.356241
0.112000	-2.561110
0.112500	-2.724619
0.113000	-2.851114
0.113500	-2.946548
0.114000	-3.016072
0.114500	-3.063386
0.115000	-3.092515
0.115500	-3.105551
0.116000	-3.104907
0.116500	-3.093320
0.117000	-3.072399
0.117500	-3.045523
0.118000	-3.016876
0.118500	-2.991288
0.119000	-2.971171
0.119500	-2.959262
0.120000	-2.956848
0.120500	-2.963768
0.121000	-2.979540
0.121500	-3.001909
0.122000	-3.028464
0.122500	-3.055018
0.123000	-3.076905
0.123500	-3.090262
0.124000	-3.090423
0.124500	-3.074169
0.125000	-3.041499
0.125500	-2.992897
0.126000	-2.930294
0.126500	-2.855620
0.127000	-2.769359
0.127500	-2.672798
0.128000	-2.567547
0.128500	-2.454893
0.129000	-2.335802
0.129500	-2.212365
0.130000	-2.085710
0.130500	-1.956480
0.131000	-1.823869
0.131500	-1.687236
0.132000	-1.544970
0.132500	-1.394802
0.133000	-1.235123
0.133500	-1.064887
0.134000	-0.885815
0.134500	-0.699437
0.135000	-0.508054
0.135500	-0.315608
0.136000	-0.126074
0.136500	0.056441
0.137000	0.227851
0.137500	0.383748
0.138000	0.521959
0.138500	0.640873
0.139000	0.737916
0.139500	0.813298
0.140000	0.867935
0.140500	0.904773
0.141000	0.928302
0.141500	0.941885
0.142000	0.949738
0.142500	0.955162
0.143000	0.961728
0.143500	0.972462
0.144000	0.988813
0.144500	1.010765
0.145000	1.036241
0.145500	1.062183
0.146000	1.084746
0.146500	1.101178
0.147000	1.109466
0.147500	1.108886
0.148000	1.099681
0.148500	1.082751
0.149000	1.060670
0.149500	1.036047
0.150000	1.011650
0.150500	0.988958
0.151000	0.969920
0.151500	0.956095
0.152000	0.947260
0.152500	0.942963
0.153000	0.942239
0.153500	0.943993
0.154000	0.946970
0.154500	0.950302
0.155000	0.953536
0.155500	0.956498
0.156000	0.958316
0.156500	0.958445
0.157000	0.958043
0.157500	0.958043
0.158000	0.960907
0.158500	0.969163
0.159000	0.984468
0.159500	1.009799
0.160000	1.046637
0.160500	1.094933
0.161000	1.154592
0.161500	1.224244
0.162000	1.301943
0.162500	1.386128
0.163000	1.475833
0.163500	1.569851
0.164000	1.667602
0.164500	1.769474
0.165000	1.873920
0.165500	1.979332
0.166000	2.085066
0.166500	2.190317
0.167000	2.293959
0.167500	2.395991
0.168000	2.497380
0.168500	2.598608
0.169000	2.699353
0.169500	2.797683
0.170000	2.892957
0.170500	2.984689
0.171000	3.072881
0.171500	3.158338
0.172000	3.240253
0.172500	3.318789
0.173000	3.392980
0.173500	3.459768
0.174000	3.518348
0.174500	3.569686
0.175000	3.615069
0.175500	3.655464
0.176000	3.691031
0.176500	3.721608
0.177000	3.745426
0.177500	3.760715
0.178000	3.766348
0.178500	3.762646
0.179000	3.751703
0.179500	3.735770
0.180000	3.716297
0.180500	3.693927
0.181000	3.668500
0.181500	3.638244
0.182000	3.602999
0.182500	3.562766
0.183000	3.517865
0.183500	3.468297
0.184000	3.414867
0.184500	3.357896
0.185000	3.295615
0.185500	3.226735
0.186000	3.150452
0.186500	3.067088
0.187000	2.977608
0.187500	2.883462
0.188000	2.787545
0.188500	2.691950
0.189000	2.599412
0.189500	2.510576
0.190000	2.428017
0.190500	2.352217
0.191000	2.283015
0.191500	2.220895
0.192000	2.166177
0.192500	2.117253
0.193000	2.073640
0.193500	2.034211
0.194000	1.998966
0.194500	1.968711
0.195000	1.942961
0.195500	1.922361
0.196000	1.907395
0.196500	1.898704
0.197000	1.898221
0.197500	1.906590
0.198000	1.923649
0.198500	1.950042
0.199000	1.985287
0.199500	2.029222
0.200000	2.081526
0.200500	2.140589
0.201000	2.204962
0.201500	2.274003
0.202000	2.346102
0.202500	2.419327
0.203000	2.493196
0.203500	2.566260
0.204000	2.638198
0.204500	2.709974
0.205000	2.780946
0.205500	2.851114
0.206000	2.920477
0.206500	2.989357
0.207000	3.058880
0.207500	3.129208
0.208000	3.200502
0.208500	3.273245
0.209000	3.346792
0.209500	3.420339
0.210000	3.492277
0.210500	3.561478
0.211000	3.626817
0.211500	3.687007
0.212000	3.741886
0.212500	3.790649
0.213000	3.834262
0.213500	3.873208
0.214000	3.907970
0.214500	3.938387
0.215000	3.964780
0.215500	3.987150
0.216000	4.005979
0.216500	4.021268
0.217000	4.033177
0.217500	4.042189
0.218000	4.048305
0.218500	4.051201
0.219000	4.049914
0.219500	4.044281
0.220000	4.033981
0.220500	4.018371
0.221000	3.998254
0.221500	3.973470
0.222000	3.944341
0.222500	3.911993
0.223000	3.878036
0.223500	3.843113
0.224000	3.808512
0.224500	3.775360
0.225000	3.743978
0.225500	3.714205
0.226000	3.684754
0.226500	3.655625
0.227000	3.626657
0.227500	3.598010
0.228000	3.569525
0.228500	3.540879
0.229000	3.512876
0.229500	3.485518
0.230000	3.458641
0.230500	3.432248
0.231000	3.407142
0.231500	3.382680
0.232000	3.359667
0.232500	3.339389
0.233000	3.321364
0.233500	3.306076
0.234000	3.293684
0.234500	3.283866
0.235000	3.276303
0.235500	3.270348
0.236000	3.265520
0.236500	3.261818
0.237000	3.258761
0.237500	3.256347
0.238000	3.255220
0.238500	3.255542
0.239000	3.256669
0.239500	3.257795
0.240000	3.257634
0.240500	3.255864
0.241000	3.252323
0.241500	3.245242
0.242000	3.234942
0.242500	3.221585
0.243000	3.203882
0.243500	3.181995
0.244000	3.155280
0.244500	3.123415
0.245000	3.087044
0.245500	3.046166
0.246000	3.001266
0.246500	2.953146
0.247000	2.903257
0.247500	2.852240
0.248000	2.801546
0.248500	2.751817
0.249000	2.703054
0.249500	2.656866
0.250000	2.613575
0.250500	2.573502
0.251000	2.536165
0.251500	2.501081
0.252000	2.468412
0.252500	2.438800
0.253000	2.411763
0.253500	2.387945
0.254000	2.367667
0.254500	2.351091
0.255000	2.338377
0.255500	2.329686
0.256000	2.323893
0.256500	2.320674
0.257000	2.319548
0.257500	2.320674
0.258000	2.324376
0.258500	2.330652
0.259000	2.338055
0.259500	2.346584
0.260000	2.355436
0.260500	2.362517
0.261000	2.367828
0.261500	2.370081
0.262000	2.368793
0.262500	2.364448
0.263000	2.356241
0.263500	2.344170
0.264000	2.329525
0.264500	2.312788
0.265000	2.294281
0.265500	2.275290
0.266000	2.256461
0.266500	2.239080
0.267000	2.223470
0.267500	2.210595
0.268000	2.201583
0.268500	2.195145
0.269000	2.190800
0.269500	2.187903
0.270000	2.185489
0.270500	2.182592
0.271000	2.178408
0.271500	2.172614
0.272000	2.164729
0.272500	2.155395
0.273000	2.145416
0.273500	2.135117
0.274000	2.125622
0.274500	2.118541
0.275000	2.114195
0.275500	2.112747
0.276000	2.114839
0.276500	2.119828
0.277000	2.126426
0.277500	2.134473
0.278000	2.143163
0.278500	2.151371
0.279000	2.158613
0.279500	2.164729
0.280000	2.169396
0.280500	2.172776
0.281000	2.175029
0.281500	2.177282
0.282000	2.179535
0.282500	2.181305
0.283000	2.184202
0.283500	2.188869
0.284000	2.194663
0.284500	2.201744
0.285000	2.210434
0.285500	2.220734
0.286000	2.231677
0.286500	2.243104
0.287000	2.254208
0.287500	2.264347
0.288000	2.272877
0.288500	2.278187
0.289000	2.279958
0.289500	2.278027
0.290000	2.271911
0.290500	2.262738
0.291000	2.251794
0.291500	2.239563
0.292000	2.227332
0.292500	2.217032
0.293000	2.209951
0.293500	2.206893
0.294000	2.207859
0.294500	2.213170
0.295000	2.222504
0.295500	2.234092
0.296000	2.247288
0.296500	2.261611
0.297000	2.276900
0.297500	2.292671
0.298000	2.308765
0.298500	2.325019
