0.000000	-0.155017
0.000500	-0.155017
0.001000	-0.155017
0.001500	-0.155017
0.002000	-0.155017
0.002500	-0.155017
0.003000	-0.155007
0.003500	-0.108415
0.004000	-0.066344
0.004500	-0.029181
0.005000	0.002683
0.005500	0.029274
0.006000	0.051485
0.006500	0.069722
0.007000	0.084370
0.007500	0.094689
0.008000	0.098241
0.008500	0.099031
0.009000	0.101674
0.009500	0.114716
0.010000	0.148715
0.010500	0.186700
0.011000	0.209295
0.011500	0.199832
0.012000	0.171492
0.012500	0.134074
0.013000	0.092833
0.013500	0.051509
0.014000	0.002439
0.014500	-0.048963
0.015000	-0.093601
0.015500	-0.121991
0.016000	-0.118898
0.016500	-0.094134
0.017000	-0.066759
0.017500	-0.055155
0.018000	-0.051861
0.018500	-0.050202
0.019000	-0.052661
0.019500	-0.061722
0.020000	-0.080121
0.020500	-0.105208
0.021000	-0.131368
0.021500	-0.152991
0.022000	-0.170848
0.022500	-0.186426
0.023000	-0.195181
0.023500	-0.192558
0.024000	-0.176851
0.024500	-0.153358
0.025000	-0.124982
0.025500	-0.094509
0.026000	-0.063186
0.026500	-0.027935
0.027000	0.008075
0.027500	0.040956
0.028000	0.066542
0.028500	0.081700
0.029000	0.086777
0.029500	0.082366
0.030000	0.069099
0.030500	0.049175
0.031000	0.026751
0.031500	0.006105
0.032000	-0.009162
0.032500	-0.022344
0.033000	-0.034504
0.033500	-0.045429
0.034000	-0.054732
0.034500	-0.057835
0.035000	-0.056931
0.035500	-0.057623
0.036000	-0.065502
0.036500	-0.083284
0.037000	-0.106984
0.037500	-0.131680
0.038000	-0.152448
0.038500	-0.167597
0.039000	-0.179040
0.039500	-0.187312
0.040000	-0.192896
0.040500	-0.191786
0.041000	-0.175982
0.041500	-0.147369
0.042000	-0.108082
0.042500	-0.050445
0.043000	0.033946
0.043500	0.125678
0.044000	0.204612
0.044500	0.257559
0.045000	0.299821
0.045500	0.329626
0.046000	0.342581
0.046500	0.337560
0.047000	0.325683
0.047500	0.308543
0.048000	0.286383
0.048500	0.259555
0.049000	0.229332
0.049500	0.196340
0.050000	0.160897
0.050500	0.120514
0.051000	0.056218
0.051500	-0.017484
0.052000	-0.078332
0.052500	-0.104807
0.053000	-0.105505
0.053500	-0.094411
0.054000	-0.076671
0.054500	-0.057222
0.055000	-0.034116
0.055500	-0.008509
0.056000	0.015172
0.056500	0.032494
0.057000	0.033919
0.057500	0.021692
0.058000	0.009070
0.058500	0.009303
0.059000	0.025366
0.059500	0.042123
0.060000	0.058962
0.060500	0.075816
0.061000	0.092983
0.061500	0.110716
0.062000	0.128229
0.062500	0.144706
0.063000	0.144550
0.063500	0.081919
0.064000	-0.014725
0.064500	-0.109389
0.065000	-0.175789
0.065500	-0.234835
0.066000	-0.293528
0.066500	-0.355617
0.067000	-0.425511
0.067500	-0.508762
0.068000	-0.598917
0.068500	-0.687351
0.069000	-0.765436
0.069500	-0.830421
0.070000	-0.890193
0.070500	-0.953729
0.071000	-1.029932
0.071500	-1.123097
0.072000	-1.225886
0.072500	-1.329157
0.073000	-1.423626
0.073500	-1.500762
0.074000	-1.569030
0.074500	-1.641531
0.075000	-1.731332
0.075500	-1.846239
0.076000	-1.979010
0.076500	-2.121276
0.077000	-2.264508
0.077500	-2.406935
0.078000	-2.555477
0.078500	-2.715285
0.079000	-2.890704
0.079500	-3.115207
0.080000	-3.416959
0.080500	-3.739311
0.081000	-4.022716
0.081500	-4.243357
0.082000	-4.450319
0.082500	-4.654062
0.083000	-4.862633
0.083500	-5.083274
0.084000	-5.314858
0.084500	-5.554973
0.085000	-5.801846
0.085500	-6.066261
0.086000	-6.437215
0.086500	-6.864657
0.087000	-7.265061
0.087500	-7.551042
0.088000	-7.663857
0.088500	-7.694113
0.089000	-7.753175
0.089500	-7.950321
0.090000	-8.278626
0.090500	-8.659075
0.091000	-9.031477
0.091500	-9.336609
0.092000	-9.563527
0.092500	-9.745061
0.093000	-9.909535
0.093500	-10.085437
0.094000	-10.424848
0.094500	-10.956253
0.095000	-11.523707
0.095500	-10.100081
0.096000	24534450.000000
0.096500	79601376.000000
0.097000	137439584.000000
0.097500	170284688.000000
0.098000	153590960.000000
0.098500	98520824.000000
0.099000	37022960.000000
0.099500	1241802.000000
0.100000	-149.284363
0.100500	-237.072464
0.101000	-215.104919
0.101500	-83.380112
0.102000	192.139587
0.102500	680.076538
0.103000	1233.320679
0.103500	1685.144043
0.104000	-9500119.000000
0.104500	-55691348.000000
0.105000	-115760112.000000
0.105500	-161948288.000000
0.106000	-167532704.000000
0.106500	-131208208.000000
0.107000	-75457312.000000
0.107500	-23414346.000000
0.108000	2364287.250000
0.108500	5522303.000000
0.109000	707918.250000
0.109500	-3291108.500000
0.110000	2823111.250000
0.110500	37512200.000000
0.111000	91140368.000000
0.111500	142761696.000000
0.112000	171427328.000000
0.112500	120337088.000000
0.113000	-4289062.500000
0.113500	-128916504.000000
0.114000	-180005120.000000
0.114500	-148330016.000000
0.115000	-90829768.000000
0.115500	-33187892.000000
0.116000	-1093163.000000
0.116500	-8.442941
0.117000	-8.621417
0.117500	-8.787340
0.118000	-8.850104
0.118500	-8.782029
0.119000	-8.689975
0.119500	-8.611922
0.120000	-8.582632
0.120500	-8.652960
0.121000	-8.863301
0.121500	-9.116934
0.122000	-9.306515
0.122500	-9.341920
0.123000	-9.262901
0.123500	-9.144132
0.124000	-9.057227
0.124500	-9.073803
0.125000	-9.213817
0.125500	-9.397925
0.126000	-9.536812
0.126500	-9.544537
0.127000	-9.416915
0.127500	-9.228783
0.128000	-9.058192
0.128500	-8.981910
0.129000	-9.015062
0.129500	-9.096012
0.130000	-9.162317
0.130500	-9.150569
0.131000	-9.010556
0.131500	-8.797962
0.132000	-8.595507
0.132500	-8.486071
0.133000	-8.522281
0.133500	-8.645235
0.134000	-8.769477
0.134500	-8.809549
0.135000	-8.731818
0.135500	-8.595345
0.136000	-8.452918
0.136500	-8.357484
0.137000	-8.369876
0.137500	-8.479311
0.138000	-8.591966
0.138500	-8.612082
0.139000	-8.489451
0.139500	-8.299065
0.140000	-8.090172
0.140500	-7.910248
0.141000	-7.789225
0.141500	-7.684939
0.142000	-7.592402
0.142500	-7.513222
0.143000	-7.455447
0.143500	-7.462206
0.144000	-7.498578
0.144500	-7.511775
0.145000	-7.446917
0.145500	-7.269085
0.146000	-7.033960
0.146500	-6.809296
0.147000	-6.663006
0.147500	-6.635970
0.148000	-6.658500
0.148500	-6.639349
0.149000	-6.490484
0.149500	-6.272257
0.150000	-6.044052
0.150500	-5.815043
0.151000	-5.593758
0.151500	-5.384865
0.152000	-5.181444
0.152500	-4.976092
0.153000	-4.761083
0.153500	-4.473976
0.154000	-4.104793
0.154500	-3.726275
0.155000	-3.410844
0.155500	-3.184731
0.156000	-2.978735
0.156500	-2.775635
0.157000	-2.560466
0.157500	-2.325824
0.158000	-2.084261
0.158500	-1.843986
0.159000	-1.612563
0.159500	-1.394996
0.160000	-1.183399
0.160500	-0.973605
0.161000	-0.762395
0.161500	-0.547644
0.162000	-0.331621
0.162500	-0.113670
0.163000	0.107314
0.163500	0.333714
0.164000	0.575244
0.164500	0.825964
0.165000	1.076265
0.165500	1.316749
0.166000	1.544182
0.166500	1.764967
0.167000	1.986413
0.167500	2.217193
0.168000	2.504944
0.168500	2.827456
0.169000	3.130174
0.169500	3.358862
0.170000	3.516578
0.170500	3.640336
0.171000	3.757818
0.171500	3.896704
0.172000	4.068904
0.172500	4.256393
0.173000	4.442111
0.173500	4.608357
0.174000	4.699285
0.174500	4.713447
0.175000	4.715378
0.175500	4.770257
0.176000	4.932157
0.176500	5.170823
0.177000	5.415121
0.177500	5.592953
0.178000	5.683076
0.178500	5.760164
0.179000	5.835159
0.179500	5.916270
0.180000	6.008808
0.180500	6.104081
0.181000	6.200963
0.181500	6.299133
0.182000	6.401488
0.182500	6.531362
0.183000	6.673789
0.183500	6.805111
0.184000	6.892015
0.184500	6.855001
0.185000	6.744761
0.185500	6.638544
0.186000	6.612955
0.186500	6.678295
0.187000	6.780971
0.187500	6.872704
0.188000	6.904247
0.188500	6.837137
0.189000	6.714022
0.189500	6.597666
0.190000	6.550352
0.190500	6.614243
0.191000	6.746048
0.191500	6.879785
0.192000	6.950113
0.192500	6.922110
0.193000	6.838585
0.193500	6.750393
0.194000	6.708389
0.194500	6.763108
0.195000	6.899418
0.195500	7.046191
0.196000	7.131808
0.196500	7.107346
0.197000	7.013682
0.197500	6.901833
0.198000	6.821365
0.198500	6.818469
0.199000	6.883808
0.199500	6.965885
0.200000	7.012394
0.200500	6.972000
0.201000	6.843736
0.201500	6.682801
0.202000	6.546651
0.202500	6.492094
0.203000	6.528948
0.203500	6.598954
0.204000	6.639188
0.204500	6.589298
0.205000	6.452665
0.205500	6.280787
0.206000	6.124359
0.206500	6.033753
0.207000	6.008164
0.207500	6.009291
0.208000	6.004945
0.208500	5.962619
0.209000	5.848678
0.209500	5.696434
0.210000	5.558514
0.210500	5.487541
0.211000	5.512164
0.211500	5.591988
0.212000	5.676478
0.212500	5.714942
0.213000	5.707056
0.213500	5.688226
0.214000	5.660707
0.214500	5.626750
0.215000	5.543064
0.215500	5.409810
0.216000	5.294903
0.216500	5.266417
0.217000	5.367806
0.217500	5.551271
0.218000	5.765314
0.218500	5.958757
0.219000	6.104242
0.219500	6.233633
0.220000	6.360449
0.220500	6.497082
0.221000	6.688112
0.221500	7.018993
0.222000	7.382544
0.222500	7.653557
0.223000	7.745934
0.223500	7.763958
0.224000	7.753498
0.224500	7.747060
0.225000	7.778442
0.225500	7.864382
0.226000	7.963678
0.226500	8.028213
0.227000	7.990232
0.227500	7.691538
0.228000	7.241726
0.228500	6.806881
0.229000	6.546490
0.229500	6.374611
0.230000	6.209332
0.230500	6.055640
0.231000	5.917236
0.231500	5.777867
0.232000	5.639463
0.232500	5.516670
0.233000	5.423972
0.233500	5.353161
0.234000	5.285086
0.234500	5.218459
0.235000	5.151671
0.235500	5.085205
0.236000	5.019705
0.236500	4.955170
0.237000	4.891601
0.237500	4.885646
0.238000	4.998462
0.238500	5.130910
0.239000	5.179191
0.239500	5.086976
0.240000	4.928777
0.240500	4.753358
0.241000	4.607873
0.241500	4.523222
0.242000	4.456274
0.242500	4.392704
0.243000	4.323181
0.243500	4.235955
0.244000	4.122978
0.244500	4.001795
0.245000	3.891394
0.245500	3.820261
0.246000	3.858724
0.246500	3.949169
0.247000	4.007749
0.247500	3.961400
0.248000	3.862426
0.248500	3.746553
0.249000	3.630358
0.249500	3.531867
0.250000	3.488736
0.250500	3.470389
0.251000	3.419695
0.251500	3.277912
0.252000	2.968274
0.252500	2.525704
0.253000	2.023267
0.253500	1.530808
0.254000	1.007417
0.254500	0.451357
0.255000	-0.089576
0.255500	-0.567519
0.256000	-0.926853
0.256500	-1.157666
0.257000	-1.280603
0.257500	-1.316411
0.258000	-1.295120
0.258500	-1.238519
0.259000	-1.134491
0.259500	-0.970129
0.260000	-0.743758
0.260500	-0.486988
0.261000	-0.226821
0.261500	0.010133
0.262000	0.213705
0.262500	0.402223
0.263000	0.570673
0.263500	0.713084
0.264000	0.798894
0.264500	0.809500
0.265000	0.807585
0.265500	0.857796
0.266000	0.997970
0.266500	1.154061
0.267000	1.313820
0.267500	1.475221
0.268000	1.637990
0.268500	1.813087
0.269000	1.991080
0.269500	2.157969
0.270000	2.274164
0.270500	2.148796
0.271000	1.865391
0.271500	1.573649
0.272000	1.418009
0.272500	1.339023
0.273000	1.263641
0.273500	1.185282
0.274000	1.097927
0.274500	1.012374
0.275000	0.926258
0.275500	0.827670
0.276000	0.704635
0.276500	0.558426
0.277000	0.402014
0.277500	0.240951
0.278000	0.080870
0.278500	-0.081121
0.279000	-0.247952
0.279500	-0.414165
0.280000	-0.574294
0.280500	-0.690344
0.281000	-0.708771
0.281500	-0.656886
0.282000	-0.564317
0.282500	-0.457376
0.283000	-0.339829
0.283500	-0.206125
0.284000	-0.050704
0.284500	0.131005
0.285000	0.331058
0.285500	0.533208
0.286000	0.721018
0.286500	0.885091
0.287000	1.044915
0.287500	1.203500
0.288000	1.361199
0.288500	1.518255
0.289000	1.674040
0.289500	1.828054
0.290000	1.979976
0.290500	2.126426
0.291000	2.240851
0.291500	2.324697
0.292000	2.387623
0.292500	2.437351
0.293000	2.467929
0.293500	2.480643
0.294000	2.479033
0.294500	2.467285
0.295000	2.442019
0.295500	2.396957
0.296000	2.326629
0.296500	2.224435
0.297000	2.065271
0.297500	1.868931
0.298000	1.674683
0.298500	1.522359
0.299000	1.407790
0.299500	1.302426
0.300000	1.209036
0.300500	1.130419
0.301000	1.062956
0.301500	1.002332
0.302000	0.950302
0.302500	0.908587
0.303000	0.882838
0.303500	0.874711
0.304000	0.871379
0.304500	0.859631
0.305000	0.819011
0.305500	0.745223
0.306000	0.668538
0.306500	0.619951
0.307000	0.622784
0.307500	0.658511
0.308000	0.713470
0.308500	0.776267
0.309000	0.842025
0.309500	0.925164
0.310000	1.015222
0.310500	1.098747
0.311000	1.159017
0.311500	1.158374
0.312000	1.094241
0.312500	0.972752
0.313000	0.792232
0.313500	0.508553
0.314000	0.172055
0.314500	-0.145570
0.315000	-0.385341
0.315500	-0.603359
0.316000	-0.785183
0.316500	-0.889565
0.317000	-0.877978
0.317500	-0.809468
0.318000	-0.725862
0.318500	-0.630235
0.319000	-0.525757
0.319500	-0.417560
0.320000	-0.308399
0.320500	-0.199607
0.321000	-0.092582
0.321500	0.011491
0.322000	0.110039
0.322500	0.199671
0.323000	0.277016
0.323500	0.318666
0.324000	0.310298
0.324500	0.262162
0.325000	0.184511
0.325500	0.091943
0.326000	-0.001951
0.326500	-0.096923
0.327000	-0.193073
0.327500	-0.290599
0.328000	-0.389268
0.328500	-0.488259
0.329000	-0.586719
0.329500	-0.680897
0.330000	-0.757711
0.330500	-0.814634
0.331000	-0.850426
0.331500	-0.858955
0.332000	-0.821119
0.332500	-0.738689
0.333000	-0.615767
0.333500	-0.461254
0.334000	-0.298807
0.334500	-0.134124
0.335000	0.029202
0.335500	0.188293
0.336000	0.345961
0.336500	0.500442
0.337000	0.648469
0.337500	0.782318
0.338000	0.862979
0.338500	0.894296
0.339000	0.891287
0.339500	0.869014
0.340000	0.839305
0.340500	0.803143
0.341000	0.759401
0.341500	0.706663
0.342000	0.637992
0.342500	0.561613
0.343000	0.492057
0.343500	0.443873
0.344000	0.417464
0.344500	0.399423
0.345000	0.383555
0.345500	0.363696
0.346000	0.331831
0.346500	0.292579
0.347000	0.258670
0.347500	0.242914
0.348000	0.258525
0.348500	0.301350
0.349000	0.357982
0.349500	0.415018
0.350000	0.472230
0.350500	0.542188
0.351000	0.609925
0.351500	0.659686
0.352000	0.670388
0.352500	0.631941
0.353000	0.558796
0.353500	0.465969
0.354000	0.366351
0.354500	0.261856
0.355000	0.156760
0.355500	0.055996
0.356000	-0.037388
0.356500	-0.128683
0.357000	-0.219370
0.357500	-0.310249
0.358000	-0.403897
0.358500	-0.511659
0.359000	-0.621786
0.359500	-0.717606
0.360000	-0.781337
0.360500	-0.798524
0.361000	-0.785215
0.361500	-0.762185
0.362000	-0.747041
0.362500	-0.727375
0.363000	-0.705408
0.363500	-0.689749
0.364000	-0.689443
0.364500	-0.721710
0.365000	-0.775784
0.365500	-0.829955
0.366000	-0.863156
0.366500	-0.881534
0.367000	-0.896968
0.367500	-0.913705
0.368000	-0.935978
0.368500	-0.965220
0.369000	-0.997858
0.369500	-1.030624
0.370000	-1.060268
0.370500	-1.086693
0.371000	-1.109433
0.371500	-1.124626
0.372000	-1.128424
0.372500	-1.119460
0.373000	-1.102932
0.373500	-1.084923
0.374000	-1.071469
0.374500	-1.064324
0.375000	-1.057548
0.375500	-1.051079
0.376000	-1.045108
0.376500	-1.040103
0.377000	-1.036208
0.377500	-1.032410
0.378000	-1.027679
0.378500	-1.020582
0.379000	-1.009397
0.379500	-0.995379
0.380000	-0.979978
0.380500	-0.964560
0.381000	-0.948596
0.381500	-0.930281
0.382000	-0.907750
0.382500	-0.879442
0.383000	-0.847287
0.383500	-0.813105
0.384000	-0.778295
0.384500	-0.743710
0.385000	-0.706309
0.385500	-0.667926
0.386000	-0.631635
0.386500	-0.604679
0.387000	-0.618970
0.387500	-0.660797
0.388000	-0.705472
0.388500	-0.729146
0.389000	-0.737933
0.389500	-0.739848
0.390000	-0.733072
0.390500	-0.714871
0.391000	-0.660700
0.391500	-0.580716
0.392000	-0.502662
0.392500	-0.454302
0.393000	-0.433654
0.393500	-0.423917
0.394000	-0.430548
0.394500	-0.459001
0.395000	-0.500329
0.395500	-0.541834
0.396000	-0.583339
0.396500	-0.624619
0.397000	-0.665705
0.397500	-0.706743
0.398000	-0.747750
0.398500	-0.788804
0.399000	-0.835491
0.399500	-0.893202
0.400000	-0.951010
0.400500	-0.997536
0.401000	-0.997359
0.401500	-0.922524
0.402000	-0.820653
0.402500	-0.741296
0.403000	-0.716174
0.403500	-0.700708
0.404000	-0.689025
0.404500	-0.681879
0.405000	-0.678596
0.405500	-0.676359
0.406000	-0.679980
0.406500	-0.695060
0.407000	-0.727536
0.407500	-0.779003
0.408000	-0.842636
0.408500	-0.911130
0.409000	-0.980316
0.409500	-1.067494
0.410000	-1.160594
0.410500	-1.239887
0.411000	-1.283371
0.411500	-1.268453
0.412000	-1.221186
0.412500	-1.175867
0.413000	-1.165648
0.413500	-1.177460
0.414000	-1.192717
0.414500	-1.207072
0.415000	-1.215972
0.415500	-1.209905
0.416000	-1.195308
0.416500	-1.184912
0.417000	-1.191430
0.417500	-1.241979
0.418000	-1.333084
0.418500	-1.431737
0.419000	-1.504882
0.419500	-1.552937
0.420000	-1.595230
0.420500	-1.627047
0.421000	-1.643462
0.421500	-1.642496
0.422000	-1.630587
0.422500	-1.616747
0.423000	-1.609666
0.423500	-1.617874
0.424000	-1.638956
0.424500	-1.661809
0.425000	-1.675005
0.425500	-1.657302
0.426000	-1.600734
0.426500	-1.538179
0.427000	-1.503691
0.427500	-1.517080
0.428000	-1.538951
0.428500	-1.562078
0.429000	-1.584544
0.429500	-1.604999
0.430000	-1.624472
0.430500	-1.642979
0.431000	-1.660360
0.431500	-1.669373
0.432000	-1.643140
0.432500	-1.583739
0.433000	-1.495853
0.433500	-1.381831
0.434000	-1.228348
0.434500	-1.053428
0.435000	-0.882307
0.435500	-0.735116
0.436000	-0.590195
0.436500	-0.463716
0.437000	-0.383700
0.437500	-0.377295
0.438000	-0.434024
0.438500	-0.527865
0.439000	-0.641356
0.439500	-0.758323
0.440000	-0.900476
0.440500	-1.053412
0.441000	-1.179199
0.441500	-1.241722
0.442000	-1.273571
0.442500	-1.302265
0.443000	-1.330123
0.443500	-1.359445
0.444000	-1.391584
0.444500	-1.424945
0.445000	-1.457422
0.445500	-1.486841
0.446000	-1.473612
0.446500	-1.405295
0.447000	-1.320531
0.447500	-1.257976
0.448000	-1.231100
0.448500	-1.207797
0.449000	-1.190400
0.449500	-1.182578
0.450000	-1.184445
0.450500	-1.189869
0.451000	-1.197915
0.451500	-1.207797
0.452000	-1.221669
0.452500	-1.246469
0.453000	-1.272991
0.453500	-1.290469
0.454000	-1.284707
0.454500	-1.245342
0.455000	-1.192926
0.455500	-1.150440
0.456000	-1.132656
0.456500	-1.119186
0.457000	-1.107020
0.457500	-1.096156
0.458000	-1.086919
0.458500	-1.081367
0.459000	-1.077697
0.459500	-1.073336
0.460000	-1.060509
0.460500	-1.003571
0.461000	-0.929541
0.461500	-0.879539
0.462000	-0.892767
0.462500	-0.936027
0.463000	-0.981169
0.463500	-1.026552
0.464000	-1.070632
0.464500	-1.115404
0.465000	-1.160273
0.465500	-1.202743
0.466000	-1.239855
0.466500	-1.258861
0.467000	-1.261146
0.467500	-1.255659
0.468000	-1.251329
0.468500	-1.250219
0.469000	-1.248352
0.469500	-1.245648
0.470000	-1.241995
0.470500	-1.232790
0.471000	-1.216857
0.471500	-1.199203
0.472000	-1.184880
0.472500	-1.193618
0.473000	-1.237215
0.473500	-1.278495
0.474000	-1.279107
0.474500	-1.230376
0.475000	-1.177026
0.475500	-1.122517
0.476000	-1.068765
0.476500	-1.016027
0.477000	-0.962758
0.477500	-0.910760
0.478000	-0.861884
0.478500	-0.830615
0.479000	-0.854964
0.479500	-0.906479
0.480000	-0.950108
0.480500	-0.961390
0.481000	-0.965091
0.481500	-0.968278
0.482000	-0.974329
0.482500	-0.986126
0.483000	-1.000867
0.483500	-1.016735
0.484000	-1.032829
0.484500	-1.048890
0.485000	-1.067285
0.485500	-1.081495
0.486000	-1.083121
0.486500	277112.937500
0.487000	3018646.500000
0.487500	7767016.000000
0.488000	13371396.000000
0.488500	18707014.000000
0.489000	23749090.000000
0.489500	28876460.000000
0.490000	34208216.000000
