0.000000	-61.437523
0.000500	-61.437523
0.001000	-61.437523
0.001500	-61.437523
0.002000	-61.437523
0.002500	-61.440060
0.003000	-61.440060
0.003500	-61.440060
0.004000	-61.442600
0.004500	-61.442600
0.005000	-61.442600
0.005500	-61.445141
0.006000	-61.447678
0.006500	-61.447678
0.007000	-61.450222
0.007500	-61.455303
0.008000	-61.457840
0.008500	-61.462921
0.009000	-61.468002
0.009500	-61.473083
0.010000	-61.478157
0.010500	-61.483238
0.011000	-61.490864
0.011500	-61.495937
0.012000	-61.503559
0.012500	-61.513718
0.013000	-61.523876
0.013500	-61.534039
0.014000	-61.544201
0.014500	-61.554356
0.015000	-61.567059
0.015500	-61.579762
0.016000	-61.592461
0.016500	-61.605160
0.017000	-61.620403
0.017500	-61.635639
0.018000	-61.650879
0.018500	-61.668659
0.019000	-61.683895
0.019500	-61.701679
0.020000	-61.719460
0.020500	-61.734699
0.021000	-61.752480
0.021500	-61.767715
0.022000	-61.782959
0.022500	-61.798199
0.023000	-61.813435
0.023500	-61.828682
0.024000	-61.843918
0.024500	-61.859161
0.025000	-61.874401
0.025500	-61.889637
0.026000	-61.904881
0.026500	-61.917580
0.027000	-61.932816
0.027500	-61.948059
0.028000	-61.965839
0.028500	-61.981083
0.029000	-61.998863
0.029500	-62.016640
0.030000	-62.034420
0.030500	-62.054737
0.031000	-62.075062
0.031500	-62.095379
0.032000	-62.115696
0.032500	-62.138557
0.033000	-62.161419
0.033500	-62.184277
0.034000	-62.207142
0.034500	-62.232540
0.035000	-62.255398
0.035500	-62.280796
0.036000	-62.306198
0.036500	-62.334137
0.037000	-62.359543
0.037500	-62.387478
0.038000	-62.415417
0.038500	-62.443359
0.039000	-62.471302
0.039500	-62.501781
0.040000	-62.529720
0.040500	-62.560200
0.041000	-62.590679
0.041500	-62.623703
0.042000	-62.654182
0.042500	-62.687195
0.043000	-62.720219
0.043500	-62.753239
0.044000	-62.786259
0.044500	-62.819279
0.045000	-62.854843
0.045500	-62.890404
0.046000	-62.925964
0.046500	-62.964058
0.047000	-63.002163
0.047500	-63.040257
0.048000	-63.078358
0.048500	-63.118996
0.049000	-63.159637
0.049500	-63.200279
0.050000	-63.240917
0.050500	-63.279026
0.051000	-63.319653
0.051500	-63.357761
0.052000	-63.393318
0.052500	-63.431419
0.053000	-63.466972
0.053500	-63.500004
0.054000	-63.533024
0.054500	-63.566036
0.055000	-63.596516
0.055500	-63.629539
0.056000	-63.660019
0.056500	-63.690498
0.057000	-63.720978
0.057500	-63.751461
0.058000	-63.784481
0.058500	-63.820034
0.059000	-63.858143
0.059500	-63.898781
0.060000	-63.944496
0.060500	-63.992752
0.061000	-64.046097
0.061500	-64.101982
0.062000	-64.162941
0.062500	-64.226440
0.063000	-64.295021
0.063500	-64.363602
0.064000	-64.434715
0.064500	-64.513458
0.065000	-64.597282
0.065500	-64.691261
0.066000	-64.797935
0.066500	-64.919861
0.067000	-65.062096
0.067500	-65.227203
0.068000	-65.415161
0.068500	-65.631065
0.069000	-65.879982
0.069500	-66.161919
0.070000	-66.487038
0.070500	-66.865494
0.071000	-67.304924
0.071500	-67.823082
0.072000	-68.432678
0.072500	-69.146416
0.073000	-69.979538
0.073500	-70.939659
0.074000	-72.042015
0.074500	-73.296776
0.075000	-74.711563
0.075500	-76.301598
0.076000	-78.069443
0.076500	-80.027779
0.077000	-82.181702
0.077500	-84.538818
0.078000	-87.101677
0.078500	-89.875359
0.079000	-92.852242
0.079500	-96.024696
0.080000	-99.369873
0.080500	-102.854759
0.081000	-106.438698
0.081500	-110.073441
0.082000	-113.708176
0.082500	-117.297203
0.083000	-120.797318
0.083500	-124.180603
0.084000	-127.419098
0.084500	-130.502655
0.085000	-133.428741
0.085500	-136.199875
0.086000	-138.826233
0.086500	-141.315445
0.087000	-143.682724
0.087500	-145.943314
0.088000	-148.109940
0.088500	-150.192734
0.089000	-152.204422
0.089500	-154.147522
0.090000	-156.024597
0.090500	-157.830521
0.091000	-159.552628
0.091500	-161.178253
0.092000	-162.681915
0.092500	-164.045898
0.093000	-165.242233
0.093500	-166.250610
0.094000	-167.053253
0.094500	-167.634918
0.095000	-167.985443
0.095500	-168.104813
0.096000	-167.995590
0.096500	-167.665390
0.097000	-167.131989
0.097500	-166.410645
0.098000	-165.524170
0.098500	-164.490387
0.099000	-163.327087
0.099500	-162.057068
0.100000	-160.690552
0.100500	-159.245300
0.101000	-157.739075
0.101500	-156.189682
0.102000	-154.619965
0.102500	-153.047699
0.103000	-151.500839
0.103500	-149.994629
0.104000	-148.544266
0.104500	-147.162506
0.105000	-145.846802
0.105500	-144.594574
0.106000	-143.395706
0.106500	-142.234924
0.107000	-141.097000
0.107500	-139.971771
0.108000	-138.849091
0.108500	-137.728958
0.109000	-136.606277
0.109500	-135.488678
0.110000	-134.378708
0.110500	-133.286484
0.111000	-132.217148
0.111500	-131.180832
0.112000	-130.185150
0.112500	-129.237747
0.113000	-128.348740
0.113500	-127.530861
0.114000	-126.794266
0.114500	-126.156715
0.115000	-125.630943
0.115500	-125.232162
0.116000	-124.973076
0.116500	-124.856232
0.117000	-124.891792
0.117500	-125.072136
0.118000	-125.394714
0.118500	-125.846832
0.119000	-126.410721
0.119500	-127.068581
0.120000	-127.802643
0.120500	-128.592575
0.121000	-129.412994
0.121500	-130.253738
0.122000	-131.097015
0.122500	-131.930145
0.123000	-132.745468
0.123500	-133.537964
0.124000	-134.302490
0.124500	-135.041641
0.125000	-135.757919
0.125500	-136.451340
0.126000	-137.132065
0.126500	-137.800079
0.127000	-138.460480
0.127500	-139.120880
0.128000	-139.783829
0.128500	-140.446747
0.129000	-141.114777
0.129500	-141.787888
0.130000	-142.471130
0.130500	-143.167099
0.131000	-143.885925
0.131500	-144.632675
0.132000	-145.414993
0.132500	-146.240509
0.133000	-147.116791
0.133500	-148.046432
0.134000	-149.034500
0.134500	-150.083527
0.135000	-151.188416
0.135500	-152.354263
0.136000	-153.573471
0.136500	-154.846024
0.137000	-156.166824
0.137500	-157.528244
0.138000	-158.925247
0.138500	-160.352737
0.139000	-161.805618
0.139500	-163.276276
0.140000	-164.767258
0.140500	-166.270935
0.141000	-167.789841
0.141500	-169.321472
0.142000	-170.868332
0.142500	-172.430435
0.143000	-174.007767
0.143500	-175.600372
0.144000	-177.210724
0.144500	-178.833786
0.145000	-180.474609
0.145500	-182.125610
0.146000	-183.789307
0.146500	-185.463181
0.147000	-187.144653
0.147500	-188.828674
0.148000	-190.512695
0.148500	-192.186569
0.149000	-193.847717
0.149500	-195.486023
0.150000	-197.093842
0.150500	-198.663559
0.151000	-200.185013
0.151500	-201.650604
0.152000	-203.055222
0.152500	-204.388702
0.153000	-205.648575
0.153500	-206.829666
0.154000	-207.929474
0.154500	-208.940384
0.155000	-209.864944
0.155500	-210.703156
0.156000	-211.452454
0.156500	-212.115387
0.157000	-212.697067
0.157500	-213.199966
0.158000	-213.626678
0.158500	-213.984833
0.159000	-214.284576
0.159500	-214.525864
0.160000	-214.723969
0.160500	-214.881454
0.161000	-215.005920
0.161500	-215.104980
0.162000	-215.181168
0.162500	-215.244675
0.163000	-215.298019
0.163500	-215.343735
0.164000	-215.384384
0.164500	-215.417404
0.165000	-215.447876
0.165500	-215.470734
0.166000	-215.480881
0.166500	-215.480881
0.167000	-215.465652
0.167500	-215.432632
0.168000	-215.379303
0.168500	-215.303101
0.169000	-215.196396
0.169500	-215.064346
0.170000	-214.901779
0.170500	-214.706192
0.171000	-214.480148
0.171500	-214.221054
0.172000	-213.923889
0.172500	-213.593674
0.173000	-213.222824
0.173500	-212.813904
0.174000	-212.369400
0.174500	-211.884262
0.175000	-211.363556
0.175500	-210.802231
0.176000	-210.205322
0.176500	-209.567764
0.177000	-208.892136
0.177500	-208.180954
0.178000	-207.436707
0.178500	-206.662018
0.179000	-205.861923
0.179500	-205.038971
0.180000	-204.190582
0.180500	-203.324448
0.181000	-202.438004
0.181500	-201.531219
0.182000	-200.606659
0.182500	-199.664307
0.183000	-198.706741
0.183500	-197.733917
0.184000	-196.745865
0.184500	-195.745102
0.185000	-194.729111
0.185500	-193.697861
0.186000	-192.656464
0.186500	-191.599823
0.187000	-190.533005
0.187500	-189.458588
0.188000	-188.376556
0.188500	-187.289429
0.189000	-186.199768
0.189500	-185.110107
0.190000	-184.017929
0.190500	-182.925720
0.191000	-181.833527
0.191500	-180.738770
0.192000	-179.638962
0.192500	-178.534058
0.193000	-177.424072
0.193500	-176.303940
0.194000	-175.176178
0.194500	-174.035706
0.195000	-172.887634
0.195500	-171.729401
0.196000	-170.561005
0.196500	-169.382431
0.197000	-168.196259
0.197500	-167.007538
0.198000	-165.811203
0.198500	-164.614853
0.199000	-163.418518
0.199500	-162.219650
0.200000	-161.025833
0.200500	-159.832047
0.201000	-158.640778
0.201500	-157.449509
0.202000	-156.260803
0.202500	-155.072083
0.203000	-153.878265
0.203500	-152.684479
0.204000	-151.483063
0.204500	-150.274002
0.205000	-149.054810
0.205500	-147.828003
0.206000	-146.585938
0.206500	-145.331192
0.207000	-144.066254
0.207500	-142.788651
0.208000	-141.500854
0.208500	-140.200378
0.209000	-138.892273
0.209500	-137.574020
0.210000	-136.248138
0.210500	-134.914642
0.211000	-133.573517
0.211500	-132.222229
0.212000	-130.868423
0.212500	-129.504440
0.213000	-128.135376
0.213500	-126.761246
0.214000	-125.379486
0.214500	-123.990097
0.215000	-122.593094
0.215500	-121.191017
0.216000	-119.778786
0.216500	-118.356377
0.217000	-116.921272
0.217500	-115.470947
0.218000	-114.005356
0.218500	-112.516914
0.219000	-111.005615
0.219500	-109.463837
0.220000	-107.891579
0.220500	-106.283760
0.221000	-104.635307
0.221500	-102.946198
0.222000	-101.213928
0.222500	-99.438461
0.223000	-97.622360
0.223500	-95.765610
0.224000	-93.873322
0.224500	-91.947998
0.225000	-89.994743
0.225500	-88.016075
0.226000	-86.019646
0.226500	-84.007957
0.227000	-81.986115
0.227500	-79.961739
0.228000	-77.939896
0.228500	-75.920601
0.229000	-73.914001
0.229500	-71.925179
0.230000	-69.954140
0.230500	-68.008499
0.231000	-66.090797
0.231500	-64.203575
0.232000	-62.346844
0.232500	-60.525658
0.233000	-58.742580
0.233500	-56.992516
0.234000	-55.280560
0.234500	-53.604160
0.235000	-51.965862
0.235500	-50.363121
0.236000	-48.793396
0.236500	-47.256702
0.237000	-45.750481
0.237500	-44.274738
0.238000	-42.824398
0.238500	-41.396919
0.239000	-39.989758
0.239500	-38.600380
0.240000	-37.226242
0.240500	-35.862259
0.241000	-34.503361
0.241500	-33.152077
0.242000	-31.798258
0.242500	-30.444441
0.243000	-29.085539
0.243500	-27.719021
0.244000	-26.347420
0.244500	-24.963627
0.245000	-23.569931
0.245500	-22.164547
0.246000	-20.746719
0.246500	-19.316446
0.247000	-17.873724
0.247500	-16.419067
0.248000	-14.952473
0.248500	-13.474445
0.249000	-11.986259
0.249500	-10.488930
0.250000	-8.984488
0.250500	-7.474966
0.251000	-5.962142
0.251500	-4.448810
0.252000	-2.938018
0.252500	-1.432509
0.253000	0.065385
0.253500	1.553921
0.254000	3.031490
0.254500	4.496562
0.255000	5.948172
0.255500	7.385304
0.256000	8.806434
0.256500	10.211308
0.257000	11.598909
0.257500	12.969494
0.258000	14.322553
0.258500	15.657576
0.259000	16.974567
0.259500	18.273775
0.260000	19.554190
0.260500	20.815809
0.261000	22.058884
0.261500	23.283672
0.262000	24.490681
0.262500	25.679399
0.263000	26.852879
0.263500	28.008581
0.264000	29.149040
0.264500	30.274261
0.265000	31.381701
0.265500	32.478981
0.266000	33.558479
0.266500	34.625278
0.267000	35.679382
0.267500	36.718243
0.268000	37.741863
0.268500	38.747704
0.269000	39.740837
0.269500	40.713661
0.270000	41.673779
0.270500	42.613583
0.271000	43.540680
0.271500	44.450001
0.272000	45.346622
0.272500	46.233082
0.273000	47.106838
0.273500	47.978062
0.274000	48.844200
0.274500	49.712883
0.275000	50.589180
0.275500	51.478180
0.276000	52.379879
0.276500	53.304436
0.277000	54.254398
0.277500	55.227219
0.278000	56.227982
0.278500	57.254143
0.279000	58.303154
0.279500	59.375042
0.280000	60.467239
0.280500	61.577221
0.281000	62.699898
0.281500	63.835278
0.282000	64.980820
0.282500	66.131439
0.283000	67.287140
0.283500	68.447914
0.284000	69.606163
0.284500	70.761856
0.285000	71.909943
0.285500	73.050392
0.286000	74.180702
0.286500	75.295761
0.287000	76.395576
0.287500	77.480156
0.288000	78.549500
0.288500	79.603600
0.289000	80.639915
0.289500	81.666077
0.290000	82.679543
0.290500	83.685379
0.291000	84.686134
0.291500	85.684357
0.292000	86.680038
0.292500	87.673180
0.293000	88.668861
0.293500	89.667084
0.294000	90.665298
0.294500	91.663521
0.295000	92.659195
0.295500	93.657417
0.296000	94.650558
0.296500	95.641159
0.297000	96.626678
0.297500	97.612198
0.298000	98.595177
0.298500	99.578156
