0.000000	-58.165997
0.000500	-58.165997
0.001000	-58.165997
0.001500	-58.165997
0.002000	-58.165997
0.002500	-58.165997
0.003000	-58.165997
0.003500	-58.333641
0.004000	-58.480965
0.004500	-58.613041
0.005000	-58.722260
0.005500	-58.816235
0.006000	-58.889900
0.006500	-58.948318
0.007000	-58.983883
0.007500	-58.994038
0.008000	-58.976254
0.008500	-58.945778
0.009000	-58.927998
0.009500	-58.930542
0.010000	-58.938160
0.010500	-58.966099
0.011000	-59.042301
0.011500	-59.179459
0.012000	-59.336941
0.012500	-59.499500
0.013000	-59.662064
0.013500	-59.827160
0.014000	-59.992260
0.014500	-60.159901
0.015000	-60.325001
0.015500	-60.487560
0.016000	-60.647579
0.016500	-60.802521
0.017000	-60.954922
0.017500	-61.107323
0.018000	-61.252098
0.018500	-61.389256
0.019000	-61.518795
0.019500	-61.643257
0.020000	-61.757561
0.020500	-61.856625
0.021000	-61.948059
0.021500	-62.034420
0.022000	-62.120777
0.022500	-62.199520
0.023000	-62.252861
0.023500	-62.260479
0.024000	-62.219841
0.024500	-62.163960
0.025000	-62.100460
0.025500	-62.031876
0.026000	-61.960758
0.026500	-61.874401
0.027000	-61.793121
0.027500	-61.732159
0.028000	-61.704224
0.028500	-61.701679
0.029000	-61.714378
0.029500	-61.727081
0.030000	-61.729618
0.030500	-61.729618
0.031000	-61.724541
0.031500	-61.714378
0.032000	-61.691525
0.032500	-61.622940
0.033000	-61.511177
0.033500	-61.371475
0.034000	-61.221619
0.034500	-61.046360
0.035000	-60.858398
0.035500	-60.680599
0.036000	-60.530743
0.036500	-60.401203
0.037000	-60.276741
0.037500	-60.157364
0.038000	-60.043060
0.038500	-59.943996
0.039000	-59.857639
0.039500	-59.766197
0.040000	-59.646820
0.040500	-59.494415
0.041000	-59.339478
0.041500	-59.184540
0.042000	-59.027058
0.042500	-58.872120
0.043000	-58.714638
0.043500	-58.559700
0.044000	-58.402218
0.044500	-58.252361
0.045000	-58.127903
0.045500	-58.026295
0.046000	-57.950100
0.046500	-57.899300
0.047000	-57.873901
0.047500	-57.858658
0.048000	-57.835800
0.048500	-57.790077
0.049000	-57.726582
0.049500	-57.663078
0.050000	-57.599579
0.050500	-57.548782
0.051000	-57.508141
0.051500	-57.477661
0.052000	-57.452259
0.052500	-57.431938
0.053000	-57.434479
0.053500	-57.454803
0.054000	-57.492897
0.054500	-57.541157
0.055000	-57.617359
0.055500	-57.731663
0.056000	-57.876438
0.056500	-58.041538
0.057000	-58.229500
0.057500	-58.465721
0.058000	-58.765442
0.058500	-59.154064
0.059000	-59.618874
0.059500	-60.101479
0.060000	-60.604397
0.060500	-61.120022
0.061000	-61.648338
0.061500	-62.179195
0.062000	-62.710060
0.062500	-63.238384
0.063000	-63.764164
0.063500	-64.284859
0.064000	-64.797935
0.064500	-65.295776
0.065000	-65.765678
0.065500	-66.179703
0.066000	-66.565773
0.066500	-66.956940
0.067000	-67.378578
0.067500	-67.823082
0.068000	-68.285362
0.068500	-68.755257
0.069000	-69.237862
0.069500	-69.766182
0.070000	-70.360542
0.070500	-71.023476
0.071000	-71.765160
0.071500	-72.616066
0.072000	-73.578720
0.072500	-74.622658
0.073000	-75.732643
0.073500	-76.862938
0.074000	-78.018639
0.074500	-79.220062
0.075000	-80.492592
0.075500	-81.818474
0.076000	-83.167229
0.076500	-84.518501
0.077000	-85.852005
0.077500	-87.160095
0.078000	-88.455498
0.078500	-89.738197
0.079000	-91.015823
0.079500	-92.260414
0.080000	-93.421196
0.080500	-94.508324
0.081000	-95.537025
0.081500	-96.456497
0.082000	-97.175316
0.082500	-97.726501
0.083000	-98.150688
0.083500	-98.480873
0.084000	-98.676460
0.084500	-98.737419
0.085000	-98.656143
0.085500	-98.435165
0.086000	-98.071938
0.086500	-97.579178
0.087000	-96.967041
0.087500	-96.245682
0.088000	-95.407478
0.088500	-94.447357
0.089000	-93.357697
0.089500	-92.130875
0.090000	-90.731339
0.090500	-89.159081
0.091000	-87.421722
0.091500	-85.534500
0.092000	-83.565994
0.092500	-81.467964
0.093000	-79.151482
0.093500	-76.527664
0.094000	-73.695564
0.094500	-70.832985
0.095000	-67.970406
0.095500	-65.135757
0.096000	-62.329060
0.096500	-59.522362
0.097000	-56.720737
0.097500	-53.924194
0.098000	-51.140362
0.098500	-48.392078
0.099000	-45.699680
0.099500	-43.083481
0.100000	-40.609520
0.100500	-38.338757
0.101000	-36.192463
0.101500	-34.094418
0.102000	-31.991299
0.102500	-29.933901
0.103000	-27.947618
0.103500	-26.047701
0.104000	-24.275795
0.104500	-22.732237
0.105000	-21.398230
0.105500	-20.242275
0.106000	-19.232372
0.106500	-18.340324
0.107000	-17.566387
0.107500	-16.914621
0.108000	-16.388842
0.108500	-15.952978
0.109000	-15.600679
0.109500	-15.346426
0.110000	-15.203423
0.110500	-15.150084
0.111000	-15.183357
0.111500	-15.318740
0.112000	-15.571216
0.112500	-15.921227
0.113000	-16.345407
0.113500	-16.854170
0.114000	-17.456911
0.114500	-18.116804
0.115000	-18.805906
0.115500	-19.549873
0.116000	-20.374355
0.116500	-21.276054
0.117000	-22.197313
0.117500	-23.120857
0.118000	-24.030178
0.118500	-24.916130
0.119000	-25.791161
0.119500	-26.667461
0.120000	-27.553919
0.120500	-28.463240
0.121000	-29.408117
0.121500	-30.368240
0.122000	-31.323280
0.122500	-32.252918
0.123000	-33.154617
0.123500	-34.035999
0.124000	-34.904678
0.124500	-35.758118
0.125000	-36.540436
0.125500	-37.238941
0.126000	-37.866322
0.126500	-38.425117
0.127000	-38.884861
0.127500	-39.227757
0.128000	-39.456360
0.128500	-39.565582
0.129000	-39.613838
0.129500	-39.623997
0.130000	-39.596058
0.130500	-39.530022
0.131000	-39.451279
0.131500	-39.357300
0.132000	-39.237919
0.132500	-39.067741
0.133000	-38.851837
0.133500	-38.602917
0.134000	-38.333679
0.134500	-38.056816
0.135000	-37.749481
0.135500	-37.404037
0.136000	-37.053516
0.136500	-36.728401
0.137000	-36.492180
0.137500	-36.393120
0.138000	-36.408360
0.138500	-36.520119
0.139000	-36.720783
0.139500	-37.050976
0.140000	-37.495480
0.140500	-38.044121
0.141000	-38.676579
0.141500	-39.367458
0.142000	-40.147240
0.142500	-41.066719
0.143000	-42.148758
0.143500	-43.314617
0.144000	-44.503338
0.144500	-45.684437
0.145000	-46.824898
0.145500	-47.942501
0.146000	-49.044857
0.146500	-50.126900
0.147000	-51.181004
0.147500	-52.141117
0.148000	-52.961540
0.148500	-53.637180
0.149000	-54.152798
0.149500	-54.579514
0.150000	-54.952900
0.150500	-55.272942
0.151000	-55.537102
0.151500	-55.770779
0.152000	-55.994297
0.152500	-56.222900
0.153000	-56.464199
0.153500	-56.713120
0.154000	-56.969658
0.154500	-57.226200
0.155000	-57.487820
0.155500	-57.764679
0.156000	-58.074558
0.156500	-58.394600
0.157000	-58.699402
0.157500	-58.958477
0.158000	-59.143902
0.158500	-59.263279
0.159000	-59.331860
0.159500	-59.339478
0.160000	-59.237877
0.160500	-59.029598
0.161000	-58.734962
0.161500	-58.371738
0.162000	-57.950100
0.162500	-57.454803
0.163000	-56.873138
0.163500	-56.182259
0.164000	-55.384701
0.164500	-54.546501
0.165000	-53.748943
0.165500	-53.055519
0.166000	-52.395115
0.166500	-51.749958
0.167000	-51.117500
0.167500	-50.505360
0.168000	-49.918617
0.168500	-49.349659
0.169000	-48.778160
0.169500	-48.183800
0.170000	-47.569118
0.170500	-46.916340
0.171000	-46.194977
0.171500	-45.377098
0.172000	-44.483017
0.172500	-43.563541
0.173000	-42.623741
0.173500	-41.673779
0.174000	-40.718739
0.174500	-39.761158
0.175000	-38.803577
0.175500	-37.848541
0.176000	-36.901119
0.176500	-35.966400
0.177000	-35.049461
0.177500	-34.150299
0.178000	-33.289242
0.178500	-32.494217
0.179000	-31.762701
0.179500	-31.092138
0.180000	-30.469839
0.180500	-29.850079
0.181000	-29.235401
0.181500	-28.620718
0.182000	-28.008581
0.182500	-27.398977
0.183000	-26.791922
0.183500	-26.179779
0.184000	-25.552401
0.184500	-24.908001
0.185000	-24.250141
0.185500	-23.588219
0.186000	-22.930866
0.186500	-22.270466
0.187000	-21.605494
0.187500	-20.941792
0.188000	-20.288504
0.188500	-19.756628
0.189000	-19.382231
0.189500	-19.142965
0.190000	-19.017233
0.190500	-18.963385
0.191000	-18.957035
0.191500	-19.000216
0.192000	-19.095718
0.192500	-19.238213
0.193000	-19.402044
0.193500	-19.558508
0.194000	-19.678650
0.194500	-19.755611
0.195000	-19.824953
0.195500	-19.893787
0.196000	-19.968464
0.196500	-20.051014
0.197000	-20.134834
0.197500	-20.219923
0.198000	-20.306284
0.198500	-20.397722
0.199000	-20.504404
0.199500	-20.614641
0.200000	-20.714718
0.200500	-20.788378
0.201000	-20.826729
0.201500	-20.846540
0.202000	-20.867115
0.202500	-20.905977
0.203000	-20.958555
0.203500	-21.024343
0.204000	-21.106382
0.204500	-21.211031
0.205000	-21.378164
0.205500	-21.615147
0.206000	-21.920708
0.206500	-22.292311
0.207000	-22.690836
0.207500	-23.096474
0.208000	-23.507446
0.208500	-23.921719
0.209000	-24.333961
0.209500	-24.748236
0.210000	-25.173431
0.210500	-25.618439
0.211000	-26.118820
0.211500	-26.682701
0.212000	-27.279600
0.212500	-27.873957
0.213000	-28.481020
0.213500	-29.121099
0.214000	-29.756100
0.214500	-30.353001
0.215000	-30.843220
0.215500	-31.193739
0.216000	-31.440121
0.216500	-31.612839
0.217000	-31.737301
0.217500	-31.808420
0.218000	-31.823662
0.218500	-31.783018
0.219000	-31.691578
0.219500	-31.569660
0.220000	-31.402018
0.220500	-31.175959
0.221000	-30.886398
0.221500	-30.563820
0.222000	-30.205681
0.222500	-29.799280
0.223000	-29.352238
0.223500	-28.892500
0.224000	-28.420059
0.224500	-27.937460
0.225000	-27.437078
0.225500	-26.916380
0.226000	-26.385519
0.226500	-25.864820
0.227000	-25.377142
0.227500	-24.945595
0.228000	-24.538431
0.228500	-24.114252
0.229000	-23.633177
0.229500	-23.122637
0.230000	-22.609556
0.230500	-22.096222
0.231000	-21.585936
0.231500	-21.076920
0.232000	-20.568920
0.232500	-20.063715
0.233000	-19.562572
0.233500	-19.091402
0.234000	-18.662397
0.234500	-18.258028
0.235000	-17.860008
0.235500	-17.476978
0.236000	-17.116552
0.236500	-16.758411
0.237000	-16.382238
0.237500	-15.969234
0.238000	-15.518384
0.238500	-15.036800
0.239000	-14.532865
0.239500	-14.010132
0.240000	-13.457935
0.240500	-12.862053
0.241000	-12.209780
0.241500	-11.496040
0.242000	-10.752328
0.242500	-9.988042
0.243000	-9.208262
0.243500	-8.423402
0.244000	-7.645400
0.244500	-6.854444
0.245000	-6.027674
0.245500	-5.147564
0.246000	-4.248404
0.246500	-3.343402
0.247000	-2.435276
0.247500	-1.526311
0.248000	-0.616763
0.248500	0.293624
0.249000	1.204976
0.249500	2.118055
0.250000	3.053842
0.250500	4.008374
0.251000	4.963414
0.251500	5.900928
0.252000	6.790182
0.252500	7.630159
0.253000	8.432291
0.253500	9.206738
0.254000	9.917430
0.254500	10.551922
0.255000	11.122152
0.255500	11.640058
0.256000	12.104371
0.256500	12.502388
0.257000	12.827762
0.257500	13.074141
0.258000	13.254990
0.258500	13.396721
0.259000	13.477747
0.259500	13.475716
0.260000	13.404595
0.260500	13.329411
0.261000	13.253719
0.261500	13.179552
0.262000	13.106400
0.262500	13.033248
0.263000	12.961619
0.263500	12.893040
0.264000	12.859512
0.264500	12.900406
0.265000	12.975336
0.265500	13.041376
0.266000	13.066014
0.266500	13.067285
0.267000	13.047980
0.267500	13.008355
0.268000	12.939014
0.268500	12.760960
0.269000	12.475209
0.269500	12.104878
0.270000	11.672824
0.270500	11.185144
0.271000	10.623804
0.271500	9.968738
0.272000	9.201405
0.272500	8.359394
0.273000	7.490968
0.273500	6.628384
0.274000	5.801868
0.274500	4.997704
0.275000	4.203700
0.275500	3.424428
0.276000	2.664206
0.276500	1.945437
0.277000	1.284300
0.277500	0.675361
0.278000	0.113314
0.278500	-0.400075
0.279000	-0.863168
0.279500	-1.281481
0.280000	-1.660500
0.280500	-2.009013
0.281000	-2.329612
0.281500	-2.610104
0.282000	-2.837688
0.282500	-3.013202
0.283000	-3.159760
0.283500	-3.278886
0.284000	-3.371850
0.284500	-3.441446
0.285000	-3.496056
0.285500	-3.533648
0.286000	-3.551936
0.286500	-3.548126
0.287000	-3.520694
0.287500	-3.466592
0.288000	-3.383026
0.288500	-3.268980
0.289000	-3.131566
0.289500	-2.963672
0.290000	-2.754884
0.290500	-2.499080
0.291000	-2.232228
0.291500	-1.964766
0.292000	-1.697660
0.292500	-1.431671
0.293000	-1.166038
0.293500	-0.900709
0.294000	-0.635991
0.294500	-0.372796
0.295000	-0.132265
0.295500	0.083436
0.296000	0.284658
0.296500	0.480492
0.297000	0.645820
0.297500	0.786333
0.298000	0.928446
0.298500	1.098677
0.299000	1.308303
0.299500	1.550848
0.300000	1.826108
0.300500	2.133854
0.301000	2.481199
0.301500	2.859024
0.302000	3.242056
0.302500	3.606038
0.303000	3.939794
0.303500	4.257802
0.304000	4.553966
0.304500	4.821428
0.305000	5.049266
0.305500	5.231384
0.306000	5.381752
0.306500	5.514086
0.307000	5.638292
0.307500	5.741416
0.308000	5.812282
0.308500	5.841238
0.309000	5.819140
0.309500	5.741416
0.310000	5.602986
0.310500	5.398008
0.311000	5.126736
0.311500	4.842256
0.312000	4.557521
0.312500	4.272534
0.313000	3.987292
0.313500	3.701796
0.314000	3.416300
0.314500	3.131058
0.315000	2.852166
0.315500	2.624328
0.316000	2.429535
0.316500	2.234032
0.317000	2.005000
0.317500	1.743964
0.318000	1.459611
0.318500	1.150747
0.319000	0.816229
0.319500	0.455193
0.320000	0.065898
0.320500	-0.353619
0.321000	-0.805383
0.321500	-1.291768
0.322000	-1.798752
0.322500	-2.303729
0.323000	-2.784094
0.323500	-3.239516
0.324000	-3.688334
0.324500	-4.135628
0.325000	-4.587240
0.325500	-5.052060
0.326000	-5.532882
0.326500	-6.017768
0.327000	-6.494018
0.327500	-6.945630
0.328000	-7.351776
0.328500	-7.696962
0.329000	-7.966456
0.329500	-8.156956
0.330000	-8.310880
0.330500	-8.437880
0.331000	-8.543290
0.331500	-8.635238
0.332000	-8.726678
0.332500	-8.815324
0.333000	-8.898128
0.333500	-8.972804
0.334000	-9.044432
0.334500	-9.114535
0.335000	-9.183370
0.335500	-9.250172
0.336000	-9.306561
0.336500	-9.358122
0.337000	-9.412224
0.337500	-9.479280
0.338000	-9.580117
0.338500	-9.713721
0.339000	-9.874504
0.339500	-10.057384
0.340000	-10.275315
0.340500	-10.518394
0.341000	-10.762996
0.341500	-10.987278
0.342000	-11.198606
0.342500	-11.390884
0.343000	-11.543792
0.343500	-11.637518
0.344000	-11.642852
0.344500	-11.564365
0.345000	-11.432032
0.345500	-11.275823
0.346000	-11.120375
0.346500	-10.959338
0.347000	-10.775188
0.347500	-10.551160
0.348000	-10.296652
0.348500	-10.034017
0.349000	-9.763761
0.349500	-9.486647
0.350000	-9.200895
0.350500	-8.907271
0.351000	-8.613902
0.351500	-8.329168
0.352000	-8.064246
0.352500	-7.819643
0.353000	-7.582408
0.353500	-7.339076
0.354000	-7.078218
0.354500	-6.803390
0.355000	-6.516370
0.355500	-6.218682
0.356000	-5.910326
0.356500	-5.580888
0.357000	-5.221478
0.357500	-4.823460
0.358000	-4.381246
0.358500	-3.918458
0.359000	-3.444748
0.359500	-2.963672
0.360000	-2.477795
0.360500	-1.980844
0.361000	-1.480337
0.361500	-0.987196
0.362000	-0.512851
0.362500	-0.068110
0.363000	0.352044
0.363500	0.755066
0.364000	1.148512
0.364500	1.536827
0.365000	1.914220
0.365500	2.273122
0.366000	2.606040
0.366500	2.920238
0.367000	3.226054
0.367500	3.531362
0.368000	3.843020
0.368500	4.165346
0.369000	4.494021
0.369500	4.823460
0.370000	5.149342
0.370500	5.451602
0.371000	5.719064
0.371500	5.958332
0.372000	6.175248
0.372500	6.327902
0.373000	6.383020
0.373500	6.361176
0.374000	6.282944
0.374500	6.160516
0.375000	5.976112
0.375500	5.710428
0.376000	5.344668
0.376500	4.888230
0.377000	4.394200
0.377500	3.866388
0.378000	3.307334
0.378500	2.714498
0.379000	2.081581
0.379500	1.439824
0.380000	0.823747
0.380500	0.261950
0.381000	-0.251427
0.381500	-0.721614
0.382000	-1.152271
0.382500	-1.546250
0.383000	-1.899742
0.383500	-2.210384
0.384000	-2.477033
0.384500	-2.699258
0.385000	-2.884424
0.385500	-3.036316
0.386000	-3.157728
0.386500	-3.250184
0.387000	-3.313684
0.387500	-3.346450
0.388000	-3.345942
0.388500	-3.310128
0.389000	-3.234436
0.389500	-3.111754
0.390000	-2.934970
0.390500	-2.697480
0.391000	-2.418334
0.391500	-2.112112
0.392000	-1.784223
0.392500	-1.440028
0.393000	-1.061745
0.393500	-0.651459
0.394000	-0.244267
0.394500	0.124739
0.395000	0.428549
0.395500	0.667918
0.396000	0.849478
0.396500	0.979805
0.397000	1.065936
0.397500	1.112774
0.398000	1.123696
0.398500	1.102106
0.399000	1.050925
0.399500	0.969594
0.400000	0.855929
0.400500	0.707796
0.401000	0.523875
0.401500	0.299060
0.402000	0.022724
0.402500	-0.315951
0.403000	-0.718261
0.403500	-1.152931
0.404000	-1.618945
0.404500	-2.119224
0.405000	-2.650490
0.405500	-3.188970
0.406000	-3.732276
0.406500	-4.280154
0.407000	-4.830826
0.407500	-5.379974
0.408000	-5.939536
0.408500	-6.522720
0.409000	-7.145528
0.409500	-7.828025
0.410000	-8.544814
0.410500	-9.263379
0.411000	-9.954005
0.411500	-10.628630
0.412000	-11.293857
0.412500	-11.949938
0.413000	-12.595098
0.413500	-13.174218
0.414000	-13.674344
0.414500	-14.114018
0.415000	-14.510257
0.415500	-14.830807
0.416000	-15.067026
0.416500	-15.233649
0.417000	-15.345664
0.417500	-15.408402
0.418000	-15.401035
0.418500	-15.299182
0.419000	-15.078456
0.419500	-14.766797
0.420000	-14.400023
0.420500	-13.967460
0.421000	-13.457429
0.421500	-12.904217
0.422000	-12.349733
0.422500	-11.793728
0.423000	-11.236198
0.423500	-10.675620
0.424000	-10.111740
0.424500	-9.547097
0.425000	-8.985503
0.425500	-8.457692
0.426000	-8.016494
0.426500	-7.649464
0.427000	-7.342886
0.427500	-7.088377
0.428000	-6.901942
0.428500	-6.788150
0.429000	-6.749796
0.429500	-6.779006
0.430000	-6.834378
0.430500	-6.912356
0.431000	-7.013702
0.431500	-7.135114
0.432000	-7.262622
0.432500	-7.408418
0.433000	-7.586980
0.433500	-7.810500
0.434000	-8.071866
0.434500	-8.362442
0.435000	-8.675624
0.435500	-9.004046
0.436000	-9.335770
0.436500	-9.677400
0.437000	-10.039350
0.437500	-10.431780
0.438000	-10.848340
0.438500	-11.274298
0.439000	-11.696700
0.439500	-12.104624
0.440000	-12.504928
0.440500	-12.904978
0.441000	-13.305027
0.441500	-13.705840
0.442000	-14.107414
0.442500	-14.509750
0.443000	-14.912341
0.443500	-15.314422
0.444000	-15.710155
0.444500	-16.091661
0.445000	-16.456152
0.445500	-16.800577
0.446000	-17.056101
0.446500	-17.176497
0.447000	-17.192751
0.447500	-17.135857
0.448000	-17.041368
0.448500	-16.930370
0.449000	-16.795750
0.449500	-16.630142
0.450000	-16.438118
0.450500	-16.240761
0.451000	-16.038321
0.451500	-15.829534
0.452000	-15.614141
0.452500	-15.392146
0.453000	-15.156941
0.453500	-14.902433
0.454000	-14.616938
0.454500	-14.282420
0.455000	-13.912088
0.455500	-13.520674
0.456000	-13.115798
0.456500	-12.682981
0.457000	-12.239244
0.457500	-11.804904
0.458000	-11.399012
0.458500	-11.023600
0.459000	-10.682732
0.459500	-10.382250
0.460000	-10.127487
0.460500	-9.914636
0.461000	-9.742678
0.461500	-9.612376
0.462000	-9.523984
0.462500	-9.452610
0.463000	-9.386569
0.463500	-9.325356
0.464000	-9.269221
0.464500	-9.225280
0.465000	-9.187434
0.465500	-9.145016
0.466000	-9.086087
0.466500	-8.989568
0.467000	-8.854440
0.467500	-8.688831
0.468000	-8.500872
0.468500	-8.287004
0.469000	-8.054339
0.469500	-7.825486
0.470000	-7.623810
0.470500	-7.443977
0.471000	-7.265162
0.471500	-7.087108
0.472000	-6.910324
0.472500	-6.735064
0.473000	-6.561073
0.473500	-6.387592
0.474000	-6.213348
0.474500	-6.030976
0.475000	-5.831078
0.475500	-5.619242
0.476000	-5.402072
0.476500	-5.177282
0.477000	-4.921758
0.477500	-4.619752
0.478000	-4.256532
0.478500	-3.821176
0.479000	-3.332226
0.479500	-2.806954
0.480000	-2.261743
0.480500	-1.705889
0.481000	-1.128446
0.481500	-0.543509
0.482000	0.031659
0.482500	0.575589
0.483000	1.048487
0.483500	1.474419
0.484000	1.890496
0.484500	2.306193
0.485000	2.541270
0.485500	2.677414
0.486000	2.865120
0.486500	854151.187500
0.487000	9657080.000000
0.487500	26012140.000000
0.488000	47452280.000000
0.488500	71610216.000000
0.489000	99844856.000000
0.489500	133223000.000000
0.490000	171450000.000000
