0.000000	0.156570
0.000500	0.156570
0.001000	0.156570
0.001500	0.156570
0.002000	0.156570
0.002500	0.156570
0.003000	0.156570
0.003500	0.156270
0.004000	0.155990
0.004500	0.155720
0.005000	0.155470
0.005500	0.155220
0.006000	0.154990
0.006500	0.154790
0.007000	0.154630
0.007500	0.154510
0.008000	0.154430
0.008500	0.154380
0.009000	0.154310
0.009500	0.154210
0.010000	0.154100
0.010500	0.153980
0.011000	0.153840
0.011500	0.153670
0.012000	0.153410
0.012500	0.153110
0.013000	0.152820
0.013500	0.152600
0.014000	0.152430
0.014500	0.152290
0.015000	0.152210
0.015500	0.152200
0.016000	0.152240
0.016500	0.152300
0.017000	0.152360
0.017500	0.152400
0.018000	0.152440
0.018500	0.152470
0.019000	0.152490
0.019500	0.152460
0.020000	0.152390
0.020500	0.152300
0.021000	0.152210
0.021500	0.152120
0.022000	0.152030
0.022500	0.151940
0.023000	0.151870
0.023500	0.151820
0.024000	0.151840
0.024500	0.151910
0.025000	0.152010
0.025500	0.152110
0.026000	0.152210
0.026500	0.152330
0.027000	0.152450
0.027500	0.152520
0.028000	0.152510
0.028500	0.152420
0.029000	0.152280
0.029500	0.152130
0.030000	0.152000
0.030500	0.151870
0.031000	0.151730
0.031500	0.151590
0.032000	0.151480
0.032500	0.151420
0.033000	0.151410
0.033500	0.151470
0.034000	0.151580
0.034500	0.151730
0.035000	0.151880
0.035500	0.152040
0.036000	0.152180
0.036500	0.152330
0.037000	0.152470
0.037500	0.152590
0.038000	0.152690
0.038500	0.152740
0.039000	0.152750
0.039500	0.152760
0.040000	0.152770
0.040500	0.152810
0.041000	0.152870
0.041500	0.152930
0.042000	0.152960
0.042500	0.152960
0.043000	0.152910
0.043500	0.152840
0.044000	0.152750
0.044500	0.152640
0.045000	0.152530
0.045500	0.152400
0.046000	0.152290
0.046500	0.152180
0.047000	0.152070
0.047500	0.151990
0.048000	0.151950
0.048500	0.151980
0.049000	0.152050
0.049500	0.152140
0.050000	0.152240
0.050500	0.152340
0.051000	0.152450
0.051500	0.152560
0.052000	0.152670
0.052500	0.152750
0.053000	0.152800
0.053500	0.152830
0.054000	0.152820
0.054500	0.152800
0.055000	0.152770
0.055500	0.152750
0.056000	0.152720
0.056500	0.152690
0.057000	0.152660
0.057500	0.152640
0.058000	0.152610
0.058500	0.152580
0.059000	0.152510
0.059500	0.152370
0.060000	0.152190
0.060500	0.152000
0.061000	0.151830
0.061500	0.151650
0.062000	0.151470
0.062500	0.151270
0.063000	0.151070
0.063500	0.150820
0.064000	0.150540
0.064500	0.150210
0.065000	0.149840
0.065500	0.149420
0.066000	0.148970
0.066500	0.148490
0.067000	0.148000
0.067500	0.147490
0.068000	0.146950
0.068500	0.146390
0.069000	0.145810
0.069500	0.145160
0.070000	0.144430
0.070500	0.143610
0.071000	0.142710
0.071500	0.141630
0.072000	0.140370
0.072500	0.138990
0.073000	0.137540
0.073500	0.136070
0.074000	0.134500
0.074500	0.132760
0.075000	0.130730
0.075500	0.128510
0.076000	0.126210
0.076500	0.123860
0.077000	0.121480
0.077500	0.119070
0.078000	0.116640
0.078500	0.114200
0.079000	0.111780
0.079500	0.109420
0.080000	0.107170
0.080500	0.105030
0.081000	0.102980
0.081500	0.101120
0.082000	0.099641
0.082500	0.098490
0.083000	0.097613
0.083500	0.096947
0.084000	0.096431
0.084500	0.096078
0.085000	0.095905
0.085500	0.095919
0.086000	0.096027
0.086500	0.096212
0.087000	0.096479
0.087500	0.096837
0.088000	0.097277
0.088500	0.097803
0.089000	0.098424
0.089500	0.099149
0.090000	0.100030
0.090500	0.101100
0.091000	0.102340
0.091500	0.103760
0.092000	0.105320
0.092500	0.107010
0.093000	0.108810
0.093500	0.110750
0.094000	0.112850
0.094500	0.115070
0.095000	0.117280
0.095500	0.119370
0.096000	0.121300
0.096500	0.123140
0.097000	0.124890
0.097500	0.126550
0.098000	0.128110
0.098500	0.129560
0.099000	0.130860
0.099500	0.131970
0.100000	0.132910
0.100500	0.133770
0.101000	0.134560
0.101500	0.135300
0.102000	0.136000
0.102500	0.136670
0.103000	0.137300
0.103500	0.137880
0.104000	0.138400
0.104500	0.138820
0.105000	0.139130
0.105500	0.139300
0.106000	0.139330
0.106500	0.139270
0.107000	0.139150
0.107500	0.139000
0.108000	0.138830
0.108500	0.138600
0.109000	0.138340
0.109500	0.138100
0.110000	0.137910
0.110500	0.137810
0.111000	0.137810
0.111500	0.137900
0.112000	0.138080
0.112500	0.138360
0.113000	0.138740
0.113500	0.139240
0.114000	0.139840
0.114500	0.140500
0.115000	0.141200
0.115500	0.141960
0.116000	0.142820
0.116500	0.143760
0.117000	0.144730
0.117500	0.145700
0.118000	0.146660
0.118500	0.147590
0.119000	0.148520
0.119500	0.149430
0.120000	0.150320
0.120500	0.151190
0.121000	0.151980
0.121500	0.152700
0.122000	0.153370
0.122500	0.153990
0.123000	0.154520
0.123500	0.155020
0.124000	0.155530
0.124500	0.156110
0.125000	0.156740
0.125500	0.157420
0.126000	0.158180
0.126500	0.159030
0.127000	0.159980
0.127500	0.160990
0.128000	0.162050
0.128500	0.163140
0.129000	0.164290
0.129500	0.165490
0.130000	0.166660
0.130500	0.167720
0.131000	0.168700
0.131500	0.169650
0.132000	0.170570
0.132500	0.171470
0.133000	0.172360
0.133500	0.173220
0.134000	0.174070
0.134500	0.174910
0.135000	0.175700
0.135500	0.176400
0.136000	0.177020
0.136500	0.177570
0.137000	0.178000
0.137500	0.178190
0.138000	0.178150
0.138500	0.177890
0.139000	0.177450
0.139500	0.176940
0.140000	0.176330
0.140500	0.175610
0.141000	0.174770
0.141500	0.173930
0.142000	0.173080
0.142500	0.172230
0.143000	0.171380
0.143500	0.170540
0.144000	0.169690
0.144500	0.168850
0.145000	0.168010
0.145500	0.167310
0.146000	0.166740
0.146500	0.166290
0.147000	0.165960
0.147500	0.165690
0.148000	0.165480
0.148500	0.165320
0.149000	0.165200
0.149500	0.165140
0.150000	0.165110
0.150500	0.165050
0.151000	0.164900
0.151500	0.164690
0.152000	0.164470
0.152500	0.164240
0.153000	0.164000
0.153500	0.163760
0.154000	0.163510
0.154500	0.163250
0.155000	0.163010
0.155500	0.162810
0.156000	0.162700
0.156500	0.162670
0.157000	0.162680
0.157500	0.162720
0.158000	0.162810
0.158500	0.162950
0.159000	0.163140
0.159500	0.163400
0.160000	0.163670
0.160500	0.163960
0.161000	0.164290
0.161500	0.164650
0.162000	0.165020
0.162500	0.165390
0.163000	0.165760
0.163500	0.166140
0.164000	0.166550
0.164500	0.166970
0.165000	0.167370
0.165500	0.167740
0.166000	0.167940
0.166500	0.167960
0.167000	0.167840
0.167500	0.167600
0.168000	0.167250
0.168500	0.166860
0.169000	0.166480
0.169500	0.166170
0.170000	0.165880
0.170500	0.165590
0.171000	0.165340
0.171500	0.165150
0.172000	0.165010
0.172500	0.164910
0.173000	0.164800
0.173500	0.164680
0.174000	0.164530
0.174500	0.164380
0.175000	0.164230
0.175500	0.164070
0.176000	0.163880
0.176500	0.163680
0.177000	0.163450
0.177500	0.163220
0.178000	0.162990
0.178500	0.162740
0.179000	0.162450
0.179500	0.162100
0.180000	0.161690
0.180500	0.161160
0.181000	0.160570
0.181500	0.159930
0.182000	0.159270
0.182500	0.158550
0.183000	0.157810
0.183500	0.157110
0.184000	0.156490
0.184500	0.155930
0.185000	0.155420
0.185500	0.154970
0.186000	0.154570
0.186500	0.154210
0.187000	0.153860
0.187500	0.153510
0.188000	0.153130
0.188500	0.152740
0.189000	0.152350
0.189500	0.151960
0.190000	0.151570
0.190500	0.151190
0.191000	0.150800
0.191500	0.150420
0.192000	0.150050
0.192500	0.149750
0.193000	0.149600
0.193500	0.149570
0.194000	0.149630
0.194500	0.149760
0.195000	0.149920
0.195500	0.150140
0.196000	0.150400
0.196500	0.150720
0.197000	0.151040
0.197500	0.151370
0.198000	0.151700
0.198500	0.152000
0.199000	0.152310
0.199500	0.152600
0.200000	0.152850
0.200500	0.153030
0.201000	0.153150
0.201500	0.153240
0.202000	0.153300
0.202500	0.153350
0.203000	0.153390
0.203500	0.153440
0.204000	0.153490
0.204500	0.153550
0.205000	0.153620
0.205500	0.153680
0.206000	0.153750
0.206500	0.153810
0.207000	0.153880
0.207500	0.153940
0.208000	0.154010
0.208500	0.154080
0.209000	0.154190
0.209500	0.154360
0.210000	0.154560
0.210500	0.154780
0.211000	0.155020
0.211500	0.155300
0.212000	0.155630
0.212500	0.155990
0.213000	0.156390
0.213500	0.156850
0.214000	0.157390
0.214500	0.158050
0.215000	0.158780
0.215500	0.159510
0.216000	0.160260
0.216500	0.161020
0.217000	0.161790
0.217500	0.162570
0.218000	0.163340
0.218500	0.164100
0.219000	0.164830
0.219500	0.165540
0.220000	0.166230
0.220500	0.166930
0.221000	0.167640
0.221500	0.168380
0.222000	0.169130
0.222500	0.169860
0.223000	0.170560
0.223500	0.171160
0.224000	0.171660
0.224500	0.172090
0.225000	0.172440
0.225500	0.172720
0.226000	0.172890
0.226500	0.172960
0.227000	0.172890
0.227500	0.172780
0.228000	0.172670
0.228500	0.172560
0.229000	0.172460
0.229500	0.172370
0.230000	0.172290
0.230500	0.172210
0.231000	0.172140
0.231500	0.172110
0.232000	0.172130
0.232500	0.172170
0.233000	0.172220
0.233500	0.172310
0.234000	0.172420
0.234500	0.172570
0.235000	0.172730
0.235500	0.172900
0.236000	0.173100
0.236500	0.173350
0.237000	0.173720
0.237500	0.174170
0.238000	0.174640
0.238500	0.175100
0.239000	0.175570
0.239500	0.176040
0.240000	0.176510
0.240500	0.176980
0.241000	0.177440
0.241500	0.177880
0.242000	0.178260
0.242500	0.178610
0.243000	0.178940
0.243500	0.179290
0.244000	0.179630
0.244500	0.179980
0.245000	0.180320
0.245500	0.180670
0.246000	0.181020
0.246500	0.181370
0.247000	0.181730
0.247500	0.182070
0.248000	0.182360
0.248500	0.182590
0.249000	0.182740
0.249500	0.182820
0.250000	0.182850
0.250500	0.182860
0.251000	0.182860
0.251500	0.182890
0.252000	0.182880
0.252500	0.182880
0.253000	0.182940
0.253500	0.183120
0.254000	0.183390
0.254500	0.183700
0.255000	0.184010
0.255500	0.184310
0.256000	0.184610
0.256500	0.184900
0.257000	0.185190
0.257500	0.185460
0.258000	0.185670
0.258500	0.185770
0.259000	0.185800
0.259500	0.185800
0.260000	0.185790
0.260500	0.185790
0.261000	0.185780
0.261500	0.185780
0.262000	0.185780
0.262500	0.185790
0.263000	0.185800
0.263500	0.185810
0.264000	0.185850
0.264500	0.185920
0.265000	0.186000
0.265500	0.186070
0.266000	0.186130
0.266500	0.186160
0.267000	0.186170
0.267500	0.186170
0.268000	0.186150
0.268500	0.186040
0.269000	0.185850
0.269500	0.185590
0.270000	0.185260
0.270500	0.184840
0.271000	0.184340
0.271500	0.183750
0.272000	0.183080
0.272500	0.182300
0.273000	0.181450
0.273500	0.180600
0.274000	0.179840
0.274500	0.179160
0.275000	0.178550
0.275500	0.178020
0.276000	0.177570
0.276500	0.177260
0.277000	0.177120
0.277500	0.177140
0.278000	0.177280
0.278500	0.177500
0.279000	0.177790
0.279500	0.178200
0.280000	0.178770
0.280500	0.179490
0.281000	0.180220
0.281500	0.180970
0.282000	0.181730
0.282500	0.182500
0.283000	0.183290
0.283500	0.184070
0.284000	0.184850
0.284500	0.185610
0.285000	0.186340
0.285500	0.187020
0.286000	0.187680
0.286500	0.188290
0.287000	0.188810
0.287500	0.189220
0.288000	0.189510
0.288500	0.189690
0.289000	0.189810
0.289500	0.189900
0.290000	0.189950
0.290500	0.189960
0.291000	0.189930
0.291500	0.189880
0.292000	0.189870
0.292500	0.189930
0.293000	0.190030
0.293500	0.190150
0.294000	0.190300
0.294500	0.190450
0.295000	0.190640
0.295500	0.190840
0.296000	0.191030
0.296500	0.191200
0.297000	0.191350
0.297500	0.191470
0.298000	0.191540
0.298500	0.191540
0.299000	0.191500
0.299500	0.191450
0.300000	0.191410
0.300500	0.191360
0.301000	0.191300
0.301500	0.191250
0.302000	0.191200
0.302500	0.191140
0.303000	0.191080
0.303500	0.190990
0.304000	0.190870
0.304500	0.190740
0.305000	0.190590
0.305500	0.190410
0.306000	0.190190
0.306500	0.189930
0.307000	0.189640
0.307500	0.189320
0.308000	0.189000
0.308500	0.188660
0.309000	0.188320
0.309500	0.187960
0.310000	0.187580
0.310500	0.187210
0.311000	0.186880
0.311500	0.186610
0.312000	0.186430
0.312500	0.186360
0.313000	0.186430
0.313500	0.186550
0.314000	0.186690
0.314500	0.186860
0.315000	0.187020
0.315500	0.187220
0.316000	0.187420
0.316500	0.187620
0.317000	0.187780
0.317500	0.187790
0.318000	0.187640
0.318500	0.187350
0.319000	0.186940
0.319500	0.186470
0.320000	0.185950
0.320500	0.185380
0.321000	0.184770
0.321500	0.184100
0.322000	0.183360
0.322500	0.182640
0.323000	0.182020
0.323500	0.181500
0.324000	0.181040
0.324500	0.180650
0.325000	0.180330
0.325500	0.180050
0.326000	0.179780
0.326500	0.179510
0.327000	0.179240
0.327500	0.178960
0.328000	0.178680
0.328500	0.178390
0.329000	0.178120
0.329500	0.177870
0.330000	0.177730
0.330500	0.177640
0.331000	0.177510
0.331500	0.177290
0.332000	0.177030
0.332500	0.176720
0.333000	0.176370
0.333500	0.175960
0.334000	0.175520
0.334500	0.175070
0.335000	0.174630
0.335500	0.174210
0.336000	0.173800
0.336500	0.173400
0.337000	0.173010
0.337500	0.172620
0.338000	0.172280
0.338500	0.171970
0.339000	0.171690
0.339500	0.171420
0.340000	0.171230
0.340500	0.171140
0.341000	0.171120
0.341500	0.171160
0.342000	0.171280
0.342500	0.171500
0.343000	0.171830
0.343500	0.172290
0.344000	0.172850
0.344500	0.173460
0.345000	0.174130
0.345500	0.174840
0.346000	0.175600
0.346500	0.176400
0.347000	0.177210
0.347500	0.177970
0.348000	0.178670
0.348500	0.179290
0.349000	0.179820
0.349500	0.180250
0.350000	0.180580
0.350500	0.180750
0.351000	0.180780
0.351500	0.180650
0.352000	0.180400
0.352500	0.180150
0.353000	0.179880
0.353500	0.179590
0.354000	0.179280
0.354500	0.178950
0.355000	0.178620
0.355500	0.178310
0.356000	0.178040
0.356500	0.177830
0.357000	0.177650
0.357500	0.177460
0.358000	0.177230
0.358500	0.177010
0.359000	0.176760
0.359500	0.176450
0.360000	0.176030
0.360500	0.175570
0.361000	0.175090
0.361500	0.174610
0.362000	0.174150
0.362500	0.173690
0.363000	0.173230
0.363500	0.172780
0.364000	0.172340
0.364500	0.171960
0.365000	0.171650
0.365500	0.171380
0.366000	0.171140
0.366500	0.170910
0.367000	0.170700
0.367500	0.170520
0.368000	0.170390
0.368500	0.170280
0.369000	0.170170
0.369500	0.170070
0.370000	0.169960
0.370500	0.169850
0.371000	0.169740
0.371500	0.169640
0.372000	0.169530
0.372500	0.169470
0.373000	0.169490
0.373500	0.169590
0.374000	0.169750
0.374500	0.169960
0.375000	0.170220
0.375500	0.170510
0.376000	0.170820
0.376500	0.171130
0.377000	0.171440
0.377500	0.171800
0.378000	0.172240
0.378500	0.172790
0.379000	0.173390
0.379500	0.174000
0.380000	0.174600
0.380500	0.175180
0.381000	0.175760
0.381500	0.176340
0.382000	0.176910
0.382500	0.177470
0.383000	0.177970
0.383500	0.178420
0.384000	0.178840
0.384500	0.179230
0.385000	0.179570
0.385500	0.179810
0.386000	0.179960
0.386500	0.179980
0.387000	0.179910
0.387500	0.179770
0.388000	0.179580
0.388500	0.179350
0.389000	0.179060
0.389500	0.178720
0.390000	0.178410
0.390500	0.178160
0.391000	0.177990
0.391500	0.177880
0.392000	0.177870
0.392500	0.177990
0.393000	0.178190
0.393500	0.178410
0.394000	0.178650
0.394500	0.178900
0.395000	0.179160
0.395500	0.179420
0.396000	0.179680
0.396500	0.179950
0.397000	0.180250
0.397500	0.180560
0.398000	0.180880
0.398500	0.181190
0.399000	0.181480
0.399500	0.181780
0.400000	0.182040
0.400500	0.182250
0.401000	0.182400
0.401500	0.182540
0.402000	0.182690
0.402500	0.182830
0.403000	0.182980
0.403500	0.183120
0.404000	0.183270
0.404500	0.183410
0.405000	0.183590
0.405500	0.183890
0.406000	0.184270
0.406500	0.184670
0.407000	0.185040
0.407500	0.185410
0.408000	0.185780
0.408500	0.186160
0.409000	0.186550
0.409500	0.186960
0.410000	0.187370
0.410500	0.187780
0.411000	0.188190
0.411500	0.188610
0.412000	0.189040
0.412500	0.189460
0.413000	0.189880
0.413500	0.190270
0.414000	0.190630
0.414500	0.190930
0.415000	0.191170
0.415500	0.191360
0.416000	0.191540
0.416500	0.191710
0.417000	0.191900
0.417500	0.192090
0.418000	0.192280
0.418500	0.192480
0.419000	0.192700
0.419500	0.192960
0.420000	0.193250
0.420500	0.193540
0.421000	0.193810
0.421500	0.194070
0.422000	0.194330
0.422500	0.194580
0.423000	0.194840
0.423500	0.195090
0.424000	0.195340
0.424500	0.195590
0.425000	0.195830
0.425500	0.196060
0.426000	0.196230
0.426500	0.196320
0.427000	0.196320
0.427500	0.196200
0.428000	0.195980
0.428500	0.195670
0.429000	0.195310
0.429500	0.194930
0.430000	0.194480
0.430500	0.194020
0.431000	0.193610
0.431500	0.193300
0.432000	0.193090
0.432500	0.192950
0.433000	0.192880
0.433500	0.192890
0.434000	0.192960
0.434500	0.193040
0.435000	0.193110
0.435500	0.193120
0.436000	0.193110
0.436500	0.193100
0.437000	0.193080
0.437500	0.193050
0.438000	0.193000
0.438500	0.192940
0.439000	0.192880
0.439500	0.192800
0.440000	0.192720
0.440500	0.192600
0.441000	0.192440
0.441500	0.192240
0.442000	0.191960
0.442500	0.191650
0.443000	0.191300
0.443500	0.190930
0.444000	0.190550
0.444500	0.190130
0.445000	0.189720
0.445500	0.189340
0.446000	0.189030
0.446500	0.188770
0.447000	0.188560
0.447500	0.188390
0.448000	0.188240
0.448500	0.188120
0.449000	0.188020
0.449500	0.187970
0.450000	0.187950
0.450500	0.187950
0.451000	0.187950
0.451500	0.187950
0.452000	0.187970
0.452500	0.187990
0.453000	0.188020
0.453500	0.188050
0.454000	0.188090
0.454500	0.188130
0.455000	0.188230
0.455500	0.188410
0.456000	0.188700
0.456500	0.189020
0.457000	0.189340
0.457500	0.189680
0.458000	0.190010
0.458500	0.190360
0.459000	0.190710
0.459500	0.191040
0.460000	0.191340
0.460500	0.191580
0.461000	0.191790
0.461500	0.191990
0.462000	0.192200
0.462500	0.192410
0.463000	0.192610
0.463500	0.192810
0.464000	0.192990
0.464500	0.193120
0.465000	0.193190
0.465500	0.193210
0.466000	0.193200
0.466500	0.193160
0.467000	0.193090
0.467500	0.192970
0.468000	0.192800
0.468500	0.192600
0.469000	0.192370
0.469500	0.192110
0.470000	0.191810
0.470500	0.191490
0.471000	0.191140
0.471500	0.190800
0.472000	0.190470
0.472500	0.190160
0.473000	0.189860
0.473500	0.189570
0.474000	0.189290
0.474500	0.189050
0.475000	0.188850
0.475500	0.188690
0.476000	0.188550
0.476500	0.188420
0.477000	0.188320
0.477500	0.188260
0.478000	0.188230
0.478500	0.188240
0.479000	0.188280
0.479500	0.188360
0.480000	0.188480
0.480500	0.188650
0.481000	0.188830
0.481500	0.189010
0.482000	0.189190
0.482500	0.189360
0.483000	0.189520
0.483500	0.189670
0.484000	0.189820
0.484500	0.189970
0.485000	0.190050
0.485500	0.190100
0.486000	0.190160
0.486500	132.589996
0.487000	1497.099976
0.487500	4032.000000
0.488000	7355.200195
0.488500	11100.000000
0.489000	15476.000000
0.489500	20650.000000
0.490000	26575.000000
