0.000000	0.000073
0.000500	0.000171
0.001000	0.000303
0.001500	0.000528
0.002000	0.000741
0.002500	0.000853
0.003000	0.000834
0.003500	0.000798
0.004000	0.000876
0.004500	0.001043
0.005000	0.001179
0.005500	0.001336
0.006000	0.001501
0.006500	0.001632
0.007000	0.001793
0.007500	0.001931
0.008000	0.002014
0.008500	0.002030
0.009000	0.002050
0.009500	0.002095
0.010000	0.002120
0.010500	0.002075
0.011000	0.002097
0.011500	0.002109
0.012000	0.001962
0.012500	0.001910
0.013000	0.001819
0.013500	0.001524
0.014000	0.001208
0.014500	0.000967
0.015000	0.000744
0.015500	0.000511
0.016000	0.000335
0.016500	0.000173
0.017000	-0.000039
0.017500	-0.000299
0.018000	-0.000533
0.018500	-0.000849
0.019000	-0.001191
0.019500	-0.001566
0.020000	-0.001945
0.020500	-0.002257
0.021000	-0.002616
0.021500	-0.002956
0.022000	-0.003265
0.022500	-0.003479
0.023000	-0.003819
0.023500	-0.004221
0.024000	-0.004564
0.024500	-0.005007
0.025000	-0.005633
0.025500	-0.006220
0.026000	-0.006659
0.026500	-0.007207
0.027000	-0.007842
0.027500	-0.008461
0.028000	-0.009048
0.028500	-0.009681
0.029000	-0.010390
0.029500	-0.011245
0.030000	-0.012269
0.030500	-0.013374
0.031000	-0.014384
0.031500	-0.015282
0.032000	-0.016241
0.032500	-0.017333
0.033000	-0.018562
0.033500	-0.019676
0.034000	-0.020590
0.034500	-0.021585
0.035000	-0.022767
0.035500	-0.023928
0.036000	-0.025191
0.036500	-0.026445
0.037000	-0.027595
0.037500	-0.028925
0.038000	-0.030225
0.038500	-0.031461
0.039000	-0.032858
0.039500	-0.034413
0.040000	-0.036030
0.040500	-0.037572
0.041000	-0.039096
0.041500	-0.040694
0.042000	-0.042411
0.042500	-0.044151
0.043000	-0.045964
0.043500	-0.048057
0.044000	-0.050253
0.044500	-0.052362
0.045000	-0.054476
0.045500	-0.056604
0.046000	-0.058760
0.046500	-0.061057
0.047000	-0.063450
0.047500	-0.065944
0.048000	-0.068542
0.048500	-0.071262
0.049000	-0.074114
0.049500	-0.077126
0.050000	-0.080066
0.050500	-0.083100
0.051000	-0.086390
0.051500	-0.089764
0.052000	-0.093459
0.052500	-0.097377
0.053000	-0.101424
0.053500	-0.105774
0.054000	-0.110480
0.054500	-0.115322
0.055000	-0.120501
0.055500	-0.126126
0.056000	-0.131902
0.056500	-0.137988
0.057000	-0.144424
0.057500	-0.151195
0.058000	-0.158305
0.058500	-0.165762
0.059000	-0.173616
0.059500	-0.182017
0.060000	-0.190933
0.060500	-0.200218
0.061000	-0.209762
0.061500	-0.219611
0.062000	-0.229879
0.062500	-0.240404
0.063000	-0.251299
0.063500	-0.262693
0.064000	-0.274586
0.064500	-0.286930
0.065000	-0.299756
0.065500	-0.313178
0.066000	-0.327164
0.066500	-0.341760
0.067000	-0.357162
0.067500	-0.373497
0.068000	-0.390733
0.068500	-0.409127
0.069000	-0.428858
0.069500	-0.449779
0.070000	-0.471731
0.070500	-0.494680
0.071000	-0.518933
0.071500	-0.544650
0.072000	-0.571832
0.072500	-0.600720
0.073000	-0.631796
0.073500	-0.665238
0.074000	-0.701239
0.074500	-0.740250
0.075000	-0.782495
0.075500	-0.828152
0.076000	-0.877398
0.076500	-0.930523
0.077000	-0.988073
0.077500	-1.050628
0.078000	-1.118285
0.078500	-1.191076
0.079000	-1.269257
0.079500	-1.353313
0.080000	-1.443759
0.080500	-1.541124
0.081000	-1.646198
0.081500	-1.759979
0.082000	-1.884220
0.082500	-2.019566
0.083000	-2.166982
0.083500	-2.327594
0.084000	-2.502047
0.084500	-2.691145
0.085000	-2.895210
0.085500	-3.115046
0.086000	-3.351620
0.086500	-3.606379
0.087000	-3.879646
0.087500	-4.172385
0.088000	-4.484437
0.088500	-4.816123
0.089000	-5.166638
0.089500	-5.535982
0.090000	-5.924961
0.090500	-6.332930
0.091000	-6.760211
0.091500	-7.207286
0.092000	-7.674318
0.092500	-8.160662
0.093000	-8.665192
0.093500	-9.184848
0.094000	-9.715771
0.094500	-10.253452
0.095000	-10.794996
0.095500	-11.338311
0.096000	-11.881948
0.096500	-12.425423
0.097000	-12.967934
0.097500	-13.507868
0.098000	-14.042813
0.098500	-14.570518
0.099000	-15.088405
0.099500	-15.594865
0.100000	-16.088612
0.100500	-16.568197
0.101000	-17.033297
0.101500	-17.483913
0.102000	-17.921654
0.102500	-18.351349
0.103000	-18.771387
0.103500	-19.184990
0.104000	-19.590546
0.104500	-19.988052
0.105000	-20.375904
0.105500	-20.752491
0.106000	-21.119421
0.106500	-21.476696
0.107000	-21.824314
0.107500	-22.163887
0.108000	-22.495411
0.108500	-22.818888
0.109000	-23.132710
0.109500	-23.436876
0.110000	-23.731388
0.110500	-24.017849
0.111000	-24.294657
0.111500	-24.568245
0.112000	-24.838615
0.112500	-25.110594
0.113000	-25.384182
0.113500	-25.659382
0.114000	-25.934578
0.114500	-26.206558
0.115000	-26.473711
0.115500	-26.737642
0.116000	-26.998354
0.116500	-27.255852
0.117000	-27.510126
0.117500	-27.764404
0.118000	-28.015463
0.118500	-28.264908
0.119000	-28.511137
0.119500	-28.754150
0.120000	-28.993942
0.120500	-29.228907
0.121000	-29.462259
0.121500	-29.694006
0.122000	-29.925751
0.122500	-30.157497
0.123000	-30.390854
0.123500	-30.627426
0.124000	-30.868828
0.124500	-31.116665
0.125000	-31.370943
0.125500	-31.630047
0.126000	-31.893980
0.126500	-32.157913
0.127000	-32.421844
0.127500	-32.682560
0.128000	-32.940052
0.128500	-33.194328
0.129000	-33.445385
0.129500	-33.691616
0.130000	-33.934628
0.130500	-34.176029
0.131000	-34.417431
0.131500	-34.658833
0.132000	-34.906673
0.132500	-35.159340
0.133000	-35.421661
0.133500	-35.695251
0.134000	-35.981712
0.134500	-36.282661
0.135000	-36.596481
0.135500	-36.923180
0.136000	-37.259533
0.136500	-37.602322
0.137000	-37.949940
0.137500	-38.300777
0.138000	-38.646786
0.138500	-38.986359
0.139000	-39.317883
0.139500	-39.636532
0.140000	-39.943916
0.140500	-40.238430
0.141000	-40.521675
0.141500	-40.796871
0.142000	-41.067242
0.142500	-41.334393
0.143000	-41.599934
0.143500	-41.863865
0.144000	-42.129406
0.144500	-42.391731
0.145000	-42.647617
0.145500	-42.890625
0.146000	-43.112717
0.146500	-43.313885
0.147000	-43.495743
0.147500	-43.667942
0.148000	-43.844967
0.148500	-44.042919
0.149000	-44.271446
0.149500	-44.532158
0.150000	-44.817013
0.150500	-45.114742
0.151000	-45.414078
0.151500	-45.706978
0.152000	-45.987007
0.152500	-46.255768
0.153000	-46.516479
0.153500	-46.773972
0.154000	-47.031471
0.154500	-47.290573
0.155000	-47.551289
0.155500	-47.807171
0.156000	-48.056622
0.156500	-48.299629
0.157000	-48.536205
0.157500	-48.763123
0.158000	-48.986820
0.158500	-49.205692
0.159000	-49.421345
0.159500	-49.632168
0.160000	-49.838165
0.160500	-50.037724
0.161000	-50.232452
0.161500	-50.420746
0.162000	-50.602604
0.162500	-50.781242
0.163000	-50.953438
0.163500	-51.120811
0.164000	-51.283356
0.164500	-51.441074
0.165000	-51.592346
0.165500	-51.738796
0.166000	-51.882030
0.166500	-52.022045
0.167000	-52.158840
0.167500	-52.294022
0.168000	-52.427601
0.168500	-52.559566
0.169000	-52.689926
0.169500	-52.818668
0.170000	-52.945805
0.170500	-53.072948
0.171000	-53.198475
0.171500	-53.325611
0.172000	-53.452751
0.172500	-53.578281
0.173000	-53.703808
0.173500	-53.826118
0.174000	-53.950039
0.174500	-54.072350
0.175000	-54.193050
0.175500	-54.313751
0.176000	-54.434452
0.176500	-54.555149
0.177000	-54.675850
0.177500	-54.796555
0.178000	-54.917255
0.178500	-55.036350
0.179000	-55.155437
0.179500	-55.271313
0.180000	-55.387184
0.180500	-55.501446
0.181000	-55.614101
0.181500	-55.725143
0.182000	-55.832973
0.182500	-55.940796
0.183000	-56.045406
0.183500	-56.150013
0.184000	-56.253010
0.184500	-56.356010
0.185000	-56.457397
0.185500	-56.560394
0.186000	-56.661785
0.186500	-56.763172
0.187000	-56.864559
0.187500	-56.964340
0.188000	-57.062511
0.188500	-57.160683
0.189000	-57.255630
0.189500	-57.350586
0.190000	-57.442318
0.190500	-57.532440
0.191000	-57.620953
0.191500	-57.704636
0.192000	-57.788326
0.192500	-57.868793
0.193000	-57.946041
0.193500	-58.023289
0.194000	-58.098930
0.194500	-58.172958
0.195000	-58.246990
0.195500	-58.321014
0.196000	-58.393440
0.196500	-58.465855
0.197000	-58.536671
0.197500	-58.607479
0.198000	-58.676682
0.198500	-58.744274
0.199000	-58.810257
0.199500	-58.876240
0.200000	-58.939007
0.200500	-59.001766
0.201000	-59.061317
0.201500	-59.120861
0.202000	-59.177189
0.202500	-59.231907
0.203000	-59.285015
0.203500	-59.334904
0.204000	-59.383183
0.204500	-59.429859
0.205000	-59.474918
0.205500	-59.516758
0.206000	-59.556995
0.206500	-59.594006
0.207000	-59.629410
0.207500	-59.661598
0.208000	-59.690571
0.208500	-59.716316
0.209000	-59.740456
0.209500	-59.762985
0.210000	-59.783909
0.210500	-59.801613
0.211000	-59.817707
0.211500	-59.832195
0.212000	-59.845066
0.212500	-59.856335
0.213000	-59.864380
0.213500	-59.872425
0.214000	-59.877254
0.214500	-59.880470
0.215000	-59.883690
0.215500	-59.883690
0.216000	-59.882080
0.216500	-59.880470
0.217000	-59.875648
0.217500	-59.870815
0.218000	-59.864380
0.218500	-59.856335
0.219000	-59.848286
0.219500	-59.837021
0.220000	-59.825752
0.220500	-59.812881
0.221000	-59.798397
0.221500	-59.785519
0.222000	-59.771034
0.222500	-59.756554
0.223000	-59.743679
0.223500	-59.730804
0.224000	-59.717926
0.224500	-59.706661
0.225000	-59.695396
0.225500	-59.684128
0.226000	-59.674480
0.226500	-59.664822
0.227000	-59.655167
0.227500	-59.645508
0.228000	-59.635853
0.228500	-59.627804
0.229000	-59.621368
0.229500	-59.613319
0.230000	-59.608494
0.230500	-59.602055
0.231000	-59.595615
0.231500	-59.589180
0.232000	-59.582741
0.232500	-59.576309
0.233000	-59.571476
0.233500	-59.565041
0.234000	-59.560211
0.234500	-59.555386
0.235000	-59.552170
0.235500	-59.548946
0.236000	-59.544121
0.236500	-59.539288
0.237000	-59.534462
0.237500	-59.528023
0.238000	-59.523197
0.238500	-59.519981
0.239000	-59.515148
0.239500	-59.511932
0.240000	-59.510323
0.240500	-59.507107
0.241000	-59.505493
0.241500	-59.503883
0.242000	-59.500668
0.242500	-59.499058
0.243000	-59.495842
0.243500	-59.494228
0.244000	-59.492619
0.244500	-59.492619
0.245000	-59.492619
0.245500	-59.494228
0.246000	-59.495842
0.246500	-59.497448
0.247000	-59.499058
0.247500	-59.500668
0.248000	-59.500668
0.248500	-59.499058
0.249000	-59.497448
0.249500	-59.494228
0.250000	-59.489403
0.250500	-59.482960
0.251000	-59.474918
0.251500	-59.466869
0.252000	-59.458824
0.252500	-59.449165
0.253000	-59.439510
0.253500	-59.428242
0.254000	-59.418591
0.254500	-59.405712
0.255000	-59.394447
0.255500	-59.381573
0.256000	-59.367092
0.256500	-59.352608
0.257000	-59.338120
0.257500	-59.322029
0.258000	-59.302715
0.258500	-59.285015
0.259000	-59.264095
0.259500	-59.243172
0.260000	-59.222248
0.260500	-59.198109
0.261000	-59.175579
0.261500	-59.154659
0.262000	-59.132126
0.262500	-59.111206
0.263000	-59.090282
0.263500	-59.070976
0.264000	-59.050053
0.264500	-59.029129
0.265000	-59.008209
0.265500	-58.987286
0.266000	-58.964756
0.266500	-58.942223
0.267000	-58.918083
0.267500	-58.895554
0.268000	-58.869808
0.268500	-58.845661
0.269000	-58.821522
0.269500	-58.797382
0.270000	-58.773243
0.270500	-58.750713
0.271000	-58.726574
0.271500	-58.704044
0.272000	-58.679905
0.272500	-58.657372
0.273000	-58.633228
0.273500	-58.610699
0.274000	-58.586559
0.274500	-58.564026
0.275000	-58.539886
0.275500	-58.515751
0.276000	-58.490002
0.276500	-58.464249
0.277000	-58.436890
0.277500	-58.409531
0.278000	-58.380566
0.278500	-58.353203
0.279000	-58.322628
0.279500	-58.293659
0.280000	-58.264687
0.280500	-58.234116
0.281000	-58.203537
0.281500	-58.172958
0.282000	-58.142376
0.282500	-58.111805
0.283000	-58.081226
0.283500	-58.049038
0.284000	-58.016850
0.284500	-57.984661
0.285000	-57.950867
0.285500	-57.917072
0.286000	-57.883274
0.286500	-57.849480
0.287000	-57.815681
0.287500	-57.781887
0.288000	-57.748089
0.288500	-57.714294
0.289000	-57.680496
0.289500	-57.646702
0.290000	-57.611298
0.290500	-57.577499
0.291000	-57.543705
0.291500	-57.508301
0.292000	-57.474506
0.292500	-57.439098
0.293000	-57.405296
0.293500	-57.371502
0.294000	-57.337704
0.294500	-57.302299
0.295000	-57.268505
0.295500	-57.233101
0.296000	-57.199303
0.296500	-57.163898
0.297000	-57.130104
0.297500	-57.096306
0.298000	-57.064121
0.298500	-57.031933
