0.000000	-0.079212
0.000500	-0.079212
0.001000	-0.079212
0.001500	-0.079212
0.002000	-0.079212
0.002500	-0.079212
0.003000	-0.079219
0.003500	-0.112890
0.004000	-0.144220
0.004500	-0.173750
0.005000	-0.202040
0.005500	-0.229170
0.006000	-0.253960
0.006500	-0.275490
0.007000	-0.292880
0.007500	-0.303960
0.008000	-0.305850
0.008500	-0.304260
0.009000	-0.305700
0.009500	-0.314740
0.010000	-0.326970
0.010500	-0.340800
0.011000	-0.355300
0.011500	-0.371290
0.012000	-0.399780
0.012500	-0.432070
0.013000	-0.454830
0.013500	-0.452730
0.014000	-0.404470
0.014500	-0.322620
0.015000	-0.226210
0.015500	-0.133290
0.016000	-0.030688
0.016500	0.080744
0.017000	0.185290
0.017500	0.267150
0.018000	0.313720
0.018500	0.329670
0.019000	0.323590
0.019500	0.304070
0.020000	0.259930
0.020500	0.193790
0.021000	0.134870
0.021500	0.112410
0.022000	0.120620
0.022500	0.133300
0.023000	0.149100
0.023500	0.166650
0.024000	0.188180
0.024500	0.216430
0.025000	0.244020
0.025500	0.263350
0.026000	0.262250
0.026500	0.224380
0.027000	0.162630
0.027500	0.092534
0.028000	0.021820
0.028500	-0.065768
0.029000	-0.157390
0.029500	-0.236730
0.030000	-0.288450
0.030500	-0.312330
0.031000	-0.314350
0.031500	-0.299510
0.032000	-0.273130
0.032500	-0.241330
0.033000	-0.204920
0.033500	-0.163680
0.034000	-0.117030
0.034500	-0.054712
0.035000	0.016512
0.035500	0.081645
0.036000	0.126040
0.036500	0.150350
0.037000	0.160570
0.037500	0.158960
0.038000	0.147750
0.038500	0.129140
0.039000	0.106710
0.039500	0.084829
0.040000	0.067870
0.040500	0.057616
0.041000	0.049688
0.041500	0.042006
0.042000	0.032607
0.042500	0.019240
0.043000	0.002051
0.043500	-0.015968
0.044000	-0.031769
0.044500	-0.042376
0.045000	-0.046712
0.045500	-0.045632
0.046000	-0.040065
0.046500	-0.030490
0.047000	-0.016068
0.047500	0.002267
0.048000	0.023377
0.048500	0.047783
0.049000	0.085605
0.049500	0.127700
0.050000	0.160430
0.050500	0.172330
0.051000	0.174670
0.051500	0.173190
0.052000	0.169760
0.052500	0.166110
0.053000	0.160450
0.053500	0.153320
0.054000	0.147160
0.054500	0.144670
0.055000	0.155260
0.055500	0.179220
0.056000	0.211890
0.056500	0.248590
0.057000	0.297130
0.057500	0.359470
0.058000	0.422140
0.058500	0.471660
0.059000	0.495930
0.059500	0.500650
0.060000	0.502610
0.060500	0.518680
0.061000	0.555240
0.061500	0.596730
0.062000	0.639610
0.062500	0.680840
0.063000	0.718550
0.063500	0.754600
0.064000	0.786650
0.064500	0.811850
0.065000	0.821590
0.065500	0.799130
0.066000	0.761440
0.066500	0.728650
0.067000	0.718860
0.067500	0.724130
0.068000	0.733800
0.068500	0.740160
0.069000	0.736510
0.069500	0.725940
0.070000	0.706860
0.070500	0.675630
0.071000	0.628660
0.071500	0.566320
0.072000	0.493790
0.072500	0.416330
0.073000	0.339920
0.073500	0.284400
0.074000	0.229530
0.074500	0.138680
0.075000	-0.024809
0.075500	-0.241800
0.076000	-0.466100
0.076500	-0.693670
0.077000	-0.920490
0.077500	-1.146400
0.078000	-1.373200
0.078500	-1.599500
0.079000	-1.824100
0.079500	-2.028000
0.080000	-2.185500
0.080500	-2.317000
0.081000	-2.444200
0.081500	-2.568700
0.082000	-2.669000
0.082500	-2.761600
0.083000	-2.864400
0.083500	-2.989500
0.084000	-3.144300
0.084500	-3.376400
0.085000	-3.737000
0.085500	-4.260300
0.086000	-4.823200
0.086500	-5.388300
0.087000	-5.953100
0.087500	-6.515700
0.088000	-7.077500
0.088500	-7.638800
0.089000	-8.199500
0.089500	-8.757300
0.090000	-9.253000
0.090500	-9.665900
0.091000	-10.006000
0.091500	-10.285000
0.092000	-10.509000
0.092500	-10.672000
0.093000	-10.767000
0.093500	-10.785000
0.094000	-10.761000
0.094500	-10.735000
0.095000	-10.706000
0.095500	-10.675000
0.096000	-10.641000
0.096500	-10.605000
0.097000	-10.569000
0.097500	-10.531000
0.098000	-10.476000
0.098500	-10.381000
0.099000	-10.259000
0.099500	-10.125000
0.100000	-9.964400
0.100500	-9.724300
0.101000	-9.401200
0.101500	-8.993700
0.102000	-8.490600
0.102500	-7.854800
0.103000	-7.092100
0.103500	-6.212700
0.104000	-5.242800
0.104500	-4.247400
0.105000	-3.219300
0.105500	-2.143500
0.106000	-1.010700
0.106500	0.138530
0.107000	1.293200
0.107500	2.453700
0.108000	3.621100
0.108500	4.808600
0.109000	6.008000
0.109500	7.200800
0.110000	8.366600
0.110500	9.452300
0.111000	10.462000
0.111500	11.430000
0.112000	12.389000
0.112500	13.328000
0.113000	14.218000
0.113500	15.056000
0.114000	15.845000
0.114500	16.535999
0.115000	17.091000
0.115500	17.523001
0.116000	17.843000
0.116500	18.073999
0.117000	18.228001
0.117500	18.292000
0.118000	18.250999
0.118500	18.127001
0.119000	17.979000
0.119500	17.801001
0.120000	17.580000
0.120500	17.309999
0.121000	17.010000
0.121500	16.705000
0.122000	16.419001
0.122500	16.167000
0.123000	15.926000
0.123500	15.700000
0.124000	15.496000
0.124500	15.320000
0.125000	15.168000
0.125500	15.029000
0.126000	14.887000
0.126500	14.735000
0.127000	14.583000
0.127500	14.420000
0.128000	14.222000
0.128500	13.969000
0.129000	13.640000
0.129500	13.255000
0.130000	12.841000
0.130500	12.426000
0.131000	12.019000
0.131500	11.609000
0.132000	11.185000
0.132500	10.737000
0.133000	10.263000
0.133500	9.771800
0.134000	9.270700
0.134500	8.766300
0.135000	8.258700
0.135500	7.742700
0.136000	7.216900
0.136500	6.679800
0.137000	6.100800
0.137500	5.447100
0.138000	4.769500
0.138500	4.120700
0.139000	3.530100
0.139500	2.977000
0.140000	2.466200
0.140500	2.003900
0.141000	1.597700
0.141500	1.255600
0.142000	0.974400
0.142500	0.750090
0.143000	0.574890
0.143500	0.417260
0.144000	0.282980
0.144500	0.187200
0.145000	0.140020
0.145500	0.104770
0.146000	0.070850
0.146500	0.038172
0.147000	0.006706
0.147500	-0.021591
0.148000	-0.048059
0.148500	-0.075668
0.149000	-0.108460
0.149500	-0.181400
0.150000	-0.302030
0.150500	-0.459280
0.151000	-0.642050
0.151500	-0.856320
0.152000	-1.098400
0.152500	-1.342800
0.153000	-1.564100
0.153500	-1.763000
0.154000	-1.950600
0.154500	-2.116600
0.155000	-2.250700
0.155500	-2.348500
0.156000	-2.419300
0.156500	-2.466700
0.157000	-2.493900
0.157500	-2.509300
0.158000	-2.522600
0.158500	-2.530600
0.159000	-2.529800
0.159500	-2.518800
0.160000	-2.504800
0.160500	-2.489200
0.161000	-2.472200
0.161500	-2.453100
0.162000	-2.428600
0.162500	-2.401700
0.163000	-2.375600
0.163500	-2.353600
0.164000	-2.343100
0.164500	-2.359900
0.165000	-2.420500
0.165500	-2.539400
0.166000	-2.703000
0.166500	-2.895000
0.167000	-3.102400
0.167500	-3.313000
0.168000	-3.537700
0.168500	-3.771200
0.169000	-3.995400
0.169500	-4.192500
0.170000	-4.357000
0.170500	-4.493500
0.171000	-4.605400
0.171500	-4.696000
0.172000	-4.775100
0.172500	-4.850300
0.173000	-4.921600
0.173500	-4.988600
0.174000	-5.051800
0.174500	-5.111700
0.175000	-5.168200
0.175500	-5.221400
0.176000	-5.268700
0.176500	-5.300400
0.177000	-5.308200
0.177500	-5.284200
0.178000	-5.225900
0.178500	-5.148200
0.179000	-5.062800
0.179500	-4.981700
0.180000	-4.915300
0.180500	-4.861900
0.181000	-4.811700
0.181500	-4.754900
0.182000	-4.679000
0.182500	-4.555600
0.183000	-4.387200
0.183500	-4.183800
0.184000	-3.955500
0.184500	-3.710800
0.185000	-3.449600
0.185500	-3.170400
0.186000	-2.871600
0.186500	-2.548700
0.187000	-2.213700
0.187500	-1.884000
0.188000	-1.576900
0.188500	-1.286900
0.189000	-1.007800
0.189500	-0.740220
0.190000	-0.485200
0.190500	-0.243470
0.191000	-0.014142
0.191500	0.204370
0.192000	0.413680
0.192500	0.610820
0.193000	0.793800
0.193500	0.965640
0.194000	1.129300
0.194500	1.279700
0.195000	1.403200
0.195500	1.503400
0.196000	1.584200
0.196500	1.641200
0.197000	1.658100
0.197500	1.631900
0.198000	1.560200
0.198500	1.444100
0.199000	1.297200
0.199500	1.122100
0.200000	0.920020
0.200500	0.690830
0.201000	0.437480
0.201500	0.176870
0.202000	-0.073026
0.202500	-0.297490
0.203000	-0.509990
0.203500	-0.704370
0.204000	-0.867510
0.204500	-0.988770
0.205000	-1.086000
0.205500	-1.174300
0.206000	-1.265100
0.206500	-1.369000
0.207000	-1.483000
0.207500	-1.599000
0.208000	-1.712500
0.208500	-1.818800
0.209000	-1.918200
0.209500	-2.013400
0.210000	-2.106400
0.210500	-2.199200
0.211000	-2.291100
0.211500	-2.378100
0.212000	-2.456700
0.212500	-2.523100
0.213000	-2.555500
0.213500	-2.543900
0.214000	-2.503300
0.214500	-2.448700
0.215000	-2.383000
0.215500	-2.306400
0.216000	-2.229800
0.216500	-2.163900
0.217000	-2.122400
0.217500	-2.102500
0.218000	-2.080100
0.218500	-2.030600
0.219000	-1.948500
0.219500	-1.862700
0.220000	-1.775800
0.220500	-1.689400
0.221000	-1.604500
0.221500	-1.520400
0.222000	-1.437300
0.222500	-1.355700
0.223000	-1.283700
0.223500	-1.253300
0.224000	-1.265100
0.224500	-1.316300
0.225000	-1.401800
0.225500	-1.498700
0.226000	-1.598400
0.226500	-1.697200
0.227000	-1.792100
0.227500	-1.886000
0.228000	-1.978300
0.228500	-2.067000
0.229000	-2.149300
0.229500	-2.197900
0.230000	-2.210700
0.230500	-2.201300
0.231000	-2.183200
0.231500	-2.160100
0.232000	-2.127800
0.232500	-2.082900
0.233000	-2.022300
0.233500	-1.937800
0.234000	-1.836800
0.234500	-1.738700
0.235000	-1.663200
0.235500	-1.606800
0.236000	-1.552400
0.236500	-1.498300
0.237000	-1.443400
0.237500	-1.385500
0.238000	-1.324400
0.238500	-1.263400
0.239000	-1.205900
0.239500	-1.169000
0.240000	-1.173600
0.240500	-1.204800
0.241000	-1.246500
0.241500	-1.295800
0.242000	-1.380400
0.242500	-1.467400
0.243000	-1.517400
0.243500	-1.508000
0.244000	-1.486700
0.244500	-1.461600
0.245000	-1.434500
0.245500	-1.405900
0.246000	-1.369300
0.246500	-1.332600
0.247000	-1.307000
0.247500	-1.302700
0.248000	-1.314600
0.248500	-1.334900
0.249000	-1.357300
0.249500	-1.375800
0.250000	-1.391500
0.250500	-1.406100
0.251000	-1.418900
0.251500	-1.426900
0.252000	-1.373400
0.252500	-1.254700
0.253000	-1.100600
0.253500	-0.939440
0.254000	-0.745840
0.254500	-0.525400
0.255000	-0.311250
0.255500	-0.136510
0.256000	-0.004874
0.256500	0.096150
0.257000	0.157720
0.257500	0.170990
0.258000	0.140960
0.258500	0.097788
0.259000	0.052836
0.259500	0.016735
0.260000	-0.007570
0.260500	-0.030587
0.261000	-0.051917
0.261500	-0.070747
0.262000	-0.089269
0.262500	-0.106680
0.263000	-0.110960
0.263500	-0.089830
0.264000	-0.042998
0.264500	0.009127
0.265000	0.063344
0.265500	0.117100
0.266000	0.168600
0.266500	0.219300
0.267000	0.269090
0.267500	0.317620
0.268000	0.360360
0.268500	0.360360
0.269000	0.313540
0.269500	0.225560
0.270000	0.103620
0.270500	-0.032564
0.271000	-0.174140
0.271500	-0.315730
0.272000	-0.452160
0.272500	-0.585260
0.273000	-0.714200
0.273500	-0.834940
0.274000	-0.941450
0.274500	-0.970700
0.275000	-0.913650
0.275500	-0.796720
0.276000	-0.646290
0.276500	-0.471450
0.277000	-0.277360
0.277500	-0.084451
0.278000	0.086776
0.278500	0.237660
0.279000	0.380130
0.279500	0.509660
0.280000	0.621720
0.280500	0.711090
0.281000	0.774890
0.281500	0.814120
0.282000	0.829880
0.282500	0.827000
0.283000	0.812570
0.283500	0.784650
0.284000	0.741050
0.284500	0.682390
0.285000	0.617590
0.285500	0.544550
0.286000	0.459870
0.286500	0.362120
0.287000	0.258070
0.287500	0.149970
0.288000	0.039296
0.288500	-0.073907
0.289000	-0.199120
0.289500	-0.330520
0.290000	-0.458470
0.290500	-0.572650
0.291000	-0.656730
0.291500	-0.698840
0.292000	-0.688650
0.292500	-0.620020
0.293000	-0.527140
0.293500	-0.426440
0.294000	-0.326100
0.294500	-0.233980
0.295000	-0.146350
0.295500	-0.061568
0.296000	0.017417
0.296500	0.086581
0.297000	0.112440
0.297500	0.091016
0.298000	0.037072
0.298500	-0.034624
0.299000	-0.138470
0.299500	-0.275020
0.300000	-0.408720
0.300500	-0.504020
0.301000	-0.563890
0.301500	-0.609410
0.302000	-0.632230
0.302500	-0.624000
0.303000	-0.589220
0.303500	-0.551570
0.304000	-0.513680
0.304500	-0.477460
0.305000	-0.442900
0.305500	-0.407750
0.306000	-0.373440
0.306500	-0.341490
0.307000	-0.313490
0.307500	-0.289550
0.308000	-0.267670
0.308500	-0.245730
0.309000	-0.223730
0.309500	-0.205660
0.310000	-0.184500
0.310500	-0.152170
0.311000	-0.098614
0.311500	-0.006623
0.312000	0.110820
0.312500	0.234730
0.313000	0.348770
0.313500	0.463310
0.314000	0.579630
0.314500	0.693980
0.315000	0.798890
0.315500	0.858090
0.316000	0.865040
0.316500	0.821930
0.317000	0.731190
0.317500	0.606530
0.318000	0.467660
0.318500	0.332130
0.319000	0.216780
0.319500	0.112050
0.320000	0.008942
0.320500	-0.092220
0.321000	-0.191110
0.321500	-0.290010
0.322000	-0.384730
0.322500	-0.465250
0.323000	-0.521560
0.323500	-0.540120
0.324000	-0.527930
0.324500	-0.505780
0.325000	-0.494460
0.325500	-0.501570
0.326000	-0.511450
0.326500	-0.527050
0.327000	-0.552070
0.327500	-0.596790
0.328000	-0.667130
0.328500	-0.746260
0.329000	-0.816740
0.329500	-0.861780
0.330000	-0.882000
0.330500	-0.896020
0.331000	-0.923150
0.331500	-0.982280
0.332000	-1.073600
0.332500	-1.176900
0.333000	-1.270600
0.333500	-1.342200
0.334000	-1.408400
0.334500	-1.458300
0.335000	-1.477700
0.335500	-1.455700
0.336000	-1.417900
0.336500	-1.374200
0.337000	-1.327300
0.337500	-1.280400
0.338000	-1.236400
0.338500	-1.190600
0.339000	-1.137100
0.339500	-1.069700
0.340000	-0.976290
0.340500	-0.860220
0.341000	-0.731330
0.341500	-0.599360
0.342000	-0.467850
0.342500	-0.335940
0.343000	-0.203610
0.343500	-0.070865
0.344000	0.063329
0.344500	0.199150
0.345000	0.335340
0.345500	0.470640
0.346000	0.591980
0.346500	0.689190
0.347000	0.765460
0.347500	0.823950
0.348000	0.837290
0.348500	0.784850
0.349000	0.679850
0.349500	0.535540
0.350000	0.343280
0.350500	0.090886
0.351000	-0.173600
0.351500	-0.400540
0.352000	-0.573610
0.352500	-0.725850
0.353000	-0.835170
0.353500	-0.877590
0.354000	-0.843500
0.354500	-0.780440
0.355000	-0.699330
0.355500	-0.605490
0.356000	-0.500660
0.356500	-0.379690
0.357000	-0.256190
0.357500	-0.145620
0.358000	-0.062990
0.358500	-0.012166
0.359000	0.013031
0.359500	0.019031
0.360000	0.010260
0.360500	-0.021393
0.361000	-0.062629
0.361500	-0.094915
0.362000	-0.101880
0.362500	-0.091515
0.363000	-0.069116
0.363500	-0.036345
0.364000	0.006035
0.364500	0.079357
0.365000	0.172060
0.365500	0.255390
0.366000	0.301560
0.366500	0.319880
0.367000	0.321580
0.367500	0.305600
0.368000	0.270920
0.368500	0.225720
0.369000	0.179440
0.369500	0.132970
0.370000	0.087174
0.370500	0.029601
0.371000	-0.035400
0.371500	-0.081749
0.372000	-0.083365
0.372500	-0.030161
0.373000	0.057967
0.373500	0.162140
0.374000	0.263500
0.374500	0.353490
0.375000	0.444020
0.375500	0.534210
0.376000	0.622690
0.376500	0.697560
0.377000	0.745280
0.377500	0.781180
0.378000	0.821380
0.378500	0.883210
0.379000	0.971500
0.379500	1.065900
0.380000	1.144400
0.380500	1.187000
0.381000	1.190000
0.381500	1.158200
0.382000	1.096200
0.382500	1.010200
0.383000	0.915940
0.383500	0.816670
0.384000	0.712000
0.384500	0.601830
0.385000	0.488010
0.385500	0.370690
0.386000	0.249460
0.386500	0.120900
0.387000	-0.036960
0.387500	-0.212580
0.388000	-0.386400
0.388500	-0.539230
0.389000	-0.666050
0.389500	-0.762450
0.390000	-0.819190
0.390500	-0.827540
0.391000	-0.797470
0.391500	-0.740570
0.392000	-0.662440
0.392500	-0.568660
0.393000	-0.456980
0.393500	-0.332770
0.394000	-0.212990
0.394500	-0.114620
0.395000	-0.038420
0.395500	0.027064
0.396000	0.083200
0.396500	0.131370
0.397000	0.175940
0.397500	0.215500
0.398000	0.242810
0.398500	0.250580
0.399000	0.238270
0.399500	0.217670
0.400000	0.191570
0.400500	0.162360
0.401000	0.130640
0.401500	0.095137
0.402000	0.058372
0.402500	0.022971
0.403000	-0.008713
0.403500	-0.031521
0.404000	-0.034526
0.404500	-0.006446
0.405000	0.070566
0.405500	0.211500
0.406000	0.377590
0.406500	0.525680
0.407000	0.628310
0.407500	0.725060
0.408000	0.821670
0.408500	0.918090
0.409000	1.014200
0.409500	1.110100
0.410000	1.205900
0.410500	1.301400
0.411000	1.397500
0.411500	1.493100
0.412000	1.571200
0.412500	1.612200
0.413000	1.597600
0.413500	1.546900
0.414000	1.481000
0.414500	1.408000
0.415000	1.335400
0.415500	1.257800
0.416000	1.176600
0.416500	1.099700
0.417000	1.035100
0.417500	1.000300
0.418000	0.998640
0.418500	1.016100
0.419000	1.039000
0.419500	1.071900
0.420000	1.117300
0.420500	1.157600
0.421000	1.175100
0.421500	1.170700
0.422000	1.157700
0.422500	1.137900
0.423000	1.113000
0.423500	1.084500
0.424000	1.053200
0.424500	1.019900
0.425000	0.985430
0.425500	0.949820
0.426000	0.908910
0.426500	0.857240
0.427000	0.789370
0.427500	0.689670
0.428000	0.528880
0.428500	0.338290
0.429000	0.154800
0.429500	-0.002307
0.430000	-0.166920
0.430500	-0.306250
0.431000	-0.379530
0.431500	-0.364820
0.432000	-0.319770
0.432500	-0.260510
0.433000	-0.196180
0.433500	-0.131560
0.434000	-0.043775
0.434500	0.044180
0.435000	0.098042
0.435500	0.088158
0.436000	0.038902
0.436500	-0.027964
0.437000	-0.098166
0.437500	-0.157910
0.438000	-0.211830
0.438500	-0.265750
0.439000	-0.319480
0.439500	-0.372790
0.440000	-0.425710
0.440500	-0.478430
0.441000	-0.531050
0.441500	-0.583690
0.442000	-0.635490
0.442500	-0.685810
0.443000	-0.734460
0.443500	-0.781200
0.444000	-0.809180
0.444500	-0.806640
0.445000	-0.781070
0.445500	-0.739930
0.446000	-0.690650
0.446500	-0.635850
0.447000	-0.575840
0.447500	-0.510870
0.448000	-0.436280
0.448500	-0.350020
0.449000	-0.266580
0.449500	-0.200860
0.450000	-0.156330
0.450500	-0.115770
0.451000	-0.077589
0.451500	-0.040803
0.452000	-0.004650
0.452500	0.030837
0.453000	0.066229
0.453500	0.102190
0.454000	0.139900
0.454500	0.181300
0.455000	0.225100
0.455500	0.269750
0.456000	0.318920
0.456500	0.386030
0.457000	0.456700
0.457500	0.513820
0.458000	0.541630
0.458500	0.543790
0.459000	0.530030
0.459500	0.508540
0.460000	0.486550
0.460500	0.461700
0.461000	0.435020
0.461500	0.409380
0.462000	0.388180
0.462500	0.386290
0.463000	0.396310
0.463500	0.400410
0.464000	0.381080
0.464500	0.337020
0.465000	0.275680
0.465500	0.201460
0.466000	0.118710
0.466500	0.029433
0.467000	-0.063539
0.467500	-0.156310
0.468000	-0.244950
0.468500	-0.327040
0.469000	-0.402940
0.469500	-0.473000
0.470000	-0.537570
0.470500	-0.591410
0.471000	-0.623850
0.471500	-0.627000
0.472000	-0.592980
0.472500	-0.528220
0.473000	-0.459190
0.473500	-0.387870
0.474000	-0.315430
0.474500	-0.240910
0.475000	-0.162990
0.475500	-0.086128
0.476000	-0.014937
0.476500	0.036022
0.477000	0.051404
0.477500	0.043964
0.478000	0.027203
0.478500	0.009102
0.479000	-0.019914
0.479500	-0.049705
0.480000	-0.067709
0.480500	-0.066149
0.481000	-0.058705
0.481500	-0.049917
0.482000	-0.042613
0.482500	-0.039115
0.483000	-0.036674
0.483500	-0.034289
0.484000	-0.031916
0.484500	-0.029601
0.485000	-0.027974
0.485500	-0.026711
0.486000	-0.025258
0.486500	132.369995
0.487000	1496.900024
0.487500	4031.800049
0.488000	7355.000000
0.488500	11100.000000
0.489000	15476.000000
0.489500	20650.000000
0.490000	26575.000000
