0.000000	-0.019952
0.000500	0.019093
0.001000	0.031348
0.001500	-0.009981
0.002000	0.007210
0.002500	0.048138
0.003000	0.030818
0.003500	0.048453
0.004000	0.040852
0.004500	0.044931
0.005000	0.049439
0.005500	0.017130
0.006000	0.020138
0.006500	-0.004955
0.007000	-0.002853
0.007500	0.009013
0.008000	-0.004304
0.008500	-0.005424
0.009000	-0.017538
0.009500	0.004298
0.010000	0.001579
0.010500	-0.031277
0.011000	-0.005772
0.011500	-0.023524
0.012000	-0.053469
0.012500	-0.066944
0.013000	-0.057794
0.013500	-0.092587
0.014000	-0.042026
0.014500	-0.045981
0.015000	-0.043508
0.015500	-0.043460
0.016000	-0.020937
0.016500	-0.078938
0.017000	-0.067840
0.017500	-0.041616
0.018000	-0.014481
0.018500	-0.007910
0.019000	-0.011965
0.019500	0.001204
0.020000	-0.048740
0.020500	-0.000920
0.021000	-0.040866
0.021500	0.004618
0.022000	-0.002025
0.022500	-0.016388
0.023000	-0.026272
0.023500	-0.002022
0.024000	-0.015876
0.024500	-0.022095
0.025000	-0.023870
0.025500	0.018779
0.026000	0.018469
0.026500	0.041084
0.027000	0.018718
0.027500	-0.000212
0.028000	0.030378
0.028500	-0.019575
0.029000	-0.000305
0.029500	-0.033798
0.030000	0.026928
0.030500	-0.027355
0.031000	0.041773
0.031500	-0.035497
0.032000	-0.023182
0.032500	0.007227
0.033000	-0.015723
0.033500	-0.023721
0.034000	-0.074762
0.034500	-0.040763
0.035000	-0.013100
0.035500	-0.041017
0.036000	-0.071914
0.036500	-0.010706
0.037000	-0.053463
0.037500	-0.079163
0.038000	-0.101080
0.038500	-0.068467
0.039000	-0.078101
0.039500	-0.081850
0.040000	-0.116580
0.040500	-0.102000
0.041000	-0.106490
0.041500	-0.084002
0.042000	-0.085152
0.042500	-0.070568
0.043000	-0.089867
0.043500	-0.046334
0.044000	-0.111190
0.044500	-0.072400
0.045000	-0.074807
0.045500	-0.077183
0.046000	-0.105230
0.046500	-0.050860
0.047000	-0.103440
0.047500	-0.104740
0.048000	-0.119750
0.048500	-0.111790
0.049000	-0.166660
0.049500	-0.230080
0.050000	-0.220670
0.050500	-0.278220
0.051000	-0.322370
0.051500	-0.360130
0.052000	-0.402950
0.052500	-0.448730
0.053000	-0.565510
0.053500	-0.568860
0.054000	-0.633600
0.054500	-0.708480
0.055000	-0.785580
0.055500	-0.903340
0.056000	-1.026200
0.056500	-1.098600
0.057000	-1.204600
0.057500	-1.346900
0.058000	-1.445700
0.058500	-1.535700
0.059000	-1.629600
0.059500	-1.756700
0.060000	-1.882400
0.060500	-1.979300
0.061000	-2.069400
0.061500	-2.153900
0.062000	-2.092200
0.062500	-1.960400
0.063000	-1.699600
0.063500	-1.372000
0.064000	-0.959900
0.064500	-0.617670
0.065000	-0.366590
0.065500	-0.093733
0.066000	0.031160
0.066500	0.174900
0.067000	0.374980
0.067500	0.554660
0.068000	0.806800
0.068500	1.125400
0.069000	1.467200
0.069500	1.902700
0.070000	2.369400
0.070500	3.006000
0.071000	3.725200
0.071500	4.563700
0.072000	5.329200
0.072500	6.197800
0.073000	6.911400
0.073500	7.344000
0.074000	7.653700
0.074500	7.672200
0.075000	7.344800
0.075500	6.825400
0.076000	6.098200
0.076500	5.203400
0.077000	3.857700
0.077500	2.030900
0.078000	-0.405820
0.078500	-3.283100
0.079000	-6.324200
0.079500	-8.895200
0.080000	-10.861000
0.080500	-11.925000
0.081000	-12.094000
0.081500	-11.570000
0.082000	-10.359000
0.082500	-8.664800
0.083000	-6.779600
0.083500	-4.827700
0.084000	-3.078000
0.084500	-1.562300
0.085000	-0.273060
0.085500	0.625740
0.086000	1.227300
0.086500	1.701400
0.087000	2.020600
0.087500	2.213700
0.088000	2.402100
0.088500	2.736400
0.089000	3.168700
0.089500	3.869500
0.090000	4.725500
0.090500	5.838400
0.091000	6.959900
0.091500	8.253400
0.092000	9.352200
0.092500	10.237000
0.093000	10.712000
0.093500	10.844000
0.094000	10.601000
0.094500	9.890000
0.095000	8.891700
0.095500	7.633700
0.096000	6.450700
0.096500	5.561600
0.097000	5.420500
0.097500	6.520800
0.098000	9.130300
0.098500	13.106000
0.099000	18.020000
0.099500	22.913000
0.100000	27.021999
0.100500	29.573000
0.101000	29.721001
0.101500	27.421000
0.102000	22.348000
0.102500	14.943000
0.103000	5.944900
0.103500	-4.124900
0.104000	-14.042000
0.104500	-23.077999
0.105000	-30.495001
0.105500	-36.063999
0.106000	-39.490002
0.106500	-41.056000
0.107000	-40.667000
0.107500	-39.004002
0.108000	-36.353001
0.108500	-33.008999
0.109000	-29.374001
0.109500	-25.594000
0.110000	-22.044001
0.110500	-18.730000
0.111000	-15.657000
0.111500	-12.842000
0.112000	-10.368000
0.112500	-8.141000
0.113000	-6.179400
0.113500	-4.619600
0.114000	-3.256800
0.114500	-2.106500
0.115000	-1.188300
0.115500	-0.277010
0.116000	0.345900
0.116500	0.972020
0.117000	1.390200
0.117500	1.657500
0.118000	1.572600
0.118500	1.329400
0.119000	0.952820
0.119500	0.395830
0.120000	-0.120550
0.120500	-0.671760
0.121000	-1.113000
0.121500	-1.423000
0.122000	-1.577500
0.122500	-1.418900
0.123000	-1.075400
0.123500	-0.436120
0.124000	0.431890
0.124500	1.408900
0.125000	2.285100
0.125500	3.211200
0.126000	3.878900
0.126500	4.581900
0.127000	5.187800
0.127500	5.743600
0.128000	6.170000
0.128500	6.587800
0.129000	6.882500
0.129500	7.096700
0.130000	7.248500
0.130500	7.379500
0.131000	7.635000
0.131500	7.836700
0.132000	8.268100
0.132500	8.733300
0.133000	9.345600
0.133500	9.928600
0.134000	10.345000
0.134500	10.757000
0.135000	10.912000
0.135500	10.876000
0.136000	10.583000
0.136500	10.081000
0.137000	9.325000
0.137500	8.325400
0.138000	7.322900
0.138500	6.140200
0.139000	4.848200
0.139500	3.685300
0.140000	2.500600
0.140500	1.669600
0.141000	0.994430
0.141500	0.544320
0.142000	0.344780
0.142500	0.268980
0.143000	0.475400
0.143500	0.739260
0.144000	1.111000
0.144500	1.374900
0.145000	1.510000
0.145500	1.427400
0.146000	1.126100
0.146500	0.735600
0.147000	0.201520
0.147500	-0.266080
0.148000	-0.776350
0.148500	-1.141600
0.149000	-1.357700
0.149500	-1.430500
0.150000	-1.331100
0.150500	-1.237900
0.151000	-0.918130
0.151500	-0.646130
0.152000	-0.355460
0.152500	-0.129560
0.153000	0.046996
0.153500	0.152040
0.154000	0.185270
0.154500	0.191100
0.155000	0.175110
0.155500	0.160980
0.156000	0.044805
0.156500	-0.030126
0.157000	-0.016451
0.157500	0.017349
0.158000	0.306780
0.158500	0.627440
0.159000	1.105100
0.159500	1.763100
0.160000	2.407800
0.160500	3.059800
0.161000	3.695000
0.161500	4.190500
0.162000	4.607000
0.162500	4.924100
0.163000	5.231800
0.163500	5.412900
0.164000	5.648100
0.164500	5.888600
0.165000	5.945500
0.165500	5.979300
0.166000	5.990600
0.166500	5.936200
0.167000	5.794000
0.167500	5.753000
0.168000	5.728500
0.168500	5.735900
0.169000	5.661100
0.169500	5.481800
0.170000	5.302800
0.170500	5.077600
0.171000	4.918500
0.171500	4.753900
0.172000	4.521000
0.172500	4.375700
0.173000	4.024600
0.173500	3.532400
0.174000	3.089200
0.174500	2.739500
0.175000	2.398800
0.175500	2.157300
0.176000	1.882900
0.176500	1.574400
0.177000	1.119200
0.177500	0.606200
0.178000	0.032271
0.178500	-0.441630
0.179000	-0.797890
0.179500	-1.002000
0.180000	-1.206500
0.180500	-1.323500
0.181000	-1.565600
0.181500	-1.852200
0.182000	-2.137500
0.182500	-2.419100
0.183000	-2.665100
0.183500	-2.948800
0.184000	-3.101200
0.184500	-3.338600
0.185000	-3.717100
0.185500	-4.090300
0.186000	-4.539200
0.186500	-4.900600
0.187000	-5.234700
0.187500	-5.411800
0.188000	-5.465600
0.188500	-5.345000
0.189000	-5.141300
0.189500	-4.904600
0.190000	-4.454500
0.190500	-4.125700
0.191000	-3.711300
0.191500	-3.308100
0.192000	-2.903900
0.192500	-2.628600
0.193000	-2.307300
0.193500	-2.148100
0.194000	-1.842700
0.194500	-1.587700
0.195000	-1.331200
0.195500	-0.994130
0.196000	-0.708780
0.196500	-0.274630
0.197000	0.225310
0.197500	0.721710
0.198000	1.214800
0.198500	1.772000
0.199000	2.215300
0.199500	2.750200
0.200000	3.170900
0.200500	3.517100
0.201000	3.768200
0.201500	4.057000
0.202000	4.099100
0.202500	4.187700
0.203000	4.181500
0.203500	4.088900
0.204000	4.069800
0.204500	4.044300
0.205000	3.994300
0.205500	3.951200
0.206000	3.892300
0.206500	3.909500
0.207000	3.958800
0.207500	4.009000
0.208000	4.072800
0.208500	4.151400
0.209000	4.178900
0.209500	4.143700
0.210000	4.008500
0.210500	3.829000
0.211000	3.561900
0.211500	3.262900
0.212000	2.940200
0.212500	2.589500
0.213000	2.333600
0.213500	2.077600
0.214000	1.865100
0.214500	1.587500
0.215000	1.392700
0.215500	1.138300
0.216000	0.990650
0.216500	0.751470
0.217000	0.581750
0.217500	0.442120
0.218000	0.258410
0.218500	0.057253
0.219000	-0.203980
0.219500	-0.421360
0.220000	-0.753280
0.220500	-1.001900
0.221000	-1.276200
0.221500	-1.534600
0.222000	-1.767400
0.222500	-1.893400
0.223000	-1.958900
0.223500	-1.988400
0.224000	-1.923100
0.224500	-1.836600
0.225000	-1.712300
0.225500	-1.668800
0.226000	-1.650600
0.226500	-1.655700
0.227000	-1.629000
0.227500	-1.603100
0.228000	-1.630200
0.228500	-1.605500
0.229000	-1.570900
0.229500	-1.524300
0.230000	-1.526800
0.230500	-1.452300
0.231000	-1.386300
0.231500	-1.389000
0.232000	-1.216900
0.232500	-1.086700
0.233000	-0.942980
0.233500	-0.793400
0.234000	-0.616030
0.234500	-0.488380
0.235000	-0.366810
0.235500	-0.298310
0.236000	-0.250160
0.236500	-0.177330
0.237000	-0.161120
0.237500	-0.115050
0.238000	-0.022651
0.238500	0.062587
0.239000	0.074439
0.239500	0.043790
0.240000	-0.067283
0.240500	-0.123200
0.241000	-0.285080
0.241500	-0.514140
0.242000	-0.653120
0.242500	-0.862920
0.243000	-1.126200
0.243500	-1.349600
0.244000	-1.684500
0.244500	-1.916400
0.245000	-2.200100
0.245500	-2.433800
0.246000	-2.660000
0.246500	-2.777100
0.247000	-2.878100
0.247500	-2.892400
0.248000	-2.845400
0.248500	-2.793600
0.249000	-2.715900
0.249500	-2.519700
0.250000	-2.376700
0.250500	-2.168400
0.251000	-2.049300
0.251500	-1.936500
0.252000	-1.750800
0.252500	-1.611400
0.253000	-1.450200
0.253500	-1.249500
0.254000	-1.044800
0.254500	-0.817360
0.255000	-0.623850
0.255500	-0.373710
0.256000	-0.268580
0.256500	-0.110180
0.257000	-0.004036
0.257500	0.127380
0.258000	0.298940
0.258500	0.396330
0.259000	0.441490
0.259500	0.534230
0.260000	0.458340
0.260500	0.350710
0.261000	0.253980
0.261500	-0.002783
0.262000	-0.133290
0.262500	-0.366140
0.263000	-0.570600
0.263500	-0.782610
0.264000	-0.882070
0.264500	-1.012900
0.265000	-1.078700
0.265500	-1.072400
0.266000	-1.061400
0.266500	-0.912650
0.267000	-0.857410
0.267500	-0.593430
0.268000	-0.430920
0.268500	-0.300400
0.269000	-0.182360
0.269500	-0.139780
0.270000	-0.136730
0.270500	-0.200370
0.271000	-0.271020
0.271500	-0.384820
0.272000	-0.505150
0.272500	-0.550130
0.273000	-0.590450
0.273500	-0.575450
0.274000	-0.485850
0.274500	-0.317480
0.275000	-0.179280
0.275500	0.015326
0.276000	0.223920
0.276500	0.333760
0.277000	0.414410
0.277500	0.496930
0.278000	0.484000
0.278500	0.448670
0.279000	0.381880
0.279500	0.307080
0.280000	0.226820
0.280500	0.144950
0.281000	0.112430
0.281500	0.141810
0.282000	0.105630
0.282500	0.103780
0.283000	0.219630
0.283500	0.307460
0.284000	0.352320
0.284500	0.445990
0.285000	0.545120
0.285500	0.615180
0.286000	0.634790
0.286500	0.655420
0.287000	0.589710
0.287500	0.558020
0.288000	0.411490
0.288500	0.202040
0.289000	-0.004585
0.289500	-0.219790
0.290000	-0.466740
0.290500	-0.580920
0.291000	-0.661020
0.291500	-0.724340
0.292000	-0.651140
0.292500	-0.518270
0.293000	-0.290690
0.293500	-0.052196
0.294000	0.164780
0.294500	0.446370
0.295000	0.609370
0.295500	0.702920
0.296000	0.781010
0.296500	0.837980
0.297000	0.894020
0.297500	0.887750
0.298000	0.934450
0.298500	0.905300
