0.000000	0.049291
0.000500	0.049290
0.001000	0.049290
0.001500	0.049290
0.002000	0.049289
0.002500	0.049289
0.003000	0.049288
0.003500	0.049287
0.004000	0.049286
0.004500	0.049285
0.005000	0.049283
0.005500	0.049282
0.006000	0.049280
0.006500	0.049278
0.007000	0.049277
0.007500	0.049274
0.008000	0.049272
0.008500	0.049270
0.009000	0.049268
0.009500	0.049265
0.010000	0.049262
0.010500	0.049259
0.011000	0.049256
0.011500	0.049253
0.012000	0.049250
0.012500	0.049247
0.013000	0.049244
0.013500	0.049241
0.014000	0.049238
0.014500	0.049235
0.015000	0.049232
0.015500	0.049229
0.016000	0.049226
0.016500	0.049224
0.017000	0.049221
0.017500	0.049218
0.018000	0.049216
0.018500	0.049213
0.019000	0.049211
0.019500	0.049209
0.020000	0.049206
0.020500	0.049204
0.021000	0.049202
0.021500	0.049200
0.022000	0.049198
0.022500	0.049196
0.023000	0.049195
0.023500	0.049194
0.024000	0.049194
0.024500	0.049193
0.025000	0.049193
0.025500	0.049194
0.026000	0.049194
0.026500	0.049195
0.027000	0.049197
0.027500	0.049199
0.028000	0.049201
0.028500	0.049203
0.029000	0.049206
0.029500	0.049208
0.030000	0.049212
0.030500	0.049215
0.031000	0.049218
0.031500	0.049222
0.032000	0.049226
0.032500	0.049230
0.033000	0.049235
0.033500	0.049239
0.034000	0.049244
0.034500	0.049249
0.035000	0.049255
0.035500	0.049261
0.036000	0.049268
0.036500	0.049275
0.037000	0.049283
0.037500	0.049291
0.038000	0.049299
0.038500	0.049308
0.039000	0.049318
0.039500	0.049328
0.040000	0.049338
0.040500	0.049349
0.041000	0.049360
0.041500	0.049372
0.042000	0.049385
0.042500	0.049399
0.043000	0.049413
0.043500	0.049427
0.044000	0.049442
0.044500	0.049457
0.045000	0.049473
0.045500	0.049489
0.046000	0.049506
0.046500	0.049524
0.047000	0.049541
0.047500	0.049560
0.048000	0.049579
0.048500	0.049598
0.049000	0.049617
0.049500	0.049637
0.050000	0.049656
0.050500	0.049675
0.051000	0.049695
0.051500	0.049714
0.052000	0.049733
0.052500	0.049752
0.053000	0.049771
0.053500	0.049789
0.054000	0.049806
0.054500	0.049822
0.055000	0.049838
0.055500	0.049852
0.056000	0.049866
0.056500	0.049878
0.057000	0.049890
0.057500	0.049901
0.058000	0.049911
0.058500	0.049920
0.059000	0.049930
0.059500	0.049938
0.060000	0.049946
0.060500	0.049954
0.061000	0.049961
0.061500	0.049969
0.062000	0.049976
0.062500	0.049985
0.063000	0.049993
0.063500	0.050003
0.064000	0.050013
0.064500	0.050023
0.065000	0.050033
0.065500	0.050044
0.066000	0.050053
0.066500	0.050062
0.067000	0.050069
0.067500	0.050074
0.068000	0.050075
0.068500	0.050072
0.069000	0.050062
0.069500	0.050044
0.070000	0.050019
0.070500	0.049984
0.071000	0.049940
0.071500	0.049886
0.072000	0.049822
0.072500	0.049747
0.073000	0.049662
0.073500	0.049566
0.074000	0.049459
0.074500	0.049342
0.075000	0.049215
0.075500	0.049077
0.076000	0.048929
0.076500	0.048771
0.077000	0.048605
0.077500	0.048430
0.078000	0.048248
0.078500	0.048061
0.079000	0.047870
0.079500	0.047676
0.080000	0.047482
0.080500	0.047290
0.081000	0.047104
0.081500	0.046925
0.082000	0.046757
0.082500	0.046605
0.083000	0.046473
0.083500	0.046364
0.084000	0.046284
0.084500	0.046238
0.085000	0.046231
0.085500	0.046268
0.086000	0.046357
0.086500	0.046503
0.087000	0.046716
0.087500	0.047005
0.088000	0.047379
0.088500	0.047847
0.089000	0.048418
0.089500	0.049100
0.090000	0.049901
0.090500	0.050827
0.091000	0.051883
0.091500	0.053075
0.092000	0.054409
0.092500	0.055891
0.093000	0.057530
0.093500	0.059336
0.094000	0.061320
0.094500	0.063494
0.095000	0.065871
0.095500	0.068464
0.096000	0.071284
0.096500	0.074339
0.097000	0.077637
0.097500	0.081180
0.098000	0.084973
0.098500	0.089017
0.099000	0.093315
0.099500	0.097870
0.100000	0.102680
0.100500	0.107760
0.101000	0.113090
0.101500	0.118670
0.102000	0.124510
0.102500	0.130580
0.103000	0.136890
0.103500	0.143410
0.104000	0.150140
0.104500	0.157060
0.105000	0.164160
0.105500	0.171440
0.106000	0.178880
0.106500	0.186460
0.107000	0.194180
0.107500	0.202030
0.108000	0.209990
0.108500	0.218060
0.109000	0.226230
0.109500	0.234490
0.110000	0.242840
0.110500	0.251270
0.111000	0.259770
0.111500	0.268330
0.112000	0.276940
0.112500	0.285600
0.113000	0.294280
0.113500	0.302980
0.114000	0.311680
0.114500	0.320380
0.115000	0.329060
0.115500	0.337740
0.116000	0.346390
0.116500	0.355020
0.117000	0.363620
0.117500	0.372190
0.118000	0.380710
0.118500	0.389180
0.119000	0.397590
0.119500	0.405940
0.120000	0.414220
0.120500	0.422420
0.121000	0.430540
0.121500	0.438570
0.122000	0.446510
0.122500	0.454340
0.123000	0.462070
0.123500	0.469690
0.124000	0.477190
0.124500	0.484560
0.125000	0.491810
0.125500	0.498910
0.126000	0.505880
0.126500	0.512700
0.127000	0.519370
0.127500	0.525910
0.128000	0.532310
0.128500	0.538570
0.129000	0.544700
0.129500	0.550700
0.130000	0.556580
0.130500	0.562340
0.131000	0.567980
0.131500	0.573510
0.132000	0.578920
0.132500	0.584210
0.133000	0.589370
0.133500	0.594410
0.134000	0.599310
0.134500	0.604070
0.135000	0.608680
0.135500	0.613140
0.136000	0.617430
0.136500	0.621550
0.137000	0.625510
0.137500	0.629290
0.138000	0.632910
0.138500	0.636380
0.139000	0.639680
0.139500	0.642850
0.140000	0.645880
0.140500	0.648780
0.141000	0.651560
0.141500	0.654230
0.142000	0.656800
0.142500	0.659260
0.143000	0.661620
0.143500	0.663880
0.144000	0.666040
0.144500	0.668100
0.145000	0.670070
0.145500	0.671950
0.146000	0.673770
0.146500	0.675530
0.147000	0.677250
0.147500	0.678930
0.148000	0.680590
0.148500	0.682210
0.149000	0.683780
0.149500	0.685270
0.150000	0.686680
0.150500	0.688000
0.151000	0.689220
0.151500	0.690350
0.152000	0.691390
0.152500	0.692360
0.153000	0.693260
0.153500	0.694090
0.154000	0.694860
0.154500	0.695560
0.155000	0.696200
0.155500	0.696770
0.156000	0.697280
0.156500	0.697730
0.157000	0.698130
0.157500	0.698480
0.158000	0.698770
0.158500	0.699020
0.159000	0.699230
0.159500	0.699390
0.160000	0.699500
0.160500	0.699570
0.161000	0.699600
0.161500	0.699590
0.162000	0.699540
0.162500	0.699450
0.163000	0.699320
0.163500	0.699150
0.164000	0.698950
0.164500	0.698710
0.165000	0.698430
0.165500	0.698110
0.166000	0.697770
0.166500	0.697380
0.167000	0.696960
0.167500	0.696500
0.168000	0.696000
0.168500	0.695470
0.169000	0.694890
0.169500	0.694280
0.170000	0.693620
0.170500	0.692920
0.171000	0.692180
0.171500	0.691390
0.172000	0.690560
0.172500	0.689680
0.173000	0.688760
0.173500	0.687790
0.174000	0.686770
0.174500	0.685710
0.175000	0.684600
0.175500	0.683440
0.176000	0.682230
0.176500	0.680970
0.177000	0.679670
0.177500	0.678320
0.178000	0.676920
0.178500	0.675470
0.179000	0.673970
0.179500	0.672430
0.180000	0.670840
0.180500	0.669200
0.181000	0.667520
0.181500	0.665800
0.182000	0.664030
0.182500	0.662220
0.183000	0.660370
0.183500	0.658490
0.184000	0.656560
0.184500	0.654600
0.185000	0.652610
0.185500	0.650580
0.186000	0.648510
0.186500	0.646410
0.187000	0.644280
0.187500	0.642120
0.188000	0.639920
0.188500	0.637700
0.189000	0.635450
0.189500	0.633170
0.190000	0.630860
0.190500	0.628540
0.191000	0.626180
0.191500	0.623810
0.192000	0.621420
0.192500	0.619010
0.193000	0.616590
0.193500	0.614150
0.194000	0.611690
0.194500	0.609220
0.195000	0.606740
0.195500	0.604240
0.196000	0.601730
0.196500	0.599210
0.197000	0.596670
0.197500	0.594120
0.198000	0.591560
0.198500	0.588990
0.199000	0.586410
0.199500	0.583810
0.200000	0.581200
0.200500	0.578590
0.201000	0.575960
0.201500	0.573320
0.202000	0.570680
0.202500	0.568020
0.203000	0.565360
0.203500	0.562690
0.204000	0.560010
0.204500	0.557320
0.205000	0.554630
0.205500	0.551930
0.206000	0.549220
0.206500	0.546510
0.207000	0.543800
0.207500	0.541080
0.208000	0.538350
0.208500	0.535630
0.209000	0.532900
0.209500	0.530160
0.210000	0.527420
0.210500	0.524690
0.211000	0.521940
0.211500	0.519200
0.212000	0.516460
0.212500	0.513710
0.213000	0.510970
0.213500	0.508220
0.214000	0.505470
0.214500	0.502730
0.215000	0.499980
0.215500	0.497240
0.216000	0.494500
0.216500	0.491760
0.217000	0.489020
0.217500	0.486280
0.218000	0.483550
0.218500	0.480820
0.219000	0.478100
0.219500	0.475380
0.220000	0.472670
0.220500	0.469960
0.221000	0.467260
0.221500	0.464570
0.222000	0.461880
0.222500	0.459210
0.223000	0.456540
0.223500	0.453880
0.224000	0.451230
0.224500	0.448590
0.225000	0.445950
0.225500	0.443320
0.226000	0.440710
0.226500	0.438100
0.227000	0.435500
0.227500	0.432900
0.228000	0.430320
0.228500	0.427750
0.229000	0.425190
0.229500	0.422640
0.230000	0.420100
0.230500	0.417570
0.231000	0.415050
0.231500	0.412540
0.232000	0.410040
0.232500	0.407560
0.233000	0.405080
0.233500	0.402610
0.234000	0.400160
0.234500	0.397720
0.235000	0.395280
0.235500	0.392850
0.236000	0.390430
0.236500	0.388030
0.237000	0.385630
0.237500	0.383230
0.238000	0.380850
0.238500	0.378480
0.239000	0.376120
0.239500	0.373760
0.240000	0.371410
0.240500	0.369070
0.241000	0.366740
0.241500	0.364410
0.242000	0.362090
0.242500	0.359780
0.243000	0.357480
0.243500	0.355190
0.244000	0.352900
0.244500	0.350620
0.245000	0.348350
0.245500	0.346090
0.246000	0.343840
0.246500	0.341590
0.247000	0.339350
0.247500	0.337120
0.248000	0.334890
0.248500	0.332680
0.249000	0.330470
0.249500	0.328270
0.250000	0.326080
0.250500	0.323900
0.251000	0.321730
0.251500	0.319570
0.252000	0.317420
0.252500	0.315280
0.253000	0.313140
0.253500	0.311010
0.254000	0.308890
0.254500	0.306770
0.255000	0.304660
0.255500	0.302550
0.256000	0.300460
0.256500	0.298360
0.257000	0.296280
0.257500	0.294200
0.258000	0.292120
0.258500	0.290060
0.259000	0.288000
0.259500	0.285950
0.260000	0.283910
0.260500	0.281880
0.261000	0.279860
0.261500	0.277850
0.262000	0.275850
0.262500	0.273860
0.263000	0.271890
0.263500	0.269920
0.264000	0.267960
0.264500	0.266020
0.265000	0.264090
0.265500	0.262170
0.266000	0.260260
0.266500	0.258360
0.267000	0.256480
0.267500	0.254620
0.268000	0.252760
0.268500	0.250920
0.269000	0.249100
0.269500	0.247290
0.270000	0.245490
0.270500	0.243710
0.271000	0.241940
0.271500	0.240190
0.272000	0.238450
0.272500	0.236730
0.273000	0.235020
0.273500	0.233340
0.274000	0.231670
0.274500	0.230020
0.275000	0.228390
0.275500	0.226780
0.276000	0.225190
0.276500	0.223620
0.277000	0.222070
0.277500	0.220550
0.278000	0.219050
0.278500	0.217570
0.279000	0.216120
0.279500	0.214690
0.280000	0.213290
0.280500	0.211900
0.281000	0.210550
0.281500	0.209210
0.282000	0.207900
0.282500	0.206610
0.283000	0.205340
0.283500	0.204090
0.284000	0.202860
0.284500	0.201650
0.285000	0.200460
0.285500	0.199300
0.286000	0.198150
0.286500	0.197030
0.287000	0.195920
0.287500	0.194840
0.288000	0.193780
0.288500	0.192730
0.289000	0.191710
0.289500	0.190710
0.290000	0.189730
0.290500	0.188780
0.291000	0.187840
0.291500	0.186920
0.292000	0.186030
0.292500	0.185150
0.293000	0.184300
0.293500	0.183460
0.294000	0.182640
0.294500	0.181840
0.295000	0.181060
0.295500	0.180300
0.296000	0.179560
0.296500	0.178840
0.297000	0.178130
0.297500	0.177450
0.298000	0.176780
0.298500	0.176130
