0.000000	0.008211
0.000500	0.002946
0.001000	0.011977
0.001500	0.013514
0.002000	0.010624
0.002500	0.002009
0.003000	-0.004157
0.003500	0.000073
0.004000	0.008831
0.004500	0.009992
0.005000	0.005445
0.005500	0.012334
0.006000	0.006340
0.006500	0.008482
0.007000	0.009733
0.007500	0.005922
0.008000	0.003497
0.008500	-0.001690
0.009000	0.003933
0.009500	0.001166
0.010000	0.001711
0.010500	-0.006893
0.011000	0.009445
0.011500	-0.008114
0.012000	-0.008543
0.012500	0.002640
0.013000	-0.012883
0.013500	-0.020536
0.014000	-0.015212
0.014500	-0.012136
0.015000	-0.013084
0.015500	-0.013313
0.016000	-0.006601
0.016500	-0.011793
0.017000	-0.012194
0.017500	-0.017225
0.018000	-0.009233
0.018500	-0.026550
0.019000	-0.012182
0.019500	-0.030245
0.020000	-0.012696
0.020500	-0.022630
0.021000	-0.017978
0.021500	-0.020551
0.022000	-0.014456
0.022500	-0.009781
0.023000	-0.028737
0.023500	-0.016759
0.024000	-0.022069
0.024500	-0.028075
0.025000	-0.042817
0.025500	-0.023653
0.026000	-0.026008
0.026500	-0.036092
0.027000	-0.035694
0.027500	-0.034488
0.028000	-0.031961
0.028500	-0.039616
0.029000	-0.040706
0.029500	-0.056140
0.030000	-0.059721
0.030500	-0.065469
0.031000	-0.048839
0.031500	-0.052821
0.032000	-0.055898
0.032500	-0.067582
0.033000	-0.071509
0.033500	-0.054732
0.034000	-0.048686
0.034500	-0.063917
0.035000	-0.070072
0.035500	-0.061250
0.036000	-0.081852
0.036500	-0.060004
0.037000	-0.070213
0.037500	-0.080328
0.038000	-0.066871
0.038500	-0.073088
0.039000	-0.085052
0.039500	-0.090953
0.040000	-0.092163
0.040500	-0.082476
0.041000	-0.090119
0.041500	-0.090796
0.042000	-0.103620
0.042500	-0.093298
0.043000	-0.112000
0.043500	-0.124870
0.044000	-0.123860
0.044500	-0.114820
0.045000	-0.124670
0.045500	-0.116150
0.046000	-0.128080
0.046500	-0.131860
0.047000	-0.139210
0.047500	-0.143160
0.048000	-0.150860
0.048500	-0.157100
0.049000	-0.165840
0.049500	-0.175290
0.050000	-0.157540
0.050500	-0.186030
0.051000	-0.186360
0.051500	-0.195640
0.052000	-0.222810
0.052500	-0.220680
0.053000	-0.237590
0.053500	-0.254800
0.054000	-0.277970
0.054500	-0.270310
0.055000	-0.316000
0.055500	-0.320870
0.056000	-0.333080
0.056500	-0.356090
0.057000	-0.372440
0.057500	-0.394180
0.058000	-0.410900
0.058500	-0.432880
0.059000	-0.456150
0.059500	-0.496270
0.060000	-0.512600
0.060500	-0.538880
0.061000	-0.541210
0.061500	-0.574030
0.062000	-0.588100
0.062500	-0.603230
0.063000	-0.631330
0.063500	-0.658850
0.064000	-0.687860
0.064500	-0.709160
0.065000	-0.743050
0.065500	-0.775850
0.066000	-0.807320
0.066500	-0.846030
0.067000	-0.898100
0.067500	-0.950390
0.068000	-1.001800
0.068500	-1.081400
0.069000	-1.151000
0.069500	-1.219400
0.070000	-1.265600
0.070500	-1.332800
0.071000	-1.413400
0.071500	-1.497400
0.072000	-1.580600
0.072500	-1.689500
0.073000	-1.828600
0.073500	-1.957100
0.074000	-2.119700
0.074500	-2.296600
0.075000	-2.486900
0.075500	-2.681200
0.076000	-2.895000
0.076500	-3.119400
0.077000	-3.396400
0.077500	-3.687400
0.078000	-3.970900
0.078500	-4.270500
0.079000	-4.582000
0.079500	-4.933800
0.080000	-5.306700
0.080500	-5.716700
0.081000	-6.174800
0.081500	-6.721400
0.082000	-7.327900
0.082500	-7.997800
0.083000	-8.701300
0.083500	-9.474400
0.084000	-10.286000
0.084500	-11.122000
0.085000	-11.978000
0.085500	-12.910000
0.086000	-13.885000
0.086500	-14.948000
0.087000	-16.003000
0.087500	-17.136000
0.088000	-18.194000
0.088500	-19.346001
0.089000	-20.343000
0.089500	-21.471001
0.090000	-22.570999
0.090500	-23.629999
0.091000	-24.738001
0.091500	-25.874001
0.092000	-27.002001
0.092500	-28.077000
0.093000	-29.046000
0.093500	-29.785999
0.094000	-30.313000
0.094500	-30.563999
0.095000	-30.750000
0.095500	-30.775000
0.096000	-30.774000
0.096500	-30.759001
0.097000	-30.664000
0.097500	-30.454000
0.098000	-30.113001
0.098500	-29.639000
0.099000	-29.000000
0.099500	-28.334999
0.100000	-27.563999
0.100500	-26.730000
0.101000	-25.889000
0.101500	-25.135000
0.102000	-24.535000
0.102500	-24.010000
0.103000	-23.587999
0.103500	-23.190001
0.104000	-22.754000
0.104500	-22.219000
0.105000	-21.680000
0.105500	-21.070999
0.106000	-20.478001
0.106500	-19.934000
0.107000	-19.440001
0.107500	-18.947001
0.108000	-18.561001
0.108500	-18.035000
0.109000	-17.511000
0.109500	-16.950001
0.110000	-16.421000
0.110500	-15.938000
0.111000	-15.564000
0.111500	-15.339000
0.112000	-15.312000
0.112500	-15.443000
0.113000	-15.572000
0.113500	-15.573000
0.114000	-15.494000
0.114500	-15.279000
0.115000	-15.054000
0.115500	-14.813000
0.116000	-14.649000
0.116500	-14.526000
0.117000	-14.382000
0.117500	-14.321000
0.118000	-14.172000
0.118500	-14.045000
0.119000	-13.870000
0.119500	-13.623000
0.120000	-13.397000
0.120500	-13.277000
0.121000	-13.147000
0.121500	-13.120000
0.122000	-13.063000
0.122500	-13.146000
0.123000	-13.307000
0.123500	-13.530000
0.124000	-13.814000
0.124500	-14.199000
0.125000	-14.528000
0.125500	-14.843000
0.126000	-14.995000
0.126500	-14.978000
0.127000	-14.854000
0.127500	-14.673000
0.128000	-14.533000
0.128500	-14.263000
0.129000	-14.035000
0.129500	-13.841000
0.130000	-13.708000
0.130500	-13.630000
0.131000	-13.675000
0.131500	-13.804000
0.132000	-14.108000
0.132500	-14.548000
0.133000	-15.136000
0.133500	-15.847000
0.134000	-16.632999
0.134500	-17.357000
0.135000	-18.208000
0.135500	-18.801001
0.136000	-19.290001
0.136500	-19.577999
0.137000	-19.775000
0.137500	-19.858999
0.138000	-19.423000
0.138500	-19.023001
0.139000	-18.402000
0.139500	-17.733999
0.140000	-17.003000
0.140500	-16.337999
0.141000	-15.801000
0.141500	-15.413000
0.142000	-15.139000
0.142500	-15.030000
0.143000	-15.016000
0.143500	-15.021000
0.144000	-14.942000
0.144500	-14.780000
0.145000	-14.240000
0.145500	-13.203000
0.146000	-12.000000
0.146500	-10.694000
0.147000	-9.852200
0.147500	-9.669900
0.148000	-10.431000
0.148500	-12.011000
0.149000	-13.886000
0.149500	-15.542000
0.150000	-16.667999
0.150500	-17.049000
0.151000	-16.882000
0.151500	-16.256001
0.152000	-15.507000
0.152500	-14.899000
0.153000	-14.584000
0.153500	-14.553000
0.154000	-14.656000
0.154500	-14.764000
0.155000	-14.625000
0.155500	-14.369000
0.156000	-13.989000
0.156500	-13.527000
0.157000	-13.081000
0.157500	-12.766000
0.158000	-12.498000
0.158500	-12.287000
0.159000	-12.105000
0.159500	-11.825000
0.160000	-11.478000
0.160500	-11.130000
0.161000	-10.831000
0.161500	-10.462000
0.162000	-10.214000
0.162500	-9.936200
0.163000	-9.656400
0.163500	-9.346900
0.164000	-9.033400
0.164500	-8.745600
0.165000	-8.433100
0.165500	-8.172800
0.166000	-7.983800
0.166500	-7.819500
0.167000	-7.738100
0.167500	-7.613500
0.168000	-7.474300
0.168500	-7.433200
0.169000	-7.309800
0.169500	-7.214500
0.170000	-7.194100
0.170500	-7.172800
0.171000	-7.177800
0.171500	-7.155600
0.172000	-7.166500
0.172500	-7.100300
0.173000	-7.049400
0.173500	-6.964000
0.174000	-6.942400
0.174500	-6.859100
0.175000	-6.862900
0.175500	-6.860900
0.176000	-6.822000
0.176500	-6.824800
0.177000	-6.811600
0.177500	-6.849100
0.178000	-6.787700
0.178500	-6.726900
0.179000	-6.680400
0.179500	-6.597500
0.180000	-6.525600
0.180500	-6.410500
0.181000	-6.310200
0.181500	-6.199600
0.182000	-6.077000
0.182500	-6.007500
0.183000	-5.930400
0.183500	-5.864300
0.184000	-5.816900
0.184500	-5.815700
0.185000	-5.764500
0.185500	-5.792600
0.186000	-5.741600
0.186500	-5.725300
0.187000	-5.676400
0.187500	-5.624200
0.188000	-5.556600
0.188500	-5.482800
0.189000	-5.380400
0.189500	-5.286600
0.190000	-5.196300
0.190500	-5.015600
0.191000	-4.885100
0.191500	-4.720600
0.192000	-4.611900
0.192500	-4.491800
0.193000	-4.373000
0.193500	-4.319300
0.194000	-4.264200
0.194500	-4.198500
0.195000	-4.171700
0.195500	-4.138300
0.196000	-4.082600
0.196500	-4.061500
0.197000	-4.023300
0.197500	-3.915400
0.198000	-3.884900
0.198500	-3.805700
0.199000	-3.713100
0.199500	-3.659400
0.200000	-3.595400
0.200500	-3.446900
0.201000	-3.352500
0.201500	-3.245400
0.202000	-3.167800
0.202500	-3.044300
0.203000	-2.922900
0.203500	-2.809100
0.204000	-2.715300
0.204500	-2.577300
0.205000	-2.450100
0.205500	-2.305600
0.206000	-2.166900
0.206500	-2.052800
0.207000	-1.908700
0.207500	-1.743200
0.208000	-1.578900
0.208500	-1.434400
0.209000	-1.319800
0.209500	-1.223200
0.210000	-1.075600
0.210500	-0.961160
0.211000	-0.893770
0.211500	-0.763800
0.212000	-0.649340
0.212500	-0.560170
0.213000	-0.450690
0.213500	-0.354670
0.214000	-0.252530
0.214500	-0.157900
0.215000	-0.049813
0.215500	-0.014336
0.216000	0.138670
0.216500	0.160190
0.217000	0.248440
0.217500	0.327670
0.218000	0.410430
0.218500	0.467770
0.219000	0.557880
0.219500	0.625450
0.220000	0.698310
0.220500	0.763290
0.221000	0.775960
0.221500	0.824930
0.222000	0.805450
0.222500	0.764660
0.223000	0.774270
0.223500	0.692250
0.224000	0.665350
0.224500	0.648720
0.225000	0.632170
0.225500	0.588830
0.226000	0.561560
0.226500	0.557640
0.227000	0.551240
0.227500	0.521580
0.228000	0.470150
0.228500	0.448840
0.229000	0.399270
0.229500	0.360460
0.230000	0.351580
0.230500	0.364870
0.231000	0.342910
0.231500	0.334860
0.232000	0.366190
0.232500	0.356320
0.233000	0.316570
0.233500	0.300610
0.234000	0.269190
0.234500	0.245500
0.235000	0.185700
0.235500	0.201320
0.236000	0.247720
0.236500	0.293040
0.237000	0.313550
0.237500	0.310390
0.238000	0.268880
0.238500	0.230050
0.239000	0.191510
0.239500	0.169260
0.240000	0.138850
0.240500	0.100630
0.241000	0.135270
0.241500	0.127960
0.242000	0.143980
0.242500	0.122220
0.243000	0.143800
0.243500	0.115770
0.244000	0.048696
0.244500	0.003556
0.245000	-0.057879
0.245500	-0.097163
0.246000	-0.122530
0.246500	-0.100350
0.247000	-0.068628
0.247500	-0.034688
0.248000	-0.010706
0.248500	0.084117
0.249000	0.160430
0.249500	0.244520
0.250000	0.304690
0.250500	0.397240
0.251000	0.453310
0.251500	0.469450
0.252000	0.521670
0.252500	0.553440
0.253000	0.581640
0.253500	0.585480
0.254000	0.641950
0.254500	0.680870
0.255000	0.708400
0.255500	0.734670
0.256000	0.790430
0.256500	0.833060
0.257000	0.908440
0.257500	0.974460
0.258000	1.048800
0.258500	1.082600
0.259000	1.177400
0.259500	1.212400
0.260000	1.292500
0.260500	1.286600
0.261000	1.249200
0.261500	1.258500
0.262000	1.207000
0.262500	1.184100
0.263000	1.160700
0.263500	1.134300
0.264000	1.145900
0.264500	1.173400
0.265000	1.195000
0.265500	1.235800
0.266000	1.272400
0.266500	1.307100
0.267000	1.356500
0.267500	1.363600
0.268000	1.391000
0.268500	1.372600
0.269000	1.375900
0.269500	1.367500
0.270000	1.337900
0.270500	1.336400
0.271000	1.314100
0.271500	1.316100
0.272000	1.320600
0.272500	1.307700
0.273000	1.325600
0.273500	1.304900
0.274000	1.328200
0.274500	1.363000
0.275000	1.356100
0.275500	1.399000
0.276000	1.448800
0.276500	1.507900
0.277000	1.530600
0.277500	1.582000
0.278000	1.605600
0.278500	1.637700
0.279000	1.663000
0.279500	1.669500
0.280000	1.695500
0.280500	1.696300
0.281000	1.723100
0.281500	1.737200
0.282000	1.742300
0.282500	1.754200
0.283000	1.772700
0.283500	1.803600
0.284000	1.834000
0.284500	1.874900
0.285000	1.895200
0.285500	1.911600
0.286000	1.921200
0.286500	1.904900
0.287000	1.918300
0.287500	1.915000
0.288000	1.913700
0.288500	1.933100
0.289000	1.921900
0.289500	1.946500
0.290000	1.947600
0.290500	1.942200
0.291000	1.956100
0.291500	1.951500
0.292000	1.945900
0.292500	1.932800
0.293000	1.929100
0.293500	1.938500
0.294000	1.959900
0.294500	1.930100
0.295000	1.969300
0.295500	1.964000
0.296000	1.965400
0.296500	1.931000
0.297000	1.903800
0.297500	1.876600
0.298000	1.835700
0.298500	1.808100
