0.000000	10022.331055
0.000500	10022.331055
0.001000	10022.331055
0.001500	10022.331055
0.002000	10022.331055
0.002500	10022.331055
0.003000	10022.331055
0.003500	10022.331055
0.004000	10022.331055
0.004500	10022.331055
0.005000	10022.331055
0.005500	10022.331055
0.006000	10022.331055
0.006500	10022.331055
0.007000	10022.331055
0.007500	10022.331055
0.008000	10022.331055
0.008500	10022.331055
0.009000	10022.331055
0.009500	10022.331055
0.010000	10022.331055
0.010500	10022.331055
0.011000	10022.331055
0.011500	10022.331055
0.012000	10022.331055
0.012500	10022.331055
0.013000	10022.331055
0.013500	10022.331055
0.014000	10022.331055
0.014500	10022.331055
0.015000	10022.331055
0.015500	10022.331055
0.016000	10022.331055
0.016500	10022.331055
0.017000	10022.331055
0.017500	10022.331055
0.018000	10022.331055
0.018500	10022.078125
0.019000	10022.078125
0.019500	10022.078125
0.020000	10022.078125
0.020500	10022.078125
0.021000	10022.078125
0.021500	10022.078125
0.022000	10022.078125
0.022500	10022.078125
0.023000	10022.078125
0.023500	10022.078125
0.024000	10022.078125
0.024500	10022.078125
0.025000	10021.824219
0.025500	10021.824219
0.026000	10021.824219
0.026500	10021.824219
0.027000	10021.824219
0.027500	10021.824219
0.028000	10021.824219
0.028500	10021.824219
0.029000	10021.824219
0.029500	10021.824219
0.030000	10021.824219
0.030500	10021.569336
0.031000	10021.569336
0.031500	10021.569336
0.032000	10021.569336
0.032500	10021.569336
0.033000	10021.569336
0.033500	10021.569336
0.034000	10021.569336
0.034500	10021.569336
0.035000	10021.316406
0.035500	10021.316406
0.036000	10021.316406
0.036500	10021.316406
0.037000	10021.316406
0.037500	10021.316406
0.038000	10021.316406
0.038500	10021.061523
0.039000	10021.061523
0.039500	10021.061523
0.040000	10021.061523
0.040500	10021.061523
0.041000	10020.807617
0.041500	10020.807617
0.042000	10020.807617
0.042500	10020.807617
0.043000	10020.807617
0.043500	10020.554688
0.044000	10020.554688
0.044500	10020.554688
0.045000	10020.554688
0.045500	10020.299805
0.046000	10020.299805
0.046500	10020.299805
0.047000	10020.299805
0.047500	10020.044922
0.048000	10020.044922
0.048500	10020.044922
0.049000	10019.792969
0.049500	10019.792969
0.050000	10019.792969
0.050500	10019.538086
0.051000	10019.538086
0.051500	10019.283203
0.052000	10019.283203
0.052500	10019.030273
0.053000	10019.030273
0.053500	10018.776367
0.054000	10018.776367
0.054500	10018.521484
0.055000	10018.521484
0.055500	10018.268555
0.056000	10018.013672
0.056500	10017.759766
0.057000	10017.506836
0.057500	10017.506836
0.058000	10017.251953
0.058500	10016.997070
0.059000	10016.490234
0.059500	10016.235352
0.060000	10015.981445
0.060500	10015.727539
0.061000	10015.219727
0.061500	10014.965820
0.062000	10014.458008
0.062500	10013.950195
0.063000	10013.695312
0.063500	10013.188477
0.064000	10012.679688
0.064500	10012.171875
0.065000	10011.664062
0.065500	10010.902344
0.066000	10010.393555
0.066500	10009.630859
0.067000	10009.124023
0.067500	10008.362305
0.068000	10007.599609
0.068500	10006.837891
0.069000	10006.076172
0.069500	10005.060547
0.070000	10004.297852
0.070500	10003.281250
0.071000	10002.012695
0.071500	10000.996094
0.072000	9999.726562
0.072500	9998.456055
0.073000	9996.930664
0.073500	9995.662109
0.074000	9993.883789
0.074500	9992.360352
0.075000	9990.581055
0.075500	9988.549805
0.076000	9986.517578
0.076500	9984.485352
0.077000	9982.199219
0.077500	9979.660156
0.078000	9977.119141
0.078500	9974.580078
0.079000	9971.785156
0.079500	9968.737305
0.080000	9965.435547
0.080500	9962.133789
0.081000	9958.832031
0.081500	9955.021484
0.082000	9951.211914
0.082500	9947.147461
0.083000	9943.083984
0.083500	9938.766602
0.084000	9934.193359
0.084500	9929.368164
0.085000	9924.541992
0.085500	9919.208008
0.086000	9913.874023
0.086500	9908.286133
0.087000	9902.697266
0.087500	9896.601562
0.088000	9890.505859
0.088500	9883.901367
0.089000	9877.297852
0.089500	9870.440430
0.090000	9863.582031
0.090500	9856.216797
0.091000	9848.850586
0.091500	9841.230469
0.092000	9833.355469
0.092500	9825.227539
0.093000	9817.099609
0.093500	9808.718750
0.094000	9800.081055
0.094500	9791.445312
0.095000	9782.556641
0.095500	9773.666016
0.096000	9764.521484
0.096500	9755.377930
0.097000	9746.234375
0.097500	9737.089844
0.098000	9727.692383
0.098500	9718.292969
0.099000	9709.150391
0.099500	9699.751953
0.100000	9690.354492
0.100500	9681.209961
0.101000	9672.065430
0.101500	9662.921875
0.102000	9653.778320
0.102500	9644.887695
0.103000	9635.998047
0.103500	9627.362305
0.104000	9618.471680
0.104500	9609.835938
0.105000	9601.454102
0.105500	9592.818359
0.106000	9584.435547
0.106500	9576.054688
0.107000	9567.926758
0.107500	9559.543945
0.108000	9551.416016
0.108500	9543.541992
0.109000	9535.414062
0.109500	9527.540039
0.110000	9519.666016
0.110500	9511.791992
0.111000	9504.170898
0.111500	9496.552734
0.112000	9488.931641
0.112500	9481.311523
0.113000	9473.945312
0.113500	9466.326172
0.114000	9458.959961
0.114500	9451.593750
0.115000	9444.228516
0.115500	9436.607422
0.116000	9429.496094
0.116500	9422.130859
0.117000	9414.764648
0.117500	9407.398438
0.118000	9400.031250
0.118500	9392.666016
0.119000	9385.554688
0.119500	9378.188477
0.120000	9370.822266
0.120500	9363.457031
0.121000	9355.835938
0.121500	9348.469727
0.122000	9340.849609
0.122500	9333.483398
0.123000	9325.864258
0.123500	9318.244141
0.124000	9310.369141
0.124500	9302.750000
0.125000	9294.875977
0.125500	9287.001953
0.126000	9279.127930
0.126500	9271.000000
0.127000	9263.125977
0.127500	9254.998047
0.128000	9247.124023
0.128500	9238.995117
0.129000	9230.868164
0.129500	9222.740234
0.130000	9214.612305
0.130500	9206.483398
0.131000	9198.356445
0.131500	9189.973633
0.132000	9181.845703
0.132500	9173.718750
0.133000	9165.589844
0.133500	9157.461914
0.134000	9149.333984
0.134500	9141.206055
0.135000	9133.077148
0.135500	9125.204102
0.136000	9117.330078
0.136500	9109.456055
0.137000	9101.835938
0.137500	9094.216797
0.138000	9086.850586
0.138500	9079.484375
0.139000	9072.118164
0.139500	9065.005859
0.140000	9058.147461
0.140500	9051.290039
0.141000	9044.685547
0.141500	9038.081055
0.142000	9031.731445
0.142500	9025.635742
0.143000	9019.540039
0.143500	9013.697266
0.144000	9008.110352
0.144500	9002.521484
0.145000	8997.187500
0.145500	8992.107422
0.146000	8987.282227
0.146500	8982.456055
0.147000	8977.883789
0.147500	8973.311523
0.148000	8969.248047
0.148500	8965.183594
0.149000	8961.120117
0.149500	8957.564453
0.150000	8954.261719
0.150500	8950.959961
0.151000	8948.166016
0.151500	8945.625977
0.152000	8943.085938
0.152500	8941.054688
0.153000	8939.275391
0.153500	8937.498047
0.154000	8936.227539
0.154500	8935.211914
0.155000	8934.195312
0.155500	8933.688477
0.156000	8933.433594
0.156500	8933.433594
0.157000	8933.688477
0.157500	8934.195312
0.158000	8934.957031
0.158500	8935.974609
0.159000	8937.243164
0.159500	8938.768555
0.160000	8940.799805
0.160500	8942.832031
0.161000	8945.118164
0.161500	8947.912109
0.162000	8950.706055
0.162500	8954.006836
0.163000	8957.309570
0.163500	8960.866211
0.164000	8964.930664
0.164500	8968.993164
0.165000	8973.311523
0.165500	8977.883789
0.166000	8982.709961
0.166500	8987.790039
0.167000	8993.124023
0.167500	8998.458008
0.168000	9004.299805
0.168500	9010.142578
0.169000	9016.238281
0.169500	9022.333984
0.170000	9028.938477
0.170500	9035.542969
0.171000	9042.145508
0.171500	9049.256836
0.172000	9056.370117
0.172500	9063.481445
0.173000	9070.847656
0.173500	9078.468750
0.174000	9086.087891
0.174500	9093.961914
0.175000	9101.835938
0.175500	9109.964844
0.176000	9118.092773
0.176500	9126.473633
0.177000	9134.856445
0.177500	9143.492188
0.178000	9152.127930
0.178500	9160.763672
0.179000	9169.654297
0.179500	9178.542969
0.180000	9187.433594
0.180500	9196.578125
0.181000	9205.721680
0.181500	9215.119141
0.182000	9224.517578
0.182500	9233.916016
0.183000	9243.313477
0.183500	9252.965820
0.184000	9262.618164
0.184500	9272.269531
0.185000	9281.921875
0.185500	9291.828125
0.186000	9301.734375
0.186500	9311.639648
0.187000	9321.545898
0.187500	9331.706055
0.188000	9341.612305
0.188500	9351.771484
0.189000	9361.931641
0.189500	9372.345703
0.190000	9382.506836
0.190500	9392.919922
0.191000	9403.080078
0.191500	9413.493164
0.192000	9423.907227
0.192500	9434.321289
0.193000	9444.990234
0.193500	9455.404297
0.194000	9466.072266
0.194500	9476.486328
0.195000	9487.154297
0.195500	9497.822266
0.196000	9508.489258
0.196500	9519.157227
0.197000	9529.826172
0.197500	9540.494141
0.198000	9551.416016
0.198500	9562.083008
0.199000	9572.751953
0.199500	9583.673828
0.200000	9594.341797
0.200500	9605.263672
0.201000	9616.186523
0.201500	9626.853516
0.202000	9637.776367
0.202500	9648.443359
0.203000	9659.365234
0.203500	9670.288086
0.204000	9680.956055
0.204500	9691.877930
0.205000	9702.799805
0.205500	9713.468750
0.206000	9724.389648
0.206500	9735.311523
0.207000	9745.980469
0.207500	9756.901367
0.208000	9767.569336
0.208500	9778.492188
0.209000	9789.160156
0.209500	9800.081055
0.210000	9810.750000
0.210500	9821.417969
0.211000	9832.339844
0.211500	9843.007812
0.212000	9853.675781
0.212500	9864.343750
0.213000	9875.011719
0.213500	9885.680664
0.214000	9896.347656
0.214500	9907.015625
0.215000	9917.683594
0.215500	9928.352539
0.216000	9939.019531
0.216500	9949.433594
0.217000	9960.102539
0.217500	9970.516602
0.218000	9981.183594
0.218500	9991.597656
0.219000	10002.265625
0.219500	10012.679688
0.220000	10023.092773
0.220500	10033.507812
0.221000	10044.175781
0.221500	10054.589844
0.222000	10065.003906
0.222500	10075.164062
0.223000	10085.578125
0.223500	10095.992188
0.224000	10106.406250
0.224500	10116.819336
0.225000	10126.979492
0.225500	10137.393555
0.226000	10147.554688
0.226500	10157.713867
0.227000	10168.127930
0.227500	10178.287109
0.228000	10188.448242
0.228500	10198.607422
0.229000	10208.767578
0.229500	10218.928711
0.230000	10229.087891
0.230500	10238.993164
0.231000	10249.154297
0.231500	10259.059570
0.232000	10269.219727
0.232500	10279.125977
0.233000	10289.032227
0.233500	10298.937500
0.234000	10308.843750
0.234500	10318.496094
0.235000	10328.401367
0.235500	10338.307617
0.236000	10347.959961
0.236500	10357.611328
0.237000	10367.263672
0.237500	10376.916016
0.238000	10386.568359
0.238500	10395.966797
0.239000	10405.619141
0.239500	10415.016602
0.240000	10424.414062
0.240500	10433.812500
0.241000	10443.209961
0.241500	10452.607422
0.242000	10461.751953
0.242500	10471.149414
0.243000	10480.292969
0.243500	10489.438477
0.244000	10498.328125
0.244500	10507.471680
0.245000	10516.362305
0.245500	10525.505859
0.246000	10534.395508
0.246500	10543.285156
0.247000	10551.921875
0.247500	10560.811523
0.248000	10569.447266
0.248500	10578.083984
0.249000	10586.719727
0.249500	10595.356445
0.250000	10603.738281
0.250500	10612.120117
0.251000	10620.502930
0.251500	10628.883789
0.252000	10637.266602
0.252500	10645.648438
0.253000	10653.776367
0.253500	10661.904297
0.254000	10670.031250
0.254500	10678.160156
0.255000	10686.033203
0.255500	10694.161133
0.256000	10702.036133
0.256500	10709.909180
0.257000	10717.784180
0.257500	10725.403320
0.258000	10733.278320
0.258500	10740.898438
0.259000	10748.517578
0.259500	10756.137695
0.260000	10763.757812
0.260500	10771.124023
0.261000	10778.744141
0.261500	10786.110352
0.262000	10793.476562
0.262500	10800.842773
0.263000	10807.954102
0.263500	10815.320312
0.264000	10822.431641
0.264500	10829.797852
0.265000	10836.909180
0.265500	10843.768555
0.266000	10850.880859
0.266500	10857.992188
0.267000	10864.849609
0.267500	10871.708008
0.268000	10878.565430
0.268500	10885.423828
0.269000	10892.281250
0.269500	10898.885742
0.270000	10905.743164
0.270500	10912.347656
0.271000	10918.952148
0.271500	10925.556641
0.272000	10932.159180
0.272500	10938.763672
0.273000	10945.114258
0.273500	10951.718750
0.274000	10958.068359
0.274500	10964.417969
0.275000	10970.767578
0.275500	10977.118164
0.276000	10983.467773
0.276500	10989.818359
0.277000	10995.913086
0.277500	11002.263672
0.278000	11008.360352
0.278500	11014.456055
0.279000	11020.806641
0.279500	11026.902344
0.280000	11032.998047
0.280500	11039.093750
0.281000	11044.936523
0.281500	11051.031250
0.282000	11057.127930
0.282500	11062.968750
0.283000	11068.811523
0.283500	11074.907227
0.284000	11080.750000
0.284500	11086.591797
0.285000	11092.433594
0.285500	11098.276367
0.286000	11104.118164
0.286500	11109.959961
0.287000	11115.801758
0.287500	11121.390625
0.288000	11127.231445
0.288500	11132.819336
0.289000	11138.661133
0.289500	11144.250000
0.290000	11149.837891
0.290500	11155.425781
0.291000	11161.013672
0.291500	11166.602539
0.292000	11172.189453
0.292500	11177.778320
0.293000	11183.366211
0.293500	11188.700195
0.294000	11194.288086
0.294500	11199.622070
0.295000	11205.209961
0.295500	11210.543945
0.296000	11215.878906
0.296500	11221.465820
0.297000	11226.799805
0.297500	11232.133789
0.298000	11237.467773
0.298500	11242.547852
