0.000000	0.714160
0.000500	0.325140
0.001000	0.143110
0.001500	0.184710
0.002000	0.694570
0.002500	0.185970
0.003000	-0.185670
0.003500	1.317200
0.004000	-0.572860
0.004500	0.100670
0.005000	1.215300
0.005500	1.132200
0.006000	0.939680
0.006500	0.090322
0.007000	0.791070
0.007500	0.045415
0.008000	-0.252140
0.008500	-0.236140
0.009000	0.261180
0.009500	0.418140
0.010000	0.688760
0.010500	0.167600
0.011000	1.319200
0.011500	0.483140
0.012000	1.661800
0.012500	0.357020
0.013000	0.616180
0.013500	0.092963
0.014000	-0.052756
0.014500	0.349260
0.015000	0.668470
0.015500	0.603570
0.016000	0.651960
0.016500	0.718350
0.017000	0.763860
0.017500	0.556700
0.018000	0.118910
0.018500	0.004847
0.019000	0.610080
0.019500	0.289410
0.020000	0.585330
0.020500	0.637550
0.021000	0.552990
0.021500	0.795750
0.022000	0.570740
0.022500	1.070100
0.023000	1.160500
0.023500	0.081072
0.024000	0.837690
0.024500	-0.061669
0.025000	-0.343560
0.025500	-0.377640
0.026000	0.415380
0.026500	1.567200
0.027000	0.363310
0.027500	1.124400
0.028000	0.506240
0.028500	0.080666
0.029000	0.212420
0.029500	1.484700
0.030000	0.384910
0.030500	0.628220
0.031000	0.811790
0.031500	0.114210
0.032000	0.323640
0.032500	0.779220
0.033000	2.415500
0.033500	0.828030
0.034000	1.126800
0.034500	0.653460
0.035000	-0.155460
0.035500	0.805520
0.036000	0.841940
0.036500	1.214200
0.037000	-0.530830
0.037500	0.249790
0.038000	0.713220
0.038500	0.952840
0.039000	0.186520
0.039500	0.408920
0.040000	1.095400
0.040500	0.686250
0.041000	0.046025
0.041500	0.483910
0.042000	0.660650
0.042500	-0.368530
0.043000	0.990470
0.043500	0.609970
0.044000	0.582810
0.044500	0.404970
0.045000	0.720520
0.045500	0.878800
0.046000	-0.252530
0.046500	0.149200
0.047000	0.320300
0.047500	-0.616950
0.048000	-0.132540
0.048500	-0.412040
0.049000	-1.120500
0.049500	0.160960
0.050000	-0.416340
0.050500	-0.448100
0.051000	-2.441400
0.051500	-0.466730
0.052000	-1.889200
0.052500	-2.314600
0.053000	-2.663300
0.053500	-2.690700
0.054000	-2.468400
0.054500	-3.603800
0.055000	-2.933700
0.055500	-3.817200
0.056000	-4.306700
0.056500	-3.652900
0.057000	-4.320600
0.057500	-4.728300
0.058000	-4.278700
0.058500	-3.987700
0.059000	-4.207100
0.059500	-3.993000
0.060000	-2.517500
0.060500	-1.845900
0.061000	-1.097100
0.061500	-0.507600
0.062000	-0.344120
0.062500	0.435180
0.063000	0.519490
0.063500	0.707880
0.064000	1.722300
0.064500	2.687300
0.065000	1.221200
0.065500	3.352500
0.066000	3.731900
0.066500	4.834800
0.067000	4.036400
0.067500	5.962800
0.068000	3.450600
0.068500	0.605990
0.069000	0.384800
0.069500	-2.148800
0.070000	-4.172800
0.070500	-5.915400
0.071000	-7.403500
0.071500	-7.695600
0.072000	-9.232400
0.072500	-10.822000
0.073000	-12.281000
0.073500	-14.798000
0.074000	-17.274000
0.074500	-21.438000
0.075000	-24.438999
0.075500	-25.360001
0.076000	-27.872999
0.076500	-30.367001
0.077000	-32.395000
0.077500	-35.139000
0.078000	-36.743000
0.078500	-40.841000
0.079000	-41.678001
0.079500	-46.361000
0.080000	-50.019001
0.080500	-53.787998
0.081000	-53.980000
0.081500	-54.395000
0.082000	-46.626999
0.082500	-39.911999
0.083000	-34.473999
0.083500	-27.937000
0.084000	-29.488001
0.084500	-31.400999
0.085000	-30.471001
0.085500	-41.278999
0.086000	-52.743000
0.086500	-58.262001
0.087000	-64.885002
0.087500	-53.013000
0.088000	-37.304001
0.088500	-17.341000
0.089000	-2.299300
0.089500	3.301700
0.090000	-11.244000
0.090500	-37.564999
0.091000	-48.487000
0.091500	-66.765999
0.092000	-86.473999
0.092500	-97.529999
0.093000	-99.114998
0.093500	-89.072998
0.094000	-67.911003
0.094500	-47.500000
0.095000	-18.679001
0.095500	-3.690300
0.096000	-0.993800
0.096500	-4.655500
0.097000	-10.329000
0.097500	-13.295000
0.098000	-17.500999
0.098500	-28.521000
0.099000	-39.438999
0.099500	-43.422001
0.100000	-51.334000
0.100500	-52.886002
0.101000	-42.119999
0.101500	-15.563000
0.102000	7.543100
0.102500	33.361000
0.103000	54.518002
0.103500	59.318001
0.104000	60.577999
0.104500	49.047001
0.105000	30.145000
0.105500	7.782600
0.106000	-9.973000
0.106500	-23.438000
0.107000	-30.257000
0.107500	-30.669001
0.108000	-24.429001
0.108500	-14.333000
0.109000	2.884700
0.109500	23.201000
0.110000	34.930000
0.110500	41.858002
0.111000	48.625999
0.111500	51.830002
0.112000	47.910999
0.112500	45.624001
0.113000	46.728001
0.113500	52.000000
0.114000	62.026001
0.114500	69.994003
0.115000	76.429001
0.115500	79.357002
0.116000	78.503998
0.116500	73.924004
0.117000	63.226002
0.117500	53.000000
0.118000	40.627998
0.118500	30.253000
0.119000	20.834000
0.119500	15.147000
0.120000	12.878000
0.120500	13.330000
0.121000	14.895000
0.121500	16.115000
0.122000	16.802000
0.122500	31.983000
0.123000	45.224998
0.123500	58.118999
0.124000	81.999001
0.124500	97.399002
0.125000	109.699997
0.125500	108.660004
0.126000	101.120003
0.126500	88.607002
0.127000	66.384003
0.127500	44.722000
0.128000	20.239000
0.128500	-4.712600
0.129000	-23.704000
0.129500	-36.251999
0.130000	-44.817001
0.130500	-50.636002
0.131000	-49.805000
0.131500	-47.400002
0.132000	-41.380001
0.132500	-30.761999
0.133000	-20.211000
0.133500	-10.184000
0.134000	0.589260
0.134500	11.259000
0.135000	22.163000
0.135500	24.952999
0.136000	32.417999
0.136500	35.910000
0.137000	31.997999
0.137500	23.421000
0.138000	14.811000
0.138500	2.741500
0.139000	-2.939000
0.139500	-2.375900
0.140000	2.521400
0.140500	11.817000
0.141000	15.135000
0.141500	21.222000
0.142000	29.259001
0.142500	23.618999
0.143000	6.184200
0.143500	-4.952100
0.144000	-17.039000
0.144500	-35.894001
0.145000	-49.931000
0.145500	-50.324001
0.146000	-37.950001
0.146500	-34.770000
0.147000	-31.392000
0.147500	-31.549999
0.148000	-46.717999
0.148500	-67.119003
0.149000	-79.466003
0.149500	-72.509003
0.150000	-51.674000
0.150500	-24.662001
0.151000	1.797400
0.151500	25.473000
0.152000	38.082001
0.152500	38.070999
0.153000	28.540001
0.153500	13.634000
0.154000	-5.747500
0.154500	-17.004999
0.155000	-19.909000
0.155500	-14.819000
0.156000	-6.630100
0.156500	3.775500
0.157000	10.386000
0.157500	14.309000
0.158000	13.016000
0.158500	10.978000
0.159000	13.265000
0.159500	14.655000
0.160000	17.732000
0.160500	25.218000
0.161000	34.067001
0.161500	40.979000
0.162000	47.465000
0.162500	52.245998
0.163000	55.479000
0.163500	57.959000
0.164000	59.562000
0.164500	58.971001
0.165000	54.226002
0.165500	54.985001
0.166000	55.418999
0.166500	54.356998
0.167000	51.877998
0.167500	55.249001
0.168000	55.738998
0.168500	57.540001
0.169000	60.868000
0.169500	65.202003
0.170000	67.360001
0.170500	70.898003
0.171000	72.365997
0.171500	71.499001
0.172000	70.941002
0.172500	69.874001
0.173000	67.289001
0.173500	63.706001
0.174000	65.606003
0.174500	68.113998
0.175000	71.528000
0.175500	74.776001
0.176000	79.193001
0.176500	82.726997
0.177000	82.030998
0.177500	81.350998
0.178000	76.681000
0.178500	74.518997
0.179000	72.296997
0.179500	68.420998
0.180000	66.885002
0.180500	64.042999
0.181000	63.259998
0.181500	62.062000
0.182000	62.285999
0.182500	62.842999
0.183000	63.668999
0.183500	66.290001
0.184000	68.415001
0.184500	68.282997
0.185000	68.723000
0.185500	67.042999
0.186000	65.285004
0.186500	63.839001
0.187000	63.242001
0.187500	63.333000
0.188000	63.632000
0.188500	62.391998
0.189000	61.458000
0.189500	60.575001
0.190000	60.223999
0.190500	60.563000
0.191000	60.804001
0.191500	61.904999
0.192000	63.133999
0.192500	64.567001
0.193000	66.248001
0.193500	65.931000
0.194000	66.108002
0.194500	67.364998
0.195000	66.839996
0.195500	68.495003
0.196000	67.740997
0.196500	67.653999
0.197000	66.727997
0.197500	64.887001
0.198000	64.304001
0.198500	61.277000
0.199000	59.314999
0.199500	57.269001
0.200000	55.133999
0.200500	53.188000
0.201000	54.148998
0.201500	54.167999
0.202000	51.923000
0.202500	49.771000
0.203000	48.444000
0.203500	45.923000
0.204000	43.153000
0.204500	40.155998
0.205000	37.446999
0.205500	35.535000
0.206000	34.117001
0.206500	32.431999
0.207000	30.819000
0.207500	28.288000
0.208000	25.339001
0.208500	24.353001
0.209000	25.076000
0.209500	23.385000
0.210000	20.877001
0.210500	19.271999
0.211000	17.728001
0.211500	15.070000
0.212000	13.268000
0.212500	10.623000
0.213000	9.284900
0.213500	7.570000
0.214000	7.489000
0.214500	6.177200
0.215000	5.056600
0.215500	3.256400
0.216000	1.922800
0.216500	0.979580
0.217000	1.315500
0.217500	1.636400
0.218000	0.728910
0.218500	-2.319700
0.219000	-1.006500
0.219500	-1.726600
0.220000	-5.346700
0.220500	-8.062200
0.221000	-7.091100
0.221500	-7.945700
0.222000	-8.421800
0.222500	-9.795500
0.223000	-11.025000
0.223500	-11.870000
0.224000	-14.455000
0.224500	-13.903000
0.225000	-14.332000
0.225500	-15.610000
0.226000	-15.397000
0.226500	-16.622000
0.227000	-16.021000
0.227500	-15.537000
0.228000	-15.905000
0.228500	-16.780001
0.229000	-17.875000
0.229500	-18.791000
0.230000	-20.558001
0.230500	-21.400000
0.231000	-25.840000
0.231500	-27.268999
0.232000	-28.533001
0.232500	-27.388000
0.233000	-27.650000
0.233500	-25.087000
0.234000	-23.096001
0.234500	-20.379000
0.235000	-18.403000
0.235500	-19.495001
0.236000	-19.240999
0.236500	-17.789000
0.237000	-17.274000
0.237500	-15.527000
0.238000	-14.774000
0.238500	-13.259000
0.239000	-13.659000
0.239500	-12.728000
0.240000	-11.606000
0.240500	-12.786000
0.241000	-11.487000
0.241500	-11.227000
0.242000	-11.872000
0.242500	-11.382000
0.243000	-11.207000
0.243500	-9.673900
0.244000	-10.475000
0.244500	-8.565400
0.245000	-9.762300
0.245500	-8.274700
0.246000	-7.122900
0.246500	-4.808200
0.247000	-0.985330
0.247500	0.140260
0.248000	2.740400
0.248500	4.172500
0.249000	7.513100
0.249500	10.918000
0.250000	13.424000
0.250500	15.565000
0.251000	15.047000
0.251500	16.584999
0.252000	17.205000
0.252500	16.066999
0.253000	15.451000
0.253500	16.836000
0.254000	18.108999
0.254500	17.572001
0.255000	20.287001
0.255500	21.589001
0.256000	22.745001
0.256500	24.590000
0.257000	26.347000
0.257500	26.250999
0.258000	27.721001
0.258500	27.895000
0.259000	27.957001
0.259500	27.816999
0.260000	28.332001
0.260500	25.631001
0.261000	24.643999
0.261500	22.046000
0.262000	22.152000
0.262500	19.763000
0.263000	20.747000
0.263500	21.159000
0.264000	21.473000
0.264500	23.414000
0.265000	24.465000
0.265500	25.670000
0.266000	25.816999
0.266500	25.396999
0.267000	24.829000
0.267500	23.157000
0.268000	23.327999
0.268500	20.233999
0.269000	19.025000
0.269500	17.532000
0.270000	16.431999
0.270500	14.201000
0.271000	14.637000
0.271500	13.646000
0.272000	13.414000
0.272500	12.983000
0.273000	12.352000
0.273500	12.378000
0.274000	11.409000
0.274500	11.528000
0.275000	11.306000
0.275500	12.147000
0.276000	13.011000
0.276500	14.031000
0.277000	13.306000
0.277500	13.671000
0.278000	13.748000
0.278500	13.210000
0.279000	12.158000
0.279500	11.365000
0.280000	9.444700
0.280500	8.984700
0.281000	7.653600
0.281500	6.136700
0.282000	5.821100
0.282500	3.179100
0.283000	2.257200
0.283500	1.815400
0.284000	1.123900
0.284500	-0.935580
0.285000	-0.892610
0.285500	-2.866200
0.286000	-5.307500
0.286500	-7.701400
0.287000	-9.506200
0.287500	-12.770000
0.288000	-12.404000
0.288500	-13.170000
0.289000	-12.821000
0.289500	-12.619000
0.290000	-11.198000
0.290500	-12.176000
0.291000	-11.452000
0.291500	-10.241000
0.292000	-11.013000
0.292500	-12.368000
0.293000	-12.576000
0.293500	-14.580000
0.294000	-17.042999
0.294500	-19.219000
0.295000	-19.378000
0.295500	-20.605000
0.296000	-20.584999
0.296500	-21.355000
0.297000	-20.427000
0.297500	-18.941000
0.298000	-19.316999
0.298500	-19.271000
