0.000000	0.384530
0.000500	0.365300
0.001000	-0.472660
0.001500	0.706060
0.002000	0.116390
0.002500	-0.027831
0.003000	-0.732320
0.003500	0.518920
0.004000	0.389760
0.004500	0.777690
0.005000	0.165430
0.005500	0.133020
0.006000	-0.178660
0.006500	0.281190
0.007000	-0.145300
0.007500	-0.886520
0.008000	0.450440
0.008500	-1.287000
0.009000	-2.545900
0.009500	0.125800
0.010000	0.642990
0.010500	-0.240980
0.011000	-0.609830
0.011500	-0.055055
0.012000	-0.247940
0.012500	-0.071530
0.013000	-0.115680
0.013500	-1.607700
0.014000	-0.468780
0.014500	0.776830
0.015000	0.812240
0.015500	-1.448800
0.016000	0.682750
0.016500	-1.053800
0.017000	0.538670
0.017500	-0.104160
0.018000	-1.157500
0.018500	-1.359700
0.019000	-2.844500
0.019500	-0.268710
0.020000	-0.747330
0.020500	-0.135490
0.021000	-0.611120
0.021500	0.122390
0.022000	-0.674340
0.022500	-1.238400
0.023000	-1.045500
0.023500	-0.674360
0.024000	-0.434520
0.024500	-0.855280
0.025000	0.882420
0.025500	0.900460
0.026000	0.733750
0.026500	0.804520
0.027000	0.779590
0.027500	0.627870
0.028000	0.578440
0.028500	0.657580
0.029000	-0.265640
0.029500	0.310280
0.030000	0.367160
0.030500	-0.153510
0.031000	1.362400
0.031500	0.083404
0.032000	-1.120100
0.032500	1.400300
0.033000	1.481500
0.033500	1.229000
0.034000	-1.705400
0.034500	-1.263300
0.035000	-0.148030
0.035500	-0.424310
0.036000	-1.653500
0.036500	-0.786240
0.037000	-0.175890
0.037500	-1.607100
0.038000	-2.093300
0.038500	-1.214300
0.039000	-2.538400
0.039500	-2.186300
0.040000	-1.168900
0.040500	-2.222200
0.041000	-0.485930
0.041500	-1.682700
0.042000	-0.053463
0.042500	-0.762790
0.043000	1.052300
0.043500	0.752360
0.044000	0.739460
0.044500	2.105300
0.045000	2.104600
0.045500	1.127600
0.046000	2.730600
0.046500	4.092000
0.047000	4.857600
0.047500	6.613600
0.048000	7.357700
0.048500	8.007400
0.049000	7.432800
0.049500	6.969200
0.050000	7.210300
0.050500	6.625600
0.051000	5.975800
0.051500	4.195400
0.052000	4.148900
0.052500	4.504700
0.053000	3.511800
0.053500	5.517600
0.054000	3.323500
0.054500	3.149000
0.055000	2.245100
0.055500	3.312500
0.056000	0.777630
0.056500	1.216700
0.057000	0.452340
0.057500	-0.286670
0.058000	-1.011100
0.058500	-2.299200
0.059000	-2.287800
0.059500	-3.032000
0.060000	-3.398500
0.060500	-3.082300
0.061000	-4.673600
0.061500	-5.102800
0.062000	-5.689000
0.062500	-4.106600
0.063000	-1.078600
0.063500	2.863300
0.064000	9.930000
0.064500	14.992000
0.065000	21.184000
0.065500	29.448999
0.066000	37.049000
0.066500	47.353001
0.067000	60.429001
0.067500	75.091003
0.068000	93.528999
0.068500	107.830002
0.069000	119.730003
0.069500	124.059998
0.070000	125.779999
0.070500	119.559998
0.071000	115.120003
0.071500	107.669998
0.072000	99.587997
0.072500	95.578003
0.073000	88.480003
0.073500	80.153000
0.074000	74.627998
0.074500	63.437000
0.075000	51.014999
0.075500	35.869999
0.076000	24.855000
0.076500	7.367600
0.077000	-24.768999
0.077500	-75.898003
0.078000	-158.389999
0.078500	-267.700012
0.079000	-396.179993
0.079500	-519.640015
0.080000	-627.289978
0.080500	-699.729980
0.081000	-736.869995
0.081500	-735.119995
0.082000	-698.619995
0.082500	-631.440002
0.083000	-545.179993
0.083500	-446.839996
0.084000	-350.109985
0.084500	-254.139999
0.085000	-161.880005
0.085500	-74.879997
0.086000	10.256000
0.086500	91.959000
0.087000	166.100006
0.087500	228.259995
0.088000	276.299988
0.088500	307.839996
0.089000	323.230011
0.089500	319.700012
0.090000	307.510010
0.090500	287.329987
0.091000	265.140015
0.091500	247.630005
0.092000	233.309998
0.092500	227.990005
0.093000	231.429993
0.093500	248.660004
0.094000	288.149994
0.094500	354.510010
0.095000	447.179993
0.095500	567.950012
0.096000	702.890015
0.096500	844.159973
0.097000	989.890015
0.097500	1139.000000
0.098000	1279.099976
0.098500	1398.300049
0.099000	1479.900024
0.099500	1503.000000
0.100000	1450.199951
0.100500	1319.800049
0.101000	1117.800049
0.101500	858.510010
0.102000	550.130005
0.102500	228.880005
0.103000	-89.102997
0.103500	-385.109985
0.104000	-628.570007
0.104500	-821.090027
0.105000	-941.789978
0.105500	-1011.700012
0.106000	-1018.799988
0.106500	-988.359985
0.107000	-918.210022
0.107500	-835.270020
0.108000	-742.539978
0.108500	-652.530029
0.109000	-574.010010
0.109500	-507.260010
0.110000	-460.049988
0.110500	-426.230011
0.111000	-410.140015
0.111500	-403.910004
0.112000	-408.230011
0.112500	-424.380005
0.113000	-440.119995
0.113500	-461.899994
0.114000	-481.910004
0.114500	-500.880005
0.115000	-511.209991
0.115500	-509.700012
0.116000	-501.609985
0.116500	-478.859985
0.117000	-445.070007
0.117500	-401.230011
0.118000	-351.250000
0.118500	-296.649994
0.119000	-238.050003
0.119500	-177.960007
0.120000	-123.779999
0.120500	-72.088997
0.121000	-23.184000
0.121500	19.195999
0.122000	55.266998
0.122500	86.317001
0.123000	116.720001
0.123500	147.229996
0.124000	180.960007
0.124500	212.789993
0.125000	238.729996
0.125500	259.359985
0.126000	274.609985
0.126500	290.609985
0.127000	304.440002
0.127500	324.190002
0.128000	343.059998
0.128500	363.239990
0.129000	376.880005
0.129500	378.649994
0.130000	370.799988
0.130500	346.739990
0.131000	315.890015
0.131500	271.269989
0.132000	223.679993
0.132500	173.410004
0.133000	127.040001
0.133500	84.370003
0.134000	44.316002
0.134500	12.944000
0.135000	-21.650000
0.135500	-55.229000
0.136000	-86.778000
0.136500	-119.320000
0.137000	-147.110001
0.137500	-169.089996
0.138000	-184.070007
0.138500	-192.479996
0.139000	-204.139999
0.139500	-208.460007
0.140000	-207.649994
0.140500	-196.070007
0.141000	-177.619995
0.141500	-153.339996
0.142000	-127.870003
0.142500	-98.054001
0.143000	-61.379002
0.143500	-16.615000
0.144000	30.284000
0.144500	72.864998
0.145000	109.849998
0.145500	140.399994
0.146000	158.990005
0.146500	171.160004
0.147000	172.539993
0.147500	165.679993
0.148000	151.360001
0.148500	128.809998
0.149000	108.370003
0.149500	80.290001
0.150000	57.605999
0.150500	33.647999
0.151000	11.565000
0.151500	-4.201100
0.152000	-21.027000
0.152500	-31.940001
0.153000	-40.644001
0.153500	-43.508999
0.154000	-40.900002
0.154500	-37.061001
0.155000	-27.783001
0.155500	-18.179001
0.156000	-6.953400
0.156500	3.893300
0.157000	14.269000
0.157500	25.558001
0.158000	41.014999
0.158500	55.458000
0.159000	74.614998
0.159500	93.871002
0.160000	112.489998
0.160500	124.519997
0.161000	132.380005
0.161500	131.979996
0.162000	124.269997
0.162500	109.279999
0.163000	93.279999
0.163500	69.094002
0.164000	48.778000
0.164500	31.632000
0.165000	12.442000
0.165500	-8.034800
0.166000	-28.698000
0.166500	-51.105000
0.167000	-71.953003
0.167500	-84.135002
0.168000	-91.367996
0.168500	-93.820999
0.169000	-100.089996
0.169500	-106.800003
0.170000	-113.480003
0.170500	-116.449997
0.171000	-112.139999
0.171500	-99.649002
0.172000	-89.873001
0.172500	-76.352997
0.173000	-66.578003
0.173500	-59.480000
0.174000	-47.411999
0.174500	-26.847000
0.175000	-3.734700
0.175500	27.600000
0.176000	58.150002
0.176500	90.592003
0.177000	111.279999
0.177500	125.769997
0.178000	133.610001
0.178500	138.250000
0.179000	146.080002
0.179500	153.110001
0.180000	161.910004
0.180500	165.820007
0.181000	162.660004
0.181500	154.559998
0.182000	139.970001
0.182500	121.000000
0.183000	104.160004
0.183500	89.232002
0.184000	77.475998
0.184500	65.255997
0.185000	50.798000
0.185500	31.731001
0.186000	10.145000
0.186500	-9.705100
0.187000	-27.777000
0.187500	-44.195999
0.188000	-59.641998
0.188500	-69.495003
0.189000	-78.833000
0.189500	-82.174004
0.190000	-79.676003
0.190500	-74.418999
0.191000	-64.085999
0.191500	-50.091000
0.192000	-35.478001
0.192500	-19.993999
0.193000	-5.072500
0.193500	9.085400
0.194000	22.952000
0.194500	33.131001
0.195000	42.166000
0.195500	49.452000
0.196000	54.433998
0.196500	57.716999
0.197000	58.862000
0.197500	58.849998
0.198000	55.678001
0.198500	50.675999
0.199000	43.678001
0.199500	37.407001
0.200000	28.487000
0.200500	15.966000
0.201000	5.519100
0.201500	-4.941600
0.202000	-17.285000
0.202500	-28.061001
0.203000	-40.075001
0.203500	-50.610001
0.204000	-57.787998
0.204500	-65.711998
0.205000	-70.192001
0.205500	-75.042000
0.206000	-79.364998
0.206500	-78.732002
0.207000	-78.093002
0.207500	-74.278000
0.208000	-64.504997
0.208500	-55.081001
0.209000	-43.320999
0.209500	-32.372002
0.210000	-22.565001
0.210500	-14.226000
0.211000	-6.161100
0.211500	-0.802250
0.212000	4.153700
0.212500	6.184000
0.213000	13.357000
0.213500	15.818000
0.214000	20.686001
0.214500	20.724001
0.215000	17.934999
0.215500	15.425000
0.216000	15.181000
0.216500	14.793000
0.217000	16.627001
0.217500	22.698000
0.218000	26.569000
0.218500	30.980000
0.219000	35.073002
0.219500	40.118999
0.220000	42.433998
0.220500	43.976002
0.221000	42.652000
0.221500	39.233002
0.222000	34.622002
0.222500	26.497000
0.223000	18.854000
0.223500	11.633000
0.224000	5.095200
0.224500	-1.989500
0.225000	-9.926100
0.225500	-19.980000
0.226000	-30.598000
0.226500	-40.832001
0.227000	-51.077000
0.227500	-59.025002
0.228000	-68.925003
0.228500	-77.291000
0.229000	-85.795998
0.229500	-95.599998
0.230000	-102.199997
0.230500	-107.349998
0.231000	-108.559998
0.231500	-109.169998
0.232000	-103.690002
0.232500	-97.544998
0.233000	-87.660004
0.233500	-74.309998
0.234000	-59.507999
0.234500	-44.049999
0.235000	-31.125000
0.235500	-18.173000
0.236000	-5.147900
0.236500	6.163300
0.237000	16.542000
0.237500	25.565001
0.238000	38.164001
0.238500	45.396999
0.239000	52.396999
0.239500	58.646999
0.240000	64.933998
0.240500	70.053001
0.241000	70.337997
0.241500	71.625999
0.242000	74.182999
0.242500	71.799004
0.243000	69.087997
0.243500	62.535999
0.244000	55.355000
0.244500	47.562000
0.245000	40.016998
0.245500	35.651001
0.246000	31.544001
0.246500	31.077000
0.247000	32.755001
0.247500	34.491001
0.248000	35.577000
0.248500	37.816002
0.249000	35.272999
0.249500	31.785000
0.250000	25.926001
0.250500	17.811001
0.251000	5.874200
0.251500	-4.214800
0.252000	-15.372000
0.252500	-24.215000
0.253000	-28.414000
0.253500	-35.841999
0.254000	-39.007999
0.254500	-42.431000
0.255000	-44.761002
0.255500	-46.889000
0.256000	-47.217999
0.256500	-47.918999
0.257000	-45.487999
0.257500	-44.271000
0.258000	-41.689999
0.258500	-37.374001
0.259000	-36.115002
0.259500	-35.762001
0.260000	-37.941002
0.260500	-37.644001
0.261000	-40.532001
0.261500	-41.999001
0.262000	-41.331001
0.262500	-39.758999
0.263000	-36.729000
0.263500	-32.422001
0.264000	-24.938000
0.264500	-19.211000
0.265000	-11.817000
0.265500	-3.004100
0.266000	5.127200
0.266500	12.795000
0.267000	19.514999
0.267500	28.132999
0.268000	34.646000
0.268500	41.962002
0.269000	44.136002
0.269500	45.730999
0.270000	41.591999
0.270500	37.713001
0.271000	30.414000
0.271500	20.597000
0.272000	12.432000
0.272500	4.419300
0.273000	-3.068100
0.273500	-7.443400
0.274000	-5.557500
0.274500	-0.571720
0.275000	9.402600
0.275500	23.172001
0.276000	38.533001
0.276500	54.026001
0.277000	68.540001
0.277500	79.719002
0.278000	86.955002
0.278500	92.802002
0.279000	93.237999
0.279500	89.767998
0.280000	83.542000
0.280500	73.722000
0.281000	64.704002
0.281500	55.056999
0.282000	45.584999
0.282500	34.515999
0.283000	25.066999
0.283500	14.817000
0.284000	5.098900
0.284500	-5.358000
0.285000	-13.470000
0.285500	-18.542000
0.286000	-24.503000
0.286500	-30.646999
0.287000	-32.138000
0.287500	-37.570999
0.288000	-43.174000
0.288500	-47.382999
0.289000	-49.089001
0.289500	-53.508999
0.290000	-53.307999
0.290500	-48.481998
0.291000	-43.320999
0.291500	-32.826000
0.292000	-18.926001
0.292500	-4.800000
0.293000	9.198700
0.293500	22.940001
0.294000	34.590000
0.294500	46.016998
0.295000	55.125999
0.295500	57.824001
0.296000	62.333000
0.296500	60.681999
0.297000	63.678001
0.297500	62.842999
0.298000	65.250999
0.298500	63.021000
