0.000000	-31.691578
0.000500	-31.691578
0.001000	-31.691578
0.001500	-31.691578
0.002000	-31.691578
0.002500	-31.691578
0.003000	-31.691578
0.003500	-31.460442
0.004000	-31.275019
0.004500	-31.130239
0.005000	-31.031178
0.005500	-30.972759
0.006000	-30.952440
0.006500	-30.977839
0.007000	-31.061661
0.007500	-31.203899
0.008000	-31.379160
0.008500	-31.587440
0.009000	-31.833820
0.009500	-32.118301
0.010000	-32.433262
0.010500	-32.758381
0.011000	-33.073341
0.011500	-33.360363
0.012000	-33.629601
0.012500	-33.875980
0.013000	-34.089340
0.013500	-34.251900
0.014000	-34.373821
0.014500	-34.462719
0.015000	-34.526222
0.015500	-34.577019
0.016000	-34.617661
0.016500	-34.648140
0.017000	-34.663380
0.017500	-34.663380
0.018000	-34.640522
0.018500	-34.594799
0.019000	-34.526222
0.019500	-34.432240
0.020000	-34.300159
0.020500	-34.129982
0.021000	-33.957256
0.021500	-33.815018
0.022000	-33.698177
0.022500	-33.591499
0.023000	-33.520378
0.023500	-33.507683
0.024000	-33.545780
0.024500	-33.586422
0.025000	-33.629601
0.025500	-33.672779
0.026000	-33.713421
0.026500	-33.754059
0.027000	-33.792160
0.027500	-33.832798
0.028000	-33.870903
0.028500	-33.901379
0.029000	-33.921700
0.029500	-33.931858
0.030000	-33.929321
0.030500	-33.898838
0.031000	-33.840420
0.031500	-33.756599
0.032000	-33.652462
0.032500	-33.538158
0.033000	-33.418781
0.033500	-33.299397
0.034000	-33.190178
0.034500	-33.086040
0.035000	-32.986980
0.035500	-32.892998
0.036000	-32.806637
0.036500	-32.738060
0.037000	-32.687263
0.037500	-32.649158
0.038000	-32.618679
0.038500	-32.598362
0.039000	-32.593281
0.039500	-32.595821
0.040000	-32.603439
0.040500	-32.621220
0.041000	-32.659317
0.041500	-32.722820
0.042000	-32.814262
0.042500	-32.938721
0.043000	-33.113979
0.043500	-33.340042
0.044000	-33.621979
0.044500	-33.952179
0.045000	-34.297619
0.045500	-34.648140
0.046000	-34.993576
0.046500	-35.328861
0.047000	-35.656521
0.047500	-35.984180
0.048000	-36.306759
0.048500	-36.624260
0.049000	-36.918900
0.049500	-37.177979
0.050000	-37.386261
0.050500	-37.538658
0.051000	-37.637718
0.051500	-37.685978
0.052000	-37.696136
0.052500	-37.675819
0.053000	-37.642799
0.053500	-37.607239
0.054000	-37.574219
0.054500	-37.548817
0.055000	-37.523422
0.055500	-37.498020
0.056000	-37.472618
0.056500	-37.449760
0.057000	-37.424358
0.057500	-37.401497
0.058000	-37.376102
0.058500	-37.350700
0.059000	-37.325298
0.059500	-37.294819
0.060000	-37.261799
0.060500	-37.228783
0.061000	-37.177979
0.061500	-37.089081
0.062000	-36.972240
0.062500	-36.837620
0.063000	-36.682682
0.063500	-36.471859
0.064000	-36.240719
0.064500	-36.019737
0.065000	-35.839401
0.065500	-35.699703
0.066000	-35.608261
0.066500	-35.575237
0.067000	-35.620960
0.067500	-35.801300
0.068000	-36.098480
0.068500	-36.474400
0.069000	-36.893497
0.069500	-37.350700
0.070000	-37.856159
0.070500	-38.407341
0.071000	-39.011860
0.071500	-39.692581
0.072000	-40.444424
0.072500	-41.259758
0.073000	-42.123363
0.073500	-43.027599
0.074000	-44.015659
0.074500	-45.145958
0.075000	-46.484543
0.075500	-47.965359
0.076000	-49.479198
0.076500	-51.018440
0.077000	-52.580544
0.077500	-54.152798
0.078000	-55.730137
0.078500	-57.307484
0.079000	-58.882282
0.079500	-60.444378
0.080000	-61.981083
0.080500	-63.492378
0.081000	-64.983360
0.081500	-66.354958
0.082000	-67.452248
0.082500	-68.359016
0.083000	-69.169281
0.083500	-69.941437
0.084000	-70.576439
0.084500	-71.015862
0.085000	-71.211441
0.085500	-71.130157
0.086000	-70.817741
0.086500	-70.274185
0.087000	-69.474075
0.087500	-68.427597
0.088000	-67.320160
0.088500	-66.210182
0.089000	-65.102737
0.089500	-64.002914
0.090000	-62.913261
0.090500	-61.823601
0.091000	-60.731400
0.091500	-59.634121
0.092000	-58.445400
0.092500	-57.170315
0.093000	-55.862221
0.093500	-54.574440
0.094000	-53.223164
0.094500	-51.686459
0.095000	-49.959263
0.095500	-41.005760
0.096000	92339160.000000
0.096500	299592992.000000
0.097000	517271008.000000
0.097500	640918208.000000
0.098000	645160000.000000
0.098500	645160000.000000
0.099000	645160000.000000
0.099500	645160000.000000
0.100000	645160000.000000
0.100500	645160000.000000
0.101000	645160000.000000
0.101500	645160000.000000
0.102000	645160000.000000
0.102500	645160000.000000
0.103000	645160000.000000
0.103500	645160000.000000
0.104000	609396800.000000
0.104500	435559200.000000
0.105000	209506816.000000
0.105500	35714940.000000
0.106000	-8.321294
0.106500	-5.893308
0.107000	-2.395779
0.107500	1.024941
0.108000	3.235198
0.108500	3.960114
0.109000	4.012946
0.109500	4.225290
0.110000	4257294.000000
0.110500	127929640.000000
0.111000	345617792.000000
0.111500	552856384.000000
0.112000	645160000.000000
0.112500	544347392.000000
0.113000	322580000.000000
0.113500	100807512.000000
0.114000	-100.807518
0.114500	4.482846
0.115000	6.240018
0.115500	7.981442
0.116000	9.583420
0.116500	11.066779
0.117000	12.605513
0.117500	14.087602
0.118000	15.392401
0.118500	16.473677
0.119000	17.449547
0.119500	18.356834
0.120000	19.228054
0.120500	20.090637
0.121000	20.933916
0.121500	21.748495
0.122000	22.527006
0.122500	23.241253
0.123000	23.815039
0.123500	24.261827
0.124000	24.604725
0.124500	24.860758
0.125000	24.987249
0.125500	24.977852
0.126000	24.839422
0.126500	24.583643
0.127000	24.246840
0.127500	23.812246
0.128000	23.250906
0.128500	22.537420
0.129000	21.746464
0.129500	20.908518
0.130000	20.006056
0.130500	19.023584
0.131000	18.004028
0.131500	16.977613
0.132000	15.951453
0.132500	14.931897
0.133000	13.922502
0.133500	12.923774
0.134000	11.935968
0.134500	10.960608
0.135000	10.097261
0.135500	9.423908
0.136000	8.906764
0.136500	8.513318
0.137000	8.206486
0.137500	7.981189
0.138000	7.865872
0.138500	7.891018
0.139000	8.029956
0.139500	8.178038
0.140000	8.327136
0.140500	8.472424
0.141000	8.611108
0.141500	8.747506
0.142000	8.882888
0.142500	9.016746
0.143000	9.149333
0.143500	9.268460
0.144000	9.339326
0.144500	9.324848
0.145000	9.186672
0.145500	8.911590
0.146000	8.560054
0.146500	8.201659
0.147000	7.901432
0.147500	7.603236
0.148000	7.314184
0.148500	7.101840
0.149000	7.031482
0.149500	7.056882
0.150000	7.122668
0.150500	7.207758
0.151000	7.291831
0.151500	7.371842
0.152000	7.458710
0.152500	7.551420
0.153000	7.648956
0.153500	7.805928
0.154000	8.075931
0.154500	8.457946
0.155000	8.951213
0.155500	9.587992
0.156000	10.424160
0.156500	11.438890
0.157000	12.608814
0.157500	13.883385
0.158000	15.197582
0.158500	16.553434
0.159000	17.954243
0.159500	19.414234
0.160000	20.948650
0.160500	22.499319
0.161000	24.002237
0.161500	25.400000
0.162000	26.697939
0.162500	27.917139
0.163000	29.070301
0.163500	30.175198
0.164000	31.226759
0.164500	32.202118
0.165000	33.080959
0.165500	33.850582
0.166000	34.551617
0.166500	35.189159
0.167000	35.758118
0.167500	36.243259
0.168000	36.697922
0.168500	37.144958
0.169000	37.581841
0.169500	37.998402
0.170000	38.407341
0.170500	38.816280
0.171000	39.222675
0.171500	39.629078
0.172000	40.030399
0.172500	40.431721
0.173000	40.827961
0.173500	41.221661
0.174000	41.597580
0.174500	41.948097
0.175000	42.283379
0.175500	42.616123
0.176000	42.943779
0.176500	43.246037
0.177000	43.515282
0.177500	43.746418
0.178000	43.914059
0.178500	43.982639
0.179000	43.964859
0.179500	43.873421
0.180000	43.733719
0.180500	43.571159
0.181000	43.388279
0.181500	43.182537
0.182000	42.956478
0.182500	42.720261
0.183000	42.471336
0.183500	42.191940
0.184000	41.874439
0.184500	41.523918
0.185000	41.142918
0.185500	40.736523
0.186000	40.304722
0.186500	39.844978
0.187000	39.372536
0.187500	38.907722
0.188000	38.470840
0.188500	38.049198
0.189000	37.635178
0.189500	37.233860
0.190000	36.845242
0.190500	36.464241
0.191000	36.090858
0.191500	35.727638
0.192000	35.377117
0.192500	35.041843
0.193000	34.709099
0.193500	34.381443
0.194000	34.048698
0.194500	33.705799
0.195000	33.352741
0.195500	33.002220
0.196000	32.661858
0.196500	32.349438
0.197000	32.064960
0.197500	31.798258
0.198000	31.536638
0.198500	31.275019
0.199000	31.008320
0.199500	30.754320
0.200000	30.523180
0.200500	30.325058
0.201000	30.139639
0.201500	29.959299
0.202000	29.778959
0.202500	29.593538
0.203000	29.403040
0.203500	29.207458
0.204000	29.016960
0.204500	28.846781
0.205000	28.785820
0.205500	28.821379
0.206000	28.907740
0.206500	29.001720
0.207000	29.156658
0.207500	29.357319
0.208000	29.547819
0.208500	29.667198
0.209000	29.720539
0.209500	29.702759
0.210000	29.585920
0.210500	29.344620
0.211000	29.016960
0.211500	28.661360
0.212000	28.282900
0.212500	27.881580
0.213000	27.465019
0.213500	27.040840
0.214000	26.619200
0.214500	26.207722
0.215000	25.821640
0.215500	25.458420
0.216000	25.105106
0.216500	24.740616
0.217000	24.333454
0.217500	23.852379
0.218000	23.311611
0.218500	22.725634
0.219000	22.083776
0.219500	21.300186
0.220000	20.297647
0.220500	19.000977
0.221000	17.408400
0.221500	15.783051
0.222000	14.156689
0.222500	12.529058
0.223000	10.901172
0.223500	9.272270
0.224000	7.643114
0.224500	6.014720
0.225000	4.405630
0.225500	2.959862
0.226000	1.662735
0.226500	0.456514
0.227000	-0.705942
0.227500	-1.768653
0.228000	-2.726182
0.228500	-3.594354
0.229000	-4.387596
0.229500	-5.058664
0.230000	-5.589270
0.230500	-5.992876
0.231000	-6.280912
0.231500	-6.430264
0.232000	-6.415278
0.232500	-6.222746
0.233000	-5.838698
0.233500	-5.312156
0.234000	-4.670806
0.234500	-3.869944
0.235000	-2.864104
0.235500	-1.732763
0.236000	-0.590779
0.236500	0.552374
0.237000	1.687424
0.237500	2.843784
0.238000	4.043680
0.238500	5.192014
0.239000	6.190996
0.239500	7.018020
0.240000	7.795006
0.240500	8.547607
0.241000	9.297923
0.241500	10.062209
0.242000	10.828527
0.242500	11.593830
0.243000	12.357100
0.243500	13.106146
0.244000	13.804391
0.244500	14.462505
0.245000	15.096998
0.245500	15.723107
0.246000	16.336517
0.246500	16.905731
0.247000	17.397985
0.247500	17.789652
0.248000	18.151857
0.248500	18.507456
0.249000	18.860516
0.249500	19.214085
0.250000	19.562826
0.250500	19.907249
0.251000	20.253199
0.251500	20.610575
0.252000	21.143469
0.252500	21.908516
0.253000	22.877525
0.253500	24.021795
0.254000	25.278589
0.254500	26.634438
0.255000	28.102560
0.255500	29.692600
0.256000	31.353760
0.256500	33.017460
0.257000	34.686237
0.257500	36.357559
0.258000	38.036499
0.258500	39.730679
0.259000	41.422318
0.259500	43.101257
0.260000	44.683681
0.260500	46.073059
0.261000	47.322739
0.261500	48.498760
0.262000	49.644299
0.262500	50.746662
0.263000	51.813461
0.263500	52.862476
0.264000	53.896263
0.264500	54.879238
0.265000	55.793640
0.265500	56.614059
0.266000	57.279537
0.266500	57.637680
0.267000	57.751980
0.267500	57.708801
0.268000	57.566563
0.268500	57.185562
0.269000	56.728363
0.269500	56.431179
0.270000	56.489597
0.270500	56.652161
0.271000	56.822338
0.271500	56.989979
0.272000	57.147461
0.272500	57.307484
0.273000	57.470039
0.273500	57.612278
0.274000	57.713882
0.274500	57.734200
0.275000	57.693562
0.275500	57.635139
0.276000	57.599579
0.276500	57.597042
0.277000	57.602123
0.277500	57.617359
0.278000	57.637680
0.278500	57.698643
0.279000	57.840881
0.279500	58.089798
0.280000	58.465721
0.280500	58.968636
0.281000	59.545219
0.281500	60.175144
0.282000	60.848240
0.282500	61.546738
0.283000	62.257942
0.283500	62.971672
0.284000	63.677795
0.284500	64.368683
0.285000	65.031624
0.285500	65.669167
0.286000	66.281296
0.286500	66.855339
0.287000	67.307457
0.287500	67.612259
0.288000	67.751961
0.288500	67.718941
0.289000	67.619873
0.289500	67.490341
0.290000	67.330315
0.290500	67.144897
0.291000	66.944244
0.291500	66.741035
0.292000	66.542923
0.292500	66.365112
0.293000	66.220345
0.293500	66.103493
0.294000	66.014595
0.294500	65.946014
0.295000	65.918083
0.295500	65.963799
0.296000	66.100960
0.296500	66.352417
0.297000	66.672462
0.297500	67.015366
0.298000	67.360794
0.298500	67.688461
0.299000	67.998337
0.299500	68.300598
0.300000	68.592697
0.300500	68.874641
0.301000	69.082916
0.301500	69.176895
0.302000	69.171814
0.302500	69.080383
0.303000	68.917816
0.303500	68.663818
0.304000	68.300598
0.304500	67.815460
0.305000	67.228722
0.305500	66.626740
0.306000	66.009521
0.306500	65.377060
0.307000	64.724274
0.307500	64.056252
0.308000	63.385704
0.308500	62.727840
0.309000	62.100460
0.309500	61.518795
0.310000	60.970158
0.310500	60.439297
0.311000	59.916061
0.311500	59.438541
0.312000	59.001663
0.312500	58.595261
0.313000	58.219341
0.313500	57.919617
0.314000	57.726582
0.314500	57.652916
0.315000	57.708801
0.315500	57.868820
0.316000	58.107578
0.316500	58.414917
0.317000	58.780678
0.317500	59.202320
0.318000	59.656982
0.318500	60.096397
0.319000	60.485020
0.319500	60.850780
0.320000	61.183517
0.320500	61.432442
0.321000	61.551819
0.321500	61.582302
0.322000	61.607697
0.322500	61.628021
0.323000	61.653419
0.323500	61.683895
0.324000	61.714378
0.324500	61.747398
0.325000	61.782959
0.325500	61.864243
0.326000	62.067436
0.326500	62.367161
0.327000	62.738003
0.327500	63.154556
0.328000	63.601597
0.328500	64.086739
0.329000	64.607445
0.329500	65.166237
0.330000	65.758064
0.330500	66.357498
0.331000	66.949318
0.331500	67.513199
0.332000	68.041519
0.332500	68.534279
0.333000	68.994026
0.333500	69.400421
0.334000	69.684898
0.334500	69.824600
0.335000	69.801743
0.335500	69.611244
0.336000	69.367401
0.336500	69.103233
0.337000	68.818756
0.337500	68.519035
0.338000	68.183762
0.338500	67.843399
0.339000	67.536057
0.339500	67.297295
0.340000	67.101715
0.340500	66.918839
0.341000	66.741035
0.341500	66.560699
0.342000	66.390518
0.342500	66.225418
0.343000	66.052704
0.343500	65.859657
0.344000	65.603111
0.344500	65.278000
0.345000	64.919861
0.345500	64.566795
0.346000	64.226440
0.346500	63.875919
0.347000	63.515240
0.347500	63.144402
0.348000	62.730381
0.348500	62.237621
0.349000	61.666115
0.349500	61.008259
0.350000	60.256416
0.350500	59.425842
0.351000	58.574936
0.351500	57.757061
0.352000	56.997597
0.352500	56.258457
0.353000	55.544720
0.353500	54.866539
0.354000	54.241699
0.354500	53.710838
0.355000	53.266338
0.355500	52.887878
0.356000	52.560219
0.356500	52.278278
0.357000	52.054764
0.357500	51.897282
0.358000	51.815998
0.358500	51.782982
0.359000	51.785522
0.359500	51.808380
0.360000	51.849022
0.360500	51.912525
0.361000	52.016655
0.361500	52.163979
0.362000	52.377338
0.362500	52.720238
0.363000	53.213001
0.363500	53.850540
0.364000	54.627781
0.364500	55.468517
0.365000	56.339741
0.365500	57.246517
0.366000	58.193939
0.366500	59.159138
0.367000	60.124336
0.367500	61.094616
0.368000	62.069981
0.368500	63.060581
0.369000	64.074043
0.369500	65.082413
0.370000	66.067940
0.370500	66.949318
0.371000	67.678299
0.371500	68.292976
0.372000	68.826385
0.372500	69.311523
0.373000	69.756020
0.373500	70.159882
0.374000	70.520561
0.374500	70.840599
0.375000	71.135239
0.375500	71.401939
0.376000	71.640701
0.376500	71.861679
0.377000	72.054718
0.377500	72.179184
0.378000	72.189339
0.378500	72.069962
0.379000	71.909943
0.379500	71.727058
0.380000	71.531479
0.380500	71.330826
0.381000	71.112381
0.381500	70.893944
0.382000	70.688194
0.382500	70.520561
0.383000	70.469757
0.383500	70.469757
0.384000	70.444359
0.384500	70.317360
0.385000	70.159882
0.385500	69.999855
0.386000	69.837303
0.386500	69.672195
0.387000	69.502022
0.387500	69.329300
0.388000	69.156578
0.388500	68.994026
0.389000	68.902573
0.389500	68.864479
0.390000	68.811142
0.390500	68.681595
0.391000	68.473328
0.391500	68.229477
0.392000	67.980560
0.392500	67.754501
0.393000	67.551300
0.393500	67.358261
0.394000	67.205864
0.394500	67.111877
0.395000	67.099174
0.395500	67.152519
0.396000	67.249039
0.396500	67.365875
0.397000	67.492882
0.397500	67.637657
0.398000	67.782440
0.398500	67.914513
0.399000	68.028816
0.399500	68.120262
0.400000	68.178680
0.400500	68.188835
0.401000	68.130417
0.401500	68.000885
0.402000	67.820541
0.402500	67.614799
0.403000	67.388741
0.403500	67.127121
0.404000	66.852798
0.404500	66.598793
0.405000	66.393059
0.405500	66.230499
0.406000	66.121277
0.406500	66.075554
0.407000	66.106041
0.407500	66.217804
0.408000	66.362579
0.408500	66.489586
0.409000	66.550537
0.409500	66.593719
0.410000	66.616577
0.410500	66.598793
0.411000	66.527679
0.411500	66.421005
0.412000	66.293999
0.412500	66.149223
0.413000	65.996819
0.413500	65.816483
0.414000	65.618355
0.414500	65.430397
0.415000	65.272919
0.415500	65.156082
0.416000	65.082413
0.416500	65.064636
0.417000	65.115448
0.417500	65.201797
0.418000	65.288155
0.418500	65.374527
0.419000	65.460876
0.419500	65.547241
0.420000	65.633606
0.420500	65.719955
0.421000	65.806320
0.421500	65.862198
0.422000	65.877441
0.422500	65.882523
0.423000	65.907921
0.423500	65.984123
0.424000	66.103493
0.424500	66.238121
0.425000	66.352417
0.425500	66.436241
0.426000	66.499741
0.426500	66.502281
0.427000	66.400688
0.427500	66.179703
0.428000	65.913002
0.428500	65.623444
0.429000	65.326256
0.429500	65.029076
0.430000	64.729355
0.430500	64.419479
0.431000	64.104523
0.431500	63.764164
0.432000	63.342518
0.432500	62.829433
0.433000	62.222385
0.433500	61.516258
0.434000	60.670444
0.434500	59.753498
0.435000	58.856880
0.435500	58.046619
0.436000	57.243980
0.436500	56.476898
0.437000	55.819038
0.437500	55.331360
0.438000	54.935120
0.438500	54.564278
0.439000	54.211220
0.439500	53.865776
0.440000	53.522877
0.440500	53.179981
0.441000	52.842159
0.441500	52.504341
0.442000	52.176678
0.442500	51.861717
0.443000	51.559460
0.443500	51.272442
0.444000	51.048920
0.444500	50.916840
0.445000	50.838097
0.445500	50.787300
0.446000	50.731422
0.446500	50.708557
0.447000	50.761902
0.447500	50.942238
0.448000	51.249580
0.448500	51.577240
0.449000	51.909981
0.449500	52.235096
0.450000	52.547520
0.450500	52.862476
0.451000	53.172359
0.451500	53.472080
0.452000	53.754021
0.452500	54.005478
0.453000	54.244244
0.453500	54.490620
0.454000	54.762398
0.454500	55.039257
0.455000	55.318661
0.455500	55.598057
0.456000	55.867302
0.456500	56.111137
0.457000	56.349895
0.457500	56.611519
0.458000	56.923943
0.458500	57.337959
0.459000	57.810398
0.459500	58.282841
0.460000	58.709557
0.460500	59.128658
0.461000	59.540138
0.461500	59.918598
0.462000	60.246262
0.462500	60.528198
0.463000	60.789822
0.463500	61.048904
0.464000	61.323219
0.464500	61.617859
0.465000	61.917580
0.465500	62.212223
0.466000	62.489082
0.466500	62.743084
0.467000	62.964058
0.467500	63.154556
0.468000	63.309498
0.468500	63.446655
0.469000	63.578739
0.469500	63.710823
0.470000	63.842899
0.470500	63.982597
0.471000	64.122299
0.471500	64.261993
0.472000	64.401703
0.472500	64.526161
0.473000	64.604904
0.473500	64.617599
0.474000	64.538857
0.474500	64.350899
0.475000	64.074043
0.475500	63.766697
0.476000	63.494923
0.476500	63.266315
0.477000	63.027561
0.477500	62.821819
0.478000	62.689743
0.478500	62.654182
0.479000	62.636398
0.479500	62.621162
0.480000	62.603378
0.480500	62.583057
0.481000	62.560200
0.481500	62.537342
0.482000	62.514477
0.482500	62.489082
0.483000	62.456059
0.483500	62.420498
0.484000	62.382401
0.484500	62.346844
0.485000	62.329060
0.485500	62.326515
0.486000	62.339218
0.486500	854227.437500
0.487000	9657334.000000
0.487500	26012140.000000
0.488000	47452280.000000
0.488500	71610216.000000
0.489000	99844856.000000
0.489500	133223000.000000
0.490000	171450000.000000
