0.000000	0.000121
0.000500	0.000303
0.001000	0.001066
0.001500	0.001924
0.002000	0.002460
0.002500	0.003238
0.003000	0.003954
0.003500	0.004310
0.004000	0.004780
0.004500	0.005338
0.005000	0.006175
0.005500	0.007376
0.006000	0.008276
0.006500	0.008833
0.007000	0.009420
0.007500	0.010294
0.008000	0.011146
0.008500	0.011691
0.009000	0.012343
0.009500	0.013055
0.010000	0.013540
0.010500	0.014333
0.011000	0.015262
0.011500	0.015906
0.012000	0.016459
0.012500	0.017004
0.013000	0.017889
0.013500	0.018673
0.014000	0.019058
0.014500	0.019414
0.015000	0.020167
0.015500	0.021218
0.016000	0.022188
0.016500	0.023242
0.017000	0.024383
0.017500	0.025716
0.018000	0.027385
0.018500	0.029073
0.019000	0.030668
0.019500	0.032332
0.020000	0.033787
0.020500	0.035135
0.021000	0.036611
0.021500	0.038103
0.022000	0.040074
0.022500	0.042654
0.023000	0.045314
0.023500	0.047981
0.024000	0.050432
0.024500	0.052783
0.025000	0.054986
0.025500	0.056988
0.026000	0.059584
0.026500	0.062584
0.027000	0.065673
0.027500	0.068738
0.028000	0.071737
0.028500	0.074344
0.029000	0.076806
0.029500	0.079466
0.030000	0.081993
0.030500	0.084436
0.031000	0.087148
0.031500	0.090006
0.032000	0.092903
0.032500	0.095912
0.033000	0.098851
0.033500	0.102211
0.034000	0.106426
0.034500	0.111349
0.035000	0.116393
0.035500	0.121528
0.036000	0.127417
0.036500	0.134451
0.037000	0.142239
0.037500	0.150911
0.038000	0.161015
0.038500	0.172457
0.039000	0.185219
0.039500	0.199269
0.040000	0.214751
0.040500	0.232373
0.041000	0.251975
0.041500	0.274071
0.042000	0.299386
0.042500	0.327968
0.043000	0.360187
0.043500	0.396478
0.044000	0.436985
0.044500	0.481580
0.045000	0.530440
0.045500	0.583790
0.046000	0.641822
0.046500	0.704201
0.047000	0.770747
0.047500	0.841606
0.048000	0.916940
0.048500	0.997182
0.049000	1.082075
0.049500	1.171023
0.050000	1.264478
0.050500	1.362535
0.051000	1.465501
0.051500	1.574099
0.052000	1.687880
0.052500	1.807293
0.053000	1.932178
0.053500	2.061892
0.054000	2.196755
0.054500	2.337250
0.055000	2.482574
0.055500	2.632887
0.056000	2.788671
0.056500	2.949767
0.057000	3.116012
0.057500	3.286763
0.058000	3.461538
0.058500	3.640980
0.059000	3.825089
0.059500	4.013382
0.060000	4.205377
0.060500	4.400751
0.061000	4.598539
0.061500	4.798098
0.062000	4.998944
0.062500	5.200756
0.063000	5.403533
0.063500	5.607116
0.064000	5.812629
0.064500	6.019590
0.065000	6.228000
0.065500	6.437537
0.066000	6.648039
0.066500	6.859990
0.067000	7.073550
0.067500	7.288880
0.068000	7.505819
0.068500	7.723886
0.069000	7.941791
0.069500	8.159052
0.070000	8.375348
0.070500	8.589713
0.071000	8.801985
0.071500	9.012649
0.072000	9.222668
0.072500	9.432848
0.073000	9.643993
0.073500	9.856267
0.074000	10.069504
0.074500	10.283064
0.075000	10.496464
0.075500	10.708092
0.076000	10.917146
0.076500	11.122660
0.077000	11.323667
0.077500	11.519201
0.078000	11.709426
0.078500	11.894822
0.079000	12.074586
0.079500	12.249039
0.080000	12.417860
0.080500	12.580403
0.081000	12.735704
0.081500	12.882799
0.082000	13.020075
0.082500	13.146730
0.083000	13.261477
0.083500	13.363188
0.084000	13.451058
0.084500	13.524282
0.085000	13.582059
0.085500	13.622936
0.086000	13.646432
0.086500	13.651422
0.087000	13.636777
0.087500	13.602175
0.088000	13.547459
0.088500	13.473106
0.089000	13.379764
0.089500	13.267111
0.090000	13.134822
0.090500	12.983383
0.091000	12.812149
0.091500	12.620637
0.092000	12.409008
0.092500	12.177906
0.093000	11.928618
0.093500	11.664526
0.094000	11.389811
0.094500	11.108658
0.095000	10.823483
0.095500	10.536054
0.096000	10.248141
0.096500	9.960875
0.097000	9.674893
0.097500	9.392454
0.098000	9.115969
0.098500	8.848173
0.099000	8.591162
0.099500	8.345898
0.100000	8.112542
0.100500	7.893189
0.101000	7.688159
0.101500	7.496968
0.102000	7.318009
0.102500	7.148867
0.103000	6.987450
0.103500	6.832309
0.104000	6.684088
0.104500	6.544237
0.105000	6.414041
0.105500	6.294627
0.106000	6.186962
0.106500	6.090402
0.107000	6.003658
0.107500	5.927214
0.108000	5.859622
0.108500	5.800397
0.109000	5.751152
0.109500	5.711884
0.110000	5.682755
0.110500	5.663281
0.111000	5.651855
0.111500	5.647188
0.112000	5.645901
0.112500	5.644935
0.113000	5.642682
0.113500	5.639625
0.114000	5.636888
0.114500	5.636566
0.115000	5.639785
0.115500	5.647027
0.116000	5.657488
0.116500	5.670363
0.117000	5.685652
0.117500	5.703354
0.118000	5.723310
0.118500	5.745680
0.119000	5.771108
0.119500	5.800076
0.120000	5.832585
0.120500	5.867507
0.121000	5.903718
0.121500	5.940249
0.122000	5.976299
0.122500	6.010417
0.123000	6.040833
0.123500	6.066583
0.124000	6.086861
0.124500	6.100540
0.125000	6.106977
0.125500	6.106817
0.126000	6.101184
0.126500	6.092977
0.127000	6.085251
0.127500	6.079297
0.128000	6.075595
0.128500	6.074790
0.129000	6.077848
0.129500	6.084125
0.130000	6.092816
0.130500	6.102793
0.131000	6.112450
0.131500	6.120496
0.132000	6.124519
0.132500	6.121944
0.133000	6.110197
0.133500	6.086700
0.134000	6.049202
0.134500	5.996899
0.135000	5.929467
0.135500	5.848517
0.136000	5.757428
0.136500	5.658453
0.137000	5.554490
0.137500	5.447308
0.138000	5.342539
0.138500	5.243886
0.139000	5.153281
0.139500	5.073135
0.140000	5.003933
0.140500	4.945675
0.141000	4.897073
0.141500	4.854908
0.142000	4.816445
0.142500	4.779269
0.143000	4.740806
0.143500	4.700572
0.144000	4.659051
0.144500	4.617691
0.145000	4.581319
0.145500	4.557018
0.146000	4.550420
0.146500	4.564582
0.147000	4.596608
0.147500	4.636037
0.148000	4.668546
0.148500	4.678524
0.149000	4.656637
0.149500	4.602563
0.150000	4.522579
0.150500	4.427788
0.151000	4.329779
0.151500	4.237885
0.152000	4.157258
0.152500	4.087573
0.153000	4.024326
0.153500	3.962366
0.154000	3.898314
0.154500	3.830882
0.155000	3.762646
0.155500	3.696824
0.156000	3.635186
0.156500	3.579825
0.157000	3.531867
0.157500	3.489219
0.158000	3.450756
0.158500	3.415028
0.159000	3.380588
0.159500	3.348240
0.160000	3.319594
0.160500	3.295454
0.161000	3.275498
0.161500	3.259565
0.162000	3.247656
0.162500	3.239609
0.163000	3.235425
0.163500	3.234942
0.164000	3.238805
0.164500	3.246530
0.165000	3.258439
0.165500	3.274371
0.166000	3.292879
0.166500	3.313317
0.167000	3.335043
0.167500	3.357574
0.168000	3.381875
0.168500	3.407142
0.169000	3.432892
0.169500	3.458963
0.170000	3.484391
0.170500	3.509013
0.171000	3.532671
0.171500	3.555363
0.172000	3.577089
0.172500	3.598171
0.173000	3.618610
0.173500	3.639049
0.174000	3.659005
0.174500	3.677512
0.175000	3.695054
0.175500	3.710987
0.176000	3.724827
0.176500	3.736575
0.177000	3.746714
0.177500	3.754117
0.178000	3.759106
0.178500	3.763129
0.179000	3.766187
0.179500	3.769244
0.180000	3.772141
0.180500	3.775199
0.181000	3.778418
0.181500	3.781637
0.182000	3.785016
0.182500	3.787591
0.183000	3.788718
0.183500	3.788074
0.184000	3.786143
0.184500	3.782441
0.185000	3.776969
0.185500	3.769727
0.186000	3.760715
0.186500	3.750093
0.187000	3.737380
0.187500	3.723057
0.188000	3.707124
0.188500	3.689743
0.189000	3.671396
0.189500	3.652245
0.190000	3.632451
0.190500	3.612334
0.191000	3.592539
0.191500	3.572905
0.192000	3.553593
0.192500	3.534120
0.193000	3.514485
0.193500	3.494530
0.194000	3.473769
0.194500	3.451882
0.195000	3.428708
0.195500	3.404084
0.196000	3.377691
0.196500	3.349850
0.197000	3.320399
0.197500	3.289982
0.198000	3.258439
0.198500	3.224965
0.199000	3.190524
0.199500	3.154314
0.200000	3.116173
0.200500	3.077709
0.201000	3.039085
0.201500	3.000139
0.202000	2.960871
0.202500	2.921281
0.203000	2.881852
0.203500	2.842423
0.204000	2.802512
0.204500	2.762278
0.205000	2.722205
0.205500	2.681489
0.206000	2.641094
0.206500	2.600539
0.207000	2.560144
0.207500	2.521359
0.208000	2.484666
0.208500	2.450065
0.209000	2.417717
0.209500	2.386979
0.210000	2.358333
0.210500	2.331939
0.211000	2.306995
0.211500	2.283498
0.212000	2.262577
0.212500	2.244230
0.213000	2.228137
0.213500	2.214779
0.214000	2.204158
0.214500	2.195789
0.215000	2.190639
0.215500	2.187742
0.216000	2.187420
0.216500	2.189030
0.217000	2.191926
0.217500	2.196272
0.218000	2.202226
0.218500	2.209629
0.219000	2.218320
0.219500	2.228781
0.220000	2.241173
0.220500	2.255496
0.221000	2.271267
0.221500	2.288326
0.222000	2.306512
0.222500	2.325019
0.223000	2.344492
0.223500	2.363804
0.224000	2.382312
0.224500	2.400819
0.225000	2.420132
0.225500	2.439444
0.226000	2.458595
0.226500	2.477585
0.227000	2.496093
0.227500	2.514117
0.228000	2.531176
0.228500	2.546948
0.229000	2.561593
0.229500	2.574950
0.230000	2.587825
0.230500	2.600378
0.231000	2.612931
0.231500	2.625001
0.232000	2.637071
0.232500	2.649463
0.233000	2.660728
0.233500	2.671028
0.234000	2.680684
0.234500	2.688892
0.235000	2.695812
0.235500	2.702089
0.236000	2.708365
0.236500	2.715446
0.237000	2.722688
0.237500	2.730091
0.238000	2.736851
0.238500	2.742805
0.239000	2.747955
0.239500	2.751656
0.240000	2.754714
0.240500	2.756967
0.241000	2.759220
0.241500	2.762600
0.242000	2.766623
0.242500	2.771612
0.243000	2.777406
0.243500	2.784004
0.244000	2.789476
0.244500	2.792373
0.245000	2.792695
0.245500	2.789959
0.246000	2.784809
0.246500	2.778372
0.247000	2.771451
0.247500	2.764370
0.248000	2.757289
0.248500	2.750852
0.249000	2.745219
0.249500	2.739425
0.250000	2.733471
0.250500	2.727516
0.251000	2.722044
0.251500	2.717056
0.252000	2.712871
0.252500	2.711101
0.253000	2.711262
0.253500	2.713515
0.254000	2.718021
0.254500	2.724619
0.255000	2.732505
0.255500	2.740874
0.256000	2.749081
0.256500	2.756967
0.257000	2.764048
0.257500	2.771129
0.258000	2.779015
0.258500	2.787867
0.259000	2.798649
0.259500	2.811846
0.260000	2.826813
0.260500	2.842584
0.261000	2.856746
0.261500	2.868978
0.262000	2.879277
0.262500	2.887807
0.263000	2.895532
0.263500	2.902935
0.264000	2.910660
0.264500	2.919028
0.265000	2.928362
0.265500	2.939789
0.266000	2.952663
0.266500	2.967148
0.267000	2.983563
0.267500	3.001588
0.268000	3.020739
0.268500	3.041017
0.269000	3.061455
0.269500	3.082055
0.270000	3.102494
0.270500	3.123093
0.271000	3.144015
0.271500	3.165580
0.272000	3.188271
0.272500	3.211446
0.273000	3.235103
0.273500	3.258761
0.274000	3.282579
0.274500	3.306397
0.275000	3.330377
0.275500	3.355160
0.276000	3.381071
0.276500	3.407947
0.277000	3.435627
0.277500	3.464113
0.278000	3.493242
0.278500	3.523498
0.279000	3.554558
0.279500	3.585940
0.280000	3.617805
0.280500	3.649831
0.281000	3.681857
0.281500	3.714205
0.282000	3.746714
0.282500	3.780027
0.283000	3.813340
0.283500	3.847298
0.284000	3.881738
0.284500	3.917304
0.285000	3.953354
0.285500	3.989403
0.286000	4.025935
0.286500	4.061984
0.287000	4.097390
0.287500	4.132795
0.288000	4.167879
0.288500	4.202963
0.289000	4.238208
0.289500	4.273613
0.290000	4.308858
0.290500	4.343298
0.291000	4.377738
0.291500	4.413143
0.292000	4.448871
0.292500	4.485081
0.293000	4.521291
0.293500	4.557501
0.294000	4.593551
0.294500	4.628473
0.295000	4.662108
0.295500	4.695422
0.296000	4.728575
0.296500	4.761405
0.297000	4.794236
0.297500	4.826583
0.298000	4.857644
0.298500	4.887739
