0.000000	-0.030375
0.000500	-0.004777
0.001000	0.001463
0.001500	-0.000997
0.002000	0.002972
0.002500	-0.017356
0.003000	-0.020124
0.003500	-0.039819
0.004000	0.001557
0.004500	-0.025106
0.005000	-0.034675
0.005500	-0.023555
0.006000	-0.017727
0.006500	-0.015119
0.007000	-0.019776
0.007500	-0.038165
0.008000	-0.034129
0.008500	-0.012775
0.009000	-0.053315
0.009500	-0.045334
0.010000	-0.017336
0.010500	-0.022696
0.011000	-0.038135
0.011500	-0.044901
0.012000	-0.030345
0.012500	0.008447
0.013000	-0.027423
0.013500	-0.059351
0.014000	-0.030315
0.014500	-0.029135
0.015000	-0.039951
0.015500	-0.036308
0.016000	-0.015642
0.016500	-0.059054
0.017000	-0.019934
0.017500	-0.025707
0.018000	-0.025585
0.018500	-0.066284
0.019000	-0.044112
0.019500	-0.043499
0.020000	-0.034170
0.020500	-0.031849
0.021000	-0.035821
0.021500	-0.042042
0.022000	-0.009407
0.022500	-0.023379
0.023000	-0.031375
0.023500	-0.011398
0.024000	-0.025332
0.024500	-0.022336
0.025000	-0.015366
0.025500	-0.026978
0.026000	-0.009979
0.026500	-0.025947
0.027000	-0.005671
0.027500	-0.038538
0.028000	-0.027564
0.028500	-0.001354
0.029000	-0.025176
0.029500	-0.035347
0.030000	-0.058761
0.030500	-0.053508
0.031000	-0.041408
0.031500	-0.052950
0.032000	-0.065191
0.032500	-0.069910
0.033000	-0.075005
0.033500	-0.061099
0.034000	-0.017946
0.034500	-0.049587
0.035000	-0.053125
0.035500	-0.079270
0.036000	-0.077529
0.036500	-0.076476
0.037000	-0.082996
0.037500	-0.113580
0.038000	-0.077596
0.038500	-0.077855
0.039000	-0.117380
0.039500	-0.104360
0.040000	-0.098371
0.040500	-0.089602
0.041000	-0.093801
0.041500	-0.067806
0.042000	-0.111350
0.042500	-0.089513
0.043000	-0.117790
0.043500	-0.131080
0.044000	-0.127710
0.044500	-0.140860
0.045000	-0.106370
0.045500	-0.113030
0.046000	-0.129710
0.046500	-0.142340
0.047000	-0.151860
0.047500	-0.163880
0.048000	-0.208600
0.048500	-0.216850
0.049000	-0.235210
0.049500	-0.275880
0.050000	-0.279590
0.050500	-0.307810
0.051000	-0.337930
0.051500	-0.384490
0.052000	-0.455620
0.052500	-0.469380
0.053000	-0.504430
0.053500	-0.617300
0.054000	-0.645020
0.054500	-0.689460
0.055000	-0.767860
0.055500	-0.823360
0.056000	-0.853550
0.056500	-0.917180
0.057000	-0.958610
0.057500	-1.016800
0.058000	-1.055600
0.058500	-1.087600
0.059000	-1.167900
0.059500	-1.221000
0.060000	-1.232900
0.060500	-1.277300
0.061000	-1.319900
0.061500	-1.346800
0.062000	-1.358600
0.062500	-1.387900
0.063000	-1.455900
0.063500	-1.516800
0.064000	-1.597000
0.064500	-1.668000
0.065000	-1.744700
0.065500	-1.843800
0.066000	-1.967100
0.066500	-2.123300
0.067000	-2.273300
0.067500	-2.496900
0.068000	-2.722700
0.068500	-3.045600
0.069000	-3.334300
0.069500	-3.600000
0.070000	-3.907100
0.070500	-4.178300
0.071000	-4.520300
0.071500	-4.850600
0.072000	-5.143000
0.072500	-5.484900
0.073000	-5.824300
0.073500	-6.117200
0.074000	-6.469000
0.074500	-6.785800
0.075000	-7.106000
0.075500	-7.475700
0.076000	-7.798100
0.076500	-8.144000
0.077000	-8.507500
0.077500	-8.868800
0.078000	-9.195100
0.078500	-9.456600
0.079000	-9.763300
0.079500	-9.985700
0.080000	-10.258000
0.080500	-10.463000
0.081000	-10.674000
0.081500	-10.939000
0.082000	-11.159000
0.082500	-11.402000
0.083000	-11.656000
0.083500	-11.958000
0.084000	-12.199000
0.084500	-12.516000
0.085000	-12.852000
0.085500	-13.167000
0.086000	-13.310000
0.086500	-13.514000
0.087000	-13.440000
0.087500	-13.530000
0.088000	-13.325000
0.088500	-13.229000
0.089000	-12.975000
0.089500	-12.918000
0.090000	-12.819000
0.090500	-12.680000
0.091000	-12.462000
0.091500	-12.224000
0.092000	-11.983000
0.092500	-11.591000
0.093000	-11.084000
0.093500	-10.361000
0.094000	-9.684800
0.094500	-8.576400
0.095000	-7.490700
0.095500	-6.433000
0.096000	-5.352200
0.096500	-4.417200
0.097000	-3.420300
0.097500	-2.529200
0.098000	-1.409900
0.098500	-0.408970
0.099000	0.709920
0.099500	1.744900
0.100000	2.791000
0.100500	3.704800
0.101000	4.451100
0.101500	4.984300
0.102000	5.255500
0.102500	5.317400
0.103000	5.245500
0.103500	5.066100
0.104000	4.907000
0.104500	4.822300
0.105000	4.731200
0.105500	4.685400
0.106000	4.637300
0.106500	4.537900
0.107000	4.412700
0.107500	4.332500
0.108000	4.166600
0.108500	4.190000
0.109000	4.187100
0.109500	4.235300
0.110000	4.227000
0.110500	4.132400
0.111000	3.924200
0.111500	3.648100
0.112000	3.232200
0.112500	2.752500
0.113000	2.329800
0.113500	2.017500
0.114000	1.751200
0.114500	1.580200
0.115000	1.397200
0.115500	1.230500
0.116000	0.981190
0.116500	0.695230
0.117000	0.469810
0.117500	0.122230
0.118000	-0.212290
0.118500	-0.590630
0.119000	-0.966010
0.119500	-1.301300
0.120000	-1.689300
0.120500	-2.064100
0.121000	-2.430900
0.121500	-2.761000
0.122000	-3.012500
0.122500	-3.268200
0.123000	-3.400400
0.123500	-3.475900
0.124000	-3.472400
0.124500	-3.340000
0.125000	-3.123000
0.125500	-2.884800
0.126000	-2.597000
0.126500	-2.317000
0.127000	-2.055600
0.127500	-1.857400
0.128000	-1.677000
0.128500	-1.476000
0.129000	-1.321100
0.129500	-1.152500
0.130000	-1.012400
0.130500	-0.806440
0.131000	-0.562150
0.131500	-0.266360
0.132000	0.124220
0.132500	0.593510
0.133000	1.172100
0.133500	1.822900
0.134000	2.542300
0.134500	3.295500
0.135000	4.062600
0.135500	4.856900
0.136000	5.646200
0.136500	6.302200
0.137000	6.923000
0.137500	7.453000
0.138000	7.974500
0.138500	8.348100
0.139000	8.635000
0.139500	8.872900
0.140000	9.067500
0.140500	9.222300
0.141000	9.407000
0.141500	9.650700
0.142000	9.930700
0.142500	10.328000
0.143000	10.756000
0.143500	11.155000
0.144000	11.501000
0.144500	11.733000
0.145000	11.777000
0.145500	11.546000
0.146000	11.221000
0.146500	10.888000
0.147000	10.743000
0.147500	10.964000
0.148000	11.647000
0.148500	12.739000
0.149000	13.995000
0.149500	15.126000
0.150000	15.934000
0.150500	16.379000
0.151000	16.483999
0.151500	16.355000
0.152000	16.150000
0.152500	16.018999
0.153000	16.066999
0.153500	16.243999
0.154000	16.504000
0.154500	16.738001
0.155000	16.886999
0.155500	16.934000
0.156000	16.926001
0.156500	16.879000
0.157000	16.841999
0.157500	16.848000
0.158000	16.879000
0.158500	16.933001
0.159000	16.948999
0.159500	16.912001
0.160000	16.820000
0.160500	16.688000
0.161000	16.520000
0.161500	16.347000
0.162000	16.181000
0.162500	15.979000
0.163000	15.739000
0.163500	15.465000
0.164000	15.155000
0.164500	14.823000
0.165000	14.466000
0.165500	14.117000
0.166000	13.776000
0.166500	13.428000
0.167000	13.140000
0.167500	12.806000
0.168000	12.469000
0.168500	12.147000
0.169000	11.791000
0.169500	11.468000
0.170000	11.125000
0.170500	10.814000
0.171000	10.492000
0.171500	10.157000
0.172000	9.824800
0.172500	9.450200
0.173000	9.090800
0.173500	8.725300
0.174000	8.373800
0.174500	8.041800
0.175000	7.753100
0.175500	7.470100
0.176000	7.230100
0.176500	7.003100
0.177000	6.794000
0.177500	6.590900
0.178000	6.396300
0.178500	6.205900
0.179000	6.015200
0.179500	5.825100
0.180000	5.615800
0.180500	5.407400
0.181000	5.183500
0.181500	4.958800
0.182000	4.744000
0.182500	4.549500
0.183000	4.359100
0.183500	4.174500
0.184000	4.026900
0.184500	3.888300
0.185000	3.728500
0.185500	3.621400
0.186000	3.521800
0.186500	3.393700
0.187000	3.282100
0.187500	3.171600
0.188000	3.057800
0.188500	2.949600
0.189000	2.831000
0.189500	2.726800
0.190000	2.619400
0.190500	2.489300
0.191000	2.393000
0.191500	2.303200
0.192000	2.194300
0.192500	2.105900
0.193000	2.020200
0.193500	1.943200
0.194000	1.845800
0.194500	1.736300
0.195000	1.660700
0.195500	1.548700
0.196000	1.468500
0.196500	1.368200
0.197000	1.267700
0.197500	1.170900
0.198000	1.049900
0.198500	0.949660
0.199000	0.834860
0.199500	0.726610
0.200000	0.612660
0.200500	0.530350
0.201000	0.418530
0.201500	0.322820
0.202000	0.235660
0.202500	0.152370
0.203000	0.082732
0.203500	0.003288
0.204000	-0.053733
0.204500	-0.118720
0.205000	-0.171650
0.205500	-0.234210
0.206000	-0.291050
0.206500	-0.358280
0.207000	-0.420510
0.207500	-0.477640
0.208000	-0.520010
0.208500	-0.565160
0.209000	-0.628450
0.209500	-0.667630
0.210000	-0.704310
0.210500	-0.745030
0.211000	-0.814460
0.211500	-0.835780
0.212000	-0.870830
0.212500	-0.895570
0.213000	-0.919260
0.213500	-0.944160
0.214000	-0.954660
0.214500	-0.966410
0.215000	-0.975060
0.215500	-0.991650
0.216000	-0.978380
0.216500	-1.007500
0.217000	-0.993390
0.217500	-0.986640
0.218000	-0.984010
0.218500	-0.986390
0.219000	-0.985970
0.219500	-0.972440
0.220000	-0.974820
0.220500	-0.962210
0.221000	-0.987600
0.221500	-0.979370
0.222000	-1.002800
0.222500	-1.039400
0.223000	-1.038200
0.223500	-1.083500
0.224000	-1.105500
0.224500	-1.134600
0.225000	-1.159600
0.225500	-1.215200
0.226000	-1.252300
0.226500	-1.275100
0.227000	-1.322800
0.227500	-1.365700
0.228000	-1.424100
0.228500	-1.459200
0.229000	-1.530100
0.229500	-1.568200
0.230000	-1.614800
0.230500	-1.648600
0.231000	-1.694700
0.231500	-1.755200
0.232000	-1.782300
0.232500	-1.838800
0.233000	-1.900300
0.233500	-1.962500
0.234000	-2.005800
0.234500	-2.072800
0.235000	-2.172600
0.235500	-2.205500
0.236000	-2.227100
0.236500	-2.277800
0.237000	-2.307100
0.237500	-2.355400
0.238000	-2.407200
0.238500	-2.448200
0.239000	-2.497200
0.239500	-2.540500
0.240000	-2.593000
0.240500	-2.651800
0.241000	-2.675900
0.241500	-2.708200
0.242000	-2.760600
0.242500	-2.805800
0.243000	-2.814600
0.243500	-2.871600
0.244000	-2.927200
0.244500	-2.984100
0.245000	-3.006600
0.245500	-3.057400
0.246000	-3.078600
0.246500	-3.092600
0.247000	-3.105400
0.247500	-3.115400
0.248000	-3.132300
0.248500	-3.104600
0.249000	-3.093500
0.249500	-3.095800
0.250000	-3.105700
0.250500	-3.071400
0.251000	-3.061200
0.251500	-3.079100
0.252000	-3.061600
0.252500	-3.049800
0.253000	-3.044000
0.253500	-3.079400
0.254000	-3.059300
0.254500	-3.062800
0.255000	-3.065000
0.255500	-3.076300
0.256000	-3.046600
0.256500	-3.029300
0.257000	-3.002100
0.257500	-2.964000
0.258000	-2.930100
0.258500	-2.910700
0.259000	-2.867900
0.259500	-2.848200
0.260000	-2.784100
0.260500	-2.784400
0.261000	-2.821600
0.261500	-2.773200
0.262000	-2.790700
0.262500	-2.777000
0.263000	-2.773300
0.263500	-2.769600
0.264000	-2.728400
0.264500	-2.692900
0.265000	-2.652800
0.265500	-2.608100
0.266000	-2.566600
0.266500	-2.532500
0.267000	-2.470400
0.267500	-2.449200
0.268000	-2.422400
0.268500	-2.415300
0.269000	-2.394700
0.269500	-2.368600
0.270000	-2.387500
0.270500	-2.337300
0.271000	-2.340800
0.271500	-2.300900
0.272000	-2.255700
0.272500	-2.245100
0.273000	-2.183500
0.273500	-2.176900
0.274000	-2.123500
0.274500	-2.058600
0.275000	-2.025400
0.275500	-1.970500
0.276000	-1.899000
0.276500	-1.818000
0.277000	-1.768100
0.277500	-1.704600
0.278000	-1.666700
0.278500	-1.612200
0.279000	-1.570300
0.279500	-1.540900
0.280000	-1.502800
0.280500	-1.487900
0.281000	-1.460200
0.281500	-1.442600
0.282000	-1.439700
0.282500	-1.433200
0.283000	-1.418600
0.283500	-1.424200
0.284000	-1.408500
0.284500	-1.369900
0.285000	-1.391300
0.285500	-1.363400
0.286000	-1.342900
0.286500	-1.373500
0.287000	-1.355000
0.287500	-1.340100
0.288000	-1.347100
0.288500	-1.314500
0.289000	-1.337200
0.289500	-1.299700
0.290000	-1.309100
0.290500	-1.304900
0.291000	-1.284400
0.291500	-1.289400
0.292000	-1.299200
0.292500	-1.300200
0.293000	-1.314600
0.293500	-1.302800
0.294000	-1.285200
0.294500	-1.339500
0.295000	-1.292200
0.295500	-1.310800
0.296000	-1.304100
0.296500	-1.339800
0.297000	-1.366300
0.297500	-1.384400
0.298000	-1.426500
0.298500	-1.423400
