0.000000	0.000249
0.000500	0.000365
0.001000	-0.000202
0.001500	-0.000593
0.002000	-0.000510
0.002500	-0.000761
0.003000	-0.001082
0.003500	-0.001116
0.004000	-0.001053
0.004500	-0.000802
0.005000	-0.000991
0.005500	-0.001677
0.006000	-0.002291
0.006500	-0.002764
0.007000	-0.003245
0.007500	-0.003840
0.008000	-0.004352
0.008500	-0.004875
0.009000	-0.005278
0.009500	-0.005622
0.010000	-0.006165
0.010500	-0.007019
0.011000	-0.007734
0.011500	-0.008396
0.012000	-0.009194
0.012500	-0.009936
0.013000	-0.010955
0.013500	-0.011765
0.014000	-0.012305
0.014500	-0.012760
0.015000	-0.013477
0.015500	-0.014463
0.016000	-0.015261
0.016500	-0.015811
0.017000	-0.016283
0.017500	-0.016993
0.018000	-0.017817
0.018500	-0.018596
0.019000	-0.018882
0.019500	-0.019071
0.020000	-0.018976
0.020500	-0.018458
0.021000	-0.017988
0.021500	-0.017445
0.022000	-0.017255
0.022500	-0.017267
0.023000	-0.017280
0.023500	-0.017373
0.024000	-0.017249
0.024500	-0.016851
0.025000	-0.016444
0.025500	-0.016140
0.026000	-0.016087
0.026500	-0.016325
0.027000	-0.016790
0.027500	-0.017516
0.028000	-0.018404
0.028500	-0.018984
0.029000	-0.019357
0.029500	-0.019932
0.030000	-0.020838
0.030500	-0.021810
0.031000	-0.022779
0.031500	-0.023636
0.032000	-0.024364
0.032500	-0.025132
0.033000	-0.025593
0.033500	-0.025997
0.034000	-0.026622
0.034500	-0.027341
0.035000	-0.027800
0.035500	-0.028155
0.036000	-0.028748
0.036500	-0.029515
0.037000	-0.030185
0.037500	-0.030637
0.038000	-0.031080
0.038500	-0.031551
0.039000	-0.032351
0.039500	-0.033181
0.040000	-0.033619
0.040500	-0.033891
0.041000	-0.034176
0.041500	-0.035040
0.042000	-0.035698
0.042500	-0.036268
0.043000	-0.036799
0.043500	-0.037208
0.044000	-0.037981
0.044500	-0.038537
0.045000	-0.039142
0.045500	-0.040105
0.046000	-0.041033
0.046500	-0.041877
0.047000	-0.042625
0.047500	-0.043221
0.048000	-0.043822
0.048500	-0.044548
0.049000	-0.045042
0.049500	-0.044954
0.050000	-0.044595
0.050500	-0.044035
0.051000	-0.043373
0.051500	-0.042339
0.052000	-0.041016
0.052500	-0.040071
0.053000	-0.039155
0.053500	-0.037797
0.054000	-0.036439
0.054500	-0.035349
0.055000	-0.034672
0.055500	-0.034285
0.056000	-0.034086
0.056500	-0.034208
0.057000	-0.034741
0.057500	-0.035834
0.058000	-0.037860
0.058500	-0.040778
0.059000	-0.044001
0.059500	-0.047614
0.060000	-0.052009
0.060500	-0.056897
0.061000	-0.061662
0.061500	-0.065774
0.062000	-0.069609
0.062500	-0.073000
0.063000	-0.075610
0.063500	-0.078633
0.064000	-0.082976
0.064500	-0.089428
0.065000	-0.098445
0.065500	-0.110733
0.066000	-0.127032
0.066500	-0.146956
0.067000	-0.170446
0.067500	-0.196807
0.068000	-0.225356
0.068500	-0.257350
0.069000	-0.293754
0.069500	-0.336836
0.070000	-0.389268
0.070500	-0.453256
0.071000	-0.531325
0.071500	-0.625085
0.072000	-0.734633
0.072500	-0.859116
0.073000	-0.997600
0.073500	-1.148621
0.074000	-1.311696
0.074500	-1.487195
0.075000	-1.674201
0.075500	-1.871184
0.076000	-2.077663
0.076500	-2.292832
0.077000	-2.515566
0.077500	-2.744414
0.078000	-2.977769
0.078500	-3.210802
0.079000	-3.435949
0.079500	-3.643716
0.080000	-3.821387
0.080500	-3.957216
0.081000	-4.042189
0.081500	-4.070675
0.082000	-4.043638
0.082500	-3.966711
0.083000	-3.848102
0.083500	-3.698755
0.084000	-3.530418
0.084500	-3.353712
0.085000	-3.177328
0.085500	-3.008669
0.086000	-2.851114
0.086500	-2.707238
0.087000	-2.578652
0.087500	-2.465998
0.088000	-2.368150
0.088500	-2.283015
0.089000	-2.206250
0.089500	-2.132864
0.090000	-2.057225
0.090500	-1.972573
0.091000	-1.872633
0.091500	-1.752093
0.092000	-1.606673
0.092500	-1.434457
0.093000	-1.236008
0.093500	-1.015013
0.094000	-0.775784
0.094500	-0.522940
0.095000	-0.263401
0.095500	-0.003627
0.096000	0.248901
0.096500	0.487148
0.097000	0.706180
0.097500	0.903132
0.098000	1.077536
0.098500	1.229748
0.099000	1.362149
0.099500	1.476605
0.100000	1.573584
0.100500	1.651992
0.101000	1.710411
0.101500	1.746943
0.102000	1.759013
0.102500	1.746138
0.103000	1.709445
0.103500	1.652313
0.104000	1.581502
0.104500	1.504849
0.105000	1.430240
0.105500	1.364869
0.106000	1.313724
0.106500	1.279074
0.107000	1.259634
0.107500	1.251716
0.108000	1.250669
0.108500	1.252038
0.109000	1.251329
0.109500	1.245085
0.110000	1.230778
0.110500	1.208054
0.111000	1.177332
0.111500	1.137162
0.112000	1.087289
0.112500	1.027518
0.113000	0.956031
0.113500	0.870977
0.114000	0.770425
0.114500	0.652991
0.115000	0.519174
0.115500	0.371050
0.116000	0.211548
0.116500	0.045601
0.117000	-0.121449
0.117500	-0.283872
0.118000	-0.435456
0.118500	-0.571317
0.119000	-0.688188
0.119500	-0.783300
0.120000	-0.854948
0.120500	-0.904033
0.121000	-0.932631
0.121500	-0.942915
0.122000	-0.937910
0.122500	-0.921543
0.123000	-0.897660
0.123500	-0.869335
0.124000	-0.839466
0.124500	-0.810884
0.125000	-0.785698
0.125500	-0.765227
0.126000	-0.750228
0.126500	-0.741151
0.127000	-0.737240
0.127500	-0.737063
0.128000	-0.739043
0.128500	-0.742326
0.129000	-0.747637
0.129500	-0.755973
0.130000	-0.768574
0.130500	-0.787661
0.131000	-0.815036
0.131500	-0.850796
0.132000	-0.895133
0.132500	-0.947533
0.133000	-1.006403
0.133500	-1.070037
0.134000	-1.136165
0.134500	-1.202647
0.135000	-1.267889
0.135500	-1.331330
0.136000	-1.392018
0.136500	-1.448168
0.137000	-1.498573
0.137500	-1.541913
0.138000	-1.578187
0.138500	-1.608040
0.139000	-1.632358
0.139500	-1.653118
0.140000	-1.671143
0.140500	-1.687075
0.141000	-1.702364
0.141500	-1.717814
0.142000	-1.733746
0.142500	-1.750805
0.143000	-1.769152
0.143500	-1.787498
0.144000	-1.805362
0.144500	-1.821938
0.145000	-1.837066
0.145500	-1.850906
0.146000	-1.863298
0.146500	-1.873276
0.147000	-1.879231
0.147500	-1.880358
0.148000	-1.875530
0.148500	-1.863459
0.149000	-1.843343
0.149500	-1.813892
0.150000	-1.775107
0.150500	-1.726987
0.151000	-1.669533
0.151500	-1.603502
0.152000	-1.529488
0.152500	-1.449198
0.153000	-1.363243
0.153500	-1.272364
0.154000	-1.177879
0.154500	-1.081061
0.155000	-0.983164
0.155500	-0.885429
0.156000	-0.788691
0.156500	-0.694013
0.157000	-0.602780
0.157500	-0.516648
0.158000	-0.437082
0.158500	-0.364693
0.159000	-0.299901
0.159500	-0.243445
0.160000	-0.195551
0.160500	-0.155477
0.161000	-0.122746
0.161500	-0.097109
0.162000	-0.077722
0.162500	-0.063838
0.163000	-0.054095
0.163500	-0.047099
0.164000	-0.041746
0.164500	-0.036197
0.165000	-0.029020
0.165500	-0.019610
0.166000	-0.007258
0.166500	0.007876
0.167000	0.025743
0.167500	0.047295
0.168000	0.072707
0.168500	0.101091
0.169000	0.131857
0.169500	0.164797
0.170000	0.199333
0.170500	0.234819
0.171000	0.271384
0.171500	0.309638
0.172000	0.349759
0.172500	0.391376
0.173000	0.434056
0.173500	0.476881
0.174000	0.519062
0.174500	0.561001
0.175000	0.603021
0.175500	0.645733
0.176000	0.689282
0.176500	0.732541
0.177000	0.774288
0.177500	0.813379
0.178000	0.848688
0.178500	0.879828
0.179000	0.907541
0.179500	0.932454
0.180000	0.955918
0.180500	0.978690
0.181000	1.000545
0.181500	1.021853
0.182000	1.042163
0.182500	1.060751
0.183000	1.077987
0.183500	1.094434
0.184000	1.110077
0.184500	1.125591
0.185000	1.141572
0.185500	1.157328
0.186000	1.171586
0.186500	1.184252
0.187000	1.195421
0.187500	1.204288
0.188000	1.210758
0.188500	1.214942
0.189000	1.217260
0.189500	1.218273
0.190000	1.218386
0.190500	1.218869
0.191000	1.220655
0.191500	1.224003
0.192000	1.229072
0.192500	1.235831
0.193000	1.244361
0.193500	1.254291
0.194000	1.265170
0.194500	1.276548
0.195000	1.287878
0.195500	1.298853
0.196000	1.309427
0.196500	1.318874
0.197000	1.326212
0.197500	1.331459
0.198000	1.335047
0.198500	1.336657
0.199000	1.336496
0.199500	1.335063
0.200000	1.332939
0.200500	1.330686
0.201000	1.328723
0.201500	1.327483
0.202000	1.327451
0.202500	1.328755
0.203000	1.331410
0.203500	1.336625
0.204000	1.344365
0.204500	1.353861
0.205000	1.365078
0.205500	1.378033
0.206000	1.392002
0.206500	1.406132
0.207000	1.419554
0.207500	1.431898
0.208000	1.443775
0.208500	1.455137
0.209000	1.465823
0.209500	1.475849
0.210000	1.485103
0.210500	1.493343
0.211000	1.501421
0.211500	1.509484
0.212000	1.516935
0.212500	1.524242
0.213000	1.531581
0.213500	1.538758
0.214000	1.545968
0.214500	1.553934
0.215000	1.562319
0.215500	1.571058
0.216000	1.581213
0.216500	1.593621
0.217000	1.608507
0.217500	1.626242
0.218000	1.647485
0.218500	1.672591
0.219000	1.702042
0.219500	1.736160
0.220000	1.774624
0.220500	1.816789
0.221000	1.862011
0.221500	1.909326
0.222000	1.957284
0.222500	2.004599
0.223000	2.049982
0.223500	2.092469
0.224000	2.131094
0.224500	2.165694
0.225000	2.195628
0.225500	2.219768
0.226000	2.238598
0.226500	2.251472
0.227000	2.258393
0.227500	2.260163
0.228000	2.256300
0.228500	2.246966
0.229000	2.231999
0.229500	2.211239
0.230000	2.186133
0.230500	2.157004
0.231000	2.124173
0.231500	2.089089
0.232000	2.051592
0.232500	2.012324
0.233000	1.972090
0.233500	1.931374
0.234000	1.890175
0.234500	1.849297
0.235000	1.809707
0.235500	1.770761
0.236000	1.732781
0.236500	1.696731
0.237000	1.663096
0.237500	1.632519
0.238000	1.604918
0.238500	1.580424
0.239000	1.559149
0.239500	1.541446
0.240000	1.527589
0.240500	1.517885
0.241000	1.511641
0.241500	1.508824
0.242000	1.509790
0.242500	1.513620
0.243000	1.519687
0.243500	1.527686
0.244000	1.537567
0.244500	1.549171
0.245000	1.561707
0.245500	1.575355
0.246000	1.589308
0.246500	1.603116
0.247000	1.616908
0.247500	1.630265
0.248000	1.643301
0.248500	1.655532
0.249000	1.666476
0.249500	1.675488
0.250000	1.682408
0.250500	1.687397
0.251000	1.689328
0.251500	1.688363
0.252000	1.683857
0.252500	1.676454
0.253000	1.666958
0.253500	1.655532
0.254000	1.642496
0.254500	1.627851
0.255000	1.612241
0.255500	1.595214
0.256000	1.577141
0.256500	1.558312
0.257000	1.539144
0.257500	1.519961
0.258000	1.500037
0.258500	1.479888
0.259000	1.459997
0.259500	1.439687
0.260000	1.418540
0.260500	1.397570
0.261000	1.377019
0.261500	1.356774
0.262000	1.337156
0.262500	1.318020
0.263000	1.299159
0.263500	1.281102
0.264000	1.263721
0.264500	1.246501
0.265000	1.229845
0.265500	1.213976
0.266000	1.198768
0.266500	1.183206
0.267000	1.167128
0.267500	1.150777
0.268000	1.133461
0.268500	1.115565
0.269000	1.097476
0.269500	1.078936
0.270000	1.060139
0.270500	1.041503
0.271000	1.024026
0.271500	1.007868
0.272000	0.993673
0.272500	0.981941
0.273000	0.972671
0.273500	0.967699
0.274000	0.967747
0.274500	0.972655
0.275000	0.982521
0.275500	0.998131
0.276000	1.019053
0.276500	1.044014
0.277000	1.072193
0.277500	1.101869
0.278000	1.131047
0.278500	1.159033
0.279000	1.185298
0.279500	1.208505
0.280000	1.228911
0.280500	1.246501
0.281000	1.260776
0.281500	1.272428
0.282000	1.281698
0.282500	1.288618
0.283000	1.293011
0.283500	1.294122
0.284000	1.291885
0.284500	1.286638
0.285000	1.278399
0.285500	1.267085
0.286000	1.253067
0.286500	1.237151
0.287000	1.220044
0.287500	1.201890
0.288000	1.183672
0.288500	1.166276
0.289000	1.150552
0.289500	1.137227
0.290000	1.126798
0.290500	1.119540
0.291000	1.114245
0.291500	1.110834
0.292000	1.109965
0.292500	1.110753
0.293000	1.112041
0.293500	1.113328
0.294000	1.114133
0.294500	1.113859
0.295000	1.112572
0.295500	1.110560
0.296000	1.107470
0.296500	1.103769
0.297000	1.100019
0.297500	1.097379
0.298000	1.096655
0.298500	1.097733
