0.000000	0.998750
0.000500	0.998750
0.001000	0.998750
0.001500	0.998750
0.002000	0.998750
0.002500	0.998750
0.003000	0.998750
0.003500	0.998750
0.004000	0.998750
0.004500	0.998760
0.005000	0.998760
0.005500	0.998760
0.006000	0.998760
0.006500	0.998760
0.007000	0.998760
0.007500	0.998760
0.008000	0.998760
0.008500	0.998760
0.009000	0.998760
0.009500	0.998760
0.010000	0.998760
0.010500	0.998760
0.011000	0.998760
0.011500	0.998760
0.012000	0.998760
0.012500	0.998760
0.013000	0.998760
0.013500	0.998760
0.014000	0.998760
0.014500	0.998760
0.015000	0.998760
0.015500	0.998760
0.016000	0.998760
0.016500	0.998760
0.017000	0.998760
0.017500	0.998760
0.018000	0.998760
0.018500	0.998760
0.019000	0.998760
0.019500	0.998760
0.020000	0.998760
0.020500	0.998760
0.021000	0.998760
0.021500	0.998760
0.022000	0.998760
0.022500	0.998760
0.023000	0.998760
0.023500	0.998760
0.024000	0.998760
0.024500	0.998760
0.025000	0.998760
0.025500	0.998760
0.026000	0.998760
0.026500	0.998760
0.027000	0.998760
0.027500	0.998760
0.028000	0.998760
0.028500	0.998760
0.029000	0.998760
0.029500	0.998760
0.030000	0.998760
0.030500	0.998760
0.031000	0.998760
0.031500	0.998760
0.032000	0.998760
0.032500	0.998760
0.033000	0.998760
0.033500	0.998760
0.034000	0.998760
0.034500	0.998760
0.035000	0.998760
0.035500	0.998760
0.036000	0.998760
0.036500	0.998760
0.037000	0.998760
0.037500	0.998760
0.038000	0.998760
0.038500	0.998760
0.039000	0.998750
0.039500	0.998750
0.040000	0.998750
0.040500	0.998750
0.041000	0.998750
0.041500	0.998750
0.042000	0.998750
0.042500	0.998750
0.043000	0.998750
0.043500	0.998750
0.044000	0.998750
0.044500	0.998750
0.045000	0.998750
0.045500	0.998750
0.046000	0.998750
0.046500	0.998750
0.047000	0.998740
0.047500	0.998740
0.048000	0.998740
0.048500	0.998740
0.049000	0.998740
0.049500	0.998740
0.050000	0.998740
0.050500	0.998740
0.051000	0.998740
0.051500	0.998740
0.052000	0.998740
0.052500	0.998730
0.053000	0.998730
0.053500	0.998730
0.054000	0.998730
0.054500	0.998730
0.055000	0.998730
0.055500	0.998730
0.056000	0.998730
0.056500	0.998730
0.057000	0.998730
0.057500	0.998730
0.058000	0.998730
0.058500	0.998730
0.059000	0.998730
0.059500	0.998720
0.060000	0.998720
0.060500	0.998720
0.061000	0.998720
0.061500	0.998720
0.062000	0.998720
0.062500	0.998720
0.063000	0.998720
0.063500	0.998720
0.064000	0.998720
0.064500	0.998720
0.065000	0.998720
0.065500	0.998720
0.066000	0.998720
0.066500	0.998720
0.067000	0.998720
0.067500	0.998720
0.068000	0.998710
0.068500	0.998710
0.069000	0.998720
0.069500	0.998720
0.070000	0.998720
0.070500	0.998720
0.071000	0.998720
0.071500	0.998720
0.072000	0.998720
0.072500	0.998730
0.073000	0.998730
0.073500	0.998740
0.074000	0.998740
0.074500	0.998750
0.075000	0.998750
0.075500	0.998760
0.076000	0.998760
0.076500	0.998770
0.077000	0.998780
0.077500	0.998780
0.078000	0.998790
0.078500	0.998800
0.079000	0.998800
0.079500	0.998810
0.080000	0.998820
0.080500	0.998820
0.081000	0.998830
0.081500	0.998830
0.082000	0.998840
0.082500	0.998840
0.083000	0.998850
0.083500	0.998850
0.084000	0.998850
0.084500	0.998840
0.085000	0.998840
0.085500	0.998830
0.086000	0.998820
0.086500	0.998810
0.087000	0.998790
0.087500	0.998770
0.088000	0.998750
0.088500	0.998720
0.089000	0.998690
0.089500	0.998650
0.090000	0.998600
0.090500	0.998540
0.091000	0.998480
0.091500	0.998410
0.092000	0.998330
0.092500	0.998240
0.093000	0.998140
0.093500	0.998030
0.094000	0.997900
0.094500	0.997750
0.095000	0.997590
0.095500	0.997410
0.096000	0.997200
0.096500	0.996970
0.097000	0.996710
0.097500	0.996420
0.098000	0.996100
0.098500	0.995740
0.099000	0.995340
0.099500	0.994900
0.100000	0.994410
0.100500	0.993870
0.101000	0.993270
0.101500	0.992610
0.102000	0.991890
0.102500	0.991110
0.103000	0.990260
0.103500	0.989330
0.104000	0.988330
0.104500	0.987250
0.105000	0.986100
0.105500	0.984860
0.106000	0.983540
0.106500	0.982130
0.107000	0.980640
0.107500	0.979050
0.108000	0.977380
0.108500	0.975610
0.109000	0.973750
0.109500	0.971800
0.110000	0.969750
0.110500	0.967610
0.111000	0.965370
0.111500	0.963030
0.112000	0.960590
0.112500	0.958060
0.113000	0.955440
0.113500	0.952720
0.114000	0.949920
0.114500	0.947030
0.115000	0.944050
0.115500	0.940990
0.116000	0.937850
0.116500	0.934630
0.117000	0.931320
0.117500	0.927940
0.118000	0.924490
0.118500	0.920970
0.119000	0.917380
0.119500	0.913720
0.120000	0.910010
0.120500	0.906240
0.121000	0.902420
0.121500	0.898550
0.122000	0.894650
0.122500	0.890700
0.123000	0.886730
0.123500	0.882720
0.124000	0.878700
0.124500	0.874670
0.125000	0.870620
0.125500	0.866580
0.126000	0.862540
0.126500	0.858510
0.127000	0.854500
0.127500	0.850500
0.128000	0.846510
0.128500	0.842550
0.129000	0.838610
0.129500	0.834680
0.130000	0.830780
0.130500	0.826890
0.131000	0.823030
0.131500	0.819190
0.132000	0.815380
0.132500	0.811600
0.133000	0.807860
0.133500	0.804160
0.134000	0.800510
0.134500	0.796930
0.135000	0.793410
0.135500	0.789970
0.136000	0.786620
0.136500	0.783360
0.137000	0.780200
0.137500	0.777150
0.138000	0.774200
0.138500	0.771350
0.139000	0.768600
0.139500	0.765950
0.140000	0.763390
0.140500	0.760920
0.141000	0.758520
0.141500	0.756210
0.142000	0.753970
0.142500	0.751810
0.143000	0.749720
0.143500	0.747710
0.144000	0.745770
0.144500	0.743920
0.145000	0.742130
0.145500	0.740410
0.146000	0.738740
0.146500	0.737120
0.147000	0.735520
0.147500	0.733950
0.148000	0.732390
0.148500	0.730860
0.149000	0.729380
0.149500	0.727960
0.150000	0.726610
0.150500	0.725340
0.151000	0.724160
0.151500	0.723070
0.152000	0.722050
0.152500	0.721100
0.153000	0.720220
0.153500	0.719400
0.154000	0.718630
0.154500	0.717940
0.155000	0.717300
0.155500	0.716720
0.156000	0.716210
0.156500	0.715750
0.157000	0.715350
0.157500	0.714990
0.158000	0.714680
0.158500	0.714420
0.159000	0.714210
0.159500	0.714040
0.160000	0.713920
0.160500	0.713830
0.161000	0.713790
0.161500	0.713790
0.162000	0.713830
0.162500	0.713910
0.163000	0.714030
0.163500	0.714190
0.164000	0.714380
0.164500	0.714610
0.165000	0.714870
0.165500	0.715170
0.166000	0.715510
0.166500	0.715880
0.167000	0.716290
0.167500	0.716730
0.168000	0.717220
0.168500	0.717730
0.169000	0.718290
0.169500	0.718890
0.170000	0.719520
0.170500	0.720200
0.171000	0.720910
0.171500	0.721670
0.172000	0.722470
0.172500	0.723310
0.173000	0.724190
0.173500	0.725120
0.174000	0.726090
0.174500	0.727100
0.175000	0.728150
0.175500	0.729250
0.176000	0.730390
0.176500	0.731560
0.177000	0.732780
0.177500	0.734040
0.178000	0.735340
0.178500	0.736680
0.179000	0.738060
0.179500	0.739480
0.180000	0.740930
0.180500	0.742420
0.181000	0.743940
0.181500	0.745500
0.182000	0.747080
0.182500	0.748690
0.183000	0.750330
0.183500	0.752000
0.184000	0.753690
0.184500	0.755400
0.185000	0.757140
0.185500	0.758890
0.186000	0.760670
0.186500	0.762460
0.187000	0.764280
0.187500	0.766100
0.188000	0.767950
0.188500	0.769800
0.189000	0.771670
0.189500	0.773550
0.190000	0.775440
0.190500	0.777330
0.191000	0.779230
0.191500	0.781140
0.192000	0.783050
0.192500	0.784960
0.193000	0.786870
0.193500	0.788780
0.194000	0.790690
0.194500	0.792590
0.195000	0.794500
0.195500	0.796400
0.196000	0.798300
0.196500	0.800190
0.197000	0.802090
0.197500	0.803970
0.198000	0.805860
0.198500	0.807730
0.199000	0.809610
0.199500	0.811480
0.200000	0.813340
0.200500	0.815200
0.201000	0.817050
0.201500	0.818890
0.202000	0.820730
0.202500	0.822560
0.203000	0.824380
0.203500	0.826190
0.204000	0.828000
0.204500	0.829790
0.205000	0.831580
0.205500	0.833360
0.206000	0.835130
0.206500	0.836890
0.207000	0.838640
0.207500	0.840380
0.208000	0.842100
0.208500	0.843820
0.209000	0.845530
0.209500	0.847220
0.210000	0.848910
0.210500	0.850580
0.211000	0.852240
0.211500	0.853890
0.212000	0.855520
0.212500	0.857150
0.213000	0.858760
0.213500	0.860360
0.214000	0.861950
0.214500	0.863520
0.215000	0.865090
0.215500	0.866630
0.216000	0.868170
0.216500	0.869690
0.217000	0.871200
0.217500	0.872700
0.218000	0.874180
0.218500	0.875650
0.219000	0.877110
0.219500	0.878550
0.220000	0.879970
0.220500	0.881380
0.221000	0.882780
0.221500	0.884160
0.222000	0.885530
0.222500	0.886880
0.223000	0.888210
0.223500	0.889540
0.224000	0.890840
0.224500	0.892130
0.225000	0.893410
0.225500	0.894680
0.226000	0.895930
0.226500	0.897160
0.227000	0.898380
0.227500	0.899590
0.228000	0.900780
0.228500	0.901960
0.229000	0.903120
0.229500	0.904270
0.230000	0.905410
0.230500	0.906530
0.231000	0.907630
0.231500	0.908730
0.232000	0.909810
0.232500	0.910880
0.233000	0.911930
0.233500	0.912970
0.234000	0.914000
0.234500	0.915010
0.235000	0.916020
0.235500	0.917010
0.236000	0.917990
0.236500	0.918950
0.237000	0.919910
0.237500	0.920850
0.238000	0.921790
0.238500	0.922710
0.239000	0.923620
0.239500	0.924520
0.240000	0.925410
0.240500	0.926290
0.241000	0.927150
0.241500	0.928010
0.242000	0.928860
0.242500	0.929700
0.243000	0.930530
0.243500	0.931340
0.244000	0.932150
0.244500	0.932950
0.245000	0.933740
0.245500	0.934520
0.246000	0.935290
0.246500	0.936050
0.247000	0.936800
0.247500	0.937540
0.248000	0.938270
0.248500	0.938990
0.249000	0.939710
0.249500	0.940410
0.250000	0.941110
0.250500	0.941790
0.251000	0.942470
0.251500	0.943130
0.252000	0.943790
0.252500	0.944440
0.253000	0.945080
0.253500	0.945710
0.254000	0.946340
0.254500	0.946960
0.255000	0.947570
0.255500	0.948170
0.256000	0.948760
0.256500	0.949350
0.257000	0.949930
0.257500	0.950500
0.258000	0.951070
0.258500	0.951630
0.259000	0.952180
0.259500	0.952720
0.260000	0.953250
0.260500	0.953780
0.261000	0.954290
0.261500	0.954800
0.262000	0.955310
0.262500	0.955800
0.263000	0.956290
0.263500	0.956760
0.264000	0.957230
0.264500	0.957700
0.265000	0.958150
0.265500	0.958600
0.266000	0.959040
0.266500	0.959470
0.267000	0.959890
0.267500	0.960310
0.268000	0.960720
0.268500	0.961120
0.269000	0.961510
0.269500	0.961900
0.270000	0.962270
0.270500	0.962640
0.271000	0.963010
0.271500	0.963360
0.272000	0.963710
0.272500	0.964050
0.273000	0.964380
0.273500	0.964710
0.274000	0.965020
0.274500	0.965330
0.275000	0.965630
0.275500	0.965930
0.276000	0.966210
0.276500	0.966490
0.277000	0.966760
0.277500	0.967020
0.278000	0.967280
0.278500	0.967520
0.279000	0.967760
0.279500	0.967990
0.280000	0.968210
0.280500	0.968430
0.281000	0.968640
0.281500	0.968840
0.282000	0.969030
0.282500	0.969220
0.283000	0.969400
0.283500	0.969570
0.284000	0.969740
0.284500	0.969900
0.285000	0.970060
0.285500	0.970200
0.286000	0.970350
0.286500	0.970480
0.287000	0.970620
0.287500	0.970740
0.288000	0.970860
0.288500	0.970980
0.289000	0.971080
0.289500	0.971190
0.290000	0.971280
0.290500	0.971380
0.291000	0.971460
0.291500	0.971540
0.292000	0.971620
0.292500	0.971690
0.293000	0.971750
0.293500	0.971810
0.294000	0.971870
0.294500	0.971920
0.295000	0.971970
0.295500	0.972010
0.296000	0.972050
0.296500	0.972080
0.297000	0.972110
0.297500	0.972140
0.298000	0.972160
0.298500	0.972170
