0.000000	-0.239780
0.000500	-0.239780
0.001000	-0.239780
0.001500	-0.239780
0.002000	-0.239780
0.002500	-0.239780
0.003000	-0.239760
0.003500	-0.155350
0.004000	-0.081603
0.004500	-0.018314
0.005000	0.034746
0.005500	0.077999
0.006000	0.111190
0.006500	0.132900
0.007000	0.141710
0.007500	0.134210
0.008000	0.107550
0.008500	0.074635
0.009000	0.049693
0.009500	0.046545
0.010000	0.064145
0.010500	0.085384
0.011000	0.092472
0.011500	0.071039
0.012000	0.040965
0.012500	0.009539
0.013000	-0.022530
0.013500	-0.054955
0.014000	-0.090115
0.014500	-0.126020
0.015000	-0.159600
0.015500	-0.186640
0.016000	-0.173520
0.016500	-0.126100
0.017000	-0.071817
0.017500	-0.036990
0.018000	-0.007647
0.018500	0.020222
0.019000	0.033818
0.019500	0.020342
0.020000	-0.012243
0.020500	-0.046636
0.021000	-0.081597
0.021500	-0.115890
0.022000	-0.149840
0.022500	-0.183890
0.023000	-0.216950
0.023500	-0.247900
0.024000	-0.260750
0.024500	-0.233730
0.025000	-0.183390
0.025500	-0.127350
0.026000	-0.076552
0.026500	-0.017644
0.027000	0.042746
0.027500	0.095254
0.028000	0.132430
0.028500	0.156370
0.029000	0.166810
0.029500	0.162800
0.030000	0.144650
0.030500	0.122810
0.031000	0.099921
0.031500	0.075949
0.032000	0.050819
0.032500	0.024361
0.033000	-0.002535
0.033500	-0.028794
0.034000	-0.053087
0.034500	-0.068115
0.035000	-0.076327
0.035500	-0.085065
0.036000	-0.101570
0.036500	-0.127050
0.037000	-0.157200
0.037500	-0.188200
0.038000	-0.216200
0.038500	-0.238690
0.039000	-0.255720
0.039500	-0.267370
0.040000	-0.273690
0.040500	-0.265860
0.041000	-0.229950
0.041500	-0.173470
0.042000	-0.104540
0.042500	-0.016814
0.043000	0.102120
0.043500	0.227930
0.044000	0.335280
0.044500	0.406810
0.045000	0.458720
0.045500	0.489170
0.046000	0.493330
0.046500	0.471850
0.047000	0.443650
0.047500	0.409300
0.048000	0.367050
0.048500	0.315930
0.049000	0.262370
0.049500	0.208500
0.050000	0.154710
0.050500	0.101140
0.051000	0.046545
0.051500	-0.006975
0.052000	-0.056555
0.052500	-0.097837
0.053000	-0.086318
0.053500	-0.023696
0.054000	0.061061
0.054500	0.140010
0.055000	0.221860
0.055500	0.309070
0.056000	0.389640
0.056500	0.451550
0.057000	0.497250
0.057500	0.538140
0.058000	0.575650
0.058500	0.611240
0.059000	0.645720
0.059500	0.678700
0.060000	0.710650
0.060500	0.742050
0.061000	0.775840
0.061500	0.809160
0.062000	0.827240
0.062500	0.815060
0.063000	0.760170
0.063500	0.670240
0.064000	0.558920
0.064500	0.439450
0.065000	0.322980
0.065500	0.207670
0.066000	0.091237
0.066500	-0.028090
0.067000	-0.152240
0.067500	-0.282540
0.068000	-0.415530
0.068500	-0.547000
0.069000	-0.672900
0.069500	-0.792620
0.070000	-0.908150
0.070500	-1.021500
0.071000	-1.134400
0.071500	-1.240800
0.072000	-1.337900
0.072500	-1.426700
0.073000	-1.507900
0.073500	-1.564700
0.074000	-1.587200
0.074500	-1.573400
0.075000	-1.521200
0.075500	-1.436300
0.076000	-1.336100
0.076500	-1.236000
0.077000	-1.151300
0.077500	-1.081100
0.078000	-1.012700
0.078500	-0.944140
0.079000	-0.873350
0.079500	-0.795990
0.080000	-0.711010
0.080500	-0.626720
0.081000	-0.551660
0.081500	-0.495560
0.082000	-0.457920
0.082500	-0.426230
0.083000	-0.387730
0.083500	-0.334480
0.084000	-0.278960
0.084500	-0.223210
0.085000	-0.167450
0.085500	-0.112090
0.086000	-0.058463
0.086500	-0.005533
0.087000	0.048262
0.087500	0.120230
0.088000	0.343680
0.088500	0.715630
0.089000	1.195100
0.089500	1.741100
0.090000	2.311700
0.090500	2.889600
0.091000	3.464800
0.091500	4.027700
0.092000	4.582000
0.092500	5.133600
0.093000	5.684200
0.093500	6.235500
0.094000	6.744700
0.094500	7.202500
0.095000	7.660400
0.095500	8.170800
0.096000	14320.000000
0.096500	46440.000000
0.097000	80178.000000
0.097500	99341.000000
0.098000	99999.000000
0.098500	99999.000000
0.099000	99999.000000
0.099500	99999.000000
0.100000	99999.000000
0.100500	99999.000000
0.101000	99999.000000
0.101500	99999.000000
0.102000	99999.000000
0.102500	99999.000000
0.103000	100000.000000
0.103500	100000.000000
0.104000	100000.000000
0.104500	100000.000000
0.105000	100000.000000
0.105500	100000.000000
0.106000	97860.000000
0.106500	77779.000000
0.107000	46365.000000
0.107500	15764.000000
0.108000	-2232.300049
0.108500	-9966.200195
0.109000	-11750.000000
0.109500	-7582.799805
0.110000	2744.899902
0.110500	24227.000000
0.111000	52993.000000
0.111500	80949.000000
0.112000	100000.000000
0.112500	108930.000000
0.113000	111900.000000
0.113500	108930.000000
0.114000	100000.000000
0.114500	78790.000000
0.115000	47055.000000
0.115500	16940.000000
0.116000	586.250000
0.116500	35.321999
0.117000	34.904999
0.117500	34.495998
0.118000	34.094002
0.118500	33.698002
0.119000	33.304001
0.119500	32.909000
0.120000	32.509998
0.120500	32.095001
0.121000	31.628000
0.121500	31.146000
0.122000	30.688999
0.122500	30.299000
0.123000	29.978001
0.123500	29.683001
0.124000	29.370001
0.124500	29.000999
0.125000	28.613001
0.125500	28.214001
0.126000	27.795000
0.126500	27.350000
0.127000	26.893000
0.127500	26.434000
0.128000	25.975000
0.128500	25.521999
0.129000	25.077999
0.129500	24.636999
0.130000	24.194000
0.130500	23.742001
0.131000	23.266001
0.131500	22.768000
0.132000	22.257000
0.132500	21.740999
0.133000	21.209000
0.133500	20.657000
0.134000	20.105000
0.134500	19.572001
0.135000	19.096001
0.135500	18.665001
0.136000	18.231001
0.136500	17.742001
0.137000	17.188000
0.137500	16.631001
0.138000	16.073000
0.138500	15.515000
0.139000	14.957000
0.139500	14.397000
0.140000	13.837000
0.140500	13.278000
0.141000	12.737000
0.141500	12.271000
0.142000	11.869000
0.142500	11.510000
0.143000	11.178000
0.143500	10.865000
0.144000	10.568000
0.144500	10.280000
0.145000	10.004000
0.145500	9.788600
0.146000	9.590400
0.146500	9.345600
0.147000	8.991700
0.147500	8.537600
0.148000	8.026800
0.148500	7.488600
0.149000	6.951400
0.149500	6.408600
0.150000	5.859000
0.150500	5.314600
0.151000	4.787300
0.151500	4.289000
0.152000	3.822200
0.152500	3.384900
0.153000	2.974900
0.153500	2.587700
0.154000	2.217400
0.154500	1.859600
0.155000	1.509700
0.155500	1.167100
0.156000	0.838780
0.156500	0.526770
0.157000	0.233040
0.157500	-0.030336
0.158000	-0.241920
0.158500	-0.401710
0.159000	-0.510340
0.159500	-0.568100
0.160000	-0.585460
0.160500	-0.588780
0.161000	-0.605280
0.161500	-0.647930
0.162000	-0.686390
0.162500	-0.743980
0.163000	-0.850390
0.163500	-1.028900
0.164000	-1.237500
0.164500	-1.457400
0.165000	-1.682000
0.165500	-1.903200
0.166000	-2.109100
0.166500	-2.317700
0.167000	-2.552600
0.167500	-2.836900
0.168000	-3.173100
0.168500	-3.540600
0.169000	-3.920000
0.169500	-4.292200
0.170000	-4.663800
0.170500	-5.038400
0.171000	-5.409900
0.171500	-5.772300
0.172000	-6.097100
0.172500	-6.374100
0.173000	-6.625000
0.173500	-6.871200
0.174000	-7.094000
0.174500	-7.287500
0.175000	-7.491500
0.175500	-7.746300
0.176000	-8.064600
0.176500	-8.402500
0.177000	-8.746800
0.177500	-9.085800
0.178000	-9.416100
0.178500	-9.746500
0.179000	-10.071000
0.179500	-10.385000
0.180000	-10.676000
0.180500	-10.923000
0.181000	-11.140000
0.181500	-11.340000
0.182000	-11.540000
0.182500	-11.740000
0.183000	-11.931000
0.183500	-12.106000
0.184000	-12.257000
0.184500	-12.385000
0.185000	-12.502000
0.185500	-12.622000
0.186000	-12.755000
0.186500	-12.908000
0.187000	-13.067000
0.187500	-13.222000
0.188000	-13.361000
0.188500	-13.481000
0.189000	-13.587000
0.189500	-13.683000
0.190000	-13.774000
0.190500	-13.859000
0.191000	-13.935000
0.191500	-13.999000
0.192000	-14.047000
0.192500	-14.077000
0.193000	-14.088000
0.193500	-14.082000
0.194000	-14.061000
0.194500	-14.026000
0.195000	-13.983000
0.195500	-13.933000
0.196000	-13.876000
0.196500	-13.807000
0.197000	-13.720000
0.197500	-13.630000
0.198000	-13.556000
0.198500	-13.511000
0.199000	-13.495000
0.199500	-13.498000
0.200000	-13.513000
0.200500	-13.539000
0.201000	-13.585000
0.201500	-13.635000
0.202000	-13.675000
0.202500	-13.689000
0.203000	-13.684000
0.203500	-13.665000
0.204000	-13.637000
0.204500	-13.600000
0.205000	-13.539000
0.205500	-13.469000
0.206000	-13.409000
0.206500	-13.380000
0.207000	-13.375000
0.207500	-13.384000
0.208000	-13.406000
0.208500	-13.438000
0.209000	-13.477000
0.209500	-13.518000
0.210000	-13.559000
0.210500	-13.595000
0.211000	-13.626000
0.211500	-13.655000
0.212000	-13.681000
0.212500	-13.705000
0.213000	-13.719000
0.213500	-13.722000
0.214000	-13.719000
0.214500	-13.715000
0.215000	-13.702000
0.215500	-13.665000
0.216000	-13.605000
0.216500	-13.520000
0.217000	-13.382000
0.217500	-13.128000
0.218000	-12.754000
0.218500	-12.258000
0.219000	-11.675000
0.219500	-11.083000
0.220000	-10.490000
0.220500	-9.898700
0.221000	-9.311000
0.221500	-8.725200
0.222000	-8.142300
0.222500	-7.563900
0.223000	-7.038800
0.223500	-6.731200
0.224000	-6.591600
0.224500	-6.548000
0.225000	-6.530400
0.225500	-6.536300
0.226000	-6.634900
0.226500	-6.898700
0.227000	-7.380200
0.227500	-7.935000
0.228000	-8.506000
0.228500	-9.076700
0.229000	-9.632200
0.229500	-10.209000
0.230000	-10.785000
0.230500	-11.303000
0.231000	-11.702000
0.231500	-11.880000
0.232000	-11.891000
0.232500	-11.849000
0.233000	-11.871000
0.233500	-11.990000
0.234000	-12.135000
0.234500	-12.261000
0.235000	-12.323000
0.235500	-12.266000
0.236000	-12.097000
0.236500	-11.863000
0.237000	-11.613000
0.237500	-11.341000
0.238000	-10.999000
0.238500	-10.665000
0.239000	-10.420000
0.239500	-10.313000
0.240000	-10.307000
0.240500	-10.369000
0.241000	-10.469000
0.241500	-10.594000
0.242000	-10.770000
0.242500	-10.953000
0.243000	-11.096000
0.243500	-11.163000
0.244000	-11.184000
0.244500	-11.167000
0.245000	-11.112000
0.245500	-11.018000
0.246000	-10.874000
0.246500	-10.714000
0.247000	-10.580000
0.247500	-10.508000
0.248000	-10.456000
0.248500	-10.407000
0.249000	-10.358000
0.249500	-10.306000
0.250000	-10.245000
0.250500	-10.179000
0.251000	-10.116000
0.251500	-10.072000
0.252000	-10.252000
0.252500	-10.671000
0.253000	-11.221000
0.253500	-11.800000
0.254000	-12.496000
0.254500	-13.289000
0.255000	-14.066000
0.255500	-14.711000
0.256000	-15.196000
0.256500	-15.557000
0.257000	-15.779000
0.257500	-15.847000
0.258000	-15.784000
0.258500	-15.649000
0.259000	-15.418000
0.259500	-15.065000
0.260000	-14.614000
0.260500	-14.161000
0.261000	-13.707000
0.261500	-13.254000
0.262000	-12.800000
0.262500	-12.346000
0.263000	-11.893000
0.263500	-11.439000
0.264000	-11.032000
0.264500	-10.727000
0.265000	-10.457000
0.265500	-10.151000
0.266000	-9.745900
0.266500	-9.262200
0.267000	-8.744000
0.267500	-8.233700
0.268000	-7.766100
0.268500	-7.318600
0.269000	-6.935700
0.269500	-6.681000
0.270000	-6.625300
0.270500	-6.830200
0.271000	-7.176400
0.271500	-7.515400
0.272000	-7.704600
0.272500	-7.820400
0.273000	-7.928300
0.273500	-8.015200
0.274000	-8.067900
0.274500	-8.082900
0.275000	-8.080200
0.275500	-8.083800
0.276000	-8.117600
0.276500	-8.192500
0.277000	-8.291700
0.277500	-8.396300
0.278000	-8.487700
0.278500	-8.588200
0.279000	-8.689100
0.279500	-8.725700
0.280000	-8.633200
0.280500	-8.402900
0.281000	-8.129900
0.281500	-7.833900
0.282000	-7.531800
0.282500	-7.234300
0.283000	-6.936400
0.283500	-6.638600
0.284000	-6.341600
0.284500	-6.047600
0.285000	-5.759500
0.285500	-5.472800
0.286000	-5.181800
0.286500	-4.876400
0.287000	-4.540700
0.287500	-4.188900
0.288000	-3.838000
0.288500	-3.502900
0.289000	-3.178800
0.289500	-2.867200
0.290000	-2.573000
0.290500	-2.305300
0.291000	-2.096200
0.291500	-1.934600
0.292000	-1.798900
0.292500	-1.668700
0.293000	-1.545200
0.293500	-1.443500
0.294000	-1.378200
0.294500	-1.363500
0.295000	-1.395900
0.295500	-1.462200
0.296000	-1.552600
0.296500	-1.657800
0.297000	-1.787500
0.297500	-1.932800
0.298000	-2.073300
0.298500	-2.188200
0.299000	-2.269100
0.299500	-2.320300
0.300000	-2.341000
0.300500	-2.330000
0.301000	-2.293900
0.301500	-2.238300
0.302000	-2.161900
0.302500	-2.062900
0.303000	-1.940200
0.303500	-1.801100
0.304000	-1.659500
0.304500	-1.529400
0.305000	-1.424300
0.305500	-1.339900
0.306000	-1.258400
0.306500	-1.161700
0.307000	-1.033800
0.307500	-0.878100
0.308000	-0.705570
0.308500	-0.526860
0.309000	-0.341520
0.309500	-0.121480
0.310000	0.111640
0.310500	0.330780
0.311000	0.503300
0.311500	0.565810
0.312000	0.523410
0.312500	0.396670
0.313000	0.199420
0.313500	-0.094580
0.314000	-0.435040
0.314500	-0.753640
0.315000	-0.995480
0.315500	-1.221600
0.316000	-1.407900
0.316500	-1.500800
0.317000	-1.450000
0.317500	-1.330500
0.318000	-1.195500
0.318500	-1.048900
0.319000	-0.894800
0.319500	-0.738850
0.320000	-0.582590
0.320500	-0.425670
0.321000	-0.267790
0.321500	-0.102350
0.322000	0.070846
0.322500	0.242650
0.323000	0.403890
0.323500	0.528440
0.324000	0.603980
0.324500	0.642130
0.325000	0.654470
0.325500	0.653640
0.326000	0.647240
0.326500	0.635770
0.327000	0.619560
0.327500	0.596410
0.328000	0.564840
0.328500	0.531370
0.329000	0.502750
0.329500	0.488070
0.330000	0.501420
0.330500	0.544900
0.331000	0.619460
0.331500	0.724640
0.332000	0.855570
0.332500	1.012000
0.333000	1.194100
0.333500	1.398000
0.334000	1.606600
0.334500	1.817800
0.335000	2.031400
0.335500	2.247800
0.336000	2.472800
0.336500	2.701100
0.337000	2.924800
0.337500	3.134200
0.338000	3.307600
0.338500	3.443600
0.339000	3.546200
0.339500	3.619300
0.340000	3.679200
0.340500	3.735900
0.341000	3.793900
0.341500	3.857400
0.342000	3.923400
0.342500	3.989600
0.343000	4.056000
0.343500	4.122500
0.344000	4.190600
0.344500	4.260700
0.345000	4.331100
0.345500	4.400100
0.346000	4.424200
0.346500	4.398800
0.347000	4.381100
0.347500	4.428000
0.348000	4.538000
0.348500	4.666000
0.349000	4.803900
0.349500	4.943600
0.350000	5.100400
0.350500	5.290300
0.351000	5.462700
0.351500	5.565400
0.352000	5.564000
0.352500	5.489300
0.353000	5.374800
0.353500	5.253200
0.354000	5.144900
0.354500	5.024800
0.355000	4.908000
0.355500	4.815200
0.356000	4.759400
0.356500	4.719700
0.357000	4.686800
0.357500	4.654000
0.358000	4.615000
0.358500	4.570500
0.359000	4.524400
0.359500	4.480100
0.360000	4.449600
0.360500	4.495900
0.361000	4.583800
0.361500	4.655300
0.362000	4.659400
0.362500	4.626300
0.363000	4.572300
0.363500	4.500900
0.364000	4.414700
0.364500	4.290900
0.365000	4.146100
0.365500	4.016500
0.366000	3.937000
0.366500	3.893400
0.367000	3.869100
0.367500	3.863900
0.368000	3.877700
0.368500	3.902400
0.369000	3.928500
0.369500	3.954100
0.370000	3.976900
0.370500	3.997700
0.371000	4.018400
0.371500	4.039100
0.372000	4.059700
0.372500	4.079900
0.373000	4.099400
0.373500	4.119000
0.374000	4.139200
0.374500	4.181200
0.375000	4.269100
0.375500	4.368800
0.376000	4.445100
0.376500	4.486000
0.377000	4.523100
0.377500	4.557000
0.378000	4.587300
0.378500	4.614500
0.379000	4.641400
0.379500	4.667000
0.380000	4.689700
0.380500	4.707900
0.381000	4.722300
0.381500	4.735100
0.382000	4.748500
0.382500	4.764900
0.383000	4.785600
0.383500	4.808500
0.384000	4.830400
0.384500	4.847700
0.385000	4.854200
0.385500	4.851900
0.386000	4.845100
0.386500	4.834500
0.387000	4.798600
0.387500	4.749400
0.388000	4.707200
0.388500	4.692400
0.389000	4.713900
0.389500	4.763900
0.390000	4.833600
0.390500	4.915100
0.391000	5.022600
0.391500	5.148000
0.392000	5.269100
0.392500	5.363500
0.393000	5.427700
0.393500	5.471800
0.394000	5.494600
0.394500	5.494700
0.395000	5.478500
0.395500	5.452200
0.396000	5.414300
0.396500	5.363200
0.397000	5.300800
0.397500	5.231800
0.398000	5.158400
0.398500	5.083100
0.399000	4.984400
0.399500	4.844600
0.400000	4.717900
0.400500	4.660100
0.401000	4.696400
0.401500	4.778700
0.402000	4.886700
0.402500	5.001400
0.403000	5.109700
0.403500	5.221800
0.404000	5.334100
0.404500	5.440900
0.405000	5.535500
0.405500	5.611200
0.406000	5.668800
0.406500	5.709800
0.407000	5.736000
0.407500	5.750800
0.408000	5.755200
0.408500	5.749900
0.409000	5.735900
0.409500	5.715700
0.410000	5.689000
0.410500	5.655100
0.411000	5.613400
0.411500	5.564000
0.412000	5.504800
0.412500	5.433000
0.413000	5.346300
0.413500	5.247300
0.414000	5.139400
0.414500	5.024200
0.415000	4.903500
0.415500	4.777500
0.416000	4.647000
0.416500	4.513400
0.417000	4.378000
0.417500	4.221700
0.418000	4.042700
0.418500	3.869100
0.419000	3.728500
0.419500	3.637100
0.420000	3.585200
0.420500	3.561900
0.421000	3.556700
0.421500	3.557700
0.422000	3.560400
0.422500	3.565300
0.423000	3.572900
0.423500	3.583600
0.424000	3.597000
0.424500	3.613300
0.425000	3.632600
0.425500	3.669300
0.426000	3.740100
0.426500	3.821700
0.427000	3.889900
0.427500	3.923300
0.428000	3.922900
0.428500	3.898600
0.429000	3.859800
0.429500	3.802000
0.430000	3.689600
0.430500	3.555000
0.431000	3.438000
0.431500	3.375300
0.432000	3.380700
0.432500	3.459400
0.433000	3.617200
0.433500	3.869600
0.434000	4.280300
0.434500	4.774700
0.435000	5.249200
0.435500	5.618400
0.436000	5.961800
0.436500	6.252000
0.437000	6.422100
0.437500	6.408700
0.438000	6.277200
0.438500	6.092200
0.439000	5.873400
0.439500	5.639200
0.440000	5.365900
0.440500	5.076300
0.441000	4.820800
0.441500	4.647800
0.442000	4.532500
0.442500	4.441500
0.443000	4.364300
0.443500	4.290200
0.444000	4.207700
0.444500	4.125000
0.445000	4.061100
0.445500	4.034600
0.446000	4.056500
0.446500	4.115200
0.447000	4.196500
0.447500	4.286000
0.448000	4.376800
0.448500	4.473800
0.449000	4.570400
0.449500	4.659400
0.450000	4.731700
0.450500	4.787200
0.451000	4.839400
0.451500	4.902000
0.452000	4.986400
0.452500	5.086900
0.453000	5.194400
0.453500	5.299700
0.454000	5.403200
0.454500	5.520000
0.455000	5.615500
0.455500	5.650200
0.456000	5.601000
0.456500	5.518500
0.457000	5.421800
0.457500	5.324200
0.458000	5.237000
0.458500	5.153300
0.459000	5.071800
0.459500	4.994300
0.460000	4.937800
0.460500	5.014700
0.461000	5.176900
0.461500	5.337000
0.462000	5.410800
0.462500	5.431100
0.463000	5.419500
0.463500	5.354000
0.464000	5.213500
0.464500	5.014100
0.465000	4.790700
0.465500	4.570800
0.466000	4.380400
0.466500	4.198400
0.467000	4.019800
0.467500	3.860900
0.468000	3.738000
0.468500	3.644300
0.469000	3.558300
0.469500	3.473800
0.470000	3.385100
0.470500	3.290000
0.471000	3.192300
0.471500	3.094100
0.472000	2.997600
0.472500	2.911500
0.473000	2.851300
0.473500	2.820700
0.474000	2.822900
0.474500	2.886100
0.475000	3.031100
0.475500	3.200700
0.476000	3.335500
0.476500	3.414800
0.477000	3.482000
0.477500	3.523100
0.478000	3.521900
0.478500	3.464200
0.479000	3.362900
0.479500	3.249600
0.480000	3.156000
0.480500	3.101300
0.481000	3.051500
0.481500	3.001900
0.482000	2.952200
0.482500	2.902200
0.483000	2.851900
0.483500	2.801400
0.484000	2.750900
0.484500	2.692500
0.485000	2.569800
0.485500	2.413200
0.486000	2.274300
0.486500	134.580002
0.487000	1498.900024
0.487500	4033.699951
0.488000	7356.700195
0.488500	11101.000000
0.489000	15477.000000
0.489500	20651.000000
0.490000	26576.000000
