0.000000	-8411.209961
0.000500	-8411.209961
0.001000	-8411.209961
0.001500	-8411.209961
0.002000	-8411.209961
0.002500	-8411.209961
0.003000	-8411.209961
0.003500	-8411.209961
0.004000	-8411.209961
0.004500	-8411.209961
0.005000	-8411.209961
0.005500	-8411.209961
0.006000	-8411.209961
0.006500	-8411.209961
0.007000	-8411.209961
0.007500	-8411.209961
0.008000	-8411.209961
0.008500	-8411.209961
0.009000	-8411.209961
0.009500	-8411.209961
0.010000	-8411.209961
0.010500	-8411.209961
0.011000	-8411.209961
0.011500	-8411.209961
0.012000	-8411.209961
0.012500	-8411.209961
0.013000	-8411.209961
0.013500	-8411.209961
0.014000	-8411.209961
0.014500	-8411.209961
0.015000	-8411.209961
0.015500	-8411.209961
0.016000	-8411.209961
0.016500	-8411.209961
0.017000	-8411.209961
0.017500	-8411.209961
0.018000	-8411.209961
0.018500	-8411.209961
0.019000	-8411.209961
0.019500	-8411.209961
0.020000	-8411.209961
0.020500	-8411.209961
0.021000	-8411.209961
0.021500	-8411.209961
0.022000	-8411.209961
0.022500	-8411.209961
0.023000	-8411.209961
0.023500	-8411.209961
0.024000	-8411.209961
0.024500	-8411.209961
0.025000	-8411.209961
0.025500	-8411.209961
0.026000	-8411.209961
0.026500	-8411.209961
0.027000	-8411.209961
0.027500	-8411.209961
0.028000	-8410.956055
0.028500	-8410.956055
0.029000	-8410.956055
0.029500	-8410.956055
0.030000	-8410.956055
0.030500	-8410.956055
0.031000	-8410.956055
0.031500	-8410.956055
0.032000	-8410.956055
0.032500	-8410.702148
0.033000	-8410.702148
0.033500	-8410.702148
0.034000	-8410.702148
0.034500	-8410.702148
0.035000	-8410.702148
0.035500	-8410.448242
0.036000	-8410.448242
0.036500	-8410.448242
0.037000	-8410.448242
0.037500	-8410.448242
0.038000	-8410.193359
0.038500	-8410.193359
0.039000	-8410.193359
0.039500	-8409.939453
0.040000	-8409.939453
0.040500	-8409.686523
0.041000	-8409.686523
0.041500	-8409.431641
0.042000	-8409.431641
0.042500	-8409.177734
0.043000	-8408.923828
0.043500	-8408.669922
0.044000	-8408.416016
0.044500	-8408.162109
0.045000	-8407.907227
0.045500	-8407.400391
0.046000	-8406.891602
0.046500	-8406.383789
0.047000	-8405.875977
0.047500	-8405.368164
0.048000	-8404.605469
0.048500	-8403.843750
0.049000	-8403.082031
0.049500	-8402.320312
0.050000	-8401.304688
0.050500	-8400.288086
0.051000	-8399.271484
0.051500	-8398.001953
0.052000	-8396.731445
0.052500	-8395.461914
0.053000	-8393.938477
0.053500	-8392.414062
0.054000	-8390.635742
0.054500	-8388.857422
0.055000	-8387.080078
0.055500	-8385.047852
0.056000	-8382.761719
0.056500	-8380.475586
0.057000	-8378.190430
0.057500	-8375.649414
0.058000	-8373.109375
0.058500	-8370.316406
0.059000	-8367.268555
0.059500	-8364.219727
0.060000	-8360.917969
0.060500	-8357.616211
0.061000	-8354.060547
0.061500	-8350.503906
0.062000	-8346.694336
0.062500	-8342.630859
0.063000	-8338.565430
0.063500	-8333.994141
0.064000	-8329.675781
0.064500	-8324.849609
0.065000	-8320.023438
0.065500	-8314.943359
0.066000	-8309.609375
0.066500	-8304.275391
0.067000	-8298.433594
0.067500	-8292.591797
0.068000	-8286.495117
0.068500	-8280.400391
0.069000	-8274.049805
0.069500	-8267.445312
0.070000	-8260.587891
0.070500	-8253.729492
0.071000	-8246.618164
0.071500	-8239.506836
0.072000	-8231.885742
0.072500	-8224.519531
0.073000	-8216.645508
0.073500	-8209.026367
0.074000	-8200.898438
0.074500	-8192.769531
0.075000	-8184.641602
0.075500	-8176.513672
0.076000	-8168.131836
0.076500	-8160.004395
0.077000	-8151.621582
0.077500	-8143.239746
0.078000	-8135.111816
0.078500	-8127.238281
0.079000	-8119.363770
0.079500	-8111.744141
0.080000	-8104.631348
0.080500	-8097.520020
0.081000	-8091.169434
0.081500	-8084.819824
0.082000	-8078.978516
0.082500	-8073.390137
0.083000	-8068.309570
0.083500	-8063.483398
0.084000	-8058.912109
0.084500	-8054.593262
0.085000	-8050.530273
0.085500	-8046.719727
0.086000	-8043.164062
0.086500	-8039.861816
0.087000	-8036.560059
0.087500	-8033.765625
0.088000	-8031.226074
0.088500	-8028.685547
0.089000	-8026.399414
0.089500	-8024.368164
0.090000	-8022.589844
0.090500	-8021.065918
0.091000	-8019.541504
0.091500	-8018.271484
0.092000	-8017.001953
0.092500	-8015.731934
0.093000	-8014.716309
0.093500	-8013.699707
0.094000	-8012.684082
0.094500	-8011.667969
0.095000	-8010.651367
0.095500	-8009.635742
0.096000	-8008.619141
0.096500	-8007.604492
0.097000	-8006.587891
0.097500	-8005.318848
0.098000	-8004.302246
0.098500	-8003.031738
0.099000	-8001.761230
0.099500	-8000.237305
0.100000	-7998.968262
0.100500	-7997.189941
0.101000	-7995.412109
0.101500	-7993.633789
0.102000	-7991.602051
0.102500	-7989.569824
0.103000	-7987.538086
0.103500	-7985.505859
0.104000	-7983.728027
0.104500	-7981.695801
0.105000	-7980.171875
0.105500	-7978.647949
0.106000	-7977.377930
0.106500	-7976.361816
0.107000	-7975.599609
0.107500	-7974.837891
0.108000	-7974.330566
0.108500	-7973.821777
0.109000	-7973.568359
0.109500	-7973.313965
0.110000	-7973.313965
0.110500	-7973.059570
0.111000	-7973.059570
0.111500	-7973.059570
0.112000	-7972.806641
0.112500	-7972.806641
0.113000	-7972.551758
0.113500	-7972.297852
0.114000	-7971.790039
0.114500	-7971.281738
0.115000	-7970.773926
0.115500	-7970.266113
0.116000	-7969.504395
0.116500	-7968.487793
0.117000	-7967.725586
0.117500	-7966.709473
0.118000	-7965.693359
0.118500	-7964.423828
0.119000	-7963.154297
0.119500	-7961.883789
0.120000	-7960.359375
0.120500	-7959.090332
0.121000	-7957.566406
0.121500	-7956.042480
0.122000	-7954.264160
0.122500	-7952.485840
0.123000	-7950.707520
0.123500	-7948.930176
0.124000	-7947.152344
0.124500	-7945.374023
0.125000	-7943.342285
0.125500	-7941.310059
0.126000	-7939.278320
0.126500	-7937.245605
0.127000	-7935.213867
0.127500	-7933.181641
0.128000	-7930.895996
0.128500	-7928.863770
0.129000	-7926.578125
0.129500	-7924.545898
0.130000	-7922.259766
0.130500	-7919.973633
0.131000	-7917.687988
0.131500	-7915.401855
0.132000	-7913.116211
0.132500	-7910.830078
0.133000	-7908.290039
0.133500	-7906.003906
0.134000	-7903.463867
0.134500	-7900.923828
0.135000	-7898.383789
0.135500	-7895.843750
0.136000	-7893.049805
0.136500	-7890.256348
0.137000	-7887.461426
0.137500	-7884.414062
0.138000	-7881.619629
0.138500	-7878.571289
0.139000	-7875.523926
0.139500	-7872.476074
0.140000	-7869.428223
0.140500	-7866.380371
0.141000	-7863.078125
0.141500	-7860.030273
0.142000	-7856.981934
0.142500	-7853.933594
0.143000	-7850.885742
0.143500	-7848.092285
0.144000	-7845.043457
0.144500	-7841.995605
0.145000	-7839.202148
0.145500	-7836.407715
0.146000	-7833.613770
0.146500	-7830.819824
0.147000	-7828.025879
0.147500	-7825.231445
0.148000	-7822.692383
0.148500	-7820.151855
0.149000	-7817.866211
0.149500	-7815.580566
0.150000	-7813.293457
0.150500	-7811.261719
0.151000	-7809.230469
0.151500	-7807.197754
0.152000	-7805.419434
0.152500	-7803.642090
0.153000	-7802.118164
0.153500	-7800.593262
0.154000	-7799.069336
0.154500	-7797.800293
0.155000	-7796.530273
0.155500	-7795.259766
0.156000	-7794.243164
0.156500	-7793.228027
0.157000	-7792.211914
0.157500	-7791.450195
0.158000	-7790.942383
0.158500	-7790.180176
0.159000	-7789.671875
0.159500	-7789.418457
0.160000	-7788.910156
0.160500	-7788.656250
0.161000	-7788.656250
0.161500	-7788.401855
0.162000	-7788.401855
0.162500	-7788.401855
0.163000	-7788.656250
0.163500	-7788.656250
0.164000	-7788.910156
0.164500	-7789.164062
0.165000	-7789.671875
0.165500	-7789.926270
0.166000	-7790.434082
0.166500	-7790.942383
0.167000	-7791.450195
0.167500	-7791.958008
0.168000	-7792.466309
0.168500	-7792.974121
0.169000	-7793.735840
0.169500	-7794.243164
0.170000	-7795.006348
0.170500	-7795.768066
0.171000	-7796.275879
0.171500	-7797.038086
0.172000	-7797.800293
0.172500	-7798.562012
0.173000	-7799.324219
0.173500	-7800.085938
0.174000	-7800.593262
0.174500	-7801.356445
0.175000	-7802.118164
0.175500	-7802.880371
0.176000	-7803.642090
0.176500	-7804.404297
0.177000	-7805.166016
0.177500	-7805.674316
0.178000	-7806.435547
0.178500	-7807.197754
0.179000	-7807.959473
0.179500	-7808.721680
0.180000	-7809.230469
0.180500	-7809.992188
0.181000	-7810.754395
0.181500	-7811.516113
0.182000	-7812.278320
0.182500	-7813.040039
0.183000	-7813.802246
0.183500	-7814.564453
0.184000	-7815.325684
0.184500	-7816.087891
0.185000	-7816.849609
0.185500	-7817.611816
0.186000	-7818.373535
0.186500	-7819.390137
0.187000	-7820.151855
0.187500	-7821.168457
0.188000	-7822.183594
0.188500	-7822.945801
0.189000	-7823.961914
0.189500	-7824.978027
0.190000	-7826.247559
0.190500	-7827.263672
0.191000	-7828.280273
0.191500	-7829.549805
0.192000	-7830.565918
0.192500	-7831.835938
0.193000	-7832.852051
0.193500	-7834.121582
0.194000	-7835.392090
0.194500	-7836.661621
0.195000	-7837.677734
0.195500	-7838.947754
0.196000	-7840.218262
0.196500	-7841.487793
0.197000	-7842.757812
0.197500	-7844.027832
0.198000	-7845.043457
0.198500	-7846.313965
0.199000	-7847.583984
0.199500	-7848.854004
0.200000	-7850.124023
0.200500	-7851.393555
0.201000	-7852.664062
0.201500	-7853.933594
0.202000	-7855.204102
0.202500	-7856.474121
0.203000	-7857.743652
0.203500	-7859.014160
0.204000	-7860.283691
0.204500	-7861.554199
0.205000	-7862.823730
0.205500	-7864.093262
0.206000	-7865.364258
0.206500	-7866.633789
0.207000	-7867.904297
0.207500	-7869.428223
0.208000	-7870.697754
0.208500	-7871.968262
0.209000	-7873.238281
0.209500	-7874.762207
0.210000	-7876.031250
0.210500	-7877.302246
0.211000	-7878.571289
0.211500	-7879.842285
0.212000	-7881.112305
0.212500	-7882.635742
0.213000	-7883.906250
0.213500	-7885.176270
0.214000	-7886.445312
0.214500	-7887.716309
0.215000	-7888.985840
0.215500	-7890.002441
0.216000	-7891.271484
0.216500	-7892.542480
0.217000	-7893.811523
0.217500	-7894.828125
0.218000	-7896.097656
0.218500	-7897.113770
0.219000	-7898.130371
0.219500	-7899.145508
0.220000	-7900.161621
0.220500	-7901.177734
0.221000	-7902.193359
0.221500	-7903.209473
0.222000	-7903.971680
0.222500	-7904.733887
0.223000	-7905.495605
0.223500	-7906.257812
0.224000	-7907.019531
0.224500	-7907.527832
0.225000	-7908.290039
0.225500	-7908.797852
0.226000	-7909.306152
0.226500	-7909.813965
0.227000	-7910.067871
0.227500	-7910.321777
0.228000	-7910.575684
0.228500	-7910.830078
0.229000	-7911.083496
0.229500	-7911.337891
0.230000	-7911.337891
0.230500	-7911.591797
0.231000	-7911.591797
0.231500	-7911.591797
0.232000	-7911.591797
0.232500	-7911.337891
0.233000	-7911.337891
0.233500	-7911.337891
0.234000	-7911.083496
0.234500	-7910.830078
0.235000	-7910.575684
0.235500	-7910.321777
0.236000	-7910.067871
0.236500	-7909.813965
0.237000	-7909.559570
0.237500	-7909.306152
0.238000	-7909.051758
0.238500	-7908.543457
0.239000	-7908.290039
0.239500	-7907.781738
0.240000	-7907.273926
0.240500	-7907.019531
0.241000	-7906.511719
0.241500	-7906.003906
0.242000	-7905.495605
0.242500	-7904.987793
0.243000	-7904.479980
0.243500	-7903.971680
0.244000	-7903.209473
0.244500	-7902.701660
0.245000	-7902.193359
0.245500	-7901.431641
0.246000	-7900.923828
0.246500	-7900.161621
0.247000	-7899.654297
0.247500	-7898.892578
0.248000	-7898.130371
0.248500	-7897.621582
0.249000	-7896.859863
0.249500	-7896.097656
0.250000	-7895.589844
0.250500	-7894.828125
0.251000	-7894.066406
0.251500	-7893.304199
0.252000	-7892.542480
0.252500	-7891.780273
0.253000	-7891.018555
0.253500	-7890.256348
0.254000	-7889.240234
0.254500	-7888.478516
0.255000	-7887.716309
0.255500	-7886.699707
0.256000	-7885.683594
0.256500	-7884.668457
0.257000	-7883.906250
0.257500	-7882.890137
0.258000	-7881.619629
0.258500	-7880.604492
0.259000	-7879.587891
0.259500	-7878.571289
0.260000	-7877.302246
0.260500	-7876.286133
0.261000	-7875.269531
0.261500	-7874.000000
0.262000	-7872.983398
0.262500	-7871.714355
0.263000	-7870.697754
0.263500	-7869.428223
0.264000	-7868.412109
0.264500	-7867.395996
0.265000	-7866.125977
0.265500	-7865.109863
0.266000	-7864.093262
0.266500	-7863.078125
0.267000	-7862.062012
0.267500	-7861.045898
0.268000	-7860.030273
0.268500	-7859.014160
0.269000	-7857.998047
0.269500	-7856.981934
0.270000	-7855.966309
0.270500	-7854.950195
0.271000	-7853.933594
0.271500	-7852.917969
0.272000	-7852.156250
0.272500	-7851.140137
0.273000	-7850.124023
0.273500	-7849.361816
0.274000	-7848.345703
0.274500	-7847.583984
0.275000	-7846.567871
0.275500	-7845.551758
0.276000	-7844.790039
0.276500	-7843.773926
0.277000	-7842.757812
0.277500	-7841.742188
0.278000	-7840.726074
0.278500	-7839.709961
0.279000	-7838.693848
0.279500	-7837.677734
0.280000	-7836.661621
0.280500	-7835.392090
0.281000	-7834.375977
0.281500	-7833.359863
0.282000	-7832.089844
0.282500	-7830.819824
0.283000	-7829.803711
0.283500	-7828.533691
0.284000	-7827.263672
0.284500	-7825.993652
0.285000	-7824.723633
0.285500	-7823.454590
0.286000	-7822.183594
0.286500	-7820.913574
0.287000	-7819.643555
0.287500	-7818.373535
0.288000	-7816.849609
0.288500	-7815.580566
0.289000	-7814.056641
0.289500	-7812.785645
0.290000	-7811.516113
0.290500	-7809.992188
0.291000	-7808.721680
0.291500	-7807.197754
0.292000	-7805.674316
0.292500	-7804.404297
0.293000	-7802.880371
0.293500	-7801.609375
0.294000	-7800.085938
0.294500	-7798.562012
0.295000	-7797.038086
0.295500	-7795.768066
0.296000	-7794.243164
0.296500	-7792.719238
0.297000	-7791.195801
0.297500	-7789.926270
0.298000	-7788.401855
0.298500	-7786.877930
