0.000000	-0.188770
0.000500	-0.188770
0.001000	-0.188770
0.001500	-0.188770
0.002000	-0.188770
0.002500	-0.188770
0.003000	-0.188770
0.003500	-0.188530
0.004000	-0.188310
0.004500	-0.188090
0.005000	-0.187880
0.005500	-0.187670
0.006000	-0.187460
0.006500	-0.187280
0.007000	-0.187130
0.007500	-0.187030
0.008000	-0.186970
0.008500	-0.186920
0.009000	-0.186860
0.009500	-0.186800
0.010000	-0.186720
0.010500	-0.186640
0.011000	-0.186560
0.011500	-0.186460
0.012000	-0.186290
0.012500	-0.186080
0.013000	-0.185880
0.013500	-0.185740
0.014000	-0.185640
0.014500	-0.185590
0.015000	-0.185590
0.015500	-0.185650
0.016000	-0.185770
0.016500	-0.185910
0.017000	-0.186060
0.017500	-0.186170
0.018000	-0.186270
0.018500	-0.186370
0.019000	-0.186430
0.019500	-0.186440
0.020000	-0.186390
0.020500	-0.186330
0.021000	-0.186270
0.021500	-0.186210
0.022000	-0.186160
0.022500	-0.186110
0.023000	-0.186070
0.023500	-0.186040
0.024000	-0.186030
0.024500	-0.186080
0.025000	-0.186140
0.025500	-0.186200
0.026000	-0.186230
0.026500	-0.186280
0.027000	-0.186290
0.027500	-0.186220
0.028000	-0.186040
0.028500	-0.185820
0.029000	-0.185580
0.029500	-0.185340
0.030000	-0.185120
0.030500	-0.184900
0.031000	-0.184680
0.031500	-0.184480
0.032000	-0.184290
0.032500	-0.184170
0.033000	-0.184120
0.033500	-0.184140
0.034000	-0.184210
0.034500	-0.184300
0.035000	-0.184390
0.035500	-0.184490
0.036000	-0.184580
0.036500	-0.184670
0.037000	-0.184760
0.037500	-0.184840
0.038000	-0.184900
0.038500	-0.184920
0.039000	-0.184890
0.039500	-0.184840
0.040000	-0.184780
0.040500	-0.184740
0.041000	-0.184690
0.041500	-0.184640
0.042000	-0.184570
0.042500	-0.184480
0.043000	-0.184370
0.043500	-0.184250
0.044000	-0.184140
0.044500	-0.184040
0.045000	-0.183960
0.045500	-0.183890
0.046000	-0.183820
0.046500	-0.183760
0.047000	-0.183710
0.047500	-0.183690
0.048000	-0.183670
0.048500	-0.183670
0.049000	-0.183700
0.049500	-0.183760
0.050000	-0.183870
0.050500	-0.184030
0.051000	-0.184220
0.051500	-0.184410
0.052000	-0.184590
0.052500	-0.184770
0.053000	-0.184960
0.053500	-0.185140
0.054000	-0.185320
0.054500	-0.185490
0.055000	-0.185620
0.055500	-0.185700
0.056000	-0.185790
0.056500	-0.185900
0.057000	-0.186050
0.057500	-0.186230
0.058000	-0.186400
0.058500	-0.186560
0.059000	-0.186680
0.059500	-0.186780
0.060000	-0.186860
0.060500	-0.186920
0.061000	-0.186950
0.061500	-0.186970
0.062000	-0.186980
0.062500	-0.186990
0.063000	-0.187000
0.063500	-0.187000
0.064000	-0.186980
0.064500	-0.186940
0.065000	-0.186860
0.065500	-0.186690
0.066000	-0.186450
0.066500	-0.186170
0.067000	-0.185850
0.067500	-0.185520
0.068000	-0.185180
0.068500	-0.184850
0.069000	-0.184530
0.069500	-0.184210
0.070000	-0.183890
0.070500	-0.183570
0.071000	-0.183240
0.071500	-0.182920
0.072000	-0.182590
0.072500	-0.182260
0.073000	-0.181930
0.073500	-0.181600
0.074000	-0.181280
0.074500	-0.180960
0.075000	-0.180630
0.075500	-0.180190
0.076000	-0.179590
0.076500	-0.178900
0.077000	-0.178200
0.077500	-0.177500
0.078000	-0.176760
0.078500	-0.176030
0.079000	-0.175310
0.079500	-0.174630
0.080000	-0.174010
0.080500	-0.173450
0.081000	-0.172940
0.081500	-0.172530
0.082000	-0.172270
0.082500	-0.172160
0.083000	-0.172220
0.083500	-0.172420
0.084000	-0.172650
0.084500	-0.172900
0.085000	-0.173170
0.085500	-0.173460
0.086000	-0.173770
0.086500	-0.174080
0.087000	-0.174380
0.087500	-0.174660
0.088000	-0.174910
0.088500	-0.175140
0.089000	-0.175370
0.089500	-0.175630
0.090000	-0.175920
0.090500	-0.176260
0.091000	-0.176670
0.091500	-0.177180
0.092000	-0.177740
0.092500	-0.178340
0.093000	-0.178940
0.093500	-0.179550
0.094000	-0.180180
0.094500	-0.180830
0.095000	-0.181470
0.095500	-0.182090
0.096000	-0.182590
0.096500	-0.182910
0.097000	-0.183100
0.097500	-0.183200
0.098000	-0.183230
0.098500	-0.183150
0.099000	-0.182970
0.099500	-0.182660
0.100000	-0.182250
0.100500	-0.181780
0.101000	-0.181230
0.101500	-0.180600
0.102000	-0.179870
0.102500	-0.179120
0.103000	-0.178340
0.103500	-0.177510
0.104000	-0.176630
0.104500	-0.175740
0.105000	-0.174850
0.105500	-0.173950
0.106000	-0.173040
0.106500	-0.172110
0.107000	-0.171170
0.107500	-0.170230
0.108000	-0.169310
0.108500	-0.168510
0.109000	-0.167860
0.109500	-0.167330
0.110000	-0.166880
0.110500	-0.166610
0.111000	-0.166550
0.111500	-0.166700
0.112000	-0.167040
0.112500	-0.167510
0.113000	-0.168110
0.113500	-0.168850
0.114000	-0.169760
0.114500	-0.170770
0.115000	-0.171820
0.115500	-0.172920
0.116000	-0.174090
0.116500	-0.175330
0.117000	-0.176620
0.117500	-0.177920
0.118000	-0.179180
0.118500	-0.180370
0.119000	-0.181510
0.119500	-0.182610
0.120000	-0.183660
0.120500	-0.184660
0.121000	-0.185610
0.121500	-0.186470
0.122000	-0.187230
0.122500	-0.187890
0.123000	-0.188500
0.123500	-0.189100
0.124000	-0.189710
0.124500	-0.190360
0.125000	-0.191010
0.125500	-0.191670
0.126000	-0.192340
0.126500	-0.193040
0.127000	-0.193790
0.127500	-0.194580
0.128000	-0.195360
0.128500	-0.196100
0.129000	-0.196790
0.129500	-0.197400
0.130000	-0.197940
0.130500	-0.198380
0.131000	-0.198720
0.131500	-0.198960
0.132000	-0.199140
0.132500	-0.199250
0.133000	-0.199330
0.133500	-0.199370
0.134000	-0.199400
0.134500	-0.199390
0.135000	-0.199360
0.135500	-0.199290
0.136000	-0.199160
0.136500	-0.198980
0.137000	-0.198700
0.137500	-0.198290
0.138000	-0.197760
0.138500	-0.197090
0.139000	-0.196320
0.139500	-0.195530
0.140000	-0.194730
0.140500	-0.193920
0.141000	-0.193090
0.141500	-0.192250
0.142000	-0.191400
0.142500	-0.190560
0.143000	-0.189740
0.143500	-0.189000
0.144000	-0.188330
0.144500	-0.187720
0.145000	-0.187160
0.145500	-0.186670
0.146000	-0.186290
0.146500	-0.186040
0.147000	-0.185950
0.147500	-0.185920
0.148000	-0.185900
0.148500	-0.185890
0.149000	-0.185890
0.149500	-0.185900
0.150000	-0.185920
0.150500	-0.185930
0.151000	-0.185910
0.151500	-0.185810
0.152000	-0.185610
0.152500	-0.185350
0.153000	-0.185070
0.153500	-0.184790
0.154000	-0.184480
0.154500	-0.184170
0.155000	-0.183880
0.155500	-0.183630
0.156000	-0.183420
0.156500	-0.183250
0.157000	-0.183120
0.157500	-0.183030
0.158000	-0.183020
0.158500	-0.183070
0.159000	-0.183180
0.159500	-0.183330
0.160000	-0.183530
0.160500	-0.183770
0.161000	-0.184080
0.161500	-0.184450
0.162000	-0.184850
0.162500	-0.185300
0.163000	-0.185770
0.163500	-0.186280
0.164000	-0.186860
0.164500	-0.187480
0.165000	-0.188070
0.165500	-0.188580
0.166000	-0.189010
0.166500	-0.189360
0.167000	-0.189630
0.167500	-0.189810
0.168000	-0.189910
0.168500	-0.189970
0.169000	-0.190050
0.169500	-0.190170
0.170000	-0.190330
0.170500	-0.190490
0.171000	-0.190660
0.171500	-0.190860
0.172000	-0.191100
0.172500	-0.191390
0.173000	-0.191670
0.173500	-0.191890
0.174000	-0.192060
0.174500	-0.192220
0.175000	-0.192370
0.175500	-0.192510
0.176000	-0.192650
0.176500	-0.192790
0.177000	-0.192920
0.177500	-0.193060
0.178000	-0.193190
0.178500	-0.193320
0.179000	-0.193450
0.179500	-0.193570
0.180000	-0.193650
0.180500	-0.193590
0.181000	-0.193430
0.181500	-0.193210
0.182000	-0.192960
0.182500	-0.192660
0.183000	-0.192330
0.183500	-0.192030
0.184000	-0.191790
0.184500	-0.191570
0.185000	-0.191380
0.185500	-0.191240
0.186000	-0.191160
0.186500	-0.191140
0.187000	-0.191130
0.187500	-0.191120
0.188000	-0.191080
0.188500	-0.191040
0.189000	-0.190990
0.189500	-0.190940
0.190000	-0.190890
0.190500	-0.190850
0.191000	-0.190810
0.191500	-0.190790
0.192000	-0.190770
0.192500	-0.190810
0.193000	-0.190930
0.193500	-0.191120
0.194000	-0.191340
0.194500	-0.191590
0.195000	-0.191870
0.195500	-0.192150
0.196000	-0.192410
0.196500	-0.192650
0.197000	-0.192880
0.197500	-0.193100
0.198000	-0.193300
0.198500	-0.193490
0.199000	-0.193620
0.199500	-0.193690
0.200000	-0.193690
0.200500	-0.193620
0.201000	-0.193470
0.201500	-0.193270
0.202000	-0.193010
0.202500	-0.192710
0.203000	-0.192360
0.203500	-0.191990
0.204000	-0.191650
0.204500	-0.191370
0.205000	-0.191110
0.205500	-0.190850
0.206000	-0.190600
0.206500	-0.190360
0.207000	-0.190130
0.207500	-0.189910
0.208000	-0.189690
0.208500	-0.189490
0.209000	-0.189330
0.209500	-0.189230
0.210000	-0.189170
0.210500	-0.189130
0.211000	-0.189120
0.211500	-0.189180
0.212000	-0.189320
0.212500	-0.189530
0.213000	-0.189820
0.213500	-0.190180
0.214000	-0.190610
0.214500	-0.191130
0.215000	-0.191720
0.215500	-0.192310
0.216000	-0.192900
0.216500	-0.193480
0.217000	-0.194050
0.217500	-0.194630
0.218000	-0.195190
0.218500	-0.195740
0.219000	-0.196250
0.219500	-0.196750
0.220000	-0.197240
0.220500	-0.197730
0.221000	-0.198220
0.221500	-0.198710
0.222000	-0.199190
0.222500	-0.199660
0.223000	-0.200120
0.223500	-0.200460
0.224000	-0.200700
0.224500	-0.200830
0.225000	-0.200850
0.225500	-0.200760
0.226000	-0.200570
0.226500	-0.200290
0.227000	-0.199920
0.227500	-0.199510
0.228000	-0.199080
0.228500	-0.198660
0.229000	-0.198270
0.229500	-0.197900
0.230000	-0.197550
0.230500	-0.197230
0.231000	-0.196950
0.231500	-0.196750
0.232000	-0.196630
0.232500	-0.196600
0.233000	-0.196640
0.233500	-0.196730
0.234000	-0.196860
0.234500	-0.197020
0.235000	-0.197210
0.235500	-0.197410
0.236000	-0.197620
0.236500	-0.197870
0.237000	-0.198170
0.237500	-0.198540
0.238000	-0.198940
0.238500	-0.199340
0.239000	-0.199740
0.239500	-0.200120
0.240000	-0.200500
0.240500	-0.200860
0.241000	-0.201200
0.241500	-0.201510
0.242000	-0.201750
0.242500	-0.201980
0.243000	-0.202210
0.243500	-0.202480
0.244000	-0.202760
0.244500	-0.203040
0.245000	-0.203340
0.245500	-0.203670
0.246000	-0.204060
0.246500	-0.204480
0.247000	-0.204890
0.247500	-0.205270
0.248000	-0.205620
0.248500	-0.205950
0.249000	-0.206220
0.249500	-0.206390
0.250000	-0.206500
0.250500	-0.206590
0.251000	-0.206660
0.251500	-0.206730
0.252000	-0.206780
0.252500	-0.206830
0.253000	-0.206880
0.253500	-0.206960
0.254000	-0.207120
0.254500	-0.207340
0.255000	-0.207570
0.255500	-0.207770
0.256000	-0.207920
0.256500	-0.208060
0.257000	-0.208140
0.257500	-0.208130
0.258000	-0.208020
0.258500	-0.207860
0.259000	-0.207660
0.259500	-0.207440
0.260000	-0.207210
0.260500	-0.206960
0.261000	-0.206720
0.261500	-0.206490
0.262000	-0.206280
0.262500	-0.206090
0.263000	-0.205920
0.263500	-0.205810
0.264000	-0.205740
0.264500	-0.205700
0.265000	-0.205670
0.265500	-0.205640
0.266000	-0.205610
0.266500	-0.205600
0.267000	-0.205590
0.267500	-0.205570
0.268000	-0.205540
0.268500	-0.205430
0.269000	-0.205250
0.269500	-0.204990
0.270000	-0.204690
0.270500	-0.204280
0.271000	-0.203790
0.271500	-0.203210
0.272000	-0.202560
0.272500	-0.201810
0.273000	-0.200970
0.273500	-0.200150
0.274000	-0.199420
0.274500	-0.198790
0.275000	-0.198230
0.275500	-0.197750
0.276000	-0.197360
0.276500	-0.197100
0.277000	-0.196980
0.277500	-0.197000
0.278000	-0.197150
0.278500	-0.197380
0.279000	-0.197670
0.279500	-0.198060
0.280000	-0.198580
0.280500	-0.199220
0.281000	-0.199860
0.281500	-0.200510
0.282000	-0.201150
0.282500	-0.201790
0.283000	-0.202420
0.283500	-0.203060
0.284000	-0.203690
0.284500	-0.204320
0.285000	-0.204940
0.285500	-0.205540
0.286000	-0.206130
0.286500	-0.206700
0.287000	-0.207190
0.287500	-0.207590
0.288000	-0.207910
0.288500	-0.208150
0.289000	-0.208320
0.289500	-0.208420
0.290000	-0.208470
0.290500	-0.208480
0.291000	-0.208430
0.291500	-0.208360
0.292000	-0.208320
0.292500	-0.208340
0.293000	-0.208400
0.293500	-0.208480
0.294000	-0.208580
0.294500	-0.208710
0.295000	-0.208860
0.295500	-0.209030
0.296000	-0.209200
0.296500	-0.209350
0.297000	-0.209490
0.297500	-0.209610
0.298000	-0.209680
0.298500	-0.209670
0.299000	-0.209610
0.299500	-0.209540
0.300000	-0.209480
0.300500	-0.209410
0.301000	-0.209330
0.301500	-0.209260
0.302000	-0.209190
0.302500	-0.209120
0.303000	-0.209060
0.303500	-0.209040
0.304000	-0.209020
0.304500	-0.209000
0.305000	-0.208950
0.305500	-0.208890
0.306000	-0.208820
0.306500	-0.208720
0.307000	-0.208600
0.307500	-0.208450
0.308000	-0.208280
0.308500	-0.208110
0.309000	-0.207930
0.309500	-0.207730
0.310000	-0.207520
0.310500	-0.207310
0.311000	-0.207150
0.311500	-0.207020
0.312000	-0.206960
0.312500	-0.206950
0.313000	-0.207020
0.313500	-0.207100
0.314000	-0.207180
0.314500	-0.207270
0.315000	-0.207360
0.315500	-0.207450
0.316000	-0.207550
0.316500	-0.207650
0.317000	-0.207730
0.317500	-0.207690
0.318000	-0.207510
0.318500	-0.207240
0.319000	-0.206900
0.319500	-0.206540
0.320000	-0.206160
0.320500	-0.205760
0.321000	-0.205330
0.321500	-0.204870
0.322000	-0.204360
0.322500	-0.203870
0.323000	-0.203470
0.323500	-0.203150
0.324000	-0.202860
0.324500	-0.202590
0.325000	-0.202330
0.325500	-0.202070
0.326000	-0.201850
0.326500	-0.201610
0.327000	-0.201320
0.327500	-0.200960
0.328000	-0.200580
0.328500	-0.200200
0.329000	-0.199810
0.329500	-0.199440
0.330000	-0.199080
0.330500	-0.198710
0.331000	-0.198340
0.331500	-0.197920
0.332000	-0.197400
0.332500	-0.196820
0.333000	-0.196220
0.333500	-0.195650
0.334000	-0.195060
0.334500	-0.194470
0.335000	-0.193890
0.335500	-0.193330
0.336000	-0.192820
0.336500	-0.192350
0.337000	-0.191910
0.337500	-0.191500
0.338000	-0.191140
0.338500	-0.190840
0.339000	-0.190600
0.339500	-0.190390
0.340000	-0.190260
0.340500	-0.190220
0.341000	-0.190260
0.341500	-0.190380
0.342000	-0.190570
0.342500	-0.190850
0.343000	-0.191210
0.343500	-0.191680
0.344000	-0.192220
0.344500	-0.192810
0.345000	-0.193440
0.345500	-0.194100
0.346000	-0.194810
0.346500	-0.195570
0.347000	-0.196320
0.347500	-0.197050
0.348000	-0.197700
0.348500	-0.198260
0.349000	-0.198730
0.349500	-0.199100
0.350000	-0.199330
0.350500	-0.199420
0.351000	-0.199350
0.351500	-0.199110
0.352000	-0.198760
0.352500	-0.198410
0.353000	-0.198050
0.353500	-0.197700
0.354000	-0.197340
0.354500	-0.196990
0.355000	-0.196640
0.355500	-0.196290
0.356000	-0.195980
0.356500	-0.195790
0.357000	-0.195670
0.357500	-0.195550
0.358000	-0.195340
0.358500	-0.195120
0.359000	-0.194860
0.359500	-0.194550
0.360000	-0.194170
0.360500	-0.193720
0.361000	-0.193250
0.361500	-0.192790
0.362000	-0.192360
0.362500	-0.191930
0.363000	-0.191520
0.363500	-0.191120
0.364000	-0.190760
0.364500	-0.190430
0.365000	-0.190150
0.365500	-0.189900
0.366000	-0.189690
0.366500	-0.189490
0.367000	-0.189290
0.367500	-0.189100
0.368000	-0.188900
0.368500	-0.188690
0.369000	-0.188480
0.369500	-0.188280
0.370000	-0.188070
0.370500	-0.187870
0.371000	-0.187670
0.371500	-0.187480
0.372000	-0.187290
0.372500	-0.187200
0.373000	-0.187290
0.373500	-0.187510
0.374000	-0.187840
0.374500	-0.188250
0.375000	-0.188700
0.375500	-0.189200
0.376000	-0.189750
0.376500	-0.190320
0.377000	-0.190920
0.377500	-0.191540
0.378000	-0.192190
0.378500	-0.192900
0.379000	-0.193690
0.379500	-0.194500
0.380000	-0.195290
0.380500	-0.196000
0.381000	-0.196670
0.381500	-0.197290
0.382000	-0.197880
0.382500	-0.198430
0.383000	-0.198920
0.383500	-0.199350
0.384000	-0.199730
0.384500	-0.200070
0.385000	-0.200360
0.385500	-0.200560
0.386000	-0.200650
0.386500	-0.200610
0.387000	-0.200470
0.387500	-0.200270
0.388000	-0.200010
0.388500	-0.199710
0.389000	-0.199340
0.389500	-0.198930
0.390000	-0.198550
0.390500	-0.198250
0.391000	-0.198040
0.391500	-0.197880
0.392000	-0.197790
0.392500	-0.197790
0.393000	-0.197850
0.393500	-0.197910
0.394000	-0.197960
0.394500	-0.198020
0.395000	-0.198060
0.395500	-0.198110
0.396000	-0.198150
0.396500	-0.198210
0.397000	-0.198300
0.397500	-0.198430
0.398000	-0.198580
0.398500	-0.198690
0.399000	-0.198760
0.399500	-0.198820
0.400000	-0.198880
0.400500	-0.198930
0.401000	-0.198980
0.401500	-0.199010
0.402000	-0.199030
0.402500	-0.199060
0.403000	-0.199120
0.403500	-0.199230
0.404000	-0.199430
0.404500	-0.199720
0.405000	-0.200120
0.405500	-0.200610
0.406000	-0.201160
0.406500	-0.201750
0.407000	-0.202360
0.407500	-0.202970
0.408000	-0.203600
0.408500	-0.204280
0.409000	-0.205030
0.409500	-0.205810
0.410000	-0.206590
0.410500	-0.207370
0.411000	-0.208140
0.411500	-0.208910
0.412000	-0.209680
0.412500	-0.210450
0.413000	-0.211220
0.413500	-0.211920
0.414000	-0.212540
0.414500	-0.213060
0.415000	-0.213490
0.415500	-0.213870
0.416000	-0.214230
0.416500	-0.214570
0.417000	-0.214900
0.417500	-0.215220
0.418000	-0.215540
0.418500	-0.215860
0.419000	-0.216160
0.419500	-0.216450
0.420000	-0.216720
0.420500	-0.216950
0.421000	-0.217130
0.421500	-0.217270
0.422000	-0.217380
0.422500	-0.217470
0.423000	-0.217560
0.423500	-0.217640
0.424000	-0.217710
0.424500	-0.217780
0.425000	-0.217840
0.425500	-0.217890
0.426000	-0.217900
0.426500	-0.217870
0.427000	-0.217780
0.427500	-0.217610
0.428000	-0.217320
0.428500	-0.216960
0.429000	-0.216560
0.429500	-0.216140
0.430000	-0.215650
0.430500	-0.215150
0.431000	-0.214690
0.431500	-0.214320
0.432000	-0.214050
0.432500	-0.213850
0.433000	-0.213740
0.433500	-0.213710
0.434000	-0.213760
0.434500	-0.213830
0.435000	-0.213880
0.435500	-0.213850
0.436000	-0.213810
0.436500	-0.213770
0.437000	-0.213720
0.437500	-0.213680
0.438000	-0.213630
0.438500	-0.213580
0.439000	-0.213530
0.439500	-0.213480
0.440000	-0.213420
0.440500	-0.213350
0.441000	-0.213260
0.441500	-0.213150
0.442000	-0.213020
0.442500	-0.212870
0.443000	-0.212710
0.443500	-0.212580
0.444000	-0.212460
0.444500	-0.212340
0.445000	-0.212230
0.445500	-0.212120
0.446000	-0.212020
0.446500	-0.211930
0.447000	-0.211830
0.447500	-0.211730
0.448000	-0.211630
0.448500	-0.211510
0.449000	-0.211390
0.449500	-0.211280
0.450000	-0.211190
0.450500	-0.211130
0.451000	-0.211080
0.451500	-0.211050
0.452000	-0.211030
0.452500	-0.211010
0.453000	-0.211000
0.453500	-0.210990
0.454000	-0.210980
0.454500	-0.210970
0.455000	-0.210970
0.455500	-0.210990
0.456000	-0.211040
0.456500	-0.211170
0.457000	-0.211350
0.457500	-0.211570
0.458000	-0.211780
0.458500	-0.212020
0.459000	-0.212250
0.459500	-0.212480
0.460000	-0.212670
0.460500	-0.212860
0.461000	-0.213040
0.461500	-0.213220
0.462000	-0.213410
0.462500	-0.213600
0.463000	-0.213790
0.463500	-0.213980
0.464000	-0.214170
0.464500	-0.214290
0.465000	-0.214340
0.465500	-0.214330
0.466000	-0.214280
0.466500	-0.214210
0.467000	-0.214090
0.467500	-0.213920
0.468000	-0.213670
0.468500	-0.213370
0.469000	-0.213080
0.469500	-0.212790
0.470000	-0.212490
0.470500	-0.212200
0.471000	-0.211900
0.471500	-0.211610
0.472000	-0.211310
0.472500	-0.211040
0.473000	-0.210830
0.473500	-0.210670
0.474000	-0.210560
0.474500	-0.210460
0.475000	-0.210360
0.475500	-0.210270
0.476000	-0.210170
0.476500	-0.210080
0.477000	-0.209990
0.477500	-0.209890
0.478000	-0.209800
0.478500	-0.209710
0.479000	-0.209620
0.479500	-0.209530
0.480000	-0.209440
0.480500	-0.209350
0.481000	-0.209260
0.481500	-0.209160
0.482000	-0.209060
0.482500	-0.208950
0.483000	-0.208820
0.483500	-0.208680
0.484000	-0.208540
0.484500	-0.208400
0.485000	-0.208260
0.485500	-0.208120
0.486000	-0.207970
0.486500	132.190002
0.487000	1496.699951
0.487500	4031.699951
0.488000	7354.799805
0.488500	11100.000000
0.489000	15476.000000
0.489500	20650.000000
0.490000	26574.000000
