0.000000	-8089.391602
0.000500	-8089.391602
0.001000	-8089.391602
0.001500	-8089.391602
0.002000	-8089.391602
0.002500	-8089.391602
0.003000	-8089.391602
0.003500	-8089.391602
0.004000	-8089.391602
0.004500	-8089.391602
0.005000	-8089.391602
0.005500	-8089.391602
0.006000	-8089.391602
0.006500	-8089.391602
0.007000	-8089.391602
0.007500	-8089.391602
0.008000	-8089.391602
0.008500	-8089.391602
0.009000	-8089.391602
0.009500	-8089.391602
0.010000	-8089.391602
0.010500	-8089.391602
0.011000	-8089.391602
0.011500	-8089.391602
0.012000	-8089.391602
0.012500	-8089.391602
0.013000	-8089.391602
0.013500	-8089.391602
0.014000	-8089.391602
0.014500	-8089.391602
0.015000	-8089.391602
0.015500	-8089.391602
0.016000	-8089.391602
0.016500	-8089.391602
0.017000	-8089.391602
0.017500	-8089.391602
0.018000	-8089.391602
0.018500	-8089.391602
0.019000	-8089.391602
0.019500	-8089.391602
0.020000	-8089.391602
0.020500	-8089.391602
0.021000	-8089.391602
0.021500	-8089.391602
0.022000	-8089.391602
0.022500	-8089.391602
0.023000	-8089.391602
0.023500	-8089.391602
0.024000	-8089.391602
0.024500	-8089.391602
0.025000	-8089.391602
0.025500	-8089.391602
0.026000	-8089.391602
0.026500	-8089.391602
0.027000	-8089.391602
0.027500	-8089.391602
0.028000	-8089.391602
0.028500	-8089.391602
0.029000	-8089.391602
0.029500	-8089.391602
0.030000	-8089.391602
0.030500	-8089.391602
0.031000	-8089.391602
0.031500	-8089.391602
0.032000	-8089.391602
0.032500	-8089.391602
0.033000	-8089.391602
0.033500	-8089.645508
0.034000	-8089.645508
0.034500	-8089.645508
0.035000	-8089.645508
0.035500	-8089.645508
0.036000	-8089.645508
0.036500	-8089.645508
0.037000	-8089.645508
0.037500	-8089.645508
0.038000	-8089.645508
0.038500	-8089.645508
0.039000	-8089.899902
0.039500	-8089.899902
0.040000	-8089.899902
0.040500	-8089.899902
0.041000	-8089.899902
0.041500	-8089.899902
0.042000	-8089.899902
0.042500	-8089.899902
0.043000	-8090.153809
0.043500	-8090.153809
0.044000	-8090.153809
0.044500	-8090.153809
0.045000	-8090.153809
0.045500	-8090.407227
0.046000	-8090.407227
0.046500	-8090.407227
0.047000	-8090.407227
0.047500	-8090.407227
0.048000	-8090.662109
0.048500	-8090.662109
0.049000	-8090.662109
0.049500	-8090.662109
0.050000	-8090.915527
0.050500	-8090.915527
0.051000	-8090.915527
0.051500	-8091.169434
0.052000	-8091.169434
0.052500	-8091.169434
0.053000	-8091.423828
0.053500	-8091.423828
0.054000	-8091.423828
0.054500	-8091.677734
0.055000	-8091.677734
0.055500	-8091.931152
0.056000	-8091.931152
0.056500	-8092.186035
0.057000	-8092.186035
0.057500	-8092.439453
0.058000	-8092.439453
0.058500	-8092.693359
0.059000	-8092.693359
0.059500	-8092.947754
0.060000	-8093.201660
0.060500	-8093.201660
0.061000	-8093.456055
0.061500	-8093.709961
0.062000	-8093.963867
0.062500	-8093.963867
0.063000	-8094.218262
0.063500	-8094.472168
0.064000	-8094.725586
0.064500	-8094.980469
0.065000	-8095.233887
0.065500	-8095.487793
0.066000	-8095.742188
0.066500	-8095.996094
0.067000	-8096.504395
0.067500	-8096.757812
0.068000	-8097.011719
0.068500	-8097.520020
0.069000	-8097.773438
0.069500	-8098.281738
0.070000	-8098.535645
0.070500	-8099.043945
0.071000	-8099.552246
0.071500	-8100.059570
0.072000	-8100.567871
0.072500	-8101.076172
0.073000	-8101.583496
0.073500	-8102.091797
0.074000	-8102.854004
0.074500	-8103.362305
0.075000	-8104.124023
0.075500	-8104.886230
0.076000	-8105.647949
0.076500	-8106.410156
0.077000	-8107.171875
0.077500	-8108.187500
0.078000	-8109.204102
0.078500	-8110.219727
0.079000	-8111.235840
0.079500	-8112.505859
0.080000	-8113.776367
0.080500	-8115.045410
0.081000	-8116.569336
0.081500	-8118.093262
0.082000	-8119.618652
0.082500	-8121.395996
0.083000	-8123.173828
0.083500	-8125.206055
0.084000	-8127.492188
0.084500	-8129.777832
0.085000	-8132.318359
0.085500	-8134.857422
0.086000	-8137.906250
0.086500	-8140.954102
0.087000	-8144.256836
0.087500	-8147.812012
0.088000	-8151.875488
0.088500	-8155.939941
0.089000	-8160.512207
0.089500	-8165.337402
0.090000	-8170.417969
0.090500	-8175.751465
0.091000	-8181.847656
0.091500	-8187.943359
0.092000	-8194.547852
0.092500	-8201.660156
0.093000	-8209.280273
0.093500	-8217.407227
0.094000	-8225.790039
0.094500	-8234.680664
0.095000	-8244.078125
0.095500	-8253.983398
0.096000	-8264.397461
0.096500	-8275.320312
0.097000	-8286.750000
0.097500	-8298.687500
0.098000	-8310.880859
0.098500	-8323.833008
0.099000	-8337.041992
0.099500	-8350.757812
0.100000	-8364.981445
0.100500	-8379.713867
0.101000	-8394.700195
0.101500	-8410.193359
0.102000	-8425.942383
0.102500	-8442.198242
0.103000	-8458.961914
0.103500	-8475.979492
0.104000	-8493.251953
0.104500	-8511.031250
0.105000	-8529.066406
0.105500	-8547.607422
0.106000	-8566.149414
0.106500	-8585.454102
0.107000	-8604.756836
0.107500	-8624.316406
0.108000	-8644.381836
0.108500	-8664.702148
0.109000	-8685.276367
0.109500	-8706.104492
0.110000	-8727.439453
0.110500	-8748.775391
0.111000	-8770.365234
0.111500	-8792.209961
0.112000	-8814.307617
0.112500	-8836.659180
0.113000	-8859.266602
0.113500	-8882.380859
0.114000	-8905.494141
0.114500	-8928.608398
0.115000	-8952.230469
0.115500	-8976.106445
0.116000	-9000.235352
0.116500	-9024.620117
0.117000	-9049.004883
0.117500	-9073.895508
0.118000	-9098.788086
0.118500	-9123.933594
0.119000	-9149.587891
0.119500	-9175.242188
0.120000	-9201.150391
0.120500	-9227.057617
0.121000	-9253.474609
0.121500	-9279.889648
0.122000	-9306.559570
0.122500	-9333.483398
0.123000	-9360.661133
0.123500	-9388.093750
0.124000	-9415.526367
0.124500	-9443.211914
0.125000	-9471.406250
0.125500	-9499.599609
0.126000	-9528.047852
0.126500	-9556.750000
0.127000	-9585.707031
0.127500	-9614.916016
0.128000	-9644.125977
0.128500	-9673.843750
0.129000	-9703.561523
0.129500	-9733.787109
0.130000	-9764.014648
0.130500	-9794.494141
0.131000	-9825.227539
0.131500	-9856.216797
0.132000	-9887.458008
0.132500	-9918.700195
0.133000	-9950.450195
0.133500	-9982.199219
0.134000	-10014.458008
0.134500	-10046.715820
0.135000	-10079.481445
0.135500	-10112.247070
0.136000	-10145.522461
0.136500	-10179.049805
0.137000	-10213.085938
0.137500	-10247.122070
0.138000	-10281.666016
0.138500	-10316.464844
0.139000	-10351.515625
0.139500	-10386.821289
0.140000	-10422.635742
0.140500	-10458.450195
0.141000	-10494.518555
0.141500	-10531.093750
0.142000	-10567.669922
0.142500	-10604.754883
0.143000	-10641.837891
0.143500	-10679.176758
0.144000	-10716.768555
0.144500	-10754.614258
0.145000	-10792.713867
0.145500	-10831.068359
0.146000	-10869.675781
0.146500	-10908.283203
0.147000	-10947.145508
0.147500	-10986.261719
0.148000	-11025.631836
0.148500	-11065.002930
0.149000	-11104.372070
0.149500	-11144.250000
0.150000	-11184.381836
0.150500	-11224.513672
0.151000	-11265.154297
0.151500	-11306.047852
0.152000	-11346.942383
0.152500	-11388.343750
0.153000	-11430.000000
0.153500	-11471.656250
0.154000	-11513.819336
0.154500	-11555.983398
0.155000	-11598.402344
0.155500	-11641.074219
0.156000	-11684.253906
0.156500	-11727.433594
0.157000	-11770.613281
0.157500	-11814.302734
0.158000	-11857.990234
0.158500	-11902.185547
0.159000	-11946.381836
0.159500	-11990.578125
0.160000	-12035.281250
0.160500	-12079.985352
0.161000	-12124.943359
0.161500	-12169.901367
0.162000	-12215.113281
0.162500	-12260.580078
0.163000	-12306.299805
0.163500	-12352.019531
0.164000	-12397.740234
0.164500	-12443.967773
0.165000	-12489.942383
0.165500	-12536.423828
0.166000	-12582.652344
0.166500	-12629.387695
0.167000	-12675.870117
0.167500	-12722.859375
0.168000	-12769.594727
0.168500	-12816.839844
0.169000	-12863.831055
0.169500	-12911.073242
0.170000	-12958.571289
0.170500	-13006.069336
0.171000	-13053.567383
0.171500	-13101.319336
0.172000	-13149.071289
0.172500	-13197.078125
0.173000	-13245.084961
0.173500	-13293.343750
0.174000	-13341.604492
0.174500	-13390.117188
0.175000	-13438.631836
0.175500	-13487.145508
0.176000	-13535.913086
0.176500	-13584.682617
0.177000	-13633.704102
0.177500	-13682.725586
0.178000	-13731.748047
0.178500	-13781.024414
0.179000	-13830.553711
0.179500	-13880.083984
0.180000	-13929.613281
0.180500	-13979.143555
0.181000	-14028.927734
0.181500	-14078.964844
0.182000	-14128.750000
0.182500	-14179.041016
0.183000	-14229.080078
0.183500	-14279.371094
0.184000	-14329.663086
0.184500	-14380.210938
0.185000	-14430.756836
0.185500	-14481.302734
0.186000	-14532.101562
0.186500	-14582.902344
0.187000	-14633.702148
0.187500	-14684.755859
0.188000	-14735.810547
0.188500	-14787.117188
0.189000	-14838.425781
0.189500	-14889.734375
0.190000	-14941.041016
0.190500	-14992.604492
0.191000	-15044.166016
0.191500	-15095.982422
0.192000	-15147.543945
0.192500	-15199.361328
0.193000	-15251.430664
0.193500	-15303.245117
0.194000	-15355.315430
0.194500	-15407.386719
0.195000	-15459.456055
0.195500	-15511.780273
0.196000	-15564.104492
0.196500	-15616.428711
0.197000	-15668.751953
0.197500	-15721.330078
0.198000	-15773.908203
0.198500	-15826.486328
0.199000	-15879.062500
0.199500	-15931.895508
0.200000	-15984.727539
0.200500	-16037.559570
0.201000	-16090.391602
0.201500	-16143.222656
0.202000	-16196.309570
0.202500	-16249.395508
0.203000	-16302.482422
0.203500	-16355.568359
0.204000	-16408.908203
0.204500	-16461.994141
0.205000	-16515.335938
0.205500	-16568.673828
0.206000	-16622.013672
0.206500	-16675.353516
0.207000	-16728.693359
0.207500	-16782.287109
0.208000	-16835.628906
0.208500	-16889.220703
0.209000	-16942.562500
0.209500	-16996.156250
0.210000	-17049.750000
0.210500	-17103.343750
0.211000	-17156.937500
0.211500	-17210.533203
0.212000	-17264.125000
0.212500	-17317.720703
0.213000	-17371.312500
0.213500	-17425.164062
0.214000	-17478.755859
0.214500	-17532.349609
0.215000	-17585.943359
0.215500	-17639.791016
0.216000	-17693.386719
0.216500	-17746.980469
0.217000	-17800.574219
0.217500	-17854.421875
0.218000	-17908.013672
0.218500	-17961.611328
0.219000	-18015.203125
0.219500	-18068.798828
0.220000	-18122.390625
0.220500	-18175.986328
0.221000	-18229.580078
0.221500	-18283.173828
0.222000	-18336.767578
0.222500	-18390.361328
0.223000	-18443.957031
0.223500	-18497.294922
0.224000	-18550.890625
0.224500	-18604.484375
0.225000	-18657.824219
0.225500	-18711.417969
0.226000	-18764.759766
0.226500	-18818.351562
0.227000	-18871.691406
0.227500	-18925.287109
0.228000	-18978.626953
0.228500	-19032.218750
0.229000	-19085.560547
0.229500	-19138.898438
0.230000	-19192.240234
0.230500	-19245.833984
0.231000	-19299.173828
0.231500	-19352.511719
0.232000	-19405.853516
0.232500	-19459.447266
0.233000	-19512.787109
0.233500	-19566.126953
0.234000	-19619.466797
0.234500	-19672.808594
0.235000	-19726.146484
0.235500	-19779.488281
0.236000	-19832.828125
0.236500	-19886.167969
0.237000	-19939.507812
0.237500	-19992.847656
0.238000	-20046.185547
0.238500	-20099.527344
0.239000	-20152.869141
0.239500	-20206.208984
0.240000	-20259.548828
0.240500	-20312.886719
0.241000	-20366.228516
0.241500	-20419.566406
0.242000	-20472.908203
0.242500	-20526.246094
0.243000	-20579.587891
0.243500	-20632.929688
0.244000	-20686.011719
0.244500	-20739.353516
0.245000	-20792.693359
0.245500	-20846.035156
0.246000	-20899.373047
0.246500	-20952.712891
0.247000	-21006.054688
0.247500	-21059.392578
0.248000	-21112.480469
0.248500	-21165.818359
0.249000	-21219.160156
0.249500	-21272.500000
0.250000	-21325.839844
0.250500	-21379.181641
0.251000	-21432.519531
0.251500	-21485.605469
0.252000	-21538.945312
0.252500	-21592.287109
0.253000	-21645.626953
0.253500	-21698.712891
0.254000	-21752.052734
0.254500	-21805.390625
0.255000	-21858.478516
0.255500	-21911.818359
0.256000	-21964.904297
0.256500	-22017.988281
0.257000	-22071.330078
0.257500	-22124.414062
0.258000	-22177.501953
0.258500	-22230.587891
0.259000	-22283.927734
0.259500	-22337.013672
0.260000	-22390.099609
0.260500	-22442.931641
0.261000	-22496.017578
0.261500	-22549.105469
0.262000	-22602.189453
0.262500	-22655.021484
0.263000	-22708.109375
0.263500	-22760.939453
0.264000	-22813.771484
0.264500	-22866.857422
0.265000	-22919.689453
0.265500	-22972.521484
0.266000	-23025.353516
0.266500	-23078.185547
0.267000	-23131.017578
0.267500	-23183.849609
0.268000	-23236.427734
0.268500	-23289.261719
0.269000	-23342.089844
0.269500	-23394.667969
0.270000	-23447.248047
0.270500	-23500.080078
0.271000	-23552.658203
0.271500	-23605.236328
0.272000	-23657.812500
0.272500	-23710.392578
0.273000	-23762.970703
0.273500	-23815.548828
0.274000	-23867.873047
0.274500	-23920.451172
0.275000	-23973.027344
0.275500	-24025.351562
0.276000	-24077.929688
0.276500	-24130.253906
0.277000	-24182.576172
0.277500	-24234.902344
0.278000	-24287.226562
0.278500	-24339.550781
0.279000	-24391.875000
0.279500	-24443.943359
0.280000	-24496.267578
0.280500	-24548.591797
0.281000	-24600.662109
0.281500	-24652.732422
0.282000	-24704.800781
0.282500	-24756.873047
0.283000	-24808.941406
0.283500	-24861.011719
0.284000	-24913.082031
0.284500	-24965.152344
0.285000	-25016.968750
0.285500	-25068.785156
0.286000	-25120.853516
0.286500	-25172.667969
0.287000	-25224.488281
0.287500	-25276.302734
0.288000	-25327.863281
0.288500	-25379.679688
0.289000	-25430.478516
0.289500	-25483.820312
0.290000	-25534.621094
0.290500	-25585.417969
0.291000	-25638.759766
0.291500	-25689.560547
0.292000	-25740.359375
0.292500	-25793.699219
0.293000	-25844.500000
0.293500	-25895.300781
0.294000	-25946.099609
0.294500	-25996.900391
0.295000	-26050.240234
0.295500	-26101.039062
0.296000	-26151.837891
0.296500	-26202.638672
0.297000	-26253.439453
0.297500	-26306.777344
0.298000	-26357.578125
0.298500	-26408.378906
