0.000000	-0.012226
0.000500	-0.012226
0.001000	-0.012226
0.001500	-0.012226
0.002000	-0.012226
0.002500	-0.012226
0.003000	-0.012226
0.003500	-0.012351
0.004000	-0.012462
0.004500	-0.012561
0.005000	-0.012652
0.005500	-0.012733
0.006000	-0.012799
0.006500	-0.012850
0.007000	-0.012881
0.007500	-0.012894
0.008000	-0.012886
0.008500	-0.012852
0.009000	-0.012788
0.009500	-0.012694
0.010000	-0.012596
0.010500	-0.012496
0.011000	-0.012394
0.011500	-0.012291
0.012000	-0.012186
0.012500	-0.012080
0.013000	-0.011975
0.013500	-0.011873
0.014000	-0.011781
0.014500	-0.011699
0.015000	-0.011624
0.015500	-0.011555
0.016000	-0.011496
0.016500	-0.011448
0.017000	-0.011410
0.017500	-0.011380
0.018000	-0.011357
0.018500	-0.011341
0.019000	-0.011335
0.019500	-0.011339
0.020000	-0.011359
0.020500	-0.011391
0.021000	-0.011422
0.021500	-0.011436
0.022000	-0.011437
0.022500	-0.011437
0.023000	-0.011435
0.023500	-0.011434
0.024000	-0.011430
0.024500	-0.011423
0.025000	-0.011417
0.025500	-0.011415
0.026000	-0.011428
0.026500	-0.011475
0.027000	-0.011545
0.027500	-0.011622
0.028000	-0.011696
0.028500	-0.011779
0.029000	-0.011864
0.029500	-0.011940
0.030000	-0.012000
0.030500	-0.012048
0.031000	-0.012091
0.031500	-0.012129
0.032000	-0.012167
0.032500	-0.012205
0.033000	-0.012239
0.033500	-0.012267
0.034000	-0.012287
0.034500	-0.012291
0.035000	-0.012280
0.035500	-0.012260
0.036000	-0.012237
0.036500	-0.012211
0.037000	-0.012181
0.037500	-0.012143
0.038000	-0.012095
0.038500	-0.012037
0.039000	-0.011969
0.039500	-0.011890
0.040000	-0.011802
0.040500	-0.011706
0.041000	-0.011607
0.041500	-0.011503
0.042000	-0.011396
0.042500	-0.011283
0.043000	-0.011168
0.043500	-0.011049
0.044000	-0.010927
0.044500	-0.010799
0.045000	-0.010657
0.045500	-0.010509
0.046000	-0.010368
0.046500	-0.010241
0.047000	-0.010128
0.047500	-0.010028
0.048000	-0.009941
0.048500	-0.009866
0.049000	-0.009801
0.049500	-0.009746
0.050000	-0.009701
0.050500	-0.009666
0.051000	-0.009641
0.051500	-0.009621
0.052000	-0.009600
0.052500	-0.009570
0.053000	-0.009532
0.053500	-0.009486
0.054000	-0.009432
0.054500	-0.009370
0.055000	-0.009294
0.055500	-0.009201
0.056000	-0.009087
0.056500	-0.008952
0.057000	-0.008800
0.057500	-0.008641
0.058000	-0.008476
0.058500	-0.008306
0.059000	-0.008129
0.059500	-0.007942
0.060000	-0.007757
0.060500	-0.007583
0.061000	-0.007428
0.061500	-0.007284
0.062000	-0.007149
0.062500	-0.007020
0.063000	-0.006896
0.063500	-0.006774
0.064000	-0.006653
0.064500	-0.006536
0.065000	-0.006422
0.065500	-0.006311
0.066000	-0.006203
0.066500	-0.006096
0.067000	-0.005988
0.067500	-0.005878
0.068000	-0.005776
0.068500	-0.005693
0.069000	-0.005641
0.069500	-0.005624
0.070000	-0.005629
0.070500	-0.005642
0.071000	-0.005651
0.071500	-0.005664
0.072000	-0.005683
0.072500	-0.005700
0.073000	-0.005707
0.073500	-0.005664
0.074000	-0.005556
0.074500	-0.005390
0.075000	-0.005173
0.075500	-0.004908
0.076000	-0.004590
0.076500	-0.004215
0.077000	-0.003780
0.077500	-0.003304
0.078000	-0.002817
0.078500	-0.002328
0.079000	-0.001844
0.079500	-0.001371
0.080000	-0.000906
0.080500	-0.000454
0.081000	-0.000016
0.081500	0.000343
0.082000	0.000526
0.082500	0.000592
0.083000	0.000603
0.083500	0.000605
0.084000	0.000543
0.084500	0.000389
0.085000	0.000119
0.085500	-0.000289
0.086000	-0.000831
0.086500	-0.001510
0.087000	-0.002337
0.087500	-0.003308
0.088000	-0.004315
0.088500	-0.005334
0.089000	-0.006364
0.089500	-0.007408
0.090000	-0.008484
0.090500	-0.009571
0.091000	-0.010635
0.091500	-0.011640
0.092000	-0.012561
0.092500	-0.013425
0.093000	-0.014267
0.093500	-0.015124
0.094000	-0.016033
0.094500	-0.016982
0.095000	-0.017931
0.095500	-0.017749
0.096000	14312.000000
0.096500	46436.000000
0.097000	80177.000000
0.097500	99341.000000
0.098000	99999.000000
0.098500	99999.000000
0.099000	99999.000000
0.099500	99999.000000
0.100000	99999.000000
0.100500	99999.000000
0.101000	99999.000000
0.101500	99999.000000
0.102000	99999.000000
0.102500	99999.000000
0.103000	100000.000000
0.103500	100000.000000
0.104000	94457.000000
0.104500	67513.000000
0.105000	32474.000000
0.105500	5535.899902
0.106000	-0.041903
0.106500	-0.046633
0.107000	-0.049698
0.107500	-0.051693
0.108000	-0.053195
0.108500	-0.054041
0.109000	-0.054010
0.109500	-0.053120
0.110000	659.840027
0.110500	19829.000000
0.111000	53572.000000
0.111500	85694.000000
0.112000	100000.000000
0.112500	84375.000000
0.113000	50000.000000
0.113500	15625.000000
0.114000	-0.031250
0.114500	-0.022590
0.115000	-0.024305
0.115500	-0.026021
0.116000	-0.027740
0.116500	-0.029461
0.117000	-0.031184
0.117500	-0.032906
0.118000	-0.034626
0.118500	-0.036312
0.119000	-0.037912
0.119500	-0.039449
0.120000	-0.040950
0.120500	-0.042423
0.121000	-0.043818
0.121500	-0.045152
0.122000	-0.046450
0.122500	-0.047711
0.123000	-0.048863
0.123500	-0.049920
0.124000	-0.050910
0.124500	-0.051841
0.125000	-0.052552
0.125500	-0.053010
0.126000	-0.053219
0.126500	-0.053178
0.127000	-0.052830
0.127500	-0.052194
0.128000	-0.051313
0.128500	-0.050227
0.129000	-0.048979
0.129500	-0.047581
0.130000	-0.046035
0.130500	-0.044345
0.131000	-0.042570
0.131500	-0.040639
0.132000	-0.038421
0.132500	-0.035784
0.133000	-0.032814
0.133500	-0.029706
0.134000	-0.026501
0.134500	-0.023240
0.135000	-0.019972
0.135500	-0.016689
0.136000	-0.013336
0.136500	-0.009863
0.137000	-0.006212
0.137500	-0.002374
0.138000	0.001608
0.138500	0.005691
0.139000	0.009837
0.139500	0.014032
0.140000	0.018271
0.140500	0.022547
0.141000	0.026839
0.141500	0.031124
0.142000	0.035519
0.142500	0.040147
0.143000	0.045108
0.143500	0.050234
0.144000	0.055431
0.144500	0.060650
0.145000	0.065843
0.145500	0.070982
0.146000	0.076144
0.146500	0.081419
0.147000	0.086915
0.147500	0.093172
0.148000	0.100110
0.148500	0.107320
0.149000	0.114400
0.149500	0.121460
0.150000	0.128600
0.150500	0.135720
0.151000	0.142740
0.151500	0.149460
0.152000	0.155690
0.152500	0.161380
0.153000	0.166470
0.153500	0.170980
0.154000	0.175030
0.154500	0.178710
0.155000	0.182100
0.155500	0.185330
0.156000	0.188450
0.156500	0.191430
0.157000	0.194210
0.157500	0.196770
0.158000	0.199130
0.158500	0.201290
0.159000	0.203250
0.159500	0.205000
0.160000	0.206520
0.160500	0.207760
0.161000	0.208670
0.161500	0.209220
0.162000	0.209570
0.162500	0.209770
0.163000	0.209880
0.163500	0.209930
0.164000	0.209850
0.164500	0.209640
0.165000	0.209320
0.165500	0.208870
0.166000	0.207920
0.166500	0.206420
0.167000	0.204390
0.167500	0.201840
0.168000	0.198660
0.168500	0.194820
0.169000	0.190390
0.169500	0.185440
0.170000	0.180220
0.170500	0.174770
0.171000	0.169010
0.171500	0.162860
0.172000	0.156250
0.172500	0.149370
0.173000	0.142520
0.173500	0.135990
0.174000	0.129780
0.174500	0.123710
0.175000	0.117770
0.175500	0.111970
0.176000	0.106300
0.176500	0.100830
0.177000	0.095602
0.177500	0.090679
0.178000	0.086088
0.178500	0.081794
0.179000	0.077780
0.179500	0.074026
0.180000	0.070485
0.180500	0.067031
0.181000	0.063670
0.181500	0.060422
0.182000	0.057298
0.182500	0.054228
0.183000	0.051241
0.183500	0.048389
0.184000	0.045717
0.184500	0.043163
0.185000	0.040688
0.185500	0.038273
0.186000	0.035894
0.186500	0.033527
0.187000	0.031210
0.187500	0.029008
0.188000	0.026980
0.188500	0.025121
0.189000	0.023384
0.189500	0.021730
0.190000	0.020123
0.190500	0.018521
0.191000	0.016933
0.191500	0.015404
0.192000	0.013973
0.192500	0.012623
0.193000	0.011305
0.193500	0.010017
0.194000	0.008754
0.194500	0.007507
0.195000	0.006261
0.195500	0.005029
0.196000	0.003820
0.196500	0.002639
0.197000	0.001471
0.197500	0.000307
0.198000	-0.000858
0.198500	-0.002036
0.199000	-0.003235
0.199500	-0.004440
0.200000	-0.005633
0.200500	-0.006772
0.201000	-0.007754
0.201500	-0.008599
0.202000	-0.009337
0.202500	-0.010003
0.203000	-0.010622
0.203500	-0.011195
0.204000	-0.011722
0.204500	-0.012201
0.205000	-0.012653
0.205500	-0.013082
0.206000	-0.013492
0.206500	-0.013884
0.207000	-0.014232
0.207500	-0.014528
0.208000	-0.014776
0.208500	-0.014978
0.209000	-0.015076
0.209500	-0.015044
0.210000	-0.014884
0.210500	-0.014599
0.211000	-0.014221
0.211500	-0.013768
0.212000	-0.013225
0.212500	-0.012579
0.213000	-0.011868
0.213500	-0.011146
0.214000	-0.010414
0.214500	-0.009675
0.215000	-0.008916
0.215500	-0.008133
0.216000	-0.007347
0.216500	-0.006578
0.217000	-0.005910
0.217500	-0.005462
0.218000	-0.005194
0.218500	-0.005060
0.219000	-0.005053
0.219500	-0.005242
0.220000	-0.005647
0.220500	-0.006288
0.221000	-0.007149
0.221500	-0.008096
0.222000	-0.009134
0.222500	-0.010283
0.223000	-0.011542
0.223500	-0.012828
0.224000	-0.014122
0.224500	-0.015413
0.225000	-0.016690
0.225500	-0.017958
0.226000	-0.019200
0.226500	-0.020396
0.227000	-0.021485
0.227500	-0.022129
0.228000	-0.022367
0.228500	-0.022339
0.229000	-0.022179
0.229500	-0.021946
0.230000	-0.021677
0.230500	-0.021430
0.231000	-0.021262
0.231500	-0.021159
0.232000	-0.021073
0.232500	-0.020973
0.233000	-0.020825
0.233500	-0.020610
0.234000	-0.020359
0.234500	-0.020108
0.235000	-0.019898
0.235500	-0.019728
0.236000	-0.019574
0.236500	-0.019431
0.237000	-0.019297
0.237500	-0.019193
0.238000	-0.019141
0.238500	-0.019085
0.239000	-0.018968
0.239500	-0.018757
0.240000	-0.018485
0.240500	-0.018177
0.241000	-0.017853
0.241500	-0.017521
0.242000	-0.017156
0.242500	-0.016789
0.243000	-0.016455
0.243500	-0.016185
0.244000	-0.015964
0.244500	-0.015778
0.245000	-0.015617
0.245500	-0.015471
0.246000	-0.015342
0.246500	-0.015218
0.247000	-0.015090
0.247500	-0.014946
0.248000	-0.014784
0.248500	-0.014606
0.249000	-0.014418
0.249500	-0.014220
0.250000	-0.013982
0.250500	-0.013691
0.251000	-0.013354
0.251500	-0.012978
0.252000	-0.012551
0.252500	-0.012051
0.253000	-0.011458
0.253500	-0.010753
0.254000	-0.009999
0.254500	-0.009235
0.255000	-0.008472
0.255500	-0.007716
0.256000	-0.006966
0.256500	-0.006216
0.257000	-0.005472
0.257500	-0.004744
0.258000	-0.004055
0.258500	-0.003435
0.259000	-0.002859
0.259500	-0.002302
0.260000	-0.001749
0.260500	-0.001206
0.261000	-0.000676
0.261500	-0.000160
0.262000	0.000336
0.262500	0.000807
0.263000	0.001258
0.263500	0.001694
0.264000	0.002095
0.264500	0.002437
0.265000	0.002760
0.265500	0.003106
0.266000	0.003506
0.266500	0.003942
0.267000	0.004443
0.267500	0.005044
0.268000	0.005768
0.268500	0.006538
0.269000	0.007325
0.269500	0.008127
0.270000	0.008938
0.270500	0.009752
0.271000	0.010566
0.271500	0.011382
0.272000	0.012200
0.272500	0.013033
0.273000	0.013877
0.273500	0.014716
0.274000	0.015535
0.274500	0.016273
0.275000	0.016928
0.275500	0.017530
0.276000	0.018109
0.276500	0.018680
0.277000	0.019227
0.277500	0.019725
0.278000	0.020155
0.278500	0.020522
0.279000	0.020862
0.279500	0.021195
0.280000	0.021544
0.280500	0.021915
0.281000	0.022295
0.281500	0.022688
0.282000	0.023104
0.282500	0.023556
0.283000	0.024062
0.283500	0.024619
0.284000	0.025221
0.284500	0.025859
0.285000	0.026513
0.285500	0.027178
0.286000	0.027851
0.286500	0.028522
0.287000	0.029175
0.287500	0.029845
0.288000	0.030572
0.288500	0.031386
0.289000	0.032226
0.289500	0.033069
0.290000	0.033914
0.290500	0.034758
0.291000	0.035603
0.291500	0.036448
0.292000	0.037293
0.292500	0.038129
0.293000	0.038899
0.293500	0.039609
0.294000	0.040278
0.294500	0.040929
0.295000	0.041566
0.295500	0.042158
0.296000	0.042672
0.296500	0.043076
0.297000	0.043436
0.297500	0.043794
0.298000	0.044152
0.298500	0.044511
0.299000	0.044872
0.299500	0.045234
0.300000	0.045596
0.300500	0.045960
0.301000	0.046333
0.301500	0.046735
0.302000	0.047177
0.302500	0.047674
0.303000	0.048216
0.303500	0.048766
0.304000	0.049320
0.304500	0.049875
0.305000	0.050433
0.305500	0.050996
0.306000	0.051557
0.306500	0.052111
0.307000	0.052641
0.307500	0.053118
0.308000	0.053564
0.308500	0.054002
0.309000	0.054442
0.309500	0.054857
0.310000	0.055270
0.310500	0.055711
0.311000	0.056209
0.311500	0.056755
0.312000	0.057327
0.312500	0.057910
0.313000	0.058489
0.313500	0.059080
0.314000	0.059675
0.314500	0.060261
0.315000	0.060820
0.315500	0.061329
0.316000	0.061792
0.316500	0.062221
0.317000	0.062627
0.317500	0.063025
0.318000	0.063416
0.318500	0.063795
0.319000	0.064160
0.319500	0.064514
0.320000	0.064864
0.320500	0.065214
0.321000	0.065572
0.321500	0.065942
0.322000	0.066320
0.322500	0.066699
0.323000	0.067070
0.323500	0.067417
0.324000	0.067743
0.324500	0.068066
0.325000	0.068408
0.325500	0.068786
0.326000	0.069189
0.326500	0.069599
0.327000	0.069995
0.327500	0.070372
0.328000	0.070744
0.328500	0.071104
0.329000	0.071444
0.329500	0.071761
0.330000	0.072068
0.330500	0.072373
0.331000	0.072680
0.331500	0.072994
0.332000	0.073309
0.332500	0.073625
0.333000	0.073941
0.333500	0.074257
0.334000	0.074576
0.334500	0.074897
0.335000	0.075223
0.335500	0.075561
0.336000	0.075938
0.336500	0.076340
0.337000	0.076740
0.337500	0.077116
0.338000	0.077485
0.338500	0.077848
0.339000	0.078194
0.339500	0.078516
0.340000	0.078823
0.340500	0.079123
0.341000	0.079419
0.341500	0.079715
0.342000	0.080007
0.342500	0.080295
0.343000	0.080583
0.343500	0.080877
0.344000	0.081207
0.344500	0.081579
0.345000	0.081958
0.345500	0.082310
0.346000	0.082630
0.346500	0.082923
0.347000	0.083174
0.347500	0.083365
0.348000	0.083507
0.348500	0.083630
0.349000	0.083750
0.349500	0.083881
0.350000	0.084025
0.350500	0.084171
0.351000	0.084323
0.351500	0.084482
0.352000	0.084666
0.352500	0.084884
0.353000	0.085107
0.353500	0.085307
0.354000	0.085467
0.354500	0.085622
0.355000	0.085777
0.355500	0.085932
0.356000	0.086087
0.356500	0.086243
0.357000	0.086400
0.357500	0.086556
0.358000	0.086706
0.358500	0.086805
0.359000	0.086849
0.359500	0.086844
0.360000	0.086795
0.360500	0.086692
0.361000	0.086537
0.361500	0.086340
0.362000	0.086111
0.362500	0.085867
0.363000	0.085601
0.363500	0.085301
0.364000	0.084959
0.364500	0.084587
0.365000	0.084197
0.365500	0.083791
0.366000	0.083371
0.366500	0.082928
0.367000	0.082469
0.367500	0.082009
0.368000	0.081564
0.368500	0.081148
0.369000	0.080773
0.369500	0.080452
0.370000	0.080202
0.370500	0.080033
0.371000	0.079937
0.371500	0.079899
0.372000	0.079904
0.372500	0.079929
0.373000	0.079961
0.373500	0.080002
0.374000	0.080056
0.374500	0.080124
0.375000	0.080203
0.375500	0.080292
0.376000	0.080393
0.376500	0.080513
0.377000	0.080670
0.377500	0.080862
0.378000	0.081088
0.378500	0.081359
0.379000	0.081714
0.379500	0.082101
0.380000	0.082459
0.380500	0.082746
0.381000	0.083003
0.381500	0.083226
0.382000	0.083402
0.382500	0.083519
0.383000	0.083569
0.383500	0.083588
0.384000	0.083618
0.384500	0.083696
0.385000	0.083792
0.385500	0.083911
0.386000	0.084073
0.386500	0.084294
0.387000	0.084561
0.387500	0.084861
0.388000	0.085185
0.388500	0.085525
0.389000	0.085866
0.389500	0.086216
0.390000	0.086589
0.390500	0.087001
0.391000	0.087436
0.391500	0.087882
0.392000	0.088335
0.392500	0.088791
0.393000	0.089258
0.393500	0.089737
0.394000	0.090210
0.394500	0.090663
0.395000	0.091080
0.395500	0.091458
0.396000	0.091808
0.396500	0.092138
0.397000	0.092459
0.397500	0.092778
0.398000	0.093098
0.398500	0.093418
0.399000	0.093741
0.399500	0.094065
0.400000	0.094390
0.400500	0.094716
0.401000	0.095054
0.401500	0.095420
0.402000	0.095806
0.402500	0.096206
0.403000	0.096626
0.403500	0.097111
0.404000	0.097620
0.404500	0.098102
0.405000	0.098520
0.405500	0.098893
0.406000	0.099224
0.406500	0.099507
0.407000	0.099738
0.407500	0.099922
0.408000	0.100090
0.408500	0.100270
0.409000	0.100500
0.409500	0.100740
0.410000	0.100990
0.410500	0.101270
0.411000	0.101580
0.411500	0.101920
0.412000	0.102260
0.412500	0.102610
0.413000	0.102950
0.413500	0.103310
0.414000	0.103690
0.414500	0.104050
0.415000	0.104390
0.415500	0.104640
0.416000	0.104800
0.416500	0.104890
0.417000	0.104930
0.417500	0.104940
0.418000	0.104960
0.418500	0.104960
0.419000	0.104950
0.419500	0.104930
0.420000	0.104910
0.420500	0.104890
0.421000	0.104870
0.421500	0.104860
0.422000	0.104840
0.422500	0.104830
0.423000	0.104810
0.423500	0.104800
0.424000	0.104790
0.424500	0.104780
0.425000	0.104770
0.425500	0.104760
0.426000	0.104760
0.426500	0.104760
0.427000	0.104780
0.427500	0.104810
0.428000	0.104850
0.428500	0.104900
0.429000	0.104950
0.429500	0.105000
0.430000	0.105040
0.430500	0.105100
0.431000	0.105150
0.431500	0.105240
0.432000	0.105410
0.432500	0.105640
0.433000	0.105850
0.433500	0.106010
0.434000	0.106140
0.434500	0.106250
0.435000	0.106330
0.435500	0.106360
0.436000	0.106320
0.436500	0.106230
0.437000	0.106150
0.437500	0.106120
0.438000	0.106140
0.438500	0.106190
0.439000	0.106280
0.439500	0.106400
0.440000	0.106560
0.440500	0.106780
0.441000	0.107060
0.441500	0.107430
0.442000	0.107840
0.442500	0.108280
0.443000	0.108740
0.443500	0.109210
0.444000	0.109700
0.444500	0.110220
0.445000	0.110730
0.445500	0.111220
0.446000	0.111630
0.446500	0.111930
0.447000	0.112130
0.447500	0.112230
0.448000	0.112230
0.448500	0.112160
0.449000	0.112040
0.449500	0.111860
0.450000	0.111640
0.450500	0.111410
0.451000	0.111150
0.451500	0.110860
0.452000	0.110550
0.452500	0.110210
0.453000	0.109810
0.453500	0.109350
0.454000	0.108790
0.454500	0.108120
0.455000	0.107420
0.455500	0.106740
0.456000	0.106140
0.456500	0.105540
0.457000	0.104970
0.457500	0.104470
0.458000	0.104050
0.458500	0.103690
0.459000	0.103360
0.459500	0.103060
0.460000	0.102780
0.460500	0.102500
0.461000	0.102230
0.461500	0.101980
0.462000	0.101760
0.462500	0.101560
0.463000	0.101400
0.463500	0.101280
0.464000	0.101210
0.464500	0.101150
0.465000	0.101100
0.465500	0.101040
0.466000	0.100990
0.466500	0.100930
0.467000	0.100880
0.467500	0.100820
0.468000	0.100750
0.468500	0.100630
0.469000	0.100460
0.469500	0.100260
0.470000	0.100100
0.470500	0.099958
0.471000	0.099822
0.471500	0.099686
0.472000	0.099550
0.472500	0.099407
0.473000	0.099255
0.473500	0.099093
0.474000	0.098923
0.474500	0.098721
0.475000	0.098427
0.475500	0.098035
0.476000	0.097538
0.476500	0.096957
0.477000	0.096350
0.477500	0.095724
0.478000	0.095086
0.478500	0.094436
0.479000	0.093766
0.479500	0.093093
0.480000	0.092434
0.480500	0.091817
0.481000	0.091273
0.481500	0.090794
0.482000	0.090368
0.482500	0.089988
0.483000	0.089667
0.483500	0.089383
0.484000	0.089108
0.484500	0.088819
0.485000	0.088584
0.485500	0.088413
0.486000	0.088298
0.486500	132.479996
0.487000	1497.000000
0.487500	4031.899902
0.488000	7355.100098
0.488500	11100.000000
0.489000	15476.000000
0.489500	20650.000000
0.490000	26575.000000
