0.000000	0.000025
0.000500	0.000205
0.001000	0.000929
0.001500	0.001468
0.002000	0.001772
0.002500	0.002544
0.003000	0.003472
0.003500	0.004108
0.004000	0.004672
0.004500	0.005183
0.005000	0.005794
0.005500	0.006312
0.006000	0.006435
0.006500	0.006232
0.007000	0.005827
0.007500	0.005648
0.008000	0.005519
0.008500	0.005256
0.009000	0.005033
0.009500	0.004865
0.010000	0.004622
0.010500	0.004436
0.011000	0.004218
0.011500	0.003863
0.012000	0.003305
0.012500	0.002365
0.013000	0.001641
0.013500	0.000959
0.014000	0.000192
0.014500	-0.000461
0.015000	-0.000985
0.015500	-0.001188
0.016000	-0.001378
0.016500	-0.001809
0.017000	-0.002264
0.017500	-0.002432
0.018000	-0.002254
0.018500	-0.001809
0.019000	-0.001182
0.019500	-0.000313
0.020000	0.000250
0.020500	0.000798
0.021000	0.001540
0.021500	0.002303
0.022000	0.003507
0.022500	0.004989
0.023000	0.006562
0.023500	0.008229
0.024000	0.009814
0.024500	0.011450
0.025000	0.013126
0.025500	0.014764
0.026000	0.016824
0.026500	0.019319
0.027000	0.021918
0.027500	0.024084
0.028000	0.026018
0.028500	0.027655
0.029000	0.029177
0.029500	0.030819
0.030000	0.032263
0.030500	0.033532
0.031000	0.034981
0.031500	0.036326
0.032000	0.037522
0.032500	0.039125
0.033000	0.040700
0.033500	0.042274
0.034000	0.044188
0.034500	0.046661
0.035000	0.049592
0.035500	0.052519
0.036000	0.055978
0.036500	0.060532
0.037000	0.065785
0.037500	0.071939
0.038000	0.079212
0.038500	0.087748
0.039000	0.097605
0.039500	0.108824
0.040000	0.121531
0.040500	0.136165
0.041000	0.152838
0.041500	0.172055
0.042000	0.194731
0.042500	0.220770
0.043000	0.250559
0.043500	0.284790
0.044000	0.323092
0.044500	0.365273
0.045000	0.411815
0.045500	0.462429
0.046000	0.517211
0.046500	0.576210
0.047000	0.639038
0.047500	0.705633
0.048000	0.776026
0.048500	0.850603
0.049000	0.929042
0.049500	1.010620
0.050000	1.095674
0.050500	1.184638
0.051000	1.277723
0.051500	1.375522
0.052000	1.477957
0.052500	1.584882
0.053000	1.696088
0.053500	1.811317
0.054000	1.931052
0.054500	2.055132
0.055000	2.182914
0.055500	2.314559
0.056000	2.450065
0.056500	2.590078
0.057000	2.734114
0.057500	2.881370
0.058000	3.031843
0.058500	3.186340
0.059000	3.345182
0.059500	3.508209
0.060000	3.674615
0.060500	3.844240
0.061000	4.016439
0.061500	4.191536
0.062000	4.370335
0.062500	4.553961
0.063000	4.743702
0.063500	4.940203
0.064000	5.143946
0.064500	5.353644
0.065000	5.566882
0.065500	5.782051
0.066000	5.996738
0.066500	6.210136
0.067000	6.421765
0.067500	6.631302
0.068000	6.838585
0.068500	7.042811
0.069000	7.243979
0.069500	7.441607
0.070000	7.635211
0.070500	7.823504
0.071000	8.005682
0.071500	8.180939
0.072000	8.349277
0.072500	8.510371
0.073000	8.664869
0.073500	8.809871
0.074000	8.942964
0.074500	9.060285
0.075000	9.157489
0.075500	9.230071
0.076000	9.273362
0.076500	9.283018
0.077000	9.252440
0.077500	9.174227
0.078000	9.040329
0.078500	8.845277
0.079000	8.587621
0.079500	8.273798
0.080000	7.915397
0.080500	7.527224
0.081000	7.124887
0.081500	6.722069
0.082000	6.329872
0.082500	5.956021
0.083000	5.603575
0.083500	5.272855
0.084000	4.961769
0.084500	4.667581
0.085000	4.387072
0.085500	4.116219
0.086000	3.853091
0.086500	3.595757
0.087000	3.342447
0.087500	3.092194
0.088000	2.844516
0.088500	2.601022
0.089000	2.364126
0.089500	2.137048
0.090000	1.923971
0.090500	1.729562
0.091000	1.557346
0.091500	1.411572
0.092000	1.295120
0.092500	1.208633
0.093000	1.150858
0.093500	1.118736
0.094000	1.109401
0.094500	1.117480
0.095000	1.136438
0.095500	1.160707
0.096000	1.186569
0.096500	1.212834
0.097000	1.240804
0.097500	1.275486
0.098000	1.323669
0.098500	1.391793
0.099000	1.484024
0.099500	1.599270
0.100000	1.732459
0.100500	1.876173
0.101000	2.018117
0.101500	2.144129
0.102000	2.240046
0.102500	2.292028
0.103000	2.289775
0.103500	2.228137
0.104000	2.109689
0.104500	1.943122
0.105000	1.740827
0.105500	1.517579
0.106000	1.288216
0.106500	1.064694
0.107000	0.856316
0.107500	0.670066
0.108000	0.509309
0.108500	0.375186
0.109000	0.268020
0.109500	0.187328
0.110000	0.132283
0.110500	0.102079
0.111000	0.095629
0.111500	0.112102
0.112000	0.150092
0.112500	0.207557
0.113000	0.282005
0.113500	0.369232
0.114000	0.464956
0.114500	0.565765
0.115000	0.668843
0.115500	0.772163
0.116000	0.873616
0.116500	0.972301
0.117000	1.068540
0.117500	1.162671
0.118000	1.254146
0.118500	1.342402
0.119000	1.427955
0.119500	1.510321
0.120000	1.589098
0.120500	1.664223
0.121000	1.734712
0.121500	1.801178
0.122000	1.863942
0.122500	1.922844
0.123000	1.978849
0.123500	2.032119
0.124000	2.083940
0.124500	2.134151
0.125000	2.181788
0.125500	2.226688
0.126000	2.267083
0.126500	2.303132
0.127000	2.336124
0.127500	2.366701
0.128000	2.395830
0.128500	2.424155
0.129000	2.451997
0.129500	2.478873
0.130000	2.505105
0.130500	2.529728
0.131000	2.553707
0.131500	2.578491
0.132000	2.605689
0.132500	2.637715
0.133000	2.676822
0.133500	2.724458
0.134000	2.779820
0.134500	2.842102
0.135000	2.909694
0.135500	2.980344
0.136000	3.052604
0.136500	3.124541
0.137000	3.194709
0.137500	3.261496
0.138000	3.322812
0.138500	3.375760
0.139000	3.417442
0.139500	3.446249
0.140000	3.461055
0.140500	3.462826
0.141000	3.454135
0.141500	3.435789
0.142000	3.409717
0.142500	3.377852
0.143000	3.343091
0.143500	3.308489
0.144000	3.275176
0.144500	3.243311
0.145000	3.211607
0.145500	3.176201
0.146000	3.133071
0.146500	3.080446
0.147000	3.016554
0.147500	2.940433
0.148000	2.851918
0.148500	2.752944
0.149000	2.646083
0.149500	2.535200
0.150000	2.422063
0.150500	2.308282
0.151000	2.196111
0.151500	2.087158
0.152000	1.981102
0.152500	1.877461
0.153000	1.774624
0.153500	1.672269
0.154000	1.569062
0.154500	1.464406
0.155000	1.358544
0.155500	1.251748
0.156000	1.143503
0.156500	1.034325
0.157000	0.925566
0.157500	0.817032
0.158000	0.710767
0.158500	0.607592
0.159000	0.507040
0.159500	0.410544
0.160000	0.318618
0.160500	0.231408
0.161000	0.148769
0.161500	0.069995
0.162000	-0.005066
0.162500	-0.076590
0.163000	-0.145124
0.163500	-0.210937
0.164000	-0.273846
0.164500	-0.333118
0.165000	-0.388608
0.165500	-0.440703
0.166000	-0.489675
0.166500	-0.535574
0.167000	-0.578559
0.167500	-0.617698
0.168000	-0.652187
0.168500	-0.682378
0.169000	-0.708932
0.169500	-0.732686
0.170000	-0.754090
0.170500	-0.773129
0.171000	-0.789094
0.171500	-0.801212
0.172000	-0.809484
0.172500	-0.814425
0.173000	-0.816935
0.173500	-0.818641
0.174000	-0.820411
0.174500	-0.821329
0.175000	-0.819671
0.175500	-0.814746
0.176000	-0.807311
0.176500	-0.798701
0.177000	-0.790590
0.177500	-0.785296
0.178000	-0.784346
0.178500	-0.787066
0.179000	-0.792103
0.179500	-0.797543
0.180000	-0.802467
0.180500	-0.806668
0.181000	-0.810691
0.181500	-0.815439
0.182000	-0.821329
0.182500	-0.829247
0.183000	-0.839257
0.183500	-0.851568
0.184000	-0.865666
0.184500	-0.880891
0.185000	-0.898288
0.185500	-0.918260
0.186000	-0.941418
0.186500	-0.968069
0.187000	-0.998051
0.187500	-1.031091
0.188000	-1.066190
0.188500	-1.102175
0.189000	-1.137388
0.189500	-1.171232
0.190000	-1.202373
0.190500	-1.230199
0.191000	-1.254725
0.191500	-1.275453
0.192000	-1.292448
0.192500	-1.306739
0.193000	-1.318938
0.193500	-1.329769
0.194000	-1.339570
0.194500	-1.348421
0.195000	-1.356774
0.195500	-1.364289
0.196000	-1.371242
0.196500	-1.377244
0.197000	-1.381992
0.197500	-1.385436
0.198000	-1.387931
0.198500	-1.389830
0.199000	-1.391310
0.199500	-1.392791
0.200000	-1.393998
0.200500	-1.394979
0.201000	-1.396315
0.201500	-1.397844
0.202000	-1.400129
0.202500	-1.403863
0.203000	-1.408772
0.203500	-1.415000
0.204000	-1.422499
0.204500	-1.430659
0.205000	-1.439381
0.205500	-1.448748
0.206000	-1.458178
0.206500	-1.467512
0.207000	-1.476380
0.207500	-1.483558
0.208000	-1.488209
0.208500	-1.489963
0.209000	-1.488498
0.209500	-1.484604
0.210000	-1.479132
0.210500	-1.472695
0.211000	-1.465742
0.211500	-1.458597
0.212000	-1.451097
0.212500	-1.443131
0.213000	-1.434489
0.213500	-1.424575
0.214000	-1.413229
0.214500	-1.400339
0.215000	-1.385549
0.215500	-1.368683
0.216000	-1.349355
0.216500	-1.327918
0.217000	-1.304357
0.217500	-1.278495
0.218000	-1.250798
0.218500	-1.221476
0.219000	-1.190528
0.219500	-1.157134
0.220000	-1.121375
0.220500	-1.082767
0.221000	-1.041133
0.221500	-0.996892
0.222000	-0.949931
0.222500	-0.900380
0.223000	-0.848173
0.223500	-0.794420
0.224000	-0.739912
0.224500	-0.684084
0.225000	-0.626630
0.225500	-0.568726
0.226000	-0.511353
0.226500	-0.454865
0.227000	-0.399697
0.227500	-0.345607
0.228000	-0.293271
0.228500	-0.243301
0.229000	-0.195728
0.229500	-0.150438
0.230000	-0.107126
0.230500	-0.065605
0.231000	-0.025423
0.231500	0.013211
0.232000	0.050567
0.232500	0.087088
0.233000	0.122408
0.233500	0.156295
0.234000	0.188840
0.234500	0.219708
0.235000	0.248644
0.235500	0.275536
0.236000	0.300094
0.236500	0.323237
0.237000	0.345558
0.237500	0.367317
0.238000	0.389011
0.238500	0.411139
0.239000	0.433316
0.239500	0.455139
0.240000	0.476704
0.240500	0.498398
0.241000	0.520397
0.241500	0.542606
0.242000	0.565395
0.242500	0.588553
0.243000	0.611663
0.243500	0.634597
0.244000	0.656081
0.244500	0.675216
0.245000	0.691921
0.245500	0.705762
0.246000	0.716866
0.246500	0.725879
0.247000	0.733571
0.247500	0.740604
0.248000	0.747927
0.248500	0.756456
0.249000	0.765822
0.249500	0.775897
0.250000	0.787162
0.250500	0.799796
0.251000	0.814264
0.251500	0.830228
0.252000	0.847899
0.252500	0.868402
0.253000	0.891512
0.253500	0.917358
0.254000	0.945731
0.254500	0.975906
0.255000	1.007256
0.255500	1.038654
0.256000	1.068991
0.256500	1.097347
0.257000	1.123049
0.257500	1.146481
0.258000	1.168303
0.258500	1.188678
0.259000	1.208022
0.259500	1.226449
0.260000	1.242945
0.260500	1.256415
0.261000	1.265636
0.261500	1.269772
0.262000	1.269080
0.262500	1.264204
0.263000	1.255675
0.263500	1.244683
0.264000	1.232516
0.264500	1.219014
0.265000	1.205141
0.265500	1.192524
0.266000	1.180760
0.266500	1.169575
0.267000	1.159355
0.267500	1.149796
0.268000	1.140333
0.268500	1.130323
0.269000	1.119444
0.269500	1.107213
0.270000	1.093775
0.270500	1.079886
0.271000	1.066223
0.271500	1.053477
0.272000	1.042308
0.272500	1.032909
0.273000	1.025233
0.273500	1.020276
0.274000	1.018538
0.274500	1.020034
0.275000	1.025313
0.275500	1.035388
0.276000	1.050354
0.276500	1.068798
0.277000	1.090073
0.277500	1.112717
0.278000	1.135070
0.278500	1.157054
0.279000	1.178201
0.279500	1.197706
0.280000	1.215988
0.280500	1.233498
0.281000	1.250444
0.281500	1.267825
0.282000	1.286268
0.282500	1.305950
0.283000	1.326920
0.283500	1.349081
0.284000	1.371708
0.284500	1.394561
0.285000	1.417156
0.285500	1.438416
0.286000	1.458387
0.286500	1.476637
0.287000	1.492441
0.287500	1.506249
0.288000	1.518255
0.288500	1.528265
0.289000	1.536827
0.289500	1.544665
0.290000	1.551713
0.290500	1.558006
0.291000	1.564443
0.291500	1.571750
0.292000	1.580311
0.292500	1.590145
0.293000	1.600814
0.293500	1.611597
0.294000	1.621575
0.294500	1.629461
0.295000	1.634772
0.295500	1.637347
0.296000	1.636864
0.296500	1.633806
0.297000	1.628978
0.297500	1.622219
0.298000	1.613850
0.298500	1.604065
