0.000000	1.395300
0.000500	-1.371400
0.001000	-2.061000
0.001500	0.851910
0.002000	-0.246600
0.002500	-3.078500
0.003000	-1.607300
0.003500	-2.305200
0.004000	-1.749000
0.004500	-1.840200
0.005000	-2.130500
0.005500	0.169560
0.006000	-0.054630
0.006500	1.591600
0.007000	2.048600
0.007500	0.862690
0.008000	1.613400
0.008500	1.569700
0.009000	2.684500
0.009500	0.758410
0.010000	0.698070
0.010500	2.917200
0.011000	1.720300
0.011500	2.012200
0.012000	4.294700
0.012500	4.891900
0.013000	4.412700
0.013500	6.092900
0.014000	2.868600
0.014500	3.565000
0.015000	3.454100
0.015500	2.627000
0.016000	1.909500
0.016500	5.405400
0.017000	4.434100
0.017500	3.054900
0.018000	1.059000
0.018500	0.447910
0.019000	0.024254
0.019500	-0.608580
0.020000	2.691200
0.020500	-0.484300
0.021000	2.123600
0.021500	-0.816310
0.022000	-0.333810
0.022500	0.535550
0.023000	1.134100
0.023500	-0.333790
0.024000	0.766890
0.024500	1.057300
0.025000	0.898180
0.025500	-1.037900
0.026000	-0.971390
0.026500	-2.709100
0.027000	-1.200700
0.027500	1.026200
0.028000	-0.728680
0.028500	2.308500
0.029000	1.278800
0.029500	3.914000
0.030000	0.512110
0.030500	3.944700
0.031000	0.161970
0.031500	5.363600
0.032000	4.683400
0.032500	2.955100
0.033000	4.907900
0.033500	5.212800
0.034000	7.798700
0.034500	6.309700
0.035000	4.664400
0.035500	6.485000
0.036000	7.743900
0.036500	4.553600
0.037000	6.719000
0.037500	8.293700
0.038000	9.506300
0.038500	7.378600
0.039000	7.901600
0.039500	7.711300
0.040000	9.875200
0.040500	8.456700
0.041000	8.282000
0.041500	5.929700
0.042000	6.421400
0.042500	4.965700
0.043000	5.929000
0.043500	2.980800
0.044000	7.056200
0.044500	5.229800
0.045000	5.222600
0.045500	5.996100
0.046000	7.990100
0.046500	5.888800
0.047000	10.018000
0.047500	11.944000
0.048000	14.412000
0.048500	15.226000
0.049000	20.226000
0.049500	26.306000
0.050000	28.309000
0.050500	33.224998
0.051000	37.897999
0.051500	42.324001
0.052000	47.359001
0.052500	52.143002
0.053000	62.433998
0.053500	65.799004
0.054000	72.600998
0.054500	80.416000
0.055000	88.322998
0.055500	98.605003
0.056000	108.639999
0.056500	115.849998
0.057000	125.910004
0.057500	136.779999
0.058000	144.860001
0.058500	152.330002
0.059000	160.169998
0.059500	169.350006
0.060000	178.460007
0.060500	185.399994
0.061000	191.570007
0.061500	194.119995
0.062000	186.679993
0.062500	171.639999
0.063000	147.240005
0.063500	116.779999
0.064000	82.136002
0.064500	54.333000
0.065000	34.695999
0.065500	17.558001
0.066000	13.084000
0.066500	11.270000
0.067000	8.209600
0.067500	9.134700
0.068000	8.148800
0.068500	1.866000
0.069000	-8.241800
0.069500	-27.531000
0.070000	-50.346001
0.070500	-87.760002
0.071000	-129.720001
0.071500	-182.089996
0.072000	-231.940002
0.072500	-289.890015
0.073000	-339.109985
0.073500	-370.029999
0.074000	-392.350006
0.074500	-397.429993
0.075000	-384.640015
0.075500	-362.429993
0.076000	-332.959991
0.076500	-299.869995
0.077000	-246.419998
0.077500	-170.729996
0.078000	-68.917000
0.078500	45.743999
0.079000	158.179993
0.079500	229.070007
0.080000	251.770004
0.080500	212.949997
0.081000	112.860001
0.081500	-29.612000
0.082000	-210.899994
0.082500	-413.149994
0.083000	-615.880005
0.083500	-810.349976
0.084000	-977.349976
0.084500	-1113.900024
0.085000	-1218.699951
0.085500	-1282.000000
0.086000	-1309.699951
0.086500	-1310.599976
0.087000	-1287.800049
0.087500	-1244.900024
0.088000	-1194.900024
0.088500	-1150.699951
0.089000	-1115.800049
0.089500	-1104.199951
0.090000	-1108.400024
0.090500	-1138.599976
0.091000	-1176.400024
0.091500	-1230.199951
0.092000	-1272.300049
0.092500	-1300.599976
0.093000	-1295.199951
0.093500	-1256.500000
0.094000	-1179.000000
0.094500	-1051.599976
0.095000	-883.130005
0.095500	-674.359985
0.096000	-450.980011
0.096500	-227.649994
0.097000	-40.348000
0.097500	77.960999
0.098000	110.260002
0.098500	56.661999
0.099000	-58.139000
0.099500	-180.050003
0.100000	-266.519989
0.100500	-272.630005
0.101000	-148.289993
0.101500	111.610001
0.102000	522.080017
0.102500	1058.900024
0.103000	1675.199951
0.103500	2333.399902
0.104000	2961.399902
0.104500	3510.000000
0.105000	3937.699951
0.105500	4229.100098
0.106000	4373.899902
0.106500	4389.899902
0.107000	4277.000000
0.107500	4077.600098
0.108000	3814.300049
0.108500	3508.000000
0.109000	3185.000000
0.109500	2855.500000
0.110000	2545.199951
0.110500	2255.500000
0.111000	1986.099976
0.111500	1735.400024
0.112000	1512.099976
0.112500	1304.800049
0.113000	1116.699951
0.113500	952.059998
0.114000	800.390015
0.114500	660.900024
0.115000	535.440002
0.115500	411.100006
0.116000	306.670013
0.116500	204.970001
0.117000	119.160004
0.117500	47.548000
0.118000	3.983300
0.118500	-25.653000
0.119000	-40.339001
0.119500	-39.223000
0.120000	-35.368999
0.120500	-27.634001
0.121000	-22.924999
0.121500	-26.565001
0.122000	-38.686001
0.122500	-68.844002
0.123000	-109.160004
0.123500	-165.089996
0.124000	-233.679993
0.124500	-306.570007
0.125000	-371.989990
0.125500	-437.510010
0.126000	-486.170013
0.126500	-535.849976
0.127000	-579.059998
0.127500	-616.900024
0.128000	-647.739990
0.128500	-677.809998
0.129000	-701.190002
0.129500	-722.099976
0.130000	-741.479980
0.130500	-762.520020
0.131000	-795.299988
0.131500	-828.979980
0.132000	-881.700012
0.132500	-938.650024
0.133000	-1008.799988
0.133500	-1079.599976
0.134000	-1139.800049
0.134500	-1198.300049
0.135000	-1236.900024
0.135500	-1260.300049
0.136000	-1266.699951
0.136500	-1255.500000
0.137000	-1226.500000
0.137500	-1176.000000
0.138000	-1119.900024
0.138500	-1046.099976
0.139000	-958.359985
0.139500	-873.909973
0.140000	-783.479980
0.140500	-714.320007
0.141000	-654.169983
0.141500	-607.650024
0.142000	-578.780029
0.142500	-557.729980
0.143000	-558.969971
0.143500	-564.010010
0.144000	-577.520020
0.144500	-584.169983
0.145000	-581.700012
0.145500	-559.530029
0.146000	-523.000000
0.146500	-475.859985
0.147000	-419.059998
0.147500	-363.920013
0.148000	-306.820007
0.148500	-261.160004
0.149000	-227.830002
0.149500	-207.389999
0.150000	-198.550003
0.150500	-194.619995
0.151000	-207.130005
0.151500	-217.820007
0.152000	-230.270004
0.152500	-239.570007
0.153000	-244.740005
0.153500	-244.660004
0.154000	-237.389999
0.154500	-227.580002
0.155000	-215.550003
0.155500	-202.720001
0.156000	-182.199997
0.156500	-164.539993
0.157000	-152.550003
0.157500	-139.639999
0.158000	-145.380005
0.158500	-151.240005
0.159000	-165.300003
0.159500	-190.910004
0.160000	-215.169998
0.160500	-240.589996
0.161000	-263.679993
0.161500	-281.929993
0.162000	-295.440002
0.162500	-303.609985
0.163000	-311.730011
0.163500	-312.200012
0.164000	-317.690002
0.164500	-321.920013
0.165000	-315.220001
0.165500	-306.480011
0.166000	-297.910004
0.166500	-283.660004
0.167000	-265.709991
0.167500	-255.320007
0.168000	-246.779999
0.168500	-240.949997
0.169000	-232.250000
0.169500	-220.199997
0.170000	-207.449997
0.170500	-192.770004
0.171000	-183.220001
0.171500	-175.119995
0.172000	-163.509995
0.172500	-157.759995
0.173000	-138.279999
0.173500	-108.400002
0.174000	-82.003998
0.174500	-61.245998
0.175000	-42.327999
0.175500	-27.983000
0.176000	-11.446000
0.176500	9.656300
0.177000	40.821999
0.177500	77.695999
0.178000	118.860001
0.178500	153.720001
0.179000	182.630005
0.179500	202.990005
0.180000	224.199997
0.180500	240.419998
0.181000	265.709991
0.181500	294.239990
0.182000	322.450012
0.182500	350.399994
0.183000	376.429993
0.183500	403.720001
0.184000	422.910004
0.184500	447.420013
0.185000	480.519989
0.185500	511.630005
0.186000	545.030029
0.186500	571.530029
0.187000	594.979980
0.187500	608.039978
0.188000	610.830017
0.188500	599.979980
0.189000	582.280029
0.189500	560.179993
0.190000	523.059998
0.190500	491.670013
0.191000	453.579987
0.191500	415.089996
0.192000	377.890015
0.192500	347.640015
0.193000	314.160004
0.193500	290.070007
0.194000	256.880005
0.194500	225.460007
0.195000	193.460007
0.195500	155.869995
0.196000	120.839996
0.196500	77.949997
0.197000	30.186001
0.197500	-16.076000
0.198000	-62.133999
0.198500	-111.680000
0.199000	-153.330002
0.199500	-199.550003
0.200000	-237.919998
0.200500	-271.809998
0.201000	-297.790009
0.201500	-324.899994
0.202000	-334.760010
0.202500	-347.589996
0.203000	-352.190002
0.203500	-351.170013
0.204000	-353.720001
0.204500	-355.329987
0.205000	-355.000000
0.205500	-354.429993
0.206000	-352.640015
0.206500	-354.529999
0.207000	-357.720001
0.207500	-361.170013
0.208000	-364.769989
0.208500	-368.089996
0.209000	-367.459991
0.209500	-362.089996
0.210000	-349.309998
0.210500	-331.579987
0.211000	-306.019989
0.211500	-279.010010
0.212000	-247.559998
0.212500	-213.970001
0.213000	-185.500000
0.213500	-156.610001
0.214000	-130.289993
0.214500	-99.734001
0.215000	-75.197998
0.215500	-47.887001
0.216000	-27.070999
0.216500	-0.006516
0.217000	21.458000
0.217500	42.778999
0.218000	66.172997
0.218500	90.089996
0.219000	116.449997
0.219500	137.649994
0.220000	166.270004
0.220500	186.800003
0.221000	208.270004
0.221500	226.279999
0.222000	242.050003
0.222500	248.639999
0.223000	250.449997
0.223500	249.259995
0.224000	240.979996
0.224500	229.740005
0.225000	214.449997
0.225500	204.089996
0.226000	193.169998
0.226500	182.139999
0.227000	168.119995
0.227500	153.789993
0.228000	139.529999
0.228500	121.910004
0.229000	102.540001
0.229500	81.165001
0.230000	62.627998
0.230500	40.030998
0.231000	19.115999
0.231500	3.503700
0.232000	-21.348000
0.232500	-41.456001
0.233000	-60.942001
0.233500	-78.394997
0.234000	-96.487000
0.234500	-108.989998
0.235000	-119.690002
0.235500	-125.370003
0.236000	-128.259995
0.236500	-131.550003
0.237000	-131.350006
0.237500	-130.500000
0.238000	-132.050003
0.238500	-132.710007
0.239000	-127.360001
0.239500	-118.989998
0.240000	-104.300003
0.240500	-92.407997
0.241000	-73.403000
0.241500	-50.200001
0.242000	-31.631001
0.242500	-10.186000
0.243000	14.523000
0.243500	35.893002
0.244000	64.371002
0.244500	86.233002
0.245000	111.180000
0.245500	134.020004
0.246000	156.639999
0.246500	174.059998
0.247000	190.460007
0.247500	201.889999
0.248000	208.509995
0.248500	213.419998
0.249000	215.929993
0.249500	209.259995
0.250000	204.830002
0.250500	194.559998
0.251000	189.839996
0.251500	185.479996
0.252000	176.639999
0.252500	170.169998
0.253000	164.399994
0.253500	155.000000
0.254000	146.020004
0.254500	133.589996
0.255000	122.949997
0.255500	109.050003
0.256000	103.330002
0.256500	93.741997
0.257000	88.402000
0.257500	80.103996
0.258000	68.365997
0.258500	61.408001
0.259000	56.112999
0.259500	46.419998
0.260000	46.584000
0.260500	48.217999
0.261000	49.771000
0.261500	59.816002
0.262000	63.956001
0.262500	73.596001
0.263000	81.550003
0.263500	88.565002
0.264000	88.625999
0.264500	89.974998
0.265000	86.600998
0.265500	79.067001
0.266000	71.806000
0.266500	57.341000
0.267000	48.771000
0.267500	29.438999
0.268000	16.632000
0.268500	6.075800
0.269000	-4.894300
0.269500	-12.697000
0.270000	-19.499001
0.270500	-24.889999
0.271000	-30.719999
0.271500	-35.990002
0.272000	-40.300999
0.272500	-49.841999
0.273000	-59.354000
0.273500	-70.332001
0.274000	-83.667000
0.274500	-100.080002
0.275000	-111.650002
0.275500	-122.529999
0.276000	-132.449997
0.276500	-133.449997
0.277000	-130.589996
0.277500	-125.239998
0.278000	-114.430000
0.278500	-100.519997
0.279000	-85.115997
0.279500	-69.247002
0.280000	-53.151001
0.280500	-38.286999
0.281000	-25.893000
0.281500	-18.343000
0.282000	-7.468800
0.282500	0.456450
0.283000	0.697970
0.283500	1.245600
0.284000	4.018100
0.284500	2.867400
0.285000	0.703470
0.285500	-0.360520
0.286000	-0.669600
0.286500	-1.511700
0.287000	1.302000
0.287500	0.332780
0.288000	4.625300
0.288500	11.311000
0.289000	17.907000
0.289500	23.146999
0.290000	31.202999
0.290500	31.287001
0.291000	28.627001
0.291500	26.398001
0.292000	17.389999
0.292500	4.040800
0.293000	-13.443000
0.293500	-31.993999
0.294000	-47.657001
0.294500	-65.978996
0.295000	-76.491997
0.295500	-81.491997
0.296000	-84.598000
0.296500	-85.780998
0.297000	-85.033997
0.297500	-79.598999
0.298000	-76.575996
0.298500	-69.260002
