0.000000	-0.082706
0.000500	-0.082706
0.001000	-0.082706
0.001500	-0.082706
0.002000	-0.082706
0.002500	-0.082706
0.003000	-0.082725
0.003500	-0.176620
0.004000	-0.255290
0.004500	-0.308220
0.005000	-0.324910
0.005500	-0.309440
0.006000	-0.287740
0.006500	-0.261780
0.007000	-0.232710
0.007500	-0.199500
0.008000	-0.158060
0.008500	-0.116820
0.009000	-0.085391
0.009500	-0.074262
0.010000	-0.088291
0.010500	-0.118450
0.011000	-0.154790
0.011500	-0.191190
0.012000	-0.247820
0.012500	-0.308600
0.013000	-0.347920
0.013500	-0.344050
0.014000	-0.317370
0.014500	-0.280380
0.015000	-0.238750
0.015500	-0.197860
0.016000	-0.152890
0.016500	-0.105540
0.017000	-0.062840
0.017500	-0.031961
0.018000	-0.020280
0.018500	-0.024254
0.019000	-0.037099
0.019500	-0.052031
0.020000	-0.068757
0.020500	-0.089080
0.021000	-0.109360
0.021500	-0.125960
0.022000	-0.136030
0.022500	-0.138490
0.023000	-0.132380
0.023500	-0.116740
0.024000	-0.083824
0.024500	-0.027539
0.025000	0.037299
0.025500	0.095341
0.026000	0.136060
0.026500	0.168460
0.027000	0.189660
0.027500	0.194900
0.028000	0.175820
0.028500	0.123990
0.029000	0.058444
0.029500	0.000541
0.030000	-0.032045
0.030500	-0.056554
0.031000	-0.073279
0.031500	-0.075118
0.032000	-0.056741
0.032500	-0.030125
0.033000	0.000081
0.033500	0.032716
0.034000	0.066853
0.034500	0.107560
0.035000	0.151660
0.035500	0.191550
0.036000	0.219470
0.036500	0.226800
0.037000	0.217330
0.037500	0.198740
0.038000	0.178700
0.038500	0.154730
0.039000	0.123780
0.039500	0.092713
0.040000	0.068381
0.040500	0.067970
0.041000	0.099540
0.041500	0.133630
0.042000	0.139890
0.042500	0.108790
0.043000	0.071197
0.043500	0.031764
0.044000	-0.005947
0.044500	-0.039683
0.045000	-0.072309
0.045500	-0.103220
0.046000	-0.131290
0.046500	-0.151550
0.047000	-0.150500
0.047500	-0.133330
0.048000	-0.107140
0.048500	-0.075446
0.049000	-0.017849
0.049500	0.050553
0.050000	0.105590
0.050500	0.126200
0.051000	0.125860
0.051500	0.112770
0.052000	0.089727
0.052500	0.059227
0.053000	0.015909
0.053500	-0.033639
0.054000	-0.076656
0.054500	-0.100800
0.055000	-0.111380
0.055500	-0.117540
0.056000	-0.123480
0.056500	-0.133380
0.057000	-0.147250
0.057500	-0.162630
0.058000	-0.179920
0.058500	-0.199570
0.059000	-0.228320
0.059500	-0.272710
0.060000	-0.320730
0.060500	-0.359910
0.061000	-0.377620
0.061500	-0.376740
0.062000	-0.373530
0.062500	-0.384450
0.063000	-0.418830
0.063500	-0.456650
0.064000	-0.495020
0.064500	-0.533750
0.065000	-0.572780
0.065500	-0.612300
0.066000	-0.652050
0.066500	-0.691690
0.067000	-0.728410
0.067500	-0.744020
0.068000	-0.747910
0.068500	-0.756050
0.069000	-0.783560
0.069500	-0.837580
0.070000	-0.929940
0.070500	-1.074300
0.071000	-1.282800
0.071500	-1.516000
0.072000	-1.750300
0.072500	-1.984600
0.073000	-2.217600
0.073500	-2.450000
0.074000	-2.682200
0.074500	-2.914200
0.075000	-3.146100
0.075500	-3.367700
0.076000	-3.572600
0.076500	-3.765800
0.077000	-3.952700
0.077500	-4.107400
0.078000	-4.205800
0.078500	-4.255600
0.079000	-4.264600
0.079500	-4.233200
0.080000	-4.146000
0.080500	-3.994800
0.081000	-3.771900
0.081500	-3.490900
0.082000	-3.193000
0.082500	-2.880100
0.083000	-2.552700
0.083500	-2.208300
0.084000	-1.842200
0.084500	-1.471700
0.085000	-1.116000
0.085500	-0.793450
0.086000	-0.506920
0.086500	-0.250300
0.087000	-0.018017
0.087500	0.193310
0.088000	0.374730
0.088500	0.542890
0.089000	0.720350
0.089500	0.928930
0.090000	1.161100
0.090500	1.404900
0.091000	1.657000
0.091500	1.915000
0.092000	2.194500
0.092500	2.491100
0.093000	2.788200
0.093500	3.069200
0.094000	3.311700
0.094500	3.501700
0.095000	3.635100
0.095500	3.708100
0.096000	3.721000
0.096500	3.678800
0.097000	3.584300
0.097500	3.440200
0.098000	3.256100
0.098500	3.055200
0.099000	2.852800
0.099500	2.663600
0.100000	2.491200
0.100500	2.322500
0.101000	2.163600
0.101500	2.021200
0.102000	1.906800
0.102500	1.832200
0.103000	1.773000
0.103500	1.702000
0.104000	1.600200
0.104500	1.485700
0.105000	1.360600
0.105500	1.223900
0.106000	1.072000
0.106500	0.886200
0.107000	0.681450
0.107500	0.480480
0.108000	0.305380
0.108500	0.155890
0.109000	0.031663
0.109500	-0.059959
0.110000	-0.112080
0.110500	-0.133990
0.111000	-0.130940
0.111500	-0.101430
0.112000	-0.043950
0.112500	0.028153
0.113000	0.100680
0.113500	0.173860
0.114000	0.247920
0.114500	0.322950
0.115000	0.398480
0.115500	0.473930
0.116000	0.548710
0.116500	0.618360
0.117000	0.676650
0.117500	0.727120
0.118000	0.773530
0.118500	0.818340
0.119000	0.855700
0.119500	0.876700
0.120000	0.872400
0.120500	0.839980
0.121000	0.800260
0.121500	0.757580
0.122000	0.713840
0.122500	0.669690
0.123000	0.622360
0.123500	0.574270
0.124000	0.528450
0.124500	0.491760
0.125000	0.498360
0.125500	0.547550
0.126000	0.629280
0.126500	0.733010
0.127000	0.846320
0.127500	0.963350
0.128000	1.079600
0.128500	1.190800
0.129000	1.302100
0.129500	1.411100
0.130000	1.510100
0.130500	1.591000
0.131000	1.639000
0.131500	1.658500
0.132000	1.662200
0.132500	1.662400
0.133000	1.663000
0.133500	1.660000
0.134000	1.654200
0.134500	1.646800
0.135000	1.650900
0.135500	1.655900
0.136000	1.627600
0.136500	1.531900
0.137000	1.363000
0.137500	1.169900
0.138000	0.964880
0.138500	0.758730
0.139000	0.555260
0.139500	0.347660
0.140000	0.140620
0.140500	-0.060736
0.141000	-0.242630
0.141500	-0.373880
0.142000	-0.467660
0.142500	-0.541580
0.143000	-0.611860
0.143500	-0.675990
0.144000	-0.727350
0.144500	-0.761140
0.145000	-0.773470
0.145500	-0.769420
0.146000	-0.749490
0.146500	-0.712290
0.147000	-0.656370
0.147500	-0.582450
0.148000	-0.499690
0.148500	-0.418940
0.149000	-0.350560
0.149500	-0.288500
0.150000	-0.231850
0.150500	-0.186810
0.151000	-0.159600
0.151500	-0.153680
0.152000	-0.161060
0.152500	-0.170840
0.153000	-0.172110
0.153500	-0.165800
0.154000	-0.157620
0.154500	-0.143790
0.155000	-0.120570
0.155500	-0.081923
0.156000	-0.027713
0.156500	0.030820
0.157000	0.082191
0.157500	0.121770
0.158000	0.158110
0.158500	0.191050
0.159000	0.220070
0.159500	0.244820
0.160000	0.264460
0.160500	0.276300
0.161000	0.277460
0.161500	0.266600
0.162000	0.249130
0.162500	0.227810
0.163000	0.204860
0.163500	0.183000
0.164000	0.165120
0.164500	0.143200
0.165000	0.107320
0.165500	0.046213
0.166000	-0.053113
0.166500	-0.176380
0.167000	-0.304480
0.167500	-0.419160
0.168000	-0.529880
0.168500	-0.637900
0.169000	-0.732560
0.169500	-0.802540
0.170000	-0.823640
0.170500	-0.802280
0.171000	-0.758310
0.171500	-0.711540
0.172000	-0.661560
0.172500	-0.603150
0.173000	-0.548940
0.173500	-0.511550
0.174000	-0.492050
0.174500	-0.482100
0.175000	-0.480190
0.175500	-0.484820
0.176000	-0.493940
0.176500	-0.506630
0.177000	-0.524420
0.177500	-0.548870
0.178000	-0.581610
0.178500	-0.622220
0.179000	-0.668520
0.179500	-0.718280
0.180000	-0.773440
0.180500	-0.844600
0.181000	-0.921590
0.181500	-0.992100
0.182000	-1.044300
0.182500	-1.073700
0.183000	-1.080500
0.183500	-1.064700
0.184000	-1.026400
0.184500	-0.972670
0.185000	-0.912270
0.185500	-0.853570
0.186000	-0.804510
0.186500	-0.760040
0.187000	-0.719450
0.187500	-0.687750
0.188000	-0.670250
0.188500	-0.676190
0.189000	-0.698440
0.189500	-0.723730
0.190000	-0.738780
0.190500	-0.743660
0.191000	-0.743210
0.191500	-0.731360
0.192000	-0.702060
0.192500	-0.648350
0.193000	-0.571940
0.193500	-0.479790
0.194000	-0.378830
0.194500	-0.270010
0.195000	-0.149780
0.195500	-0.028154
0.196000	0.084431
0.196500	0.182680
0.197000	0.270170
0.197500	0.343050
0.198000	0.397220
0.198500	0.430890
0.199000	0.452010
0.199500	0.463020
0.200000	0.465480
0.200500	0.460290
0.201000	0.448060
0.201500	0.434190
0.202000	0.424510
0.202500	0.425010
0.203000	0.438080
0.203500	0.455400
0.204000	0.467280
0.204500	0.465630
0.205000	0.458590
0.205500	0.449740
0.206000	0.439800
0.206500	0.429310
0.207000	0.414990
0.207500	0.398460
0.208000	0.384110
0.208500	0.376750
0.209000	0.390700
0.209500	0.421140
0.210000	0.454370
0.210500	0.476720
0.211000	0.485640
0.211500	0.490410
0.212000	0.495050
0.212500	0.503590
0.213000	0.519410
0.213500	0.542340
0.214000	0.571070
0.214500	0.604310
0.215000	0.663170
0.215500	0.750130
0.216000	0.835940
0.216500	0.891360
0.217000	0.908110
0.217500	0.916640
0.218000	0.919370
0.218500	0.917600
0.219000	0.912690
0.219500	0.906110
0.220000	0.899310
0.220500	0.893700
0.221000	0.892310
0.221500	0.899530
0.222000	0.909470
0.222500	0.915320
0.223000	0.910510
0.223500	0.891710
0.224000	0.858210
0.224500	0.809300
0.225000	0.745040
0.225500	0.672750
0.226000	0.597430
0.226500	0.522740
0.227000	0.450690
0.227500	0.372640
0.228000	0.296850
0.228500	0.235830
0.229000	0.201660
0.229500	0.188550
0.230000	0.184740
0.230500	0.182910
0.231000	0.175990
0.231500	0.165810
0.232000	0.155400
0.232500	0.145060
0.233000	0.135070
0.233500	0.126370
0.234000	0.120550
0.234500	0.118970
0.235000	0.122980
0.235500	0.141570
0.236000	0.178100
0.236500	0.225410
0.237000	0.276380
0.237500	0.331240
0.238000	0.396560
0.238500	0.463060
0.239000	0.520930
0.239500	0.563600
0.240000	0.592460
0.240500	0.606330
0.241000	0.603910
0.241500	0.584310
0.242000	0.552410
0.242500	0.517000
0.243000	0.486940
0.243500	0.468660
0.244000	0.455650
0.244500	0.443630
0.245000	0.429050
0.245500	0.409040
0.246000	0.386660
0.246500	0.360660
0.247000	0.328260
0.247500	0.287530
0.248000	0.244230
0.248500	0.200340
0.249000	0.156210
0.249500	0.112140
0.250000	0.067319
0.250500	0.021909
0.251000	-0.023280
0.251500	-0.066498
0.252000	-0.079250
0.252500	-0.057442
0.253000	-0.013307
0.253500	0.041818
0.254000	0.122900
0.254500	0.223590
0.255000	0.322310
0.255500	0.397440
0.256000	0.448920
0.256500	0.486960
0.257000	0.505350
0.257500	0.497920
0.258000	0.462040
0.258500	0.409650
0.259000	0.354690
0.259500	0.311040
0.260000	0.282310
0.260500	0.254930
0.261000	0.230400
0.261500	0.210800
0.262000	0.196530
0.262500	0.184870
0.263000	0.175350
0.263500	0.167600
0.264000	0.163930
0.264500	0.166920
0.265000	0.171450
0.265500	0.172210
0.266000	0.163880
0.266500	0.144080
0.267000	0.114230
0.267500	0.075971
0.268000	0.030852
0.268500	-0.020681
0.269000	-0.079307
0.269500	-0.145740
0.270000	-0.220700
0.270500	-0.303430
0.271000	-0.390260
0.271500	-0.477200
0.272000	-0.560310
0.272500	-0.637320
0.273000	-0.707620
0.273500	-0.770470
0.274000	-0.824390
0.274500	-0.844070
0.275000	-0.819160
0.275500	-0.751870
0.276000	-0.644450
0.276500	-0.509150
0.277000	-0.363640
0.277500	-0.218270
0.278000	-0.083370
0.278500	0.042353
0.279000	0.166830
0.279500	0.289690
0.280000	0.410560
0.280500	0.526950
0.281000	0.634700
0.281500	0.734370
0.282000	0.826670
0.282500	0.905030
0.283000	0.955970
0.283500	0.981010
0.284000	0.982130
0.284500	0.963240
0.285000	0.931880
0.285500	0.885690
0.286000	0.821320
0.286500	0.739390
0.287000	0.654350
0.287500	0.568110
0.288000	0.480950
0.288500	0.392600
0.289000	0.299900
0.289500	0.205650
0.290000	0.113980
0.290500	0.032278
0.291000	-0.010778
0.291500	-0.019198
0.292000	-0.005242
0.292500	0.020450
0.293000	0.060932
0.293500	0.108550
0.294000	0.152040
0.294500	0.180730
0.295000	0.203070
0.295500	0.220140
0.296000	0.224310
0.296500	0.208390
0.297000	0.182880
0.297500	0.155360
0.298000	0.126470
0.298500	0.096833
0.299000	0.065809
0.299500	0.033427
0.300000	0.001364
0.300500	-0.028706
0.301000	-0.042168
0.301500	-0.036765
0.302000	-0.029327
0.302500	-0.036685
0.303000	-0.064673
0.303500	-0.097958
0.304000	-0.135230
0.304500	-0.175770
0.305000	-0.220090
0.305500	-0.268370
0.306000	-0.316750
0.306500	-0.361300
0.307000	-0.398520
0.307500	-0.429100
0.308000	-0.455820
0.308500	-0.481400
0.309000	-0.508020
0.309500	-0.533190
0.310000	-0.552870
0.310500	-0.563140
0.311000	-0.556840
0.311500	-0.507510
0.312000	-0.425040
0.312500	-0.327980
0.313000	-0.231390
0.313500	-0.120420
0.314000	-0.001194
0.314500	0.112740
0.315000	0.209600
0.315500	0.290010
0.316000	0.338210
0.316500	0.334110
0.317000	0.259110
0.317500	0.149850
0.318000	0.032033
0.318500	-0.090877
0.319000	-0.215580
0.319500	-0.343860
0.320000	-0.474740
0.320500	-0.604660
0.321000	-0.730060
0.321500	-0.839950
0.322000	-0.916790
0.322500	-0.947260
0.323000	-0.918050
0.323500	-0.846490
0.324000	-0.764250
0.324500	-0.679490
0.325000	-0.600340
0.325500	-0.529070
0.326000	-0.458480
0.326500	-0.390500
0.327000	-0.327390
0.327500	-0.280960
0.328000	-0.262350
0.328500	-0.254590
0.329000	-0.239990
0.329500	-0.195900
0.330000	-0.109220
0.330500	-0.016902
0.331000	0.040342
0.331500	0.035545
0.332000	0.004834
0.332500	-0.039939
0.333000	-0.091756
0.333500	-0.149030
0.334000	-0.222010
0.334500	-0.294440
0.335000	-0.347350
0.335500	-0.365460
0.336000	-0.371110
0.336500	-0.373470
0.337000	-0.374580
0.337500	-0.376360
0.338000	-0.378460
0.338500	-0.379880
0.339000	-0.379820
0.339500	-0.376750
0.340000	-0.349460
0.340500	-0.294500
0.341000	-0.220340
0.341500	-0.135430
0.342000	-0.045188
0.342500	0.049215
0.343000	0.146790
0.343500	0.246570
0.344000	0.353680
0.344500	0.468540
0.345000	0.583060
0.345500	0.689220
0.346000	0.769170
0.346500	0.816030
0.347000	0.838150
0.347500	0.843900
0.348000	0.835950
0.348500	0.808490
0.349000	0.757210
0.349500	0.677760
0.350000	0.566550
0.350500	0.432650
0.351000	0.293870
0.351500	0.168080
0.352000	0.060805
0.352500	-0.041653
0.353000	-0.133300
0.353500	-0.207430
0.354000	-0.259340
0.354500	-0.293980
0.355000	-0.313750
0.355500	-0.320390
0.356000	-0.316100
0.356500	-0.305470
0.357000	-0.292850
0.357500	-0.282480
0.358000	-0.278030
0.358500	-0.277860
0.359000	-0.282240
0.359500	-0.292470
0.360000	-0.312220
0.360500	-0.358310
0.361000	-0.419030
0.361500	-0.476150
0.362000	-0.514190
0.362500	-0.543630
0.363000	-0.562390
0.363500	-0.562840
0.364000	-0.537670
0.364500	-0.492620
0.365000	-0.439510
0.365500	-0.387420
0.366000	-0.345110
0.366500	-0.308800
0.367000	-0.273410
0.367500	-0.237890
0.368000	-0.201140
0.368500	-0.154830
0.369000	-0.100530
0.369500	-0.052097
0.370000	-0.023369
0.370500	-0.018137
0.371000	-0.025284
0.371500	-0.036302
0.372000	-0.042682
0.372500	-0.045355
0.373000	-0.048609
0.373500	-0.048966
0.374000	-0.042947
0.374500	-0.027284
0.375000	-0.003419
0.375500	0.023855
0.376000	0.049709
0.376500	0.070322
0.377000	0.087312
0.377500	0.103940
0.378000	0.123470
0.378500	0.156900
0.379000	0.227360
0.379500	0.314350
0.380000	0.393160
0.380500	0.446590
0.381000	0.490260
0.381500	0.524580
0.382000	0.547230
0.382500	0.556090
0.383000	0.551790
0.383500	0.535440
0.384000	0.507890
0.384500	0.470180
0.385000	0.424660
0.385500	0.371940
0.386000	0.312160
0.386500	0.244260
0.387000	0.160480
0.387500	0.067848
0.388000	-0.023301
0.388500	-0.102880
0.389000	-0.169880
0.389500	-0.219810
0.390000	-0.244030
0.390500	-0.234160
0.391000	-0.193420
0.391500	-0.131560
0.392000	-0.056192
0.392500	0.025060
0.393000	0.124430
0.393500	0.240480
0.394000	0.345110
0.394500	0.410230
0.395000	0.439700
0.395500	0.458730
0.396000	0.471330
0.396500	0.481490
0.397000	0.492020
0.397500	0.501970
0.398000	0.509750
0.398500	0.513760
0.399000	0.511740
0.399500	0.500860
0.400000	0.479740
0.400500	0.447060
0.401000	0.404530
0.401500	0.358820
0.402000	0.311940
0.402500	0.265750
0.403000	0.221240
0.403500	0.176910
0.404000	0.134840
0.404500	0.097515
0.405000	0.075570
0.405500	0.092768
0.406000	0.127430
0.406500	0.153520
0.407000	0.153910
0.407500	0.150140
0.408000	0.145100
0.408500	0.138410
0.409000	0.129310
0.409500	0.115440
0.410000	0.100130
0.410500	0.087831
0.411000	0.083393
0.411500	0.091041
0.412000	0.105290
0.412500	0.119080
0.413000	0.125620
0.413500	0.126760
0.414000	0.125430
0.414500	0.121860
0.415000	0.116010
0.415500	0.101070
0.416000	0.079194
0.416500	0.057486
0.417000	0.043051
0.417500	0.040509
0.418000	0.049373
0.418500	0.069070
0.419000	0.099032
0.419500	0.144460
0.420000	0.202680
0.420500	0.261300
0.421000	0.307950
0.421500	0.341730
0.422000	0.370290
0.422500	0.394060
0.423000	0.413460
0.423500	0.427020
0.424000	0.431770
0.424500	0.428910
0.425000	0.419770
0.425500	0.400900
0.426000	0.364700
0.426500	0.313810
0.427000	0.251200
0.427500	0.171710
0.428000	0.055391
0.428500	-0.074582
0.429000	-0.190810
0.429500	-0.274170
0.430000	-0.338360
0.430500	-0.375860
0.431000	-0.375940
0.431500	-0.332380
0.432000	-0.263790
0.432500	-0.185880
0.433000	-0.113040
0.433500	-0.056071
0.434000	0.003193
0.434500	0.056481
0.435000	0.087317
0.435500	0.082963
0.436000	0.067340
0.436500	0.048956
0.437000	0.028949
0.437500	0.008444
0.438000	-0.012121
0.438500	-0.032881
0.439000	-0.053893
0.439500	-0.075308
0.440000	-0.100040
0.440500	-0.129400
0.441000	-0.163290
0.441500	-0.202320
0.442000	-0.266510
0.442500	-0.352150
0.443000	-0.442000
0.443500	-0.518830
0.444000	-0.587730
0.444500	-0.650010
0.445000	-0.682730
0.445500	-0.662970
0.446000	-0.604260
0.446500	-0.537570
0.447000	-0.466120
0.447500	-0.393120
0.448000	-0.319210
0.448500	-0.242550
0.449000	-0.166660
0.449500	-0.095255
0.450000	-0.036548
0.450500	0.002003
0.451000	0.026683
0.451500	0.044133
0.452000	0.056739
0.452500	0.055990
0.453000	0.051906
0.453500	0.056543
0.454000	0.079240
0.454500	0.114230
0.455000	0.157140
0.455500	0.204390
0.456000	0.258470
0.456500	0.333840
0.457000	0.413920
0.457500	0.478990
0.458000	0.510880
0.458500	0.512820
0.459000	0.494430
0.459500	0.463600
0.460000	0.427030
0.460500	0.381580
0.461000	0.332810
0.461500	0.288970
0.462000	0.258290
0.462500	0.242770
0.463000	0.233660
0.463500	0.221270
0.464000	0.196330
0.464500	0.164920
0.465000	0.133040
0.465500	0.101310
0.466000	0.070351
0.466500	0.040417
0.467000	0.010873
0.467500	-0.019041
0.468000	-0.050082
0.468500	-0.085061
0.469000	-0.124650
0.469500	-0.166410
0.470000	-0.207900
0.470500	-0.251630
0.471000	-0.299220
0.471500	-0.346940
0.472000	-0.391040
0.472500	-0.423540
0.473000	-0.435980
0.473500	-0.431770
0.474000	-0.414630
0.474500	-0.388990
0.475000	-0.358160
0.475500	-0.322320
0.476000	-0.281610
0.476500	-0.237190
0.477000	-0.190510
0.477500	-0.140250
0.478000	-0.084991
0.478500	-0.021920
0.479000	0.052432
0.479500	0.131590
0.480000	0.208220
0.480500	0.276990
0.481000	0.340520
0.481500	0.396370
0.482000	0.441330
0.482500	0.470860
0.483000	0.474810
0.483500	0.462260
0.484000	0.446240
0.484500	0.435070
0.485000	0.400760
0.485500	0.352910
0.486000	0.312140
0.486500	132.690002
0.487000	1497.099976
0.487500	4032.100098
0.488000	7355.200195
0.488500	11100.000000
0.489000	15476.000000
0.489500	20650.000000
0.490000	26575.000000
