0.000000	-8089.391602
0.000500	-8089.391602
0.001000	-8089.391602
0.001500	-8089.391602
0.002000	-8089.391602
0.002500	-8089.391602
0.003000	-8089.391602
0.003500	-8089.391602
0.004000	-8089.391602
0.004500	-8089.391602
0.005000	-8089.391602
0.005500	-8089.391602
0.006000	-8089.391602
0.006500	-8089.391602
0.007000	-8089.391602
0.007500	-8089.391602
0.008000	-8089.391602
0.008500	-8089.391602
0.009000	-8089.138184
0.009500	-8089.138184
0.010000	-8089.138184
0.010500	-8089.138184
0.011000	-8089.138184
0.011500	-8089.138184
0.012000	-8089.138184
0.012500	-8089.138184
0.013000	-8089.138184
0.013500	-8089.138184
0.014000	-8089.138184
0.014500	-8089.138184
0.015000	-8089.138184
0.015500	-8089.138184
0.016000	-8089.138184
0.016500	-8089.138184
0.017000	-8088.883301
0.017500	-8088.883301
0.018000	-8088.883301
0.018500	-8088.883301
0.019000	-8088.883301
0.019500	-8088.883301
0.020000	-8088.883301
0.020500	-8088.883301
0.021000	-8088.883301
0.021500	-8088.630859
0.022000	-8088.630859
0.022500	-8088.630859
0.023000	-8088.630859
0.023500	-8088.630859
0.024000	-8088.630859
0.024500	-8088.630859
0.025000	-8088.375977
0.025500	-8088.375977
0.026000	-8088.375977
0.026500	-8088.375977
0.027000	-8088.121582
0.027500	-8088.121582
0.028000	-8088.121582
0.028500	-8088.121582
0.029000	-8087.868652
0.029500	-8087.868652
0.030000	-8087.868652
0.030500	-8087.868652
0.031000	-8087.614258
0.031500	-8087.614258
0.032000	-8087.614258
0.032500	-8087.359375
0.033000	-8087.359375
0.033500	-8087.359375
0.034000	-8087.106934
0.034500	-8087.106934
0.035000	-8086.852051
0.035500	-8086.852051
0.036000	-8086.852051
0.036500	-8086.597656
0.037000	-8086.597656
0.037500	-8086.343750
0.038000	-8086.343750
0.038500	-8086.090332
0.039000	-8085.835449
0.039500	-8085.835449
0.040000	-8085.581543
0.040500	-8085.328125
0.041000	-8085.073242
0.041500	-8084.819824
0.042000	-8084.565918
0.042500	-8084.311523
0.043000	-8084.057617
0.043500	-8083.804199
0.044000	-8083.295898
0.044500	-8083.041992
0.045000	-8082.533691
0.045500	-8082.025391
0.046000	-8081.518066
0.046500	-8080.756348
0.047000	-8080.248047
0.047500	-8079.485840
0.048000	-8078.724121
0.048500	-8077.707520
0.049000	-8076.945312
0.049500	-8075.930664
0.050000	-8074.914062
0.050500	-8073.643555
0.051000	-8072.373535
0.051500	-8071.104004
0.052000	-8069.580078
0.052500	-8068.056152
0.053000	-8066.278320
0.053500	-8064.500000
0.054000	-8062.468750
0.054500	-8060.436035
0.055000	-8058.403809
0.055500	-8056.118164
0.056000	-8053.578613
0.056500	-8051.037598
0.057000	-8048.498047
0.057500	-8045.450195
0.058000	-8042.402344
0.058500	-8039.354492
0.059000	-8036.051758
0.059500	-8032.495605
0.060000	-8028.685547
0.060500	-8024.875488
0.061000	-8020.812012
0.061500	-8016.747559
0.062000	-8012.175781
0.062500	-8007.604492
0.063000	-8003.031738
0.063500	-7997.952148
0.064000	-7992.871582
0.064500	-7987.538086
0.065000	-7982.204102
0.065500	-7976.361816
0.066000	-7970.519531
0.066500	-7964.423828
0.067000	-7958.328125
0.067500	-7951.978027
0.068000	-7945.119141
0.068500	-7938.516113
0.069000	-7931.404297
0.069500	-7924.291992
0.070000	-7916.671875
0.070500	-7909.051758
0.071000	-7901.431641
0.071500	-7893.304199
0.072000	-7885.176270
0.072500	-7876.793457
0.073000	-7868.412109
0.073500	-7859.521973
0.074000	-7850.631836
0.074500	-7841.487793
0.075000	-7832.343750
0.075500	-7822.692383
0.076000	-7813.040039
0.076500	-7803.133301
0.077000	-7793.228027
0.077500	-7782.813965
0.078000	-7772.399902
0.078500	-7761.985840
0.079000	-7751.063965
0.079500	-7740.142578
0.080000	-7729.219238
0.080500	-7718.043457
0.081000	-7706.614258
0.081500	-7695.183594
0.082000	-7683.500000
0.082500	-7671.816406
0.083000	-7660.131348
0.083500	-7648.193359
0.084000	-7636.001953
0.084500	-7624.063965
0.085000	-7611.871582
0.085500	-7599.680664
0.086000	-7587.488281
0.086500	-7575.295410
0.087000	-7563.104004
0.087500	-7550.912109
0.088000	-7538.719727
0.088500	-7526.527832
0.089000	-7514.590332
0.089500	-7502.652344
0.090000	-7490.713867
0.090500	-7479.030273
0.091000	-7467.345703
0.091500	-7456.169434
0.092000	-7444.740234
0.092500	-7433.818359
0.093000	-7423.149902
0.093500	-7412.481934
0.094000	-7402.068359
0.094500	-7392.161621
0.095000	-7382.256348
0.095500	-7372.604492
0.096000	-7363.459473
0.096500	-7354.316406
0.097000	-7345.426270
0.097500	-7337.043945
0.098000	-7328.662109
0.098500	-7320.533691
0.099000	-7312.914062
0.099500	-7305.293457
0.100000	-7297.928223
0.100500	-7290.561523
0.101000	-7283.704102
0.101500	-7276.845215
0.102000	-7270.242188
0.102500	-7263.892090
0.103000	-7257.541992
0.103500	-7251.191895
0.104000	-7245.095703
0.104500	-7239.253906
0.105000	-7233.411621
0.105500	-7227.823730
0.106000	-7222.235840
0.106500	-7216.647461
0.107000	-7211.313965
0.107500	-7205.980469
0.108000	-7200.645508
0.108500	-7195.312012
0.109000	-7190.231934
0.109500	-7185.151855
0.110000	-7180.071777
0.110500	-7174.992188
0.111000	-7169.911621
0.111500	-7164.831543
0.112000	-7159.751953
0.112500	-7154.671875
0.113000	-7149.592285
0.113500	-7144.511719
0.114000	-7139.431641
0.114500	-7134.352051
0.115000	-7129.271484
0.115500	-7124.445312
0.116000	-7119.366211
0.116500	-7114.286133
0.117000	-7109.206055
0.117500	-7104.125977
0.118000	-7098.791992
0.118500	-7093.711914
0.119000	-7088.631836
0.119500	-7083.297852
0.120000	-7078.218262
0.120500	-7072.883789
0.121000	-7067.804199
0.121500	-7062.469727
0.122000	-7057.136230
0.122500	-7051.547852
0.123000	-7046.213867
0.123500	-7040.880371
0.124000	-7035.291992
0.124500	-7029.958008
0.125000	-7024.369629
0.125500	-7019.035645
0.126000	-7013.447754
0.126500	-7008.113770
0.127000	-7002.525879
0.127500	-6997.192383
0.128000	-6991.604492
0.128500	-6986.269531
0.129000	-6980.936035
0.129500	-6975.348145
0.130000	-6970.014160
0.130500	-6964.426270
0.131000	-6959.092285
0.131500	-6953.503906
0.132000	-6947.916016
0.132500	-6942.581543
0.133000	-6936.993652
0.133500	-6931.659668
0.134000	-6926.071777
0.134500	-6920.737793
0.135000	-6915.404297
0.135500	-6910.069336
0.136000	-6904.990234
0.136500	-6899.910156
0.137000	-6894.830078
0.137500	-6889.750000
0.138000	-6884.923828
0.138500	-6880.352051
0.139000	-6875.525879
0.139500	-6870.954102
0.140000	-6866.635742
0.140500	-6862.063965
0.141000	-6857.745605
0.141500	-6853.173828
0.142000	-6848.856445
0.142500	-6844.792480
0.143000	-6840.473633
0.143500	-6836.156250
0.144000	-6832.092285
0.144500	-6827.773926
0.145000	-6823.709961
0.145500	-6819.645996
0.146000	-6815.582031
0.146500	-6811.518066
0.147000	-6807.454102
0.147500	-6803.135742
0.148000	-6799.071777
0.148500	-6794.753906
0.149000	-6790.689941
0.149500	-6786.625977
0.150000	-6782.307617
0.150500	-6778.497559
0.151000	-6774.433594
0.151500	-6770.623535
0.152000	-6766.814453
0.152500	-6763.257324
0.153000	-6759.447754
0.153500	-6755.892090
0.154000	-6752.590332
0.154500	-6749.033691
0.155000	-6745.478027
0.155500	-6742.176270
0.156000	-6738.874023
0.156500	-6735.826172
0.157000	-6732.523926
0.157500	-6729.476074
0.158000	-6726.428223
0.158500	-6723.125977
0.159000	-6720.078125
0.159500	-6717.283691
0.160000	-6714.235840
0.160500	-6711.187988
0.161000	-6708.393555
0.161500	-6705.345703
0.162000	-6702.551758
0.162500	-6699.504395
0.163000	-6696.709473
0.163500	-6693.661621
0.164000	-6690.868164
0.164500	-6687.819336
0.165000	-6685.026367
0.165500	-6681.978027
0.166000	-6679.183594
0.166500	-6676.136230
0.167000	-6673.087891
0.167500	-6670.293457
0.168000	-6667.246094
0.168500	-6664.197754
0.169000	-6661.149902
0.169500	-6658.102051
0.170000	-6654.799805
0.170500	-6651.751953
0.171000	-6648.704102
0.171500	-6645.401855
0.172000	-6642.100098
0.172500	-6639.051758
0.173000	-6635.750000
0.173500	-6632.447754
0.174000	-6629.145508
0.174500	-6625.843750
0.175000	-6622.542480
0.175500	-6619.240234
0.176000	-6615.937988
0.176500	-6612.635742
0.177000	-6609.333496
0.177500	-6606.031250
0.178000	-6602.476074
0.178500	-6599.173828
0.179000	-6595.872070
0.179500	-6592.569824
0.180000	-6589.014160
0.180500	-6585.711914
0.181000	-6582.409668
0.181500	-6578.854004
0.182000	-6575.551758
0.182500	-6572.250000
0.183000	-6568.693848
0.183500	-6565.392090
0.184000	-6562.089844
0.184500	-6558.533691
0.185000	-6555.231445
0.185500	-6551.930664
0.186000	-6548.373535
0.186500	-6545.071777
0.187000	-6541.769531
0.187500	-6538.468262
0.188000	-6535.166504
0.188500	-6531.609375
0.189000	-6528.307617
0.189500	-6525.259766
0.190000	-6521.958008
0.190500	-6518.656250
0.191000	-6515.354004
0.191500	-6512.306152
0.192000	-6509.003906
0.192500	-6505.956055
0.193000	-6502.654297
0.193500	-6499.605957
0.194000	-6496.303711
0.194500	-6493.255859
0.195000	-6490.208008
0.195500	-6487.159668
0.196000	-6484.111816
0.196500	-6481.063965
0.197000	-6478.016113
0.197500	-6475.221680
0.198000	-6472.173828
0.198500	-6469.379883
0.199000	-6466.332031
0.199500	-6463.538086
0.200000	-6460.744141
0.200500	-6457.950195
0.201000	-6455.410156
0.201500	-6452.615723
0.202000	-6449.821777
0.202500	-6447.281738
0.203000	-6444.741699
0.203500	-6442.202148
0.204000	-6439.662109
0.204500	-6437.122070
0.205000	-6434.581543
0.205500	-6432.296387
0.206000	-6429.755859
0.206500	-6427.470215
0.207000	-6425.184082
0.207500	-6422.897949
0.208000	-6420.611816
0.208500	-6418.325684
0.209000	-6416.293945
0.209500	-6414.008301
0.210000	-6411.976074
0.210500	-6409.943848
0.211000	-6407.911621
0.211500	-6405.625977
0.212000	-6403.594238
0.212500	-6401.561523
0.213000	-6399.784180
0.213500	-6397.752441
0.214000	-6395.720215
0.214500	-6393.687500
0.215000	-6391.655762
0.215500	-6389.878418
0.216000	-6387.846191
0.216500	-6385.813965
0.217000	-6384.036133
0.217500	-6382.003906
0.218000	-6379.971680
0.218500	-6377.939941
0.219000	-6375.907715
0.219500	-6374.129883
0.220000	-6372.098145
0.220500	-6370.065918
0.221000	-6368.033691
0.221500	-6366.001953
0.222000	-6363.969727
0.222500	-6361.937988
0.223000	-6359.651855
0.223500	-6357.619629
0.224000	-6355.587891
0.224500	-6353.302246
0.225000	-6351.270020
0.225500	-6348.984375
0.226000	-6346.697754
0.226500	-6344.665527
0.227000	-6342.379883
0.227500	-6340.094238
0.228000	-6337.808105
0.228500	-6335.521484
0.229000	-6333.235840
0.229500	-6330.949707
0.230000	-6328.664062
0.230500	-6326.378418
0.231000	-6324.091797
0.231500	-6321.806152
0.232000	-6319.265625
0.232500	-6316.979980
0.233000	-6314.693848
0.233500	-6312.153809
0.234000	-6309.867676
0.234500	-6307.328125
0.235000	-6305.041992
0.235500	-6302.501953
0.236000	-6300.215820
0.236500	-6297.676270
0.237000	-6295.390137
0.237500	-6292.850098
0.238000	-6290.310059
0.238500	-6288.023926
0.239000	-6285.484375
0.239500	-6282.943848
0.240000	-6280.658203
0.240500	-6278.117676
0.241000	-6275.578125
0.241500	-6273.038086
0.242000	-6270.751953
0.242500	-6268.211914
0.243000	-6265.671875
0.243500	-6263.132324
0.244000	-6260.591797
0.244500	-6258.306152
0.245000	-6255.766113
0.245500	-6253.225586
0.246000	-6250.685547
0.246500	-6248.145996
0.247000	-6245.605957
0.247500	-6243.319824
0.248000	-6240.779785
0.248500	-6238.240234
0.249000	-6235.700195
0.249500	-6233.414062
0.250000	-6230.874023
0.250500	-6228.587891
0.251000	-6226.047852
0.251500	-6223.507812
0.252000	-6221.222168
0.252500	-6218.681641
0.253000	-6216.395996
0.253500	-6213.855957
0.254000	-6211.315430
0.254500	-6209.029785
0.255000	-6206.490234
0.255500	-6204.203613
0.256000	-6201.664062
0.256500	-6199.124023
0.257000	-6196.583984
0.257500	-6194.297852
0.258000	-6191.758301
0.258500	-6189.218262
0.259000	-6186.677734
0.259500	-6184.137695
0.260000	-6181.597656
0.260500	-6179.058105
0.261000	-6176.518066
0.261500	-6173.978516
0.262000	-6171.437500
0.262500	-6168.897461
0.263000	-6166.357910
0.263500	-6163.563965
0.264000	-6161.023926
0.264500	-6158.483887
0.265000	-6155.943848
0.265500	-6153.149902
0.266000	-6150.609863
0.266500	-6147.815918
0.267000	-6145.275879
0.267500	-6142.481934
0.268000	-6139.941895
0.268500	-6137.147949
0.269000	-6134.353516
0.269500	-6131.560059
0.270000	-6129.020020
0.270500	-6126.226074
0.271000	-6123.432129
0.271500	-6120.384277
0.272000	-6117.589844
0.272500	-6114.796387
0.273000	-6112.001953
0.273500	-6108.954102
0.274000	-6106.159668
0.274500	-6103.111816
0.275000	-6100.063965
0.275500	-6097.015625
0.276000	-6094.221680
0.276500	-6091.173828
0.277000	-6087.871582
0.277500	-6084.824219
0.278000	-6081.776367
0.278500	-6078.728027
0.279000	-6075.426270
0.279500	-6072.377930
0.280000	-6069.076172
0.280500	-6065.773926
0.281000	-6062.471680
0.281500	-6059.169922
0.282000	-6055.867676
0.282500	-6052.565430
0.283000	-6049.009766
0.283500	-6045.708008
0.284000	-6042.151855
0.284500	-6038.596191
0.285000	-6035.040039
0.285500	-6031.483887
0.286000	-6027.927734
0.286500	-6024.371582
0.287000	-6020.815918
0.287500	-6017.005859
0.288000	-6013.450195
0.288500	-6009.640137
0.289000	-6005.829590
0.289500	-6002.020020
0.290000	-5998.209961
0.290500	-5994.145996
0.291000	-5990.335938
0.291500	-5986.525879
0.292000	-5982.461914
0.292500	-5978.397949
0.293000	-5974.334473
0.293500	-5970.270020
0.294000	-5966.206055
0.294500	-5962.142090
0.295000	-5957.823730
0.295500	-5953.759766
0.296000	-5949.441895
0.296500	-5945.378418
0.297000	-5941.059570
0.297500	-5936.741699
0.298000	-5932.423828
0.298500	-5928.105957
