0.000000	-0.051361
0.000500	-0.051361
0.001000	-0.051361
0.001500	-0.051361
0.002000	-0.051361
0.002500	-0.051361
0.003000	-0.051356
0.003500	-0.026928
0.004000	-0.005330
0.004500	0.013494
0.005000	0.029597
0.005500	0.041672
0.006000	0.048847
0.006500	0.054555
0.007000	0.062341
0.007500	0.076146
0.008000	0.097415
0.008500	0.121336
0.009000	0.142691
0.009500	0.157008
0.010000	0.164057
0.010500	0.163332
0.011000	0.154053
0.011500	0.135341
0.012000	0.106321
0.012500	0.069490
0.013000	0.027896
0.013500	-0.016724
0.014000	-0.071799
0.014500	-0.132272
0.015000	-0.189790
0.015500	-0.236010
0.016000	-0.264657
0.016500	-0.275214
0.017000	-0.268181
0.017500	-0.243896
0.018000	-0.200959
0.018500	-0.147329
0.019000	-0.094293
0.019500	-0.053129
0.020000	-0.022001
0.020500	0.005673
0.021000	0.025759
0.021500	0.034116
0.022000	0.027940
0.022500	0.012687
0.023000	-0.003369
0.023500	-0.011962
0.024000	-0.010857
0.024500	-0.008480
0.025000	-0.004758
0.025500	0.000710
0.026000	0.008598
0.026500	0.019370
0.027000	0.031094
0.027500	0.041647
0.028000	0.046666
0.028500	0.040172
0.029000	0.031207
0.029500	0.030140
0.030000	0.045567
0.030500	0.067515
0.031000	0.091055
0.031500	0.114532
0.032000	0.136596
0.032500	0.158643
0.033000	0.180230
0.033500	0.200251
0.034000	0.217358
0.034500	0.224359
0.035000	0.221237
0.035500	0.212176
0.036000	0.201232
0.036500	0.189532
0.037000	0.177205
0.037500	0.165151
0.038000	0.154288
0.038500	0.144635
0.039000	0.135518
0.039500	0.126763
0.040000	0.118195
0.040500	0.110308
0.041000	0.104548
0.041500	0.101229
0.042000	0.100626
0.042500	0.110058
0.043000	0.137066
0.043500	0.169013
0.044000	0.192767
0.044500	0.200218
0.045000	0.204564
0.045500	0.207203
0.046000	0.207638
0.046500	0.205787
0.047000	0.203341
0.047500	0.200798
0.048000	0.198416
0.048500	0.196581
0.049000	0.195696
0.049500	0.195342
0.050000	0.194940
0.050500	0.192671
0.051000	0.179860
0.051500	0.162061
0.052000	0.148137
0.052500	0.147123
0.053000	0.169255
0.053500	0.205787
0.054000	0.242013
0.054500	0.263788
0.055000	0.276984
0.055500	0.288604
0.056000	0.299016
0.056500	0.308592
0.057000	0.313903
0.057500	0.314192
0.058000	0.313870
0.058500	0.317298
0.059000	0.337109
0.059500	0.387160
0.060000	0.458357
0.060500	0.541078
0.061000	0.628433
0.061500	0.730272
0.062000	0.862383
0.062500	1.040489
0.063000	1.269837
0.063500	1.514425
0.064000	1.766094
0.064500	2.020531
0.065000	2.274164
0.065500	2.527475
0.066000	2.785453
0.066500	3.052604
0.067000	3.344700
0.067500	3.738667
0.068000	4.196203
0.068500	4.651326
0.069000	5.043523
0.069500	5.384865
0.070000	5.707700
0.070500	6.037615
0.071000	6.402775
0.071500	6.876083
0.072000	7.419880
0.072500	7.948710
0.073000	8.377440
0.073500	8.660041
0.074000	8.857669
0.074500	9.049019
0.075000	9.312308
0.075500	9.722529
0.076000	10.229152
0.076500	10.723703
0.077000	11.097392
0.077500	11.273776
0.078000	11.318033
0.078500	11.334449
0.079000	11.427147
0.079500	11.696390
0.080000	12.101784
0.080500	12.494625
0.081000	12.724922
0.081500	12.739728
0.082000	12.691770
0.082500	12.626591
0.083000	12.584587
0.083500	12.591186
0.084000	12.607279
0.084500	12.627557
0.085000	12.652019
0.085500	12.686941
0.086000	12.773685
0.086500	12.883442
0.087000	12.971313
0.087500	12.977428
0.088000	12.775777
0.088500	12.451817
0.089000	12.135419
0.089500	11.954529
0.090000	11.937792
0.090500	11.988165
0.091000	12.006351
0.091500	11.894983
0.092000	11.656800
0.092500	11.351668
0.093000	11.021271
0.093500	10.707609
0.094000	10.479566
0.094500	10.354036
0.095000	10.296261
0.095500	12.141857
0.096000	24536058.000000
0.096500	79602984.000000
0.097000	137444416.000000
0.097500	170300784.000000
0.098000	153595792.000000
0.098500	98522432.000000
0.099000	37024568.000000
0.099500	1241818.125000
0.100000	-149.284363
0.100500	-237.072464
0.101000	-215.104919
0.101500	-83.380112
0.102000	192.139587
0.102500	680.076538
0.103000	1233.320679
0.103500	1685.144043
0.104000	-9500280.000000
0.104500	-55692960.000000
0.105000	-115763336.000000
0.105500	-161948288.000000
0.106000	-167532704.000000
0.106500	-131211424.000000
0.107000	-75458920.000000
0.107500	-23414346.000000
0.108000	2364287.250000
0.108500	5522464.000000
0.109000	707950.437500
0.109500	-3291269.500000
0.110000	2823272.250000
0.110500	37512200.000000
0.111000	91143592.000000
0.111500	142764912.000000
0.112000	171427328.000000
0.112500	120340304.000000
0.113000	-4289223.500000
0.113500	-128919720.000000
0.114000	-180005120.000000
0.114500	-148333232.000000
0.115000	-90832984.000000
0.115500	-33189502.000000
0.116000	-1093195.250000
0.116500	2.868334
0.117000	2.938823
0.117500	3.005611
0.118000	3.065639
0.118500	3.118587
0.119000	3.170569
0.119500	3.223194
0.120000	3.277590
0.120500	3.342286
0.121000	3.435789
0.121500	3.532349
0.122000	3.602355
0.122500	3.626013
0.123000	3.630036
0.123500	3.626013
0.124000	3.622633
0.124500	3.627301
0.125000	3.638405
0.125500	3.651602
0.126000	3.663350
0.126500	3.663671
0.127000	3.603482
0.127500	3.507243
0.128000	3.417603
0.128500	3.378013
0.129000	3.448020
0.129500	3.578698
0.130000	3.684110
0.130500	3.680892
0.131000	3.604609
0.131500	3.510301
0.132000	3.417442
0.132500	3.346309
0.133000	3.296419
0.133500	3.250875
0.134000	3.204043
0.134500	3.150130
0.135000	3.080446
0.135500	2.997725
0.136000	2.913717
0.136500	2.839527
0.137000	2.793982
0.137500	2.782073
0.138000	2.778050
0.138500	2.755680
0.139000	2.689214
0.139500	2.585089
0.140000	2.474527
0.140500	2.389232
0.141000	2.349481
0.141500	2.326629
0.142000	2.314398
0.142500	2.310374
0.143000	2.313593
0.143500	2.330330
0.144000	2.353666
0.144500	2.372817
0.145000	2.377967
0.145500	2.366057
0.146000	2.329365
0.146500	2.258875
0.147000	2.146060
0.147500	2.000415
0.148000	1.834974
0.148500	1.657946
0.149000	1.476541
0.149500	1.266586
0.150000	1.041938
0.150500	0.838179
0.151000	0.690940
0.151500	0.595683
0.152000	0.518901
0.152500	0.452612
0.153000	0.388818
0.153500	0.324508
0.154000	0.261116
0.154500	0.197306
0.155000	0.131757
0.155500	0.062203
0.156000	-0.012119
0.156500	-0.087981
0.157000	-0.162077
0.157500	-0.236123
0.158000	-0.310217
0.158500	-0.368508
0.159000	-0.394724
0.159500	-0.382927
0.160000	-0.366335
0.160500	-0.349469
0.161000	-0.332619
0.161500	-0.316027
0.162000	-0.299467
0.162500	-0.283003
0.163000	-0.266717
0.163500	-0.258605
0.164000	-0.316027
0.164500	-0.412555
0.165000	-0.501214
0.165500	-0.541142
0.166000	-0.559488
0.166500	-0.574182
0.167000	-0.592721
0.167500	-0.622301
0.168000	-0.658737
0.168500	-0.696283
0.169000	-0.732718
0.169500	-0.765935
0.170000	-0.797398
0.170500	-0.828297
0.171000	-0.858537
0.171500	-0.887972
0.172000	-0.915733
0.172500	-0.941675
0.173000	-0.966797
0.173500	-0.992064
0.174000	-1.007256
0.174500	-1.011585
0.175000	-1.020195
0.175500	-1.048295
0.176000	-1.128971
0.176500	-1.281730
0.177000	-1.462910
0.177500	-1.627369
0.178000	-1.758852
0.178500	-1.891140
0.179000	-2.015060
0.179500	-2.120472
0.180000	-2.201261
0.180500	-2.271267
0.181000	-2.335480
0.181500	-2.397279
0.182000	-2.459239
0.182500	-2.519750
0.183000	-2.576882
0.183500	-2.629507
0.184000	-2.669580
0.184500	-2.644957
0.185000	-2.582353
0.185500	-2.526992
0.186000	-2.523290
0.186500	-2.572376
0.187000	-2.642221
0.187500	-2.706434
0.188000	-2.739264
0.188500	-2.740230
0.189000	-2.727677
0.189500	-2.716251
0.190000	-2.720757
0.190500	-2.761312
0.191000	-2.828583
0.191500	-2.892957
0.192000	-2.924983
0.192500	-2.904705
0.193000	-2.850470
0.193500	-2.789637
0.194000	-2.749564
0.194500	-2.749242
0.195000	-2.772900
0.195500	-2.800741
0.196000	-2.812811
0.196500	-2.779176
0.197000	-2.694042
0.197500	-2.603114
0.198000	-2.552581
0.198500	-2.575111
0.199000	-2.631438
0.199500	-2.697904
0.200000	-2.755680
0.200500	-2.790602
0.201000	-2.815547
0.201500	-2.838078
0.202000	-2.863989
0.202500	-2.901647
0.203000	-2.970205
0.203500	-3.054535
0.204000	-3.132266
0.204500	-3.176523
0.205000	-3.146589
0.205500	-3.080767
0.206000	-3.032648
0.206500	-3.054696
0.207000	-3.147072
0.207500	-3.269382
0.208000	-3.387508
0.208500	-3.468297
0.209000	-3.511266
0.209500	-3.539913
0.210000	-3.573066
0.210500	-3.629071
0.211000	-3.727723
0.211500	-3.856632
0.212000	-3.986828
0.212500	-4.089504
0.213000	-4.158706
0.213500	-4.206825
0.214000	-4.232896
0.214500	-4.235632
0.215000	-4.212297
0.215500	-4.165465
0.216000	-4.103023
0.216500	-4.032694
0.217000	-3.963331
0.217500	-3.883669
0.218000	-3.762807
0.218500	-3.569364
0.219000	-3.278556
0.219500	-2.914039
0.220000	-2.519106
0.220500	-2.137853
0.221000	-1.799890
0.221500	-1.475672
0.222000	-1.165535
0.222500	-0.874678
0.223000	-0.622864
0.223500	-0.463057
0.224000	-0.380578
0.224500	-0.353589
0.225000	-0.360364
0.225500	-0.398956
0.226000	-0.503049
0.226500	-0.709656
0.227000	-1.043821
0.227500	-1.417896
0.228000	-1.802787
0.228500	-2.193697
0.229000	-2.587342
0.229500	-3.004484
0.230000	-3.432892
0.230500	-3.841987
0.231000	-4.196364
0.231500	-4.334607
0.232000	-4.291155
0.232500	-4.200387
0.233000	-4.196687
0.233500	-4.333963
0.234000	-4.521291
0.234500	-4.675305
0.235000	-4.712642
0.235500	-4.626542
0.236000	-4.490552
0.236500	-4.342493
0.237000	-4.219861
0.237500	-4.135048
0.238000	-4.055064
0.238500	-3.980712
0.239000	-3.914568
0.239500	-3.863230
0.240000	-3.835388
0.240500	-3.828951
0.241000	-3.840860
0.241500	-3.891555
0.242000	-4.039454
0.242500	-4.216964
0.243000	-4.344424
0.243500	-4.362449
0.244000	-4.322537
0.244500	-4.264118
0.245000	-4.220666
0.245500	-4.222758
0.246000	-4.260095
0.246500	-4.306766
0.247000	-4.339757
0.247500	-4.336860
0.248000	-4.294534
0.248500	-4.233541
0.249000	-4.175926
0.249500	-4.142773
0.250000	-4.128611
0.250500	-4.133439
0.251000	-4.169488
0.251500	-4.247863
0.252000	-4.367920
0.252500	-4.517107
0.253000	-4.683835
0.253500	-4.857483
0.254000	-5.055593
0.254500	-5.270923
0.255000	-5.479978
0.255500	-5.659097
0.256000	-5.784304
0.256500	-5.857207
0.257000	-5.892935
0.257500	-5.906454
0.258000	-5.912408
0.258500	-5.902108
0.259000	-5.847873
0.259500	-5.722344
0.260000	-5.528258
0.260500	-5.317273
0.261000	-5.093574
0.261500	-4.859414
0.262000	-4.618174
0.262500	-4.374358
0.263000	-4.130865
0.263500	-3.890428
0.264000	-3.655464
0.264500	-3.425489
0.265000	-3.199698
0.265500	-2.977125
0.266000	-2.760669
0.266500	-2.564007
0.267000	-2.382956
0.267500	-2.211400
0.268000	-2.044672
0.268500	-1.898382
0.269000	-1.784763
0.269500	-1.713147
0.270000	-1.691421
0.270500	-1.712181
0.271000	-1.765450
0.271500	-1.842216
0.272000	-1.934592
0.272500	-2.050465
0.273000	-2.179052
0.273500	-2.298948
0.274000	-2.388749
0.274500	-2.439444
0.275000	-2.468573
0.275500	-2.497219
0.276000	-2.545821
0.276500	-2.638680
0.277000	-2.761473
0.277500	-2.877507
0.278000	-2.950249
0.278500	-2.975033
0.279000	-2.976160
0.279500	-2.960388
0.280000	-2.933995
0.280500	-2.902613
0.281000	-2.864632
0.281500	-2.815708
0.282000	-2.751173
0.282500	-2.655740
0.283000	-2.520394
0.283500	-2.374426
0.284000	-2.247932
0.284500	-2.166177
0.285000	-2.115000
0.285500	-2.071708
0.286000	-2.014899
0.286500	-1.924936
0.287000	-1.806328
0.287500	-1.682086
0.288000	-1.575998
0.288500	-1.507038
0.289000	-1.448088
0.289500	-1.390119
0.290000	-1.333164
0.290500	-1.277191
0.291000	-1.221444
0.291500	-1.165712
0.292000	-1.109981
0.292500	-1.053750
0.293000	-0.994269
0.293500	-0.934128
0.294000	-0.877173
0.294500	-0.827782
0.295000	-0.804624
0.295500	-0.804785
0.296000	-0.814248
0.296500	-0.819301
0.297000	-0.820958
0.297500	-0.823002
0.298000	-0.825014
0.298500	-0.826495
0.299000	-0.828040
0.299500	-0.828040
0.300000	-0.822664
0.300500	-0.808132
0.301000	-0.771536
0.301500	-0.712795
0.302000	-0.647230
0.302500	-0.590227
0.303000	-0.546839
0.303500	-0.503982
0.304000	-0.463057
0.304500	-0.426058
0.305000	-0.393002
0.305500	-0.360863
0.306000	-0.329401
0.306500	-0.298517
0.307000	-0.268262
0.307500	-0.239036
0.308000	-0.210502
0.308500	-0.182306
0.309000	-0.154623
0.309500	-0.130532
0.310000	-0.112171
0.310500	-0.101468
0.311000	-0.101970
0.311500	-0.126622
0.312000	-0.169721
0.312500	-0.221204
0.313000	-0.273749
0.313500	-0.341117
0.314000	-0.415130
0.314500	-0.481290
0.315000	-0.525757
0.315500	-0.545600
0.316000	-0.541496
0.316500	-0.513300
0.317000	-0.461286
0.317500	-0.399230
0.318000	-0.333939
0.318500	-0.265590
0.319000	-0.194232
0.319500	-0.118831
0.320000	-0.041231
0.320500	0.035451
0.321000	0.108103
0.321500	0.173407
0.322000	0.227304
0.322500	0.265671
0.323000	0.284323
0.323500	0.289489
0.324000	0.291742
0.324500	0.293512
0.325000	0.297214
0.325500	0.303796
0.326000	0.311022
0.326500	0.318167
0.327000	0.324589
0.327500	0.328145
0.328000	0.327373
0.328500	0.325796
0.329000	0.327099
0.329500	0.334116
0.330000	0.345462
0.330500	0.360187
0.331000	0.377616
0.331500	0.396913
0.332000	0.417222
0.332500	0.438450
0.333000	0.460594
0.333500	0.483833
0.334000	0.508746
0.334500	0.534865
0.335000	0.561629
0.335500	0.590581
0.336000	0.635240
0.336500	0.683537
0.337000	0.717542
0.337500	0.722772
0.338000	0.719538
0.338500	0.715176
0.339000	0.710316
0.339500	0.705569
0.340000	0.700966
0.340500	0.696299
0.341000	0.691503
0.341500	0.686096
0.342000	0.669503
0.342500	0.645138
0.343000	0.624023
0.343500	0.617183
0.344000	0.622639
0.344500	0.630348
0.345000	0.639167
0.345500	0.648002
0.346000	0.656596
0.346500	0.665721
0.347000	0.675876
0.347500	0.687528
0.348000	0.715949
0.348500	0.768928
0.349000	0.835748
0.349500	0.905642
0.350000	0.987365
0.350500	1.097814
0.351000	1.204095
0.351500	1.271961
0.352000	1.285480
0.352500	1.274874
0.353000	1.256093
0.353500	1.244216
0.354000	1.249044
0.354500	1.256898
0.355000	1.264880
0.355500	1.272009
0.356000	1.276725
0.356500	1.277513
0.357000	1.277417
0.357500	1.279879
0.358000	1.289471
0.358500	1.315446
0.359000	1.351173
0.359500	1.386772
0.360000	1.413921
0.360500	1.438737
0.361000	1.458114
0.361500	1.465533
0.362000	1.455153
0.362500	1.429870
0.363000	1.393965
0.363500	1.350803
0.364000	1.303746
0.364500	1.255836
0.365000	1.207780
0.365500	1.159725
0.366000	1.111735
0.366500	1.061588
0.367000	1.011054
0.367500	0.963981
0.368000	0.924118
0.368500	0.910921
0.369000	0.929348
0.369500	0.961599
0.370000	0.989891
0.370500	1.010507
0.371000	1.031429
0.371500	1.052318
0.372000	1.072853
0.372500	1.089799
0.373000	1.102642
0.373500	1.115114
0.374000	1.130950
0.374500	1.166147
0.375000	1.234447
0.375500	1.312034
0.376000	1.374219
0.376500	1.403976
0.377000	1.414195
0.377500	1.420488
0.378000	1.438255
0.378500	1.480436
0.379000	1.540496
0.379500	1.605868
0.380000	1.664223
0.380500	1.704456
0.381000	1.728274
0.381500	1.746138
0.382000	1.769152
0.382500	1.809385
0.383000	1.880036
0.383500	1.964043
0.384000	2.038878
0.384500	2.084261
0.385000	2.106309
0.385500	2.112264
0.386000	2.106309
0.386500	2.089733
0.387000	2.045798
0.387500	1.989149
0.388000	1.941674
0.388500	1.925580
0.389000	1.956640
0.389500	2.012002
0.390000	2.060121
0.390500	2.070421
0.391000	2.057385
0.391500	2.039683
0.392000	2.022463
0.392500	2.010715
0.393000	2.008139
0.393500	2.010875
0.394000	2.012002
0.394500	2.005243
0.395000	1.983355
0.395500	1.945375
0.396000	1.893715
0.396500	1.830790
0.397000	1.756921
0.397500	1.675327
0.398000	1.592414
0.398500	1.514457
0.399000	1.444724
0.399500	1.380238
0.400000	1.321947
0.400500	1.270979
0.401000	1.231695
0.401500	1.210500
0.402000	1.206203
0.402500	1.217356
0.403000	1.244071
0.403500	1.286687
0.404000	1.334452
0.404500	1.375683
0.405000	1.402865
0.405500	1.425251
0.406000	1.441039
0.406500	1.446865
0.407000	1.438464
0.407500	1.414646
0.408000	1.384454
0.408500	1.357707
0.409000	1.343770
0.409500	1.342821
0.410000	1.346763
0.410500	1.347407
0.411000	1.334709
0.411500	1.293639
0.412000	1.240402
0.412500	1.197127
0.413000	1.185169
0.413500	1.196306
0.414000	1.214604
0.414500	1.232162
0.415000	1.241239
0.415500	1.242397
0.416000	1.241496
0.416500	1.243025
0.417000	1.251522
0.417500	1.266345
0.418000	1.283226
0.418500	1.301251
0.419000	1.319469
0.419500	1.340294
0.420000	1.363855
0.420500	1.385887
0.421000	1.402077
0.421500	1.400499
0.422000	1.380463
0.422500	1.354665
0.423000	1.335739
0.423500	1.330139
0.424000	1.328465
0.424500	1.326003
0.425000	1.318310
0.425500	1.304438
0.426000	1.289680
0.426500	1.274504
0.427000	1.259231
0.427500	1.243975
0.428000	1.228171
0.428500	1.211772
0.429000	1.194874
0.429500	1.167016
0.430000	1.096816
0.430500	1.006097
0.431000	0.922122
0.431500	0.866793
0.432000	0.836344
0.432500	0.834783
0.433000	0.867871
0.433500	0.949030
0.434000	1.130339
0.434500	1.365786
0.435000	1.587940
0.435500	1.739057
0.436000	1.859436
0.436500	1.953583
0.437000	2.007657
0.437500	2.007978
0.438000	1.959859
0.438500	1.874725
0.439000	1.759013
0.439500	1.618517
0.440000	1.438544
0.440500	1.237489
0.441000	1.049775
0.441500	0.908748
0.442000	0.803063
0.442500	0.717671
0.443000	0.651913
0.443500	0.605113
0.444000	0.570014
0.444500	0.544184
0.445000	0.534351
0.445500	0.547193
0.446000	0.577996
0.446500	0.617103
0.447000	0.663790
0.447500	0.717317
0.448000	0.780226
0.448500	0.853676
0.449000	0.928366
0.449500	0.994703
0.450000	1.037367
0.450500	1.052447
0.451000	1.061974
0.451500	1.088592
0.452000	1.149426
0.452500	1.230118
0.453000	1.318198
0.453500	1.402720
0.454000	1.477072
0.454500	1.548463
0.455000	1.608539
0.455500	1.647164
0.456000	1.648129
0.456500	1.595085
0.457000	1.515761
0.457500	1.441554
0.458000	1.399003
0.458500	1.366784
0.459000	1.342933
0.459500	1.334967
0.460000	1.351511
0.460500	1.401385
0.461000	1.469524
0.461500	1.536843
0.462000	1.585220
0.462500	1.627691
0.463000	1.660199
0.463500	1.663740
0.464000	1.619322
0.464500	1.538581
0.465000	1.442568
0.465500	1.344897
0.466000	1.258523
0.466500	1.175867
0.467000	1.094627
0.467500	1.021129
0.468000	0.961728
0.468500	0.930313
0.469000	0.924069
0.469500	0.924375
0.470000	0.912611
0.470500	0.881406
0.471000	0.841349
0.471500	0.800713
0.472000	0.767818
0.472500	0.753430
0.473000	0.764937
0.473500	0.799586
0.474000	0.854433
0.474500	0.942850
0.475000	1.075605
0.475500	1.214121
0.476000	1.318552
0.476500	1.376520
0.477000	1.425959
0.477500	1.467706
0.478000	1.501164
0.478500	1.528185
0.479000	1.555447
0.479500	1.577382
0.480000	1.587103
0.480500	1.581374
0.481000	1.571364
0.481500	1.559519
0.482000	1.546853
0.482500	1.534091
0.483000	1.519543
0.483500	1.503642
0.484000	1.487452
0.484500	1.457358
0.485000	1.318906
0.485500	1.155863
0.486000	1.092391
0.486500	4.410407
0.487000	36.089539
0.487500	90.832985
0.488000	155.441711
0.488500	217.003937
0.489000	275.213898
0.489500	334.421692
0.490000	395.995178
