0.000000	-0.004805
0.000500	-0.004566
0.001000	0.001000
0.001500	0.003497
0.002000	0.004737
0.002500	-0.004616
0.003000	0.002221
0.003500	-0.012904
0.004000	0.012542
0.004500	-0.000559
0.005000	0.007648
0.005500	0.002414
0.006000	-0.005276
0.006500	0.028789
0.007000	0.031457
0.007500	0.025698
0.008000	0.041924
0.008500	0.027229
0.009000	0.024458
0.009500	0.035036
0.010000	0.016998
0.010500	0.032249
0.011000	0.005874
0.011500	0.006191
0.012000	0.010787
0.012500	0.009761
0.013000	0.012600
0.013500	-0.001808
0.014000	0.016434
0.014500	0.016130
0.015000	0.011982
0.015500	0.008302
0.016000	-0.005723
0.016500	-0.005826
0.017000	-0.000808
0.017500	0.013422
0.018000	-0.000442
0.018500	0.016748
0.019000	0.024693
0.019500	0.026807
0.020000	0.024660
0.020500	0.035727
0.021000	0.028544
0.021500	0.009922
0.022000	0.004041
0.022500	0.001842
0.023000	0.000065
0.023500	0.003072
0.024000	-0.005050
0.024500	0.002341
0.025000	-0.017420
0.025500	-0.024306
0.026000	-0.014271
0.026500	-0.022843
0.027000	-0.045400
0.027500	-0.085039
0.028000	-0.090887
0.028500	-0.108110
0.029000	-0.129220
0.029500	-0.126720
0.030000	-0.164860
0.030500	-0.162030
0.031000	-0.175590
0.031500	-0.195470
0.032000	-0.203900
0.032500	-0.200280
0.033000	-0.247190
0.033500	-0.247330
0.034000	-0.254130
0.034500	-0.305280
0.035000	-0.298260
0.035500	-0.266260
0.036000	-0.258010
0.036500	-0.260160
0.037000	-0.253600
0.037500	-0.225540
0.038000	-0.246960
0.038500	-0.238850
0.039000	-0.243710
0.039500	-0.272680
0.040000	-0.253600
0.040500	-0.280870
0.041000	-0.302170
0.041500	-0.320680
0.042000	-0.357300
0.042500	-0.384610
0.043000	-0.413380
0.043500	-0.443880
0.044000	-0.465320
0.044500	-0.472760
0.045000	-0.499230
0.045500	-0.499660
0.046000	-0.484300
0.046500	-0.491870
0.047000	-0.507550
0.047500	-0.507570
0.048000	-0.537060
0.048500	-0.586580
0.049000	-0.624060
0.049500	-0.686620
0.050000	-0.756440
0.050500	-0.882010
0.051000	-0.962150
0.051500	-1.081600
0.052000	-1.172900
0.052500	-1.297000
0.053000	-1.407900
0.053500	-1.557600
0.054000	-1.664300
0.054500	-1.792000
0.055000	-1.943200
0.055500	-2.131500
0.056000	-2.300900
0.056500	-2.500500
0.057000	-2.731200
0.057500	-2.941800
0.058000	-3.172700
0.058500	-3.394300
0.059000	-3.600400
0.059500	-3.787200
0.060000	-3.987500
0.060500	-4.168100
0.061000	-4.350700
0.061500	-4.564300
0.062000	-4.778300
0.062500	-5.022900
0.063000	-5.255500
0.063500	-5.550400
0.064000	-5.843900
0.064500	-6.174400
0.065000	-6.520800
0.065500	-6.824400
0.066000	-7.154500
0.066500	-7.500700
0.067000	-7.869300
0.067500	-8.257200
0.068000	-8.710800
0.068500	-9.186200
0.069000	-9.716200
0.069500	-10.233000
0.070000	-10.730000
0.070500	-11.274000
0.071000	-11.777000
0.071500	-12.263000
0.072000	-12.703000
0.072500	-13.159000
0.073000	-13.613000
0.073500	-14.092000
0.074000	-14.605000
0.074500	-15.243000
0.075000	-15.963000
0.075500	-16.816999
0.076000	-17.797001
0.076500	-18.802999
0.077000	-19.753000
0.077500	-20.645000
0.078000	-21.377001
0.078500	-22.058001
0.079000	-22.705000
0.079500	-23.403000
0.080000	-24.195000
0.080500	-25.059999
0.081000	-25.922001
0.081500	-26.766001
0.082000	-27.532000
0.082500	-28.190001
0.083000	-28.764999
0.083500	-29.296000
0.084000	-29.719999
0.084500	-30.169001
0.085000	-30.552000
0.085500	-30.860001
0.086000	-31.000999
0.086500	-30.789000
0.087000	-30.566999
0.087500	-30.122999
0.088000	-29.489000
0.088500	-28.638000
0.089000	-27.778999
0.089500	-26.795000
0.090000	-25.476000
0.090500	-23.990000
0.091000	-22.441999
0.091500	-20.365000
0.092000	-17.690001
0.092500	-14.531000
0.093000	-10.960000
0.093500	-7.009900
0.094000	-3.133600
0.094500	-0.019632
0.095000	2.175400
0.095500	3.502700
0.096000	3.807200
0.096500	3.338900
0.097000	2.561800
0.097500	1.923600
0.098000	1.423400
0.098500	0.997490
0.099000	0.863500
0.099500	0.788000
0.100000	0.307450
0.100500	-0.641900
0.101000	-2.248100
0.101500	-4.484900
0.102000	-7.213600
0.102500	-10.319000
0.103000	-13.255000
0.103500	-15.898000
0.104000	-18.230000
0.104500	-19.961000
0.105000	-20.986000
0.105500	-21.476000
0.106000	-21.782000
0.106500	-21.849001
0.107000	-21.806999
0.107500	-21.806000
0.108000	-21.524000
0.108500	-20.860001
0.109000	-19.841000
0.109500	-19.024000
0.110000	-18.350000
0.110500	-18.054001
0.111000	-17.857000
0.111500	-17.808001
0.112000	-17.483000
0.112500	-16.777000
0.113000	-16.082001
0.113500	-15.674000
0.114000	-14.954000
0.114500	-14.305000
0.115000	-13.978000
0.115500	-13.498000
0.116000	-12.649000
0.116500	-11.938000
0.117000	-11.253000
0.117500	-10.348000
0.118000	-9.406600
0.118500	-8.787900
0.119000	-8.211200
0.119500	-7.562600
0.120000	-7.129200
0.120500	-6.975500
0.121000	-6.719500
0.121500	-6.546100
0.122000	-6.633900
0.122500	-6.927200
0.123000	-7.111700
0.123500	-7.364700
0.124000	-7.766000
0.124500	-8.142100
0.125000	-8.369700
0.125500	-8.751200
0.126000	-9.295100
0.126500	-9.698500
0.127000	-10.147000
0.127500	-10.913000
0.128000	-11.569000
0.128500	-12.092000
0.129000	-12.836000
0.129500	-13.653000
0.130000	-14.286000
0.130500	-14.975000
0.131000	-15.715000
0.131500	-16.351999
0.132000	-16.957001
0.132500	-17.634001
0.133000	-18.236000
0.133500	-18.641001
0.134000	-19.120001
0.134500	-19.445999
0.135000	-19.652000
0.135500	-19.774000
0.136000	-19.787001
0.136500	-19.733000
0.137000	-19.587000
0.137500	-19.422001
0.138000	-19.322001
0.138500	-19.238001
0.139000	-19.299000
0.139500	-19.537001
0.140000	-19.868999
0.140500	-20.087000
0.141000	-20.403000
0.141500	-20.754999
0.142000	-21.023001
0.142500	-21.214001
0.143000	-21.562000
0.143500	-21.850000
0.144000	-21.973000
0.144500	-22.306999
0.145000	-22.794001
0.145500	-23.083000
0.146000	-23.046000
0.146500	-22.857000
0.147000	-22.368999
0.147500	-21.507000
0.148000	-20.534000
0.148500	-19.849001
0.149000	-19.172001
0.149500	-18.528999
0.150000	-18.195000
0.150500	-18.070000
0.151000	-17.948999
0.151500	-17.879000
0.152000	-18.143999
0.152500	-18.507000
0.153000	-18.795000
0.153500	-19.184000
0.154000	-19.634001
0.154500	-19.625999
0.155000	-19.534000
0.155500	-19.309999
0.156000	-18.941000
0.156500	-18.421000
0.157000	-17.792999
0.157500	-17.094000
0.158000	-16.396999
0.158500	-15.603000
0.159000	-14.902000
0.159500	-14.159000
0.160000	-13.509000
0.160500	-12.942000
0.161000	-12.541000
0.161500	-12.111000
0.162000	-11.841000
0.162500	-11.639000
0.163000	-11.361000
0.163500	-11.131000
0.164000	-10.947000
0.164500	-10.659000
0.165000	-10.204000
0.165500	-9.790500
0.166000	-9.235700
0.166500	-8.647800
0.167000	-7.970000
0.167500	-7.434300
0.168000	-6.832700
0.168500	-6.175100
0.169000	-5.602900
0.169500	-5.066600
0.170000	-4.438800
0.170500	-3.872900
0.171000	-3.503900
0.171500	-3.199000
0.172000	-2.833900
0.172500	-2.613500
0.173000	-2.439900
0.173500	-2.195100
0.174000	-1.916900
0.174500	-1.816400
0.175000	-1.719800
0.175500	-1.665300
0.176000	-1.704700
0.176500	-1.873900
0.177000	-2.071100
0.177500	-2.277900
0.178000	-2.607000
0.178500	-2.965900
0.179000	-3.312700
0.179500	-3.729400
0.180000	-4.172100
0.180500	-4.525300
0.181000	-4.826900
0.181500	-5.160900
0.182000	-5.454000
0.182500	-5.670000
0.183000	-5.893200
0.183500	-6.150500
0.184000	-6.278700
0.184500	-6.443700
0.185000	-6.648500
0.185500	-6.884500
0.186000	-7.024900
0.186500	-7.190200
0.187000	-7.041500
0.187500	-6.963300
0.188000	-6.940800
0.188500	-6.544200
0.189000	-6.272000
0.189500	-6.368200
0.190000	-6.023400
0.190500	-5.481600
0.191000	-5.290600
0.191500	-5.079600
0.192000	-4.461900
0.192500	-4.083100
0.193000	-4.258900
0.193500	-4.213900
0.194000	-4.146900
0.194500	-4.599300
0.195000	-5.084500
0.195500	-5.150800
0.196000	-5.233600
0.196500	-5.497500
0.197000	-5.255900
0.197500	-4.707500
0.198000	-4.280600
0.198500	-3.792700
0.199000	-2.979800
0.199500	-2.197400
0.200000	-1.774300
0.200500	-1.237200
0.201000	-0.657870
0.201500	-0.444740
0.202000	-0.455960
0.202500	-0.275070
0.203000	-0.182480
0.203500	-0.451810
0.204000	-0.544720
0.204500	-0.403300
0.205000	-0.476490
0.205500	-0.633960
0.206000	-0.447510
0.206500	-0.221170
0.207000	-0.254430
0.207500	-0.155270
0.208000	0.236430
0.208500	0.372590
0.209000	0.377480
0.209500	0.639820
0.210000	0.940620
0.210500	0.834570
0.211000	0.842500
0.211500	1.070000
0.212000	1.024500
0.212500	0.783690
0.213000	0.872350
0.213500	0.906490
0.214000	0.641560
0.214500	0.481070
0.215000	0.530130
0.215500	0.419640
0.216000	0.216330
0.216500	0.330080
0.217000	0.464280
0.217500	0.385030
0.218000	0.458250
0.218500	0.616240
0.219000	0.701440
0.219500	0.639100
0.220000	0.733000
0.220500	0.871360
0.221000	0.835140
0.221500	0.801340
0.222000	0.997160
0.222500	1.043300
0.223000	0.924330
0.223500	0.976910
0.224000	1.032000
0.224500	0.849610
0.225000	0.631440
0.225500	0.575170
0.226000	0.459330
0.226500	0.284950
0.227000	0.229400
0.227500	0.317420
0.228000	0.309900
0.228500	0.330780
0.229000	0.510560
0.229500	0.724170
0.230000	0.754680
0.230500	0.993450
0.231000	1.228800
0.231500	1.380200
0.232000	1.501300
0.232500	1.783700
0.233000	2.033000
0.233500	2.203500
0.234000	2.360100
0.234500	2.652100
0.235000	2.809900
0.235500	2.849900
0.236000	2.982600
0.236500	3.092500
0.237000	2.993200
0.237500	2.993900
0.238000	2.987600
0.238500	2.918100
0.239000	2.710200
0.239500	2.604400
0.240000	2.499300
0.240500	2.268300
0.241000	2.042900
0.241500	1.858300
0.242000	1.647700
0.242500	1.364400
0.243000	1.139600
0.243500	0.970640
0.244000	0.770980
0.244500	0.629990
0.245000	0.573820
0.245500	0.677270
0.246000	0.646330
0.246500	0.718810
0.247000	0.871850
0.247500	0.931430
0.248000	0.962720
0.248500	1.072000
0.249000	1.123300
0.249500	1.089700
0.250000	1.087300
0.250500	1.215900
0.251000	1.252000
0.251500	1.178800
0.252000	1.189200
0.252500	1.210500
0.253000	1.077600
0.253500	0.973780
0.254000	0.866800
0.254500	0.723240
0.255000	0.564800
0.255500	0.519340
0.256000	0.457770
0.256500	0.359610
0.257000	0.311240
0.257500	0.265150
0.258000	0.265030
0.258500	0.155220
0.259000	0.174580
0.259500	0.186640
0.260000	0.192850
0.260500	0.201920
0.261000	0.354970
0.261500	0.394460
0.262000	0.415670
0.262500	0.473320
0.263000	0.466470
0.263500	0.343900
0.264000	0.268270
0.264500	0.179060
0.265000	0.050858
0.265500	-0.060070
0.266000	-0.099396
0.266500	-0.081568
0.267000	-0.110040
0.267500	-0.118140
0.268000	-0.073658
0.268500	-0.050724
0.269000	-0.000227
0.269500	0.060070
0.270000	0.128510
0.270500	0.118900
0.271000	0.130040
0.271500	0.234770
0.272000	0.229940
0.272500	0.246440
0.273000	0.294300
0.273500	0.379470
0.274000	0.462440
0.274500	0.490730
0.275000	0.549450
0.275500	0.580230
0.276000	0.589630
0.276500	0.645320
0.277000	0.671520
0.277500	0.701060
0.278000	0.782070
0.278500	0.798600
0.279000	0.929530
0.279500	1.110900
0.280000	1.172000
0.280500	1.299900
0.281000	1.510500
0.281500	1.596400
0.282000	1.593100
0.282500	1.707000
0.283000	1.848500
0.283500	1.907600
0.284000	1.981200
0.284500	2.037600
0.285000	2.149000
0.285500	2.100700
0.286000	2.171900
0.286500	2.102200
0.287000	2.006200
0.287500	1.864500
0.288000	1.719400
0.288500	1.529000
0.289000	1.310000
0.289500	1.090000
0.290000	0.847290
0.290500	0.638010
0.291000	0.442580
0.291500	0.277270
0.292000	0.156770
0.292500	0.008636
0.293000	-0.080140
0.293500	-0.105410
0.294000	-0.017651
0.294500	0.075947
0.295000	0.276080
0.295500	0.478430
0.296000	0.710770
0.296500	1.028900
0.297000	1.244100
0.297500	1.552400
0.298000	1.770400
0.298500	2.066800
