0.000000	-0.340060
0.000500	-0.340060
0.001000	-0.340060
0.001500	-0.340060
0.002000	-0.340060
0.002500	-0.340060
0.003000	-0.323950
0.003500	-0.301540
0.004000	-0.285460
0.004500	-0.276590
0.005000	-0.276410
0.005500	-0.288060
0.006000	-0.304250
0.006500	-0.315720
0.007000	-0.314510
0.007500	-0.307310
0.008000	-0.298780
0.008500	-0.291380
0.009000	-0.287450
0.009500	-0.285450
0.010000	-0.283750
0.010500	-0.282090
0.011000	-0.280170
0.011500	-0.277900
0.012000	-0.274830
0.012500	-0.270390
0.013000	-0.264000
0.013500	-0.234830
0.014000	-0.177310
0.014500	-0.113730
0.015000	-0.066413
0.015500	-0.036066
0.016000	-0.008825
0.016500	0.014849
0.017000	0.034490
0.017500	0.047130
0.018000	0.051326
0.018500	0.054169
0.019000	0.062957
0.019500	0.086209
0.020000	0.124210
0.020500	0.166780
0.021000	0.203570
0.021500	0.226900
0.022000	0.240730
0.022500	0.243590
0.023000	0.233010
0.023500	0.204740
0.024000	0.156150
0.024500	0.100550
0.025000	0.052503
0.025500	0.024307
0.026000	0.004104
0.026500	-0.014695
0.027000	-0.034636
0.027500	-0.057978
0.028000	-0.083688
0.028500	-0.111000
0.029000	-0.139630
0.029500	-0.171370
0.030000	-0.220910
0.030500	-0.279920
0.031000	-0.334560
0.031500	-0.371110
0.032000	-0.384500
0.032500	-0.379910
0.033000	-0.362470
0.033500	-0.336740
0.034000	-0.291920
0.034500	-0.235670
0.035000	-0.186330
0.035500	-0.162210
0.036000	-0.158460
0.036500	-0.157690
0.037000	-0.159430
0.037500	-0.163220
0.038000	-0.167320
0.038500	-0.171370
0.039000	-0.176920
0.039500	-0.185520
0.040000	-0.198570
0.040500	-0.215510
0.041000	-0.234580
0.041500	-0.254010
0.042000	-0.274840
0.042500	-0.299950
0.043000	-0.325680
0.043500	-0.348200
0.044000	-0.360120
0.044500	-0.348560
0.045000	-0.320610
0.045500	-0.285250
0.046000	-0.245580
0.046500	-0.188530
0.047000	-0.125610
0.047500	-0.071105
0.048000	-0.038370
0.048500	-0.027416
0.049000	-0.034294
0.049500	-0.056133
0.050000	-0.091441
0.050500	-0.146480
0.051000	-0.211140
0.051500	-0.271550
0.052000	-0.314300
0.052500	-0.343850
0.053000	-0.362960
0.053500	-0.367770
0.054000	-0.354690
0.054500	-0.329040
0.055000	-0.294160
0.055500	-0.249770
0.056000	-0.195540
0.056500	-0.135420
0.057000	-0.072933
0.057500	-0.007169
0.058000	0.062776
0.058500	0.136520
0.059000	0.213030
0.059500	0.292280
0.060000	0.374200
0.060500	0.462660
0.061000	0.561640
0.061500	0.663850
0.062000	0.761740
0.062500	0.848870
0.063000	0.923900
0.063500	0.986460
0.064000	1.036100
0.064500	1.068900
0.065000	1.073600
0.065500	1.056600
0.066000	1.026600
0.066500	0.989010
0.067000	0.936360
0.067500	0.867650
0.068000	0.782950
0.068500	0.682170
0.069000	0.559800
0.069500	0.404630
0.070000	0.205250
0.070500	-0.046289
0.071000	-0.322210
0.071500	-0.605980
0.072000	-0.887620
0.072500	-1.155500
0.073000	-1.397100
0.073500	-1.635300
0.074000	-1.899000
0.074500	-2.215600
0.075000	-2.558900
0.075500	-2.906500
0.076000	-3.255800
0.076500	-3.604300
0.077000	-3.952600
0.077500	-4.301400
0.078000	-4.650100
0.078500	-4.998100
0.079000	-5.330000
0.079500	-5.633000
0.080000	-5.910800
0.080500	-6.167300
0.081000	-6.398400
0.081500	-6.599300
0.082000	-6.772700
0.082500	-6.921000
0.083000	-7.051500
0.083500	-7.172700
0.084000	-7.280900
0.084500	-7.372000
0.085000	-7.445700
0.085500	-7.510600
0.086000	-7.572500
0.086500	-7.637100
0.087000	-7.710700
0.087500	-7.796800
0.088000	-7.891300
0.088500	-7.990200
0.089000	-8.117700
0.089500	-8.357700
0.090000	-8.649700
0.090500	-8.918300
0.091000	-9.093400
0.091500	-9.145200
0.092000	-9.007800
0.092500	-8.603900
0.093000	-7.883100
0.093500	-7.044700
0.094000	-6.154800
0.094500	-5.224300
0.095000	-4.266300
0.095500	-3.304700
0.096000	-2.339900
0.096500	-1.367300
0.097000	-0.381180
0.097500	0.637050
0.098000	1.677300
0.098500	2.716300
0.099000	3.730500
0.099500	4.685600
0.100000	5.579000
0.100500	6.421400
0.101000	7.223200
0.101500	7.943100
0.102000	8.549100
0.102500	9.065300
0.103000	9.515900
0.103500	9.898200
0.104000	10.192000
0.104500	10.396000
0.105000	10.506000
0.105500	10.528000
0.106000	10.463000
0.106500	10.291000
0.107000	9.991000
0.107500	9.580000
0.108000	9.125100
0.108500	8.628700
0.109000	8.091000
0.109500	7.506600
0.110000	6.870500
0.110500	6.221000
0.111000	5.600100
0.111500	5.041800
0.112000	4.540900
0.112500	4.102500
0.113000	3.734600
0.113500	3.442500
0.114000	3.210400
0.114500	3.042000
0.115000	2.946800
0.115500	2.927900
0.116000	2.932800
0.116500	2.941300
0.117000	2.946500
0.117500	2.941500
0.118000	2.930600
0.118500	2.918900
0.119000	2.907800
0.119500	2.898600
0.120000	2.895500
0.120500	2.899200
0.121000	2.908500
0.121500	2.922700
0.122000	2.954600
0.122500	3.018200
0.123000	3.123200
0.123500	3.279200
0.124000	3.468600
0.124500	3.663800
0.125000	3.859800
0.125500	4.051700
0.126000	4.237700
0.126500	4.421700
0.127000	4.606600
0.127500	4.795700
0.128000	4.996100
0.128500	5.214800
0.129000	5.447300
0.129500	5.688600
0.130000	5.936700
0.130500	6.192900
0.131000	6.452200
0.131500	6.709300
0.132000	6.959900
0.132500	7.203400
0.133000	7.437100
0.133500	7.657900
0.134000	7.856300
0.134500	8.007600
0.135000	8.116800
0.135500	8.192100
0.136000	8.242700
0.136500	8.285200
0.137000	8.322200
0.137500	8.352600
0.138000	8.376100
0.138500	8.395300
0.139000	8.411700
0.139500	8.426000
0.140000	8.438400
0.140500	8.437600
0.141000	8.420400
0.141500	8.390600
0.142000	8.350600
0.142500	8.267900
0.143000	8.121600
0.143500	7.906600
0.144000	7.617700
0.144500	7.269300
0.145000	6.884600
0.145500	6.471600
0.146000	6.037900
0.146500	5.602000
0.147000	5.163200
0.147500	4.700400
0.148000	4.192800
0.148500	3.637800
0.149000	3.066800
0.149500	2.484500
0.150000	1.895000
0.150500	1.300500
0.151000	0.701380
0.151500	0.100760
0.152000	-0.497910
0.152500	-1.089800
0.153000	-1.665500
0.153500	-2.221500
0.154000	-2.755100
0.154500	-3.250900
0.155000	-3.663900
0.155500	-4.007400
0.156000	-4.300700
0.156500	-4.563700
0.157000	-4.811000
0.157500	-5.035000
0.158000	-5.225000
0.158500	-5.374500
0.159000	-5.511800
0.159500	-5.640000
0.160000	-5.753500
0.160500	-5.847000
0.161000	-5.931900
0.161500	-6.016100
0.162000	-6.100900
0.162500	-6.187500
0.163000	-6.275100
0.163500	-6.362800
0.164000	-6.450600
0.164500	-6.538400
0.165000	-6.628600
0.165500	-6.721600
0.166000	-6.814900
0.166500	-6.906100
0.167000	-6.973800
0.167500	-7.005200
0.168000	-7.010400
0.168500	-6.999600
0.169000	-6.971800
0.169500	-6.909700
0.170000	-6.814900
0.170500	-6.689500
0.171000	-6.536400
0.171500	-6.355400
0.172000	-6.142400
0.172500	-5.893000
0.173000	-5.607800
0.173500	-5.304800
0.174000	-4.985500
0.174500	-4.649200
0.175000	-4.299300
0.175500	-3.947200
0.176000	-3.583800
0.176500	-3.197800
0.177000	-2.780400
0.177500	-2.348000
0.178000	-1.911400
0.178500	-1.477200
0.179000	-1.050800
0.179500	-0.627270
0.180000	-0.204300
0.180500	0.218350
0.181000	0.640800
0.181500	1.060000
0.182000	1.474800
0.182500	1.885500
0.183000	2.290600
0.183500	2.628400
0.184000	2.883700
0.184500	3.075200
0.185000	3.221700
0.185500	3.330900
0.186000	3.396600
0.186500	3.416500
0.187000	3.388300
0.187500	3.324900
0.188000	3.239800
0.188500	3.131400
0.189000	2.998300
0.189500	2.851500
0.190000	2.690700
0.190500	2.497200
0.191000	2.252600
0.191500	1.957500
0.192000	1.644700
0.192500	1.318400
0.193000	0.981520
0.193500	0.638780
0.194000	0.294140
0.194500	-0.054233
0.195000	-0.408240
0.195500	-0.774680
0.196000	-1.165800
0.196500	-1.563600
0.197000	-1.947700
0.197500	-2.302100
0.198000	-2.637600
0.198500	-2.961000
0.199000	-3.277400
0.199500	-3.590800
0.200000	-3.893600
0.200500	-4.186300
0.201000	-4.471900
0.201500	-4.750100
0.202000	-4.992200
0.202500	-5.194000
0.203000	-5.358600
0.203500	-5.488100
0.204000	-5.549100
0.204500	-5.534200
0.205000	-5.455900
0.205500	-5.326900
0.206000	-5.165500
0.206500	-4.969500
0.207000	-4.729000
0.207500	-4.434100
0.208000	-4.104500
0.208500	-3.757600
0.209000	-3.380400
0.209500	-2.959500
0.210000	-2.512500
0.210500	-2.065400
0.211000	-1.618400
0.211500	-1.171300
0.212000	-0.724300
0.212500	-0.277370
0.213000	0.169520
0.213500	0.616330
0.214000	1.033700
0.214500	1.370700
0.215000	1.642900
0.215500	1.868200
0.216000	2.057800
0.216500	2.197600
0.217000	2.288300
0.217500	2.333200
0.218000	2.339100
0.218500	2.320300
0.219000	2.270700
0.219500	2.182500
0.220000	2.051300
0.220500	1.900800
0.221000	1.725000
0.221500	1.509500
0.222000	1.245000
0.222500	0.969370
0.223000	0.693470
0.223500	0.417170
0.224000	0.140450
0.224500	-0.136550
0.225000	-0.413620
0.225500	-0.690640
0.226000	-0.967230
0.226500	-1.235900
0.227000	-1.494100
0.227500	-1.743300
0.228000	-1.984200
0.228500	-2.196600
0.229000	-2.375700
0.229500	-2.528200
0.230000	-2.660700
0.230500	-2.777700
0.231000	-2.877400
0.231500	-2.957400
0.232000	-3.015300
0.232500	-3.057000
0.233000	-3.089200
0.233500	-3.110300
0.234000	-3.119000
0.234500	-3.115600
0.235000	-3.103600
0.235500	-3.083700
0.236000	-3.056400
0.236500	-3.020900
0.237000	-2.973900
0.237500	-2.913900
0.238000	-2.839700
0.238500	-2.747700
0.239000	-2.630700
0.239500	-2.493400
0.240000	-2.341700
0.240500	-2.173500
0.241000	-1.972000
0.241500	-1.760900
0.242000	-1.568000
0.242500	-1.417100
0.243000	-1.290600
0.243500	-1.180700
0.244000	-1.086700
0.244500	-1.006700
0.245000	-0.931050
0.245500	-0.859840
0.246000	-0.796080
0.246500	-0.741960
0.247000	-0.692330
0.247500	-0.645630
0.248000	-0.601840
0.248500	-0.560910
0.249000	-0.521670
0.249500	-0.486360
0.250000	-0.458550
0.250500	-0.441820
0.251000	-0.437830
0.251500	-0.441810
0.252000	-0.447800
0.252500	-0.449850
0.253000	-0.446280
0.253500	-0.438830
0.254000	-0.426660
0.254500	-0.408950
0.255000	-0.372210
0.255500	-0.301960
0.256000	-0.195930
0.256500	-0.051830
0.257000	0.119490
0.257500	0.291970
0.258000	0.464680
0.258500	0.637520
0.259000	0.810530
0.259500	0.983830
0.260000	1.157200
0.260500	1.330300
0.261000	1.497500
0.261500	1.630000
0.262000	1.711800
0.262500	1.729200
0.263000	1.683500
0.263500	1.629500
0.264000	1.574300
0.264500	1.518200
0.265000	1.461800
0.265500	1.404400
0.266000	1.346600
0.266500	1.289700
0.267000	1.240300
0.267500	1.240500
0.268000	1.272200
0.268500	1.302400
0.269000	1.299400
0.269500	1.272400
0.270000	1.229100
0.270500	1.162500
0.271000	1.065700
0.271500	0.940890
0.272000	0.802210
0.272500	0.664470
0.273000	0.541890
0.273500	0.427880
0.274000	0.319270
0.274500	0.221060
0.275000	0.138240
0.275500	0.076634
0.276000	0.035439
0.276500	0.009761
0.277000	-0.005296
0.277500	-0.014659
0.278000	-0.018227
0.278500	-0.013363
0.279000	0.002575
0.279500	0.033499
0.280000	0.077821
0.280500	0.125670
0.281000	0.166990
0.281500	0.198560
0.282000	0.225560
0.282500	0.240670
0.283000	0.236140
0.283500	0.206850
0.284000	0.160560
0.284500	0.101340
0.285000	0.032414
0.285500	-0.042258
0.286000	-0.117610
0.286500	-0.193050
0.287000	-0.268400
0.287500	-0.343510
0.288000	-0.418270
0.288500	-0.492680
0.289000	-0.566790
0.289500	-0.638220
0.290000	-0.685860
0.290500	-0.707090
0.291000	-0.704820
0.291500	-0.681740
0.292000	-0.639060
0.292500	-0.580300
0.293000	-0.509550
0.293500	-0.430290
0.294000	-0.330370
0.294500	-0.218600
0.295000	-0.115320
0.295500	-0.040245
0.296000	0.012100
0.296500	0.049833
0.297000	0.073153
0.297500	0.082256
0.298000	0.083384
0.298500	0.082557
0.299000	0.079638
0.299500	0.074491
0.300000	0.067747
0.300500	0.059335
0.301000	0.048063
0.301500	0.032740
0.302000	0.004996
0.302500	-0.043086
0.303000	-0.098292
0.303500	-0.146850
0.304000	-0.186970
0.304500	-0.227340
0.305000	-0.250850
0.305500	-0.239590
0.306000	-0.186890
0.306500	-0.128710
0.307000	-0.069953
0.307500	-0.011017
0.308000	0.047927
0.308500	0.107370
0.309000	0.166770
0.309500	0.225490
0.310000	0.274300
0.310500	0.283780
0.311000	0.264300
0.311500	0.230440
0.312000	0.195690
0.312500	0.160170
0.313000	0.123790
0.313500	0.088227
0.314000	0.055125
0.314500	0.025032
0.315000	-0.003660
0.315500	-0.032780
0.316000	-0.064859
0.316500	-0.119770
0.317000	-0.191380
0.317500	-0.259990
0.318000	-0.306250
0.318500	-0.327790
0.319000	-0.330520
0.319500	-0.316950
0.320000	-0.289600
0.320500	-0.243460
0.321000	-0.183150
0.321500	-0.125540
0.322000	-0.087547
0.322500	-0.066622
0.323000	-0.048895
0.323500	-0.034259
0.324000	-0.022607
0.324500	-0.012979
0.325000	-0.004778
0.325500	-0.000175
0.326000	-0.001413
0.326500	-0.011273
0.327000	-0.030696
0.327500	-0.057527
0.328000	-0.089545
0.328500	-0.124470
0.329000	-0.161800
0.329500	-0.202640
0.330000	-0.248170
0.330500	-0.298770
0.331000	-0.352400
0.331500	-0.409520
0.332000	-0.470960
0.332500	-0.536930
0.333000	-0.605130
0.333500	-0.674550
0.334000	-0.744410
0.334500	-0.814550
0.335000	-0.889000
0.335500	-0.965610
0.336000	-1.040600
0.336500	-1.107600
0.337000	-1.138100
0.337500	-1.126900
0.338000	-1.075300
0.338500	-0.984970
0.339000	-0.875790
0.339500	-0.761500
0.340000	-0.647910
0.340500	-0.540600
0.341000	-0.436070
0.341500	-0.332640
0.342000	-0.232330
0.342500	-0.137230
0.343000	-0.052683
0.343500	0.018286
0.344000	0.074445
0.344500	0.114560
0.345000	0.145660
0.345500	0.175780
0.346000	0.205190
0.346500	0.234170
0.347000	0.262120
0.347500	0.289090
0.348000	0.316360
0.348500	0.345200
0.349000	0.386790
0.349500	0.452200
0.350000	0.523810
0.350500	0.583260
0.351000	0.624270
0.351500	0.663490
0.352000	0.701800
0.352500	0.739500
0.353000	0.776320
0.353500	0.811050
0.354000	0.845140
0.354500	0.880310
0.355000	0.924790
0.355500	0.997620
0.356000	1.081900
0.356500	1.157300
0.357000	1.209600
0.357500	1.250000
0.358000	1.275500
0.358500	1.280700
0.359000	1.261800
0.359500	1.232000
0.360000	1.199300
0.360500	1.168700
0.361000	1.144300
0.361500	1.122100
0.362000	1.100000
0.362500	1.077600
0.363000	1.054300
0.363500	1.029500
0.364000	1.003800
0.364500	0.977720
0.365000	0.952620
0.365500	0.946550
0.366000	0.942430
0.366500	0.907220
0.367000	0.807850
0.367500	0.649220
0.368000	0.467760
0.368500	0.277790
0.369000	0.093585
0.369500	-0.084302
0.370000	-0.262630
0.370500	-0.438040
0.371000	-0.607200
0.371500	-0.730900
0.372000	-0.797730
0.372500	-0.846140
0.373000	-0.914530
0.373500	-1.018100
0.374000	-1.125400
0.374500	-1.233000
0.375000	-1.338900
0.375500	-1.441400
0.376000	-1.540500
0.376500	-1.635900
0.377000	-1.727500
0.377500	-1.808900
0.378000	-1.857600
0.378500	-1.875600
0.379000	-1.867500
0.379500	-1.838800
0.380000	-1.794200
0.380500	-1.735400
0.381000	-1.663500
0.381500	-1.580500
0.382000	-1.492600
0.382500	-1.396300
0.383000	-1.286000
0.383500	-1.156100
0.384000	-1.008600
0.384500	-0.853290
0.385000	-0.700360
0.385500	-0.558660
0.386000	-0.423350
0.386500	-0.294270
0.387000	-0.173850
0.387500	-0.064664
0.388000	0.025480
0.388500	0.094555
0.389000	0.144000
0.389500	0.175340
0.390000	0.193850
0.390500	0.206270
0.391000	0.218450
0.391500	0.236270
0.392000	0.266140
0.392500	0.304180
0.393000	0.340850
0.393500	0.366600
0.394000	0.367060
0.394500	0.338350
0.395000	0.286700
0.395500	0.218330
0.396000	0.128560
0.396500	0.021029
0.397000	-0.085568
0.397500	-0.172520
0.398000	-0.235390
0.398500	-0.294560
0.399000	-0.350070
0.399500	-0.401160
0.400000	-0.447770
0.400500	-0.491870
0.401000	-0.535140
0.401500	-0.579240
0.402000	-0.628390
0.402500	-0.689770
0.403000	-0.754890
0.403500	-0.813820
0.404000	-0.853400
0.404500	-0.856700
0.405000	-0.826760
0.405500	-0.768430
0.406000	-0.685990
0.406500	-0.582090
0.407000	-0.469870
0.407500	-0.364400
0.408000	-0.277950
0.408500	-0.196050
0.409000	-0.117540
0.409500	-0.046990
0.410000	0.011870
0.410500	0.064787
0.411000	0.116040
0.411500	0.168440
0.412000	0.224670
0.412500	0.282990
0.413000	0.341590
0.413500	0.400220
0.414000	0.458670
0.414500	0.518330
0.415000	0.577570
0.415500	0.633350
0.416000	0.682640
0.416500	0.710110
0.417000	0.711650
0.417500	0.701000
0.418000	0.691930
0.418500	0.686000
0.419000	0.677490
0.419500	0.669220
0.420000	0.664010
0.420500	0.671180
0.421000	0.697080
0.421500	0.726700
0.422000	0.744520
0.422500	0.738360
0.423000	0.715470
0.423500	0.689790
0.424000	0.675220
0.424500	0.678000
0.425000	0.686830
0.425500	0.697770
0.426000	0.707260
0.426500	0.717140
0.427000	0.736640
0.427500	0.743220
0.428000	0.711350
0.428500	0.625660
0.429000	0.517250
0.429500	0.399120
0.430000	0.280720
0.430500	0.170080
0.431000	0.061203
0.431500	-0.046947
0.432000	-0.152710
0.432500	-0.252750
0.433000	-0.333040
0.433500	-0.397640
0.434000	-0.455030
0.434500	-0.512850
0.435000	-0.567690
0.435500	-0.614550
0.436000	-0.649610
0.436500	-0.669020
0.437000	-0.669510
0.437500	-0.651470
0.438000	-0.616210
0.438500	-0.565310
0.439000	-0.508890
0.439500	-0.451630
0.440000	-0.393690
0.440500	-0.335220
0.441000	-0.267100
0.441500	-0.192010
0.442000	-0.127790
0.442500	-0.092300
0.443000	-0.082165
0.443500	-0.079355
0.444000	-0.079701
0.444500	-0.079034
0.445000	-0.075441
0.445500	-0.071571
0.446000	-0.067391
0.446500	-0.062754
0.447000	-0.031590
0.447500	0.056791
0.448000	0.162000
0.448500	0.241740
0.449000	0.276900
0.449500	0.295780
0.450000	0.299370
0.450500	0.287520
0.451000	0.256100
0.451500	0.197830
0.452000	0.131620
0.452500	0.078724
0.453000	0.052679
0.453500	0.037528
0.454000	0.038652
0.454500	0.064519
0.455000	0.121070
0.455500	0.189390
0.456000	0.260690
0.456500	0.331080
0.457000	0.397270
0.457500	0.461570
0.458000	0.524380
0.458500	0.585050
0.459000	0.642610
0.459500	0.685410
0.460000	0.705940
0.460500	0.701620
0.461000	0.670300
0.461500	0.624960
0.462000	0.574120
0.462500	0.519790
0.463000	0.463790
0.463500	0.402930
0.464000	0.338780
0.464500	0.276010
0.465000	0.219290
0.465500	0.183330
0.466000	0.175360
0.466500	0.188810
0.467000	0.217100
0.467500	0.258630
0.468000	0.313620
0.468500	0.378290
0.469000	0.448850
0.469500	0.542490
0.470000	0.675150
0.470500	0.800890
0.471000	0.872190
0.471500	0.873470
0.472000	0.852660
0.472500	0.818580
0.473000	0.778440
0.473500	0.736880
0.474000	0.693310
0.474500	0.650100
0.475000	0.609800
0.475500	0.574970
0.476000	0.545710
0.476500	0.518600
0.477000	0.490070
0.477500	0.457000
0.478000	0.418780
0.478500	0.374440
0.479000	0.322820
0.479500	0.260790
0.480000	0.174180
0.480500	0.073555
0.481000	-0.024932
0.481500	-0.107770
0.482000	-0.185640
0.482500	-0.255270
0.483000	-0.307920
0.483500	-0.335000
0.484000	-0.339020
0.484500	-0.332290
0.485000	-0.326110
0.485500	-0.331350
0.486000	-0.342300
0.486500	-0.353790
0.487000	-0.366600
0.487500	-0.381480
0.488000	-0.398530
0.488500	-0.417320
0.489000	-0.437520
0.489500	-0.458830
0.490000	-0.485410
0.490500	-0.518890
0.491000	-0.555120
0.491500	-0.589980
0.492000	-0.615340
0.492500	-0.626370
0.493000	-0.623840
0.493500	-0.608520
0.494000	569.229980
0.494500	2634.199951
0.495000	5769.799805
0.495500	9513.299805
0.496000	13663.000000
0.496500	18536.000000
0.497000	24125.000000
