0.000000	-0.013558
0.000500	-0.013558
0.001000	-0.013558
0.001500	-0.013558
0.002000	-0.013558
0.002500	-0.013558
0.003000	-0.013591
0.003500	-0.013648
0.004000	-0.013709
0.004500	-0.013775
0.005000	-0.013847
0.005500	-0.013927
0.006000	-0.014009
0.006500	-0.014088
0.007000	-0.014158
0.007500	-0.014225
0.008000	-0.014293
0.008500	-0.014360
0.009000	-0.014427
0.009500	-0.014495
0.010000	-0.014562
0.010500	-0.014630
0.011000	-0.014697
0.011500	-0.014764
0.012000	-0.014828
0.012500	-0.014890
0.013000	-0.014947
0.013500	-0.014990
0.014000	-0.015012
0.014500	-0.015019
0.015000	-0.015018
0.015500	-0.015014
0.016000	-0.015009
0.016500	-0.015003
0.017000	-0.014996
0.017500	-0.014989
0.018000	-0.014984
0.018500	-0.014975
0.019000	-0.014955
0.019500	-0.014921
0.020000	-0.014876
0.020500	-0.014826
0.021000	-0.014774
0.021500	-0.014724
0.022000	-0.014669
0.022500	-0.014615
0.023000	-0.014565
0.023500	-0.014528
0.024000	-0.014512
0.024500	-0.014512
0.025000	-0.014519
0.025500	-0.014526
0.026000	-0.014534
0.026500	-0.014546
0.027000	-0.014562
0.027500	-0.014581
0.028000	-0.014601
0.028500	-0.014631
0.029000	-0.014682
0.029500	-0.014760
0.030000	-0.014845
0.030500	-0.014930
0.031000	-0.015016
0.031500	-0.015101
0.032000	-0.015188
0.032500	-0.015275
0.033000	-0.015360
0.033500	-0.015441
0.034000	-0.015499
0.034500	-0.015535
0.035000	-0.015564
0.035500	-0.015600
0.036000	-0.015644
0.036500	-0.015688
0.037000	-0.015732
0.037500	-0.015776
0.038000	-0.015820
0.038500	-0.015866
0.039000	-0.015912
0.039500	-0.015959
0.040000	-0.016010
0.040500	-0.016071
0.041000	-0.016139
0.041500	-0.016212
0.042000	-0.016291
0.042500	-0.016376
0.043000	-0.016464
0.043500	-0.016550
0.044000	-0.016632
0.044500	-0.016714
0.045000	-0.016787
0.045500	-0.016842
0.046000	-0.016874
0.046500	-0.016888
0.047000	-0.016896
0.047500	-0.016903
0.048000	-0.016918
0.048500	-0.016933
0.049000	-0.016950
0.049500	-0.016976
0.050000	-0.017016
0.050500	-0.017080
0.051000	-0.017161
0.051500	-0.017251
0.052000	-0.017340
0.052500	-0.017433
0.053000	-0.017530
0.053500	-0.017626
0.054000	-0.017714
0.054500	-0.017783
0.055000	-0.017835
0.055500	-0.017873
0.056000	-0.017902
0.056500	-0.017916
0.057000	-0.017909
0.057500	-0.017885
0.058000	-0.017847
0.058500	-0.017795
0.059000	-0.017720
0.059500	-0.017620
0.060000	-0.017492
0.060500	-0.017336
0.061000	-0.017159
0.061500	-0.016958
0.062000	-0.016730
0.062500	-0.016481
0.063000	-0.016228
0.063500	-0.015974
0.064000	-0.015717
0.064500	-0.015458
0.065000	-0.015194
0.065500	-0.014930
0.066000	-0.014666
0.066500	-0.014413
0.067000	-0.014195
0.067500	-0.014003
0.068000	-0.013828
0.068500	-0.013674
0.069000	-0.013589
0.069500	-0.013571
0.070000	-0.013610
0.070500	-0.013700
0.071000	-0.013881
0.071500	-0.014145
0.072000	-0.014470
0.072500	-0.014838
0.073000	-0.015264
0.073500	-0.015761
0.074000	-0.016338
0.074500	-0.017001
0.075000	-0.017777
0.075500	-0.018662
0.076000	-0.019638
0.076500	-0.020686
0.077000	-0.021779
0.077500	-0.022941
0.078000	-0.024207
0.078500	-0.025617
0.079000	-0.027141
0.079500	-0.028717
0.080000	-0.030339
0.080500	-0.031997
0.081000	-0.033659
0.081500	-0.035326
0.082000	-0.037037
0.082500	-0.038832
0.083000	-0.040719
0.083500	-0.042637
0.084000	-0.044564
0.084500	-0.046482
0.085000	-0.048374
0.085500	-0.050250
0.086000	-0.052127
0.086500	-0.054019
0.087000	-0.055954
0.087500	-0.057973
0.088000	-0.060056
0.088500	-0.062178
0.089000	-0.064322
0.089500	-0.066501
0.090000	-0.068698
0.090500	-0.070894
0.091000	-0.073064
0.091500	-0.075185
0.092000	-0.077256
0.092500	-0.079282
0.093000	-0.081227
0.093500	-0.082760
0.094000	-0.083905
0.094500	-0.084782
0.095000	-0.085495
0.095500	-0.085976
0.096000	-0.086193
0.096500	-0.086144
0.097000	-0.085830
0.097500	-0.085279
0.098000	-0.084492
0.098500	-0.083454
0.099000	-0.082150
0.099500	-0.080700
0.100000	-0.079101
0.100500	-0.077266
0.101000	-0.075112
0.101500	-0.072752
0.102000	-0.070350
0.102500	-0.067892
0.103000	-0.065364
0.103500	-0.062793
0.104000	-0.060218
0.104500	-0.057644
0.105000	-0.055071
0.105500	-0.052505
0.106000	-0.049948
0.106500	-0.047402
0.107000	-0.044870
0.107500	-0.042476
0.108000	-0.040417
0.108500	-0.038601
0.109000	-0.036926
0.109500	-0.035304
0.110000	-0.033755
0.110500	-0.032344
0.111000	-0.031133
0.111500	-0.030137
0.112000	-0.029202
0.112500	-0.028315
0.113000	-0.027482
0.113500	-0.026702
0.114000	-0.025929
0.114500	-0.025164
0.115000	-0.024419
0.115500	-0.023707
0.116000	-0.023007
0.116500	-0.022310
0.117000	-0.021610
0.117500	-0.020901
0.118000	-0.020188
0.118500	-0.019475
0.119000	-0.018760
0.119500	-0.018045
0.120000	-0.017325
0.120500	-0.016601
0.121000	-0.015875
0.121500	-0.015148
0.122000	-0.014403
0.122500	-0.013628
0.123000	-0.012818
0.123500	-0.011968
0.124000	-0.011038
0.124500	-0.010012
0.125000	-0.008928
0.125500	-0.007823
0.126000	-0.006710
0.126500	-0.005567
0.127000	-0.004377
0.127500	-0.003127
0.128000	-0.001792
0.128500	-0.000360
0.129000	0.001143
0.129500	0.002687
0.130000	0.004239
0.130500	0.005804
0.131000	0.007445
0.131500	0.009223
0.132000	0.011165
0.132500	0.013147
0.133000	0.015145
0.133500	0.017152
0.134000	0.019162
0.134500	0.021170
0.135000	0.023182
0.135500	0.025207
0.136000	0.027260
0.136500	0.029398
0.137000	0.031585
0.137500	0.033759
0.138000	0.035866
0.138500	0.037930
0.139000	0.039977
0.139500	0.042026
0.140000	0.044097
0.140500	0.046226
0.141000	0.048393
0.141500	0.050551
0.142000	0.052655
0.142500	0.054636
0.143000	0.056505
0.143500	0.058303
0.144000	0.060068
0.144500	0.061780
0.145000	0.063391
0.145500	0.064902
0.146000	0.066315
0.146500	0.067576
0.147000	0.068655
0.147500	0.069587
0.148000	0.070407
0.148500	0.071125
0.149000	0.071704
0.149500	0.072135
0.150000	0.072413
0.150500	0.072539
0.151000	0.072519
0.151500	0.072336
0.152000	0.071974
0.152500	0.071437
0.153000	0.070797
0.153500	0.070055
0.154000	0.069200
0.154500	0.068245
0.155000	0.067260
0.155500	0.066213
0.156000	0.065063
0.156500	0.063779
0.157000	0.062444
0.157500	0.061086
0.158000	0.059704
0.158500	0.058306
0.159000	0.056920
0.159500	0.055522
0.160000	0.054075
0.160500	0.052543
0.161000	0.050964
0.161500	0.049369
0.162000	0.047767
0.162500	0.046166
0.163000	0.044569
0.163500	0.042971
0.164000	0.041363
0.164500	0.039734
0.165000	0.038021
0.165500	0.036214
0.166000	0.034387
0.166500	0.032615
0.167000	0.030895
0.167500	0.029176
0.168000	0.027458
0.168500	0.025739
0.169000	0.024017
0.169500	0.022292
0.170000	0.020566
0.170500	0.018843
0.171000	0.017192
0.171500	0.015713
0.172000	0.014346
0.172500	0.013028
0.173000	0.011718
0.173500	0.010472
0.174000	0.009305
0.174500	0.008221
0.175000	0.007240
0.175500	0.006402
0.176000	0.005690
0.176500	0.005081
0.177000	0.004554
0.177500	0.004123
0.178000	0.003798
0.178500	0.003584
0.179000	0.003483
0.179500	0.003479
0.180000	0.003585
0.180500	0.003822
0.181000	0.004210
0.181500	0.004686
0.182000	0.005229
0.182500	0.005853
0.183000	0.006574
0.183500	0.007336
0.184000	0.008111
0.184500	0.008907
0.185000	0.009730
0.185500	0.010585
0.186000	0.011458
0.186500	0.012332
0.187000	0.013186
0.187500	0.014001
0.188000	0.014774
0.188500	0.015512
0.189000	0.016222
0.189500	0.016868
0.190000	0.017422
0.190500	0.017905
0.191000	0.018335
0.191500	0.018708
0.192000	0.018985
0.192500	0.019175
0.193000	0.019287
0.193500	0.019321
0.194000	0.019257
0.194500	0.019092
0.195000	0.018824
0.195500	0.018451
0.196000	0.017982
0.196500	0.017424
0.197000	0.016782
0.197500	0.016069
0.198000	0.015311
0.198500	0.014479
0.199000	0.013542
0.199500	0.012476
0.200000	0.011347
0.200500	0.010168
0.201000	0.008930
0.201500	0.007632
0.202000	0.006317
0.202500	0.004997
0.203000	0.003673
0.203500	0.002344
0.204000	0.000997
0.204500	-0.000362
0.205000	-0.001717
0.205500	-0.003048
0.206000	-0.004248
0.206500	-0.005310
0.207000	-0.006283
0.207500	-0.007217
0.208000	-0.008100
0.208500	-0.008882
0.209000	-0.009561
0.209500	-0.010135
0.210000	-0.010587
0.210500	-0.010906
0.211000	-0.011091
0.211500	-0.011146
0.212000	-0.011095
0.212500	-0.010974
0.213000	-0.010760
0.213500	-0.010431
0.214000	-0.010004
0.214500	-0.009551
0.215000	-0.009064
0.215500	-0.008532
0.216000	-0.007950
0.216500	-0.007333
0.217000	-0.006709
0.217500	-0.006102
0.218000	-0.005532
0.218500	-0.004991
0.219000	-0.004475
0.219500	-0.003979
0.220000	-0.003505
0.220500	-0.003095
0.221000	-0.002749
0.221500	-0.002460
0.222000	-0.002222
0.222500	-0.002073
0.223000	-0.002011
0.223500	-0.002025
0.224000	-0.002103
0.224500	-0.002238
0.225000	-0.002439
0.225500	-0.002721
0.226000	-0.003093
0.226500	-0.003528
0.227000	-0.004009
0.227500	-0.004541
0.228000	-0.005125
0.228500	-0.005728
0.229000	-0.006349
0.229500	-0.007011
0.230000	-0.007738
0.230500	-0.008510
0.231000	-0.009287
0.231500	-0.010065
0.232000	-0.010836
0.232500	-0.011601
0.233000	-0.012364
0.233500	-0.013128
0.234000	-0.013893
0.234500	-0.014666
0.235000	-0.015456
0.235500	-0.016248
0.236000	-0.017031
0.236500	-0.017781
0.237000	-0.018481
0.237500	-0.019148
0.238000	-0.019800
0.238500	-0.020450
0.239000	-0.021078
0.239500	-0.021666
0.240000	-0.022196
0.240500	-0.022654
0.241000	-0.023053
0.241500	-0.023404
0.242000	-0.023720
0.242500	-0.024014
0.243000	-0.024300
0.243500	-0.024576
0.244000	-0.024833
0.244500	-0.025065
0.245000	-0.025285
0.245500	-0.025491
0.246000	-0.025679
0.246500	-0.025844
0.247000	-0.026000
0.247500	-0.026148
0.248000	-0.026285
0.248500	-0.026410
0.249000	-0.026529
0.249500	-0.026648
0.250000	-0.026764
0.250500	-0.026877
0.251000	-0.026988
0.251500	-0.027099
0.252000	-0.027210
0.252500	-0.027320
0.253000	-0.027430
0.253500	-0.027536
0.254000	-0.027641
0.254500	-0.027745
0.255000	-0.027819
0.255500	-0.027843
0.256000	-0.027827
0.256500	-0.027781
0.257000	-0.027705
0.257500	-0.027574
0.258000	-0.027389
0.258500	-0.027151
0.259000	-0.026870
0.259500	-0.026561
0.260000	-0.026221
0.260500	-0.025849
0.261000	-0.025438
0.261500	-0.024991
0.262000	-0.024538
0.262500	-0.024109
0.263000	-0.023721
0.263500	-0.023343
0.264000	-0.022975
0.264500	-0.022622
0.265000	-0.022287
0.265500	-0.021958
0.266000	-0.021631
0.266500	-0.021306
0.267000	-0.020984
0.267500	-0.020664
0.268000	-0.020347
0.268500	-0.020032
0.269000	-0.019719
0.269500	-0.019419
0.270000	-0.019139
0.270500	-0.018878
0.271000	-0.018637
0.271500	-0.018435
0.272000	-0.018280
0.272500	-0.018170
0.273000	-0.018099
0.273500	-0.018046
0.274000	-0.018002
0.274500	-0.017970
0.275000	-0.017954
0.275500	-0.017947
0.276000	-0.017941
0.276500	-0.017935
0.277000	-0.017929
0.277500	-0.017923
0.278000	-0.017917
0.278500	-0.017910
0.279000	-0.017897
0.279500	-0.017872
0.280000	-0.017826
0.280500	-0.017770
0.281000	-0.017714
0.281500	-0.017661
0.282000	-0.017606
0.282500	-0.017549
0.283000	-0.017495
0.283500	-0.017450
0.284000	-0.017434
0.284500	-0.017441
0.285000	-0.017464
0.285500	-0.017497
0.286000	-0.017546
0.286500	-0.017617
0.287000	-0.017717
0.287500	-0.017848
0.288000	-0.017994
0.288500	-0.018149
0.289000	-0.018311
0.289500	-0.018477
0.290000	-0.018653
0.290500	-0.018834
0.291000	-0.019011
0.291500	-0.019175
0.292000	-0.019317
0.292500	-0.019432
0.293000	-0.019517
0.293500	-0.019571
0.294000	-0.019604
0.294500	-0.019621
0.295000	-0.019622
0.295500	-0.019606
0.296000	-0.019584
0.296500	-0.019562
0.297000	-0.019540
0.297500	-0.019519
0.298000	-0.019499
0.298500	-0.019480
0.299000	-0.019462
0.299500	-0.019443
0.300000	-0.019427
0.300500	-0.019417
0.301000	-0.019416
0.301500	-0.019430
0.302000	-0.019460
0.302500	-0.019503
0.303000	-0.019552
0.303500	-0.019604
0.304000	-0.019656
0.304500	-0.019715
0.305000	-0.019774
0.305500	-0.019829
0.306000	-0.019873
0.306500	-0.019892
0.307000	-0.019887
0.307500	-0.019856
0.308000	-0.019802
0.308500	-0.019737
0.309000	-0.019669
0.309500	-0.019604
0.310000	-0.019547
0.310500	-0.019491
0.311000	-0.019439
0.311500	-0.019390
0.312000	-0.019349
0.312500	-0.019322
0.313000	-0.019307
0.313500	-0.019298
0.314000	-0.019292
0.314500	-0.019285
0.315000	-0.019288
0.315500	-0.019311
0.316000	-0.019365
0.316500	-0.019436
0.317000	-0.019512
0.317500	-0.019589
0.318000	-0.019662
0.318500	-0.019734
0.319000	-0.019806
0.319500	-0.019875
0.320000	-0.019937
0.320500	-0.019984
0.321000	-0.020010
0.321500	-0.020024
0.322000	-0.020032
0.322500	-0.020039
0.323000	-0.020046
0.323500	-0.020053
0.324000	-0.020059
0.324500	-0.020064
0.325000	-0.020068
0.325500	-0.020072
0.326000	-0.020077
0.326500	-0.020088
0.327000	-0.020113
0.327500	-0.020148
0.328000	-0.020188
0.328500	-0.020234
0.329000	-0.020293
0.329500	-0.020366
0.330000	-0.020449
0.330500	-0.020543
0.331000	-0.020658
0.331500	-0.020790
0.332000	-0.020936
0.332500	-0.021092
0.333000	-0.021259
0.333500	-0.021447
0.334000	-0.021660
0.334500	-0.021906
0.335000	-0.022179
0.335500	-0.022465
0.336000	-0.022748
0.336500	-0.023015
0.337000	-0.023273
0.337500	-0.023523
0.338000	-0.023764
0.338500	-0.023992
0.339000	-0.024187
0.339500	-0.024344
0.340000	-0.024468
0.340500	-0.024565
0.341000	-0.024643
0.341500	-0.024700
0.342000	-0.024733
0.342500	-0.024739
0.343000	-0.024732
0.343500	-0.024718
0.344000	-0.024693
0.344500	-0.024657
0.345000	-0.024612
0.345500	-0.024560
0.346000	-0.024504
0.346500	-0.024443
0.347000	-0.024376
0.347500	-0.024301
0.348000	-0.024214
0.348500	-0.024110
0.349000	-0.023985
0.349500	-0.023839
0.350000	-0.023678
0.350500	-0.023508
0.351000	-0.023333
0.351500	-0.023152
0.352000	-0.022965
0.352500	-0.022770
0.353000	-0.022569
0.353500	-0.022360
0.354000	-0.022133
0.354500	-0.021876
0.355000	-0.021586
0.355500	-0.021287
0.356000	-0.020985
0.356500	-0.020680
0.357000	-0.020373
0.357500	-0.020065
0.358000	-0.019757
0.358500	-0.019450
0.359000	-0.019144
0.359500	-0.018843
0.360000	-0.018548
0.360500	-0.018260
0.361000	-0.017983
0.361500	-0.017718
0.362000	-0.017461
0.362500	-0.017209
0.363000	-0.016958
0.363500	-0.016710
0.364000	-0.016468
0.364500	-0.016228
0.365000	-0.015990
0.365500	-0.015770
0.366000	-0.015573
0.366500	-0.015397
0.367000	-0.015238
0.367500	-0.015121
0.368000	-0.015071
0.368500	-0.015086
0.369000	-0.015162
0.369500	-0.015282
0.370000	-0.015430
0.370500	-0.015603
0.371000	-0.015797
0.371500	-0.016003
0.372000	-0.016219
0.372500	-0.016455
0.373000	-0.016721
0.373500	-0.017022
0.374000	-0.017355
0.374500	-0.017719
0.375000	-0.018112
0.375500	-0.018528
0.376000	-0.018954
0.376500	-0.019390
0.377000	-0.019835
0.377500	-0.020295
0.378000	-0.020777
0.378500	-0.021265
0.379000	-0.021740
0.379500	-0.022184
0.380000	-0.022594
0.380500	-0.022978
0.381000	-0.023346
0.381500	-0.023704
0.382000	-0.024041
0.382500	-0.024351
0.383000	-0.024633
0.383500	-0.024884
0.384000	-0.025094
0.384500	-0.025260
0.385000	-0.025380
0.385500	-0.025458
0.386000	-0.025515
0.386500	-0.025553
0.387000	-0.025567
0.387500	-0.025550
0.388000	-0.025521
0.388500	-0.025488
0.389000	-0.025450
0.389500	-0.025405
0.390000	-0.025357
0.390500	-0.025306
0.391000	-0.025250
0.391500	-0.025187
0.392000	-0.025107
0.392500	-0.025011
0.393000	-0.024912
0.393500	-0.024821
0.394000	-0.024743
0.394500	-0.024677
0.395000	-0.024625
0.395500	-0.024593
0.396000	-0.024590
0.396500	-0.024617
0.397000	-0.024669
0.397500	-0.024739
0.398000	-0.024819
0.398500	-0.024907
0.399000	-0.025004
0.399500	-0.025110
0.400000	-0.025225
0.400500	-0.025348
0.401000	-0.025482
0.401500	-0.025633
0.402000	-0.025806
0.402500	-0.026006
0.403000	-0.026216
0.403500	-0.026420
0.404000	-0.026606
0.404500	-0.026783
0.405000	-0.026949
0.405500	-0.027102
0.406000	-0.027237
0.406500	-0.027339
0.407000	-0.027411
0.407500	-0.027459
0.408000	-0.027488
0.408500	-0.027503
0.409000	-0.027505
0.409500	-0.027493
0.410000	-0.027467
0.410500	-0.027431
0.411000	-0.027383
0.411500	-0.027322
0.412000	-0.027245
0.412500	-0.027155
0.413000	-0.027051
0.413500	-0.026927
0.414000	-0.026780
0.414500	-0.026622
0.415000	-0.026458
0.415500	-0.026290
0.416000	-0.026116
0.416500	-0.025936
0.417000	-0.025754
0.417500	-0.025573
0.418000	-0.025396
0.418500	-0.025228
0.419000	-0.025068
0.419500	-0.024909
0.420000	-0.024743
0.420500	-0.024562
0.421000	-0.024368
0.421500	-0.024173
0.422000	-0.023989
0.422500	-0.023819
0.423000	-0.023649
0.423500	-0.023480
0.424000	-0.023310
0.424500	-0.023141
0.425000	-0.022972
0.425500	-0.022803
0.426000	-0.022634
0.426500	-0.022464
0.427000	-0.022293
0.427500	-0.022121
0.428000	-0.021949
0.428500	-0.021794
0.429000	-0.021701
0.429500	-0.021660
0.430000	-0.021653
0.430500	-0.021664
0.431000	-0.021690
0.431500	-0.021736
0.432000	-0.021805
0.432500	-0.021900
0.433000	-0.022004
0.433500	-0.022118
0.434000	-0.022247
0.434500	-0.022395
0.435000	-0.022552
0.435500	-0.022710
0.436000	-0.022868
0.436500	-0.023023
0.437000	-0.023174
0.437500	-0.023322
0.438000	-0.023465
0.438500	-0.023603
0.439000	-0.023721
0.439500	-0.023816
0.440000	-0.023887
0.440500	-0.023934
0.441000	-0.023970
0.441500	-0.024003
0.442000	-0.024034
0.442500	-0.024062
0.443000	-0.024088
0.443500	-0.024115
0.444000	-0.024141
0.444500	-0.024167
0.445000	-0.024198
0.445500	-0.024235
0.446000	-0.024260
0.446500	-0.024256
0.447000	-0.024216
0.447500	-0.024158
0.448000	-0.024092
0.448500	-0.024026
0.449000	-0.023962
0.449500	-0.023895
0.450000	-0.023829
0.450500	-0.023771
0.451000	-0.023731
0.451500	-0.023715
0.452000	-0.023712
0.452500	-0.023709
0.453000	-0.023696
0.453500	-0.023681
0.454000	-0.023664
0.454500	-0.023645
0.455000	-0.023618
0.455500	-0.023561
0.456000	-0.023472
0.456500	-0.023359
0.457000	-0.023228
0.457500	-0.023089
0.458000	-0.022944
0.458500	-0.022793
0.459000	-0.022637
0.459500	-0.022472
0.460000	-0.022300
0.460500	-0.022131
0.461000	-0.021972
0.461500	-0.021824
0.462000	-0.021693
0.462500	-0.021587
0.463000	-0.021515
0.463500	-0.021458
0.464000	-0.021402
0.464500	-0.021346
0.465000	-0.021290
0.465500	-0.021232
0.466000	-0.021173
0.466500	-0.021114
0.467000	-0.021055
0.467500	-0.020987
0.468000	-0.020898
0.468500	-0.020779
0.469000	-0.020622
0.469500	-0.020422
0.470000	-0.020198
0.470500	-0.019966
0.471000	-0.019744
0.471500	-0.019537
0.472000	-0.019330
0.472500	-0.019129
0.473000	-0.018942
0.473500	-0.018774
0.474000	-0.018617
0.474500	-0.018470
0.475000	-0.018326
0.475500	-0.018184
0.476000	-0.018046
0.476500	-0.017912
0.477000	-0.017782
0.477500	-0.017660
0.478000	-0.017556
0.478500	-0.017472
0.479000	-0.017406
0.479500	-0.017358
0.480000	-0.017330
0.480500	-0.017327
0.481000	-0.017353
0.481500	-0.017407
0.482000	-0.017469
0.482500	-0.017534
0.483000	-0.017602
0.483500	-0.017674
0.484000	-0.017746
0.484500	-0.017820
0.485000	-0.017895
0.485500	-0.017974
0.486000	-0.018059
0.486500	-0.018149
0.487000	-0.018244
0.487500	-0.018340
0.488000	-0.018436
0.488500	-0.018538
0.489000	-0.018651
0.489500	-0.018782
0.490000	-0.018928
0.490500	-0.019079
0.491000	-0.019231
0.491500	-0.019383
0.492000	-0.019532
0.492500	-0.019679
0.493000	-0.019824
0.493500	-0.019967
0.494000	569.799988
0.494500	2634.699951
0.495000	5770.299805
0.495500	9513.700195
0.496000	13664.000000
0.496500	18536.000000
0.497000	24125.000000
