0.000000	0.054157
0.000500	0.054157
0.001000	0.054157
0.001500	0.054157
0.002000	0.054157
0.002500	0.054157
0.003000	0.054171
0.003500	0.054195
0.004000	0.054219
0.004500	0.054243
0.005000	0.054267
0.005500	0.054292
0.006000	0.054317
0.006500	0.054341
0.007000	0.054361
0.007500	0.054371
0.008000	0.054372
0.008500	0.054371
0.009000	0.054372
0.009500	0.054374
0.010000	0.054375
0.010500	0.054377
0.011000	0.054382
0.011500	0.054403
0.012000	0.054437
0.012500	0.054472
0.013000	0.054497
0.013500	0.054510
0.014000	0.054520
0.014500	0.054530
0.015000	0.054545
0.015500	0.054565
0.016000	0.054586
0.016500	0.054607
0.017000	0.054628
0.017500	0.054649
0.018000	0.054672
0.018500	0.054690
0.019000	0.054697
0.019500	0.054687
0.020000	0.054663
0.020500	0.054632
0.021000	0.054602
0.021500	0.054578
0.022000	0.054556
0.022500	0.054535
0.023000	0.054517
0.023500	0.054506
0.024000	0.054516
0.024500	0.054541
0.025000	0.054576
0.025500	0.054615
0.026000	0.054655
0.026500	0.054700
0.027000	0.054752
0.027500	0.054815
0.028000	0.054884
0.028500	0.054953
0.029000	0.055022
0.029500	0.055088
0.030000	0.055152
0.030500	0.055215
0.031000	0.055277
0.031500	0.055339
0.032000	0.055399
0.032500	0.055454
0.033000	0.055497
0.033500	0.055523
0.034000	0.055540
0.034500	0.055553
0.035000	0.055565
0.035500	0.055577
0.036000	0.055587
0.036500	0.055596
0.037000	0.055607
0.037500	0.055620
0.038000	0.055639
0.038500	0.055663
0.039000	0.055689
0.039500	0.055714
0.040000	0.055735
0.040500	0.055755
0.041000	0.055773
0.041500	0.055787
0.042000	0.055794
0.042500	0.055792
0.043000	0.055783
0.043500	0.055770
0.044000	0.055756
0.044500	0.055741
0.045000	0.055722
0.045500	0.055701
0.046000	0.055674
0.046500	0.055639
0.047000	0.055600
0.047500	0.055562
0.048000	0.055532
0.048500	0.055507
0.049000	0.055489
0.049500	0.055481
0.050000	0.055486
0.050500	0.055505
0.051000	0.055532
0.051500	0.055557
0.052000	0.055572
0.052500	0.055581
0.053000	0.055589
0.053500	0.055594
0.054000	0.055596
0.054500	0.055592
0.055000	0.055586
0.055500	0.055581
0.056000	0.055579
0.056500	0.055582
0.057000	0.055588
0.057500	0.055594
0.058000	0.055599
0.058500	0.055600
0.059000	0.055598
0.059500	0.055592
0.060000	0.055584
0.060500	0.055565
0.061000	0.055522
0.061500	0.055462
0.062000	0.055391
0.062500	0.055309
0.063000	0.055210
0.063500	0.055095
0.064000	0.054967
0.064500	0.054826
0.065000	0.054666
0.065500	0.054488
0.066000	0.054290
0.066500	0.054072
0.067000	0.053832
0.067500	0.053573
0.068000	0.053296
0.068500	0.053005
0.069000	0.052705
0.069500	0.052386
0.070000	0.052040
0.070500	0.051658
0.071000	0.051263
0.071500	0.050862
0.072000	0.050456
0.072500	0.050046
0.073000	0.049632
0.073500	0.049215
0.074000	0.048799
0.074500	0.048387
0.075000	0.047989
0.075500	0.047612
0.076000	0.047255
0.076500	0.046921
0.077000	0.046629
0.077500	0.046380
0.078000	0.046163
0.078500	0.045967
0.079000	0.045786
0.079500	0.045622
0.080000	0.045475
0.080500	0.045348
0.081000	0.045243
0.081500	0.045161
0.082000	0.045100
0.082500	0.045060
0.083000	0.045044
0.083500	0.045063
0.084000	0.045116
0.084500	0.045203
0.085000	0.045322
0.085500	0.045474
0.086000	0.045659
0.086500	0.045880
0.087000	0.046137
0.087500	0.046422
0.088000	0.046725
0.088500	0.047036
0.089000	0.047358
0.089500	0.047728
0.090000	0.048120
0.090500	0.048502
0.091000	0.048832
0.091500	0.048990
0.092000	0.048920
0.092500	0.048589
0.093000	0.047971
0.093500	0.047105
0.094000	0.046026
0.094500	0.044757
0.095000	0.043333
0.095500	0.041862
0.096000	0.040380
0.096500	0.038904
0.097000	0.037450
0.097500	0.036009
0.098000	0.034580
0.098500	0.033177
0.099000	0.031815
0.099500	0.030612
0.100000	0.029595
0.100500	0.028723
0.101000	0.027959
0.101500	0.027247
0.102000	0.026571
0.102500	0.025949
0.103000	0.025397
0.103500	0.024893
0.104000	0.024397
0.104500	0.023901
0.105000	0.023398
0.105500	0.022879
0.106000	0.022348
0.106500	0.021814
0.107000	0.021288
0.107500	0.020797
0.108000	0.020376
0.108500	0.020014
0.109000	0.019700
0.109500	0.019435
0.110000	0.019263
0.110500	0.019193
0.111000	0.019228
0.111500	0.019358
0.112000	0.019528
0.112500	0.019738
0.113000	0.019999
0.113500	0.020312
0.114000	0.020640
0.114500	0.020974
0.115000	0.021315
0.115500	0.021663
0.116000	0.022018
0.116500	0.022382
0.117000	0.022755
0.117500	0.023140
0.118000	0.023579
0.118500	0.024086
0.119000	0.024651
0.119500	0.025263
0.120000	0.025925
0.120500	0.026636
0.121000	0.027391
0.121500	0.028184
0.122000	0.028990
0.122500	0.029819
0.123000	0.030696
0.123500	0.031646
0.124000	0.032647
0.124500	0.033653
0.125000	0.034660
0.125500	0.035661
0.126000	0.036657
0.126500	0.037653
0.127000	0.038648
0.127500	0.039643
0.128000	0.040636
0.128500	0.041622
0.129000	0.042599
0.129500	0.043566
0.130000	0.044487
0.130500	0.045317
0.131000	0.046085
0.131500	0.046826
0.132000	0.047564
0.132500	0.048286
0.133000	0.048975
0.133500	0.049620
0.134000	0.050209
0.134500	0.050756
0.135000	0.051269
0.135500	0.051753
0.136000	0.052216
0.136500	0.052671
0.137000	0.053106
0.137500	0.053506
0.138000	0.053858
0.138500	0.054188
0.139000	0.054502
0.139500	0.054800
0.140000	0.055079
0.140500	0.055351
0.141000	0.055623
0.141500	0.055895
0.142000	0.056166
0.142500	0.056437
0.143000	0.056707
0.143500	0.056978
0.144000	0.057249
0.144500	0.057539
0.145000	0.057853
0.145500	0.058168
0.146000	0.058464
0.146500	0.058730
0.147000	0.058974
0.147500	0.059203
0.148000	0.059421
0.148500	0.059629
0.149000	0.059824
0.149500	0.060005
0.150000	0.060176
0.150500	0.060330
0.151000	0.060459
0.151500	0.060569
0.152000	0.060665
0.152500	0.060745
0.153000	0.060791
0.153500	0.060803
0.154000	0.060784
0.154500	0.060736
0.155000	0.060649
0.155500	0.060516
0.156000	0.060328
0.156500	0.060081
0.157000	0.059807
0.157500	0.059515
0.158000	0.059206
0.158500	0.058881
0.159000	0.058554
0.159500	0.058222
0.160000	0.057876
0.160500	0.057509
0.161000	0.057121
0.161500	0.056725
0.162000	0.056331
0.162500	0.055947
0.163000	0.055568
0.163500	0.055192
0.164000	0.054821
0.164500	0.054460
0.165000	0.054109
0.165500	0.053765
0.166000	0.053426
0.166500	0.053088
0.167000	0.052760
0.167500	0.052442
0.168000	0.052120
0.168500	0.051780
0.169000	0.051412
0.169500	0.051023
0.170000	0.050628
0.170500	0.050236
0.171000	0.049856
0.171500	0.049479
0.172000	0.049105
0.172500	0.048733
0.173000	0.048369
0.173500	0.048036
0.174000	0.047733
0.174500	0.047455
0.175000	0.047206
0.175500	0.047011
0.176000	0.046874
0.176500	0.046791
0.177000	0.046759
0.177500	0.046750
0.178000	0.046763
0.178500	0.046806
0.179000	0.046881
0.179500	0.046964
0.180000	0.047048
0.180500	0.047134
0.181000	0.047224
0.181500	0.047316
0.182000	0.047409
0.182500	0.047501
0.183000	0.047592
0.183500	0.047679
0.184000	0.047763
0.184500	0.047849
0.185000	0.047942
0.185500	0.048052
0.186000	0.048183
0.186500	0.048325
0.187000	0.048468
0.187500	0.048617
0.188000	0.048772
0.188500	0.048924
0.189000	0.049061
0.189500	0.049184
0.190000	0.049303
0.190500	0.049419
0.191000	0.049533
0.191500	0.049648
0.192000	0.049761
0.192500	0.049872
0.193000	0.049982
0.193500	0.050086
0.194000	0.050176
0.194500	0.050254
0.195000	0.050321
0.195500	0.050378
0.196000	0.050419
0.196500	0.050443
0.197000	0.050446
0.197500	0.050431
0.198000	0.050410
0.198500	0.050384
0.199000	0.050353
0.199500	0.050317
0.200000	0.050275
0.200500	0.050231
0.201000	0.050191
0.201500	0.050158
0.202000	0.050130
0.202500	0.050106
0.203000	0.050086
0.203500	0.050070
0.204000	0.050057
0.204500	0.050048
0.205000	0.050042
0.205500	0.050039
0.206000	0.050039
0.206500	0.050043
0.207000	0.050050
0.207500	0.050063
0.208000	0.050082
0.208500	0.050107
0.209000	0.050134
0.209500	0.050157
0.210000	0.050176
0.210500	0.050191
0.211000	0.050201
0.211500	0.050202
0.212000	0.050186
0.212500	0.050145
0.213000	0.050095
0.213500	0.050054
0.214000	0.050022
0.214500	0.049989
0.215000	0.049969
0.215500	0.049980
0.216000	0.050028
0.216500	0.050082
0.217000	0.050136
0.217500	0.050190
0.218000	0.050244
0.218500	0.050298
0.219000	0.050352
0.219500	0.050406
0.220000	0.050461
0.220500	0.050519
0.221000	0.050582
0.221500	0.050650
0.222000	0.050722
0.222500	0.050798
0.223000	0.050875
0.223500	0.050951
0.224000	0.051026
0.224500	0.051100
0.225000	0.051174
0.225500	0.051247
0.226000	0.051320
0.226500	0.051387
0.227000	0.051449
0.227500	0.051506
0.228000	0.051559
0.228500	0.051603
0.229000	0.051634
0.229500	0.051656
0.230000	0.051673
0.230500	0.051685
0.231000	0.051687
0.231500	0.051671
0.232000	0.051628
0.232500	0.051568
0.233000	0.051506
0.233500	0.051442
0.234000	0.051378
0.234500	0.051312
0.235000	0.051245
0.235500	0.051178
0.236000	0.051113
0.236500	0.051063
0.237000	0.051045
0.237500	0.051049
0.238000	0.051066
0.238500	0.051091
0.239000	0.051126
0.239500	0.051163
0.240000	0.051193
0.240500	0.051210
0.241000	0.051224
0.241500	0.051236
0.242000	0.051247
0.242500	0.051257
0.243000	0.051265
0.243500	0.051271
0.244000	0.051273
0.244500	0.051269
0.245000	0.051254
0.245500	0.051227
0.246000	0.051189
0.246500	0.051141
0.247000	0.051091
0.247500	0.051041
0.248000	0.050989
0.248500	0.050938
0.249000	0.050885
0.249500	0.050832
0.250000	0.050779
0.250500	0.050727
0.251000	0.050687
0.251500	0.050662
0.252000	0.050647
0.252500	0.050638
0.253000	0.050639
0.253500	0.050658
0.254000	0.050692
0.254500	0.050742
0.255000	0.050806
0.255500	0.050882
0.256000	0.050972
0.256500	0.051078
0.257000	0.051201
0.257500	0.051337
0.258000	0.051472
0.258500	0.051596
0.259000	0.051704
0.259500	0.051811
0.260000	0.051918
0.260500	0.052025
0.261000	0.052133
0.261500	0.052241
0.262000	0.052350
0.262500	0.052463
0.263000	0.052584
0.263500	0.052729
0.264000	0.052889
0.264500	0.053054
0.265000	0.053215
0.265500	0.053389
0.266000	0.053567
0.266500	0.053733
0.267000	0.053874
0.267500	0.053983
0.268000	0.054068
0.268500	0.054138
0.269000	0.054202
0.269500	0.054264
0.270000	0.054323
0.270500	0.054384
0.271000	0.054449
0.271500	0.054522
0.272000	0.054597
0.272500	0.054672
0.273000	0.054742
0.273500	0.054807
0.274000	0.054864
0.274500	0.054911
0.275000	0.054945
0.275500	0.054962
0.276000	0.054969
0.276500	0.054974
0.277000	0.054987
0.277500	0.055008
0.278000	0.055030
0.278500	0.055054
0.279000	0.055080
0.279500	0.055113
0.280000	0.055155
0.280500	0.055198
0.281000	0.055233
0.281500	0.055254
0.282000	0.055261
0.282500	0.055265
0.283000	0.055275
0.283500	0.055299
0.284000	0.055329
0.284500	0.055362
0.285000	0.055393
0.285500	0.055419
0.286000	0.055441
0.286500	0.055460
0.287000	0.055473
0.287500	0.055480
0.288000	0.055472
0.288500	0.055453
0.289000	0.055425
0.289500	0.055392
0.290000	0.055357
0.290500	0.055314
0.291000	0.055260
0.291500	0.055190
0.292000	0.055112
0.292500	0.055030
0.293000	0.054946
0.293500	0.054862
0.294000	0.054772
0.294500	0.054678
0.295000	0.054586
0.295500	0.054500
0.296000	0.054442
0.296500	0.054418
0.297000	0.054430
0.297500	0.054478
0.298000	0.054549
0.298500	0.054631
0.299000	0.054722
0.299500	0.054820
0.300000	0.054920
0.300500	0.055022
0.301000	0.055129
0.301500	0.055247
0.302000	0.055378
0.302500	0.055520
0.303000	0.055670
0.303500	0.055829
0.304000	0.055993
0.304500	0.056161
0.305000	0.056331
0.305500	0.056500
0.306000	0.056664
0.306500	0.056823
0.307000	0.056977
0.307500	0.057126
0.308000	0.057265
0.308500	0.057373
0.309000	0.057452
0.309500	0.057507
0.310000	0.057542
0.310500	0.057564
0.311000	0.057573
0.311500	0.057565
0.312000	0.057540
0.312500	0.057510
0.313000	0.057476
0.313500	0.057439
0.314000	0.057398
0.314500	0.057350
0.315000	0.057299
0.315500	0.057250
0.316000	0.057208
0.316500	0.057181
0.317000	0.057169
0.317500	0.057171
0.318000	0.057187
0.318500	0.057214
0.319000	0.057251
0.319500	0.057298
0.320000	0.057354
0.320500	0.057415
0.321000	0.057482
0.321500	0.057556
0.322000	0.057641
0.322500	0.057734
0.323000	0.057832
0.323500	0.057939
0.324000	0.058057
0.324500	0.058185
0.325000	0.058314
0.325500	0.058445
0.326000	0.058576
0.326500	0.058709
0.327000	0.058843
0.327500	0.058978
0.328000	0.059112
0.328500	0.059241
0.329000	0.059355
0.329500	0.059453
0.330000	0.059533
0.330500	0.059590
0.331000	0.059624
0.331500	0.059640
0.332000	0.059645
0.332500	0.059640
0.333000	0.059624
0.333500	0.059604
0.334000	0.059591
0.334500	0.059595
0.335000	0.059609
0.335500	0.059632
0.336000	0.059667
0.336500	0.059717
0.337000	0.059774
0.337500	0.059833
0.338000	0.059891
0.338500	0.059945
0.339000	0.059998
0.339500	0.060049
0.340000	0.060099
0.340500	0.060147
0.341000	0.060192
0.341500	0.060230
0.342000	0.060260
0.342500	0.060278
0.343000	0.060289
0.343500	0.060298
0.344000	0.060305
0.344500	0.060312
0.345000	0.060317
0.345500	0.060320
0.346000	0.060324
0.346500	0.060330
0.347000	0.060345
0.347500	0.060368
0.348000	0.060392
0.348500	0.060408
0.349000	0.060414
0.349500	0.060418
0.350000	0.060420
0.350500	0.060421
0.351000	0.060420
0.351500	0.060419
0.352000	0.060417
0.352500	0.060416
0.353000	0.060416
0.353500	0.060419
0.354000	0.060424
0.354500	0.060429
0.355000	0.060434
0.355500	0.060443
0.356000	0.060456
0.356500	0.060474
0.357000	0.060501
0.357500	0.060546
0.358000	0.060604
0.358500	0.060671
0.359000	0.060741
0.359500	0.060821
0.360000	0.060904
0.360500	0.060986
0.361000	0.061059
0.361500	0.061123
0.362000	0.061177
0.362500	0.061219
0.363000	0.061250
0.363500	0.061259
0.364000	0.061246
0.364500	0.061216
0.365000	0.061173
0.365500	0.061109
0.366000	0.061031
0.366500	0.060956
0.367000	0.060900
0.367500	0.060864
0.368000	0.060837
0.368500	0.060825
0.369000	0.060833
0.369500	0.060854
0.370000	0.060879
0.370500	0.060908
0.371000	0.060943
0.371500	0.060982
0.372000	0.061021
0.372500	0.061060
0.373000	0.061100
0.373500	0.061142
0.374000	0.061189
0.374500	0.061234
0.375000	0.061272
0.375500	0.061296
0.376000	0.061306
0.376500	0.061307
0.377000	0.061306
0.377500	0.061306
0.378000	0.061306
0.378500	0.061306
0.379000	0.061307
0.379500	0.061309
0.380000	0.061312
0.380500	0.061315
0.381000	0.061318
0.381500	0.061319
0.382000	0.061318
0.382500	0.061316
0.383000	0.061313
0.383500	0.061311
0.384000	0.061307
0.384500	0.061302
0.385000	0.061297
0.385500	0.061294
0.386000	0.061294
0.386500	0.061299
0.387000	0.061314
0.387500	0.061341
0.388000	0.061379
0.388500	0.061424
0.389000	0.061471
0.389500	0.061519
0.390000	0.061572
0.390500	0.061630
0.391000	0.061684
0.391500	0.061726
0.392000	0.061736
0.392500	0.061712
0.393000	0.061670
0.393500	0.061624
0.394000	0.061572
0.394500	0.061512
0.395000	0.061457
0.395500	0.061422
0.396000	0.061403
0.396500	0.061387
0.397000	0.061373
0.397500	0.061361
0.398000	0.061349
0.398500	0.061338
0.399000	0.061328
0.399500	0.061319
0.400000	0.061310
0.400500	0.061306
0.401000	0.061313
0.401500	0.061337
0.402000	0.061385
0.402500	0.061448
0.403000	0.061521
0.403500	0.061598
0.404000	0.061676
0.404500	0.061759
0.405000	0.061843
0.405500	0.061922
0.406000	0.061992
0.406500	0.062045
0.407000	0.062081
0.407500	0.062101
0.408000	0.062107
0.408500	0.062109
0.409000	0.062109
0.409500	0.062105
0.410000	0.062098
0.410500	0.062091
0.411000	0.062082
0.411500	0.062072
0.412000	0.062061
0.412500	0.062046
0.413000	0.062027
0.413500	0.062004
0.414000	0.061976
0.414500	0.061942
0.415000	0.061904
0.415500	0.061861
0.416000	0.061815
0.416500	0.061767
0.417000	0.061716
0.417500	0.061664
0.418000	0.061609
0.418500	0.061551
0.419000	0.061491
0.419500	0.061425
0.420000	0.061354
0.420500	0.061273
0.421000	0.061185
0.421500	0.061095
0.422000	0.061009
0.422500	0.060930
0.423000	0.060852
0.423500	0.060775
0.424000	0.060700
0.424500	0.060627
0.425000	0.060556
0.425500	0.060486
0.426000	0.060415
0.426500	0.060342
0.427000	0.060266
0.427500	0.060188
0.428000	0.060113
0.428500	0.060046
0.429000	0.060000
0.429500	0.059973
0.430000	0.059962
0.430500	0.059964
0.431000	0.059970
0.431500	0.059981
0.432000	0.059995
0.432500	0.060015
0.433000	0.060037
0.433500	0.060061
0.434000	0.060083
0.434500	0.060103
0.435000	0.060119
0.435500	0.060131
0.436000	0.060140
0.436500	0.060145
0.437000	0.060141
0.437500	0.060125
0.438000	0.060099
0.438500	0.060064
0.439000	0.060022
0.439500	0.059975
0.440000	0.059923
0.440500	0.059868
0.441000	0.059804
0.441500	0.059733
0.442000	0.059664
0.442500	0.059605
0.443000	0.059561
0.443500	0.059526
0.444000	0.059498
0.444500	0.059475
0.445000	0.059457
0.445500	0.059449
0.446000	0.059441
0.446500	0.059425
0.447000	0.059393
0.447500	0.059350
0.448000	0.059304
0.448500	0.059262
0.449000	0.059227
0.449500	0.059195
0.450000	0.059171
0.450500	0.059161
0.451000	0.059173
0.451500	0.059205
0.452000	0.059245
0.452500	0.059282
0.453000	0.059307
0.453500	0.059332
0.454000	0.059352
0.454500	0.059364
0.455000	0.059362
0.455500	0.059349
0.456000	0.059328
0.456500	0.059302
0.457000	0.059274
0.457500	0.059244
0.458000	0.059214
0.458500	0.059180
0.459000	0.059142
0.459500	0.059099
0.460000	0.059052
0.460500	0.059005
0.461000	0.058961
0.461500	0.058919
0.462000	0.058881
0.462500	0.058850
0.463000	0.058828
0.463500	0.058820
0.464000	0.058825
0.464500	0.058839
0.465000	0.058859
0.465500	0.058882
0.466000	0.058910
0.466500	0.058938
0.467000	0.058961
0.467500	0.058978
0.468000	0.058992
0.468500	0.059000
0.469000	0.059005
0.469500	0.058997
0.470000	0.058970
0.470500	0.058942
0.471000	0.058930
0.471500	0.058939
0.472000	0.058952
0.472500	0.058966
0.473000	0.058981
0.473500	0.058997
0.474000	0.059013
0.474500	0.059030
0.475000	0.059049
0.475500	0.059072
0.476000	0.059102
0.476500	0.059142
0.477000	0.059191
0.477500	0.059249
0.478000	0.059309
0.478500	0.059371
0.479000	0.059432
0.479500	0.059491
0.480000	0.059550
0.480500	0.059608
0.481000	0.059665
0.481500	0.059720
0.482000	0.059768
0.482500	0.059808
0.483000	0.059844
0.483500	0.059875
0.484000	0.059901
0.484500	0.059923
0.485000	0.059946
0.485500	0.059975
0.486000	0.060009
0.486500	0.060045
0.487000	0.060081
0.487500	0.060115
0.488000	0.060147
0.488500	0.060176
0.489000	0.060201
0.489500	0.060221
0.490000	0.060229
0.490500	0.060224
0.491000	0.060215
0.491500	0.060208
0.492000	0.060194
0.492500	0.060168
0.493000	0.060141
0.493500	0.060123
0.494000	569.880005
0.494500	2634.800049
0.495000	5770.399902
0.495500	9513.799805
0.496000	13664.000000
0.496500	18537.000000
0.497000	24125.000000
