0.000000	0.001011
0.000500	0.002587
0.001000	0.004153
0.001500	0.006038
0.002000	0.007906
0.002500	0.009474
0.003000	0.011119
0.003500	0.012922
0.004000	0.014599
0.004500	0.016642
0.005000	0.018993
0.005500	0.021359
0.006000	0.023469
0.006500	0.025795
0.007000	0.028463
0.007500	0.031207
0.008000	0.033944
0.008500	0.036222
0.009000	0.038248
0.009500	0.040551
0.010000	0.042649
0.010500	0.044822
0.011000	0.046862
0.011500	0.048226
0.012000	0.049957
0.012500	0.052148
0.013000	0.054434
0.013500	0.056239
0.014000	0.057962
0.014500	0.060024
0.015000	0.061630
0.015500	0.063242
0.016000	0.064465
0.016500	0.065626
0.017000	0.066913
0.017500	0.068016
0.018000	0.068922
0.018500	0.069755
0.019000	0.070864
0.019500	0.071983
0.020000	0.072881
0.020500	0.073698
0.021000	0.074707
0.021500	0.075275
0.022000	0.075752
0.022500	0.076447
0.023000	0.077147
0.023500	0.077361
0.024000	0.077015
0.024500	0.076949
0.025000	0.077165
0.025500	0.077232
0.026000	0.077083
0.026500	0.076872
0.027000	0.076785
0.027500	0.076645
0.028000	0.075979
0.028500	0.074775
0.029000	0.073487
0.029500	0.072556
0.030000	0.071706
0.030500	0.070925
0.031000	0.070377
0.031500	0.069644
0.032000	0.068193
0.032500	0.066402
0.033000	0.064737
0.033500	0.062515
0.034000	0.059853
0.034500	0.057090
0.035000	0.054352
0.035500	0.051914
0.036000	0.049693
0.036500	0.047788
0.037000	0.046507
0.037500	0.045573
0.038000	0.044252
0.038500	0.042739
0.039000	0.040526
0.039500	0.037136
0.040000	0.033461
0.040500	0.028796
0.041000	0.023051
0.041500	0.016317
0.042000	0.008565
0.042500	0.000262
0.043000	-0.008772
0.043500	-0.017914
0.044000	-0.026586
0.044500	-0.034575
0.045000	-0.041798
0.045500	-0.048074
0.046000	-0.052471
0.046500	-0.054439
0.047000	-0.054642
0.047500	-0.053141
0.048000	-0.050065
0.048500	-0.045713
0.049000	-0.039772
0.049500	-0.032554
0.050000	-0.024694
0.050500	-0.017115
0.051000	-0.009927
0.051500	-0.002610
0.052000	0.004445
0.052500	0.010612
0.053000	0.015724
0.053500	0.019576
0.054000	0.021583
0.054500	0.021222
0.055000	0.018694
0.055500	0.012990
0.056000	0.003436
0.056500	-0.009309
0.057000	-0.025051
0.057500	-0.043396
0.058000	-0.063846
0.058500	-0.085933
0.059000	-0.108888
0.059500	-0.132222
0.060000	-0.155389
0.060500	-0.177833
0.061000	-0.199478
0.061500	-0.220255
0.062000	-0.240195
0.062500	-0.258702
0.063000	-0.275793
0.063500	-0.291871
0.064000	-0.306854
0.064500	-0.321515
0.065000	-0.336594
0.065500	-0.352350
0.066000	-0.370020
0.066500	-0.390539
0.067000	-0.414792
0.067500	-0.443535
0.068000	-0.477187
0.068500	-0.516133
0.069000	-0.559842
0.069500	-0.607592
0.070000	-0.658125
0.070500	-0.710558
0.071000	-0.763795
0.071500	-0.816581
0.072000	-0.868145
0.072500	-0.917294
0.073000	-0.963546
0.073500	-1.006613
0.074000	-1.045542
0.074500	-1.080353
0.075000	-1.110689
0.075500	-1.135231
0.076000	-1.153465
0.076500	-1.164537
0.077000	-1.166726
0.077500	-1.158792
0.078000	-1.140333
0.078500	-1.111011
0.079000	-1.071212
0.079500	-1.021177
0.080000	-0.962002
0.080500	-0.895680
0.081000	-0.823453
0.081500	-0.747637
0.082000	-0.670565
0.082500	-0.594363
0.083000	-0.522103
0.083500	-0.457536
0.084000	-0.404927
0.084500	-0.368765
0.085000	-0.352189
0.085500	-0.356695
0.086000	-0.383056
0.086500	-0.429276
0.087000	-0.493409
0.087500	-0.573812
0.088000	-0.665061
0.088500	-0.760125
0.089000	-0.854787
0.089500	-0.945184
0.090000	-1.024058
0.090500	-1.085486
0.091000	-1.128729
0.091500	-1.152290
0.092000	-1.153304
0.092500	-1.131916
0.093000	-1.090636
0.093500	-1.030109
0.094000	-0.948209
0.094500	-0.845131
0.095000	-0.720503
0.095500	-0.569708
0.096000	-0.387884
0.096500	-0.171186
0.097000	0.085749
0.097500	0.392004
0.098000	0.752046
0.098500	1.159935
0.099000	1.605256
0.099500	2.072674
0.100000	2.539384
0.100500	2.979057
0.101000	3.364977
0.101500	3.672040
0.102000	3.879324
0.102500	3.971539
0.103000	3.943697
0.103500	3.798857
0.104000	3.544741
0.104500	3.194870
0.105000	2.768233
0.105500	2.284625
0.106000	1.762553
0.106500	1.221653
0.107000	0.681364
0.107500	0.156922
0.108000	-0.338670
0.108500	-0.792216
0.109000	-1.193119
0.109500	-1.537535
0.110000	-1.824996
0.110500	-2.055615
0.111000	-2.228781
0.111500	-2.345297
0.112000	-2.406130
0.112500	-2.409832
0.113000	-2.358494
0.113500	-2.260646
0.114000	-2.122081
0.114500	-1.945536
0.115000	-1.738574
0.115500	-1.507537
0.116000	-1.253373
0.116500	-0.979978
0.117000	-0.695446
0.117500	-0.404686
0.118000	-0.112117
0.118500	0.173069
0.119000	0.442087
0.119500	0.689668
0.120000	0.909167
0.120500	1.093260
0.121000	1.240273
0.121500	1.351559
0.122000	1.426265
0.122500	1.465276
0.123000	1.473676
0.123500	1.457003
0.124000	1.420327
0.124500	1.368892
0.125000	1.309234
0.125500	1.247016
0.126000	1.184525
0.126500	1.125173
0.127000	1.072821
0.127500	1.027003
0.128000	0.986447
0.128500	0.952249
0.129000	0.921993
0.129500	0.891206
0.130000	0.858794
0.130500	0.823485
0.131000	0.782608
0.131500	0.736033
0.132000	0.684357
0.132500	0.626067
0.133000	0.561001
0.133500	0.491494
0.134000	0.418526
0.134500	0.341905
0.135000	0.264737
0.135500	0.190482
0.136000	0.119854
0.136500	0.054113
0.137000	-0.005280
0.137500	-0.057505
0.138000	-0.103257
0.138500	-0.142955
0.139000	-0.177301
0.139500	-0.208635
0.140000	-0.239020
0.140500	-0.268921
0.141000	-0.298211
0.141500	-0.329336
0.142000	-0.363277
0.142500	-0.398522
0.143000	-0.435826
0.143500	-0.476527
0.144000	-0.518804
0.144500	-0.561500
0.145000	-0.605966
0.145500	-0.651913
0.146000	-0.695591
0.146500	-0.734923
0.147000	-0.770602
0.147500	-0.800472
0.148000	-0.823018
0.148500	-0.840045
0.149000	-0.852727
0.149500	-0.860243
0.150000	-0.863445
0.150500	-0.864330
0.151000	-0.861949
0.151500	-0.854497
0.152000	-0.842604
0.152500	-0.828136
0.153000	-0.808872
0.153500	-0.783139
0.154000	-0.751837
0.154500	-0.712843
0.155000	-0.664160
0.155500	-0.605306
0.156000	-0.535525
0.156500	-0.454382
0.157000	-0.362135
0.157500	-0.260070
0.158000	-0.149030
0.158500	-0.030116
0.159000	0.093984
0.159500	0.220384
0.160000	0.346991
0.160500	0.471361
0.161000	0.590356
0.161500	0.702269
0.162000	0.806410
0.162500	0.901571
0.163000	0.988298
0.163500	1.067397
0.164000	1.138788
0.164500	1.204127
0.165000	1.265862
0.165500	1.325198
0.166000	1.383424
0.166500	1.444418
0.167000	1.510112
0.167500	1.579330
0.168000	1.652153
0.168500	1.730045
0.169000	1.812765
0.169500	1.899992
0.170000	1.991563
0.170500	2.087963
0.171000	2.188386
0.171500	2.291545
0.172000	2.397762
0.172500	2.506231
0.173000	2.615184
0.173500	2.723976
0.174000	2.833089
0.174500	2.941076
0.175000	3.046005
0.175500	3.147233
0.176000	3.244277
0.176500	3.334883
0.177000	3.418569
0.177500	3.495012
0.178000	3.562927
0.178500	3.621507
0.179000	3.670431
0.179500	3.709055
0.180000	3.736736
0.180500	3.754117
0.181000	3.762163
0.181500	3.761359
0.182000	3.752990
0.182500	3.739311
0.183000	3.721930
0.183500	3.702779
0.184000	3.684110
0.184500	3.668500
0.185000	3.655947
0.185500	3.646612
0.186000	3.640336
0.186500	3.637278
0.187000	3.636796
0.187500	3.637278
0.188000	3.635508
0.188500	3.631324
0.189000	3.624564
0.189500	3.611046
0.190000	3.589964
0.190500	3.565019
0.191000	3.535085
0.191500	3.497587
0.192000	3.456388
0.192500	3.413419
0.193000	3.365460
0.193500	3.313317
0.194000	3.261657
0.194500	3.209032
0.195000	3.153831
0.195500	3.099114
0.196000	3.046971
0.196500	2.995472
0.197000	2.946065
0.197500	2.902774
0.198000	2.865598
0.198500	2.832928
0.199000	2.806535
0.199500	2.789315
0.200000	2.779015
0.200500	2.775314
0.201000	2.780625
0.201500	2.793821
0.202000	2.812168
0.202500	2.835825
0.203000	2.865598
0.203500	2.898268
0.204000	2.932225
0.204500	2.968918
0.205000	3.008025
0.205500	3.046005
0.206000	3.083503
0.206500	3.121644
0.207000	3.158659
0.207500	3.193743
0.208000	3.228666
0.208500	3.263106
0.209000	3.295293
0.209500	3.326192
0.210000	3.357091
0.210500	3.386703
0.211000	3.413741
0.211500	3.439490
0.212000	3.463630
0.212500	3.484069
0.213000	3.501128
0.213500	3.515934
0.214000	3.526555
0.214500	3.531545
0.215000	3.532671
0.215500	3.530418
0.216000	3.522854
0.216500	3.511589
0.217000	3.498070
0.217500	3.480850
0.218000	3.460251
0.218500	3.437559
0.219000	3.412936
0.219500	3.386381
0.220000	3.359023
0.220500	3.332308
0.221000	3.306076
0.221500	3.280004
0.222000	3.256830
0.222500	3.237035
0.223000	3.218849
0.223500	3.203399
0.224000	3.191168
0.224500	3.181351
0.225000	3.172178
0.225500	3.164131
0.226000	3.157694
0.226500	3.151900
0.227000	3.146107
0.227500	3.140635
0.228000	3.135485
0.228500	3.129691
0.229000	3.124381
0.229500	3.121162
0.230000	3.119070
0.230500	3.118426
0.231000	3.120679
0.231500	3.125990
0.232000	3.134358
0.232500	3.146268
0.233000	3.163005
0.233500	3.182961
0.234000	3.205652
0.234500	3.231402
0.235000	3.259726
0.235500	3.288694
0.236000	3.317824
0.236500	3.346631
0.237000	3.373507
0.237500	3.398291
0.238000	3.420822
0.238500	3.440617
0.239000	3.456227
0.239500	3.467654
0.240000	3.475539
0.240500	3.478919
0.241000	3.477470
0.241500	3.471355
0.242000	3.461699
0.242500	3.448181
0.243000	3.430478
0.243500	3.409878
0.244000	3.387508
0.244500	3.363046
0.245000	3.336975
0.245500	3.310260
0.246000	3.282418
0.246500	3.253128
0.247000	3.222712
0.247500	3.191812
0.248000	3.159464
0.248500	3.126955
0.249000	3.095251
0.249500	3.064352
0.250000	3.034418
0.250500	3.006898
0.251000	2.982115
0.251500	2.959262
0.252000	2.938340
0.252500	2.919833
0.253000	2.903418
0.253500	2.889255
0.254000	2.877829
0.254500	2.869138
0.255000	2.863023
0.255500	2.860126
0.256000	2.860770
0.256500	2.865115
0.257000	2.872840
0.257500	2.883784
0.258000	2.897463
0.258500	2.912913
0.259000	2.929006
0.259500	2.944617
0.260000	2.958940
0.260500	2.970527
0.261000	2.978413
0.261500	2.982436
0.262000	2.981149
0.262500	2.974390
0.263000	2.962802
0.263500	2.946387
0.264000	2.926592
0.264500	2.904222
0.265000	2.880726
0.265500	2.856908
0.266000	2.833733
0.266500	2.812811
0.267000	2.794304
0.267500	2.778533
0.268000	2.766301
0.268500	2.757772
0.269000	2.752461
0.269500	2.750530
0.270000	2.751656
0.270500	2.755036
0.271000	2.760186
0.271500	2.766623
0.272000	2.773221
0.272500	2.779176
0.273000	2.783200
0.273500	2.784487
0.274000	2.782878
0.274500	2.777084
0.275000	2.766784
0.275500	2.751978
0.276000	2.732988
0.276500	2.711423
0.277000	2.688248
0.277500	2.664752
0.278000	2.642221
0.278500	2.621943
0.279000	2.605367
0.279500	2.593458
0.280000	2.586699
0.280500	2.586055
0.281000	2.592331
0.281500	2.605528
0.282000	2.625162
0.282500	2.651716
0.283000	2.685190
0.283500	2.724941
0.284000	2.769842
0.284500	2.819249
0.285000	2.872035
0.285500	2.926592
0.286000	2.981310
0.286500	3.034418
0.287000	3.083503
0.287500	3.127116
0.288000	3.164453
0.288500	3.194226
0.289000	3.215469
0.289500	3.228344
0.290000	3.233494
0.290500	3.231884
0.291000	3.224160
0.291500	3.211607
0.292000	3.195835
0.292500	3.177972
0.293000	3.159303
0.293500	3.140635
0.294000	3.122610
0.294500	3.105390
0.295000	3.089458
0.295500	3.075135
0.296000	3.062904
0.296500	3.052443
0.297000	3.043913
0.297500	3.037637
0.298000	3.033774
0.298500	3.032970
