0.000000	0.000010
0.000500	-0.000005
0.001000	-0.000089
0.001500	-0.000138
0.002000	-0.000150
0.002500	-0.000237
0.003000	-0.000324
0.003500	-0.000418
0.004000	-0.000598
0.004500	-0.000802
0.005000	-0.000957
0.005500	-0.001099
0.006000	-0.001303
0.006500	-0.001556
0.007000	-0.001915
0.007500	-0.002229
0.008000	-0.002457
0.008500	-0.002583
0.009000	-0.002574
0.009500	-0.002562
0.010000	-0.002542
0.010500	-0.002480
0.011000	-0.002333
0.011500	-0.002249
0.012000	-0.002234
0.012500	-0.002104
0.013000	-0.001829
0.013500	-0.001590
0.014000	-0.001217
0.014500	-0.000774
0.015000	-0.000370
0.015500	0.000209
0.016000	0.000778
0.016500	0.001406
0.017000	0.002038
0.017500	0.002610
0.018000	0.003279
0.018500	0.003996
0.019000	0.004697
0.019500	0.005522
0.020000	0.006446
0.020500	0.007202
0.021000	0.007850
0.021500	0.008575
0.022000	0.009410
0.022500	0.010190
0.023000	0.010995
0.023500	0.011895
0.024000	0.012801
0.024500	0.013725
0.025000	0.014613
0.025500	0.015564
0.026000	0.016559
0.026500	0.017498
0.027000	0.018374
0.027500	0.019204
0.028000	0.019917
0.028500	0.020609
0.029000	0.021356
0.029500	0.022159
0.030000	0.023075
0.030500	0.023990
0.031000	0.024969
0.031500	0.026004
0.032000	0.027109
0.032500	0.028334
0.033000	0.029459
0.033500	0.030433
0.034000	0.031358
0.034500	0.032357
0.035000	0.033381
0.035500	0.034298
0.036000	0.035185
0.036500	0.036178
0.037000	0.037142
0.037500	0.037915
0.038000	0.038623
0.038500	0.039643
0.039000	0.040773
0.039500	0.041685
0.040000	0.042662
0.040500	0.043642
0.041000	0.044600
0.041500	0.045514
0.042000	0.046283
0.042500	0.046900
0.043000	0.047432
0.043500	0.047931
0.044000	0.048393
0.044500	0.048750
0.045000	0.049024
0.045500	0.049394
0.046000	0.049841
0.046500	0.050289
0.047000	0.050710
0.047500	0.051214
0.048000	0.051748
0.048500	0.052350
0.049000	0.052964
0.049500	0.053533
0.050000	0.054220
0.050500	0.055104
0.051000	0.056031
0.051500	0.056945
0.052000	0.057899
0.052500	0.058883
0.053000	0.060072
0.053500	0.061332
0.054000	0.062600
0.054500	0.064066
0.055000	0.065769
0.055500	0.067436
0.056000	0.069001
0.056500	0.070610
0.057000	0.072240
0.057500	0.074007
0.058000	0.075926
0.058500	0.078066
0.059000	0.080404
0.059500	0.082596
0.060000	0.084717
0.060500	0.086913
0.061000	0.089045
0.061500	0.091029
0.062000	0.092981
0.062500	0.095046
0.063000	0.097164
0.063500	0.099134
0.064000	0.101154
0.064500	0.103299
0.065000	0.105565
0.065500	0.108001
0.066000	0.110359
0.066500	0.112773
0.067000	0.115309
0.067500	0.118052
0.068000	0.121102
0.068500	0.124393
0.069000	0.127755
0.069500	0.131258
0.070000	0.135022
0.070500	0.138687
0.071000	0.142192
0.071500	0.145876
0.072000	0.149753
0.072500	0.153411
0.073000	0.156950
0.073500	0.160711
0.074000	0.164861
0.074500	0.169673
0.075000	0.175467
0.075500	0.182242
0.076000	0.189581
0.076500	0.197129
0.077000	0.204387
0.077500	0.211082
0.078000	0.217197
0.078500	0.223345
0.079000	0.230667
0.079500	0.239615
0.080000	0.249995
0.080500	0.261567
0.081000	0.274120
0.081500	0.287413
0.082000	0.301688
0.082500	0.317170
0.083000	0.334341
0.083500	0.354136
0.084000	0.377150
0.084500	0.403736
0.085000	0.433107
0.085500	0.464247
0.086000	0.496483
0.086500	0.529297
0.087000	0.561774
0.087500	0.593462
0.088000	0.625600
0.088500	0.659107
0.089000	0.693997
0.089500	0.730497
0.090000	0.768059
0.090500	0.806136
0.091000	0.843345
0.091500	0.876594
0.092000	0.908652
0.092500	0.942641
0.093000	0.977242
0.093500	1.010909
0.094000	1.044899
0.094500	1.079178
0.095000	1.108323
0.095500	1.131208
0.096000	1.150842
0.096500	1.168142
0.097000	1.182514
0.097500	1.193876
0.098000	1.202775
0.098500	1.208633
0.099000	1.209921
0.099500	1.206606
0.100000	1.199637
0.100500	1.189708
0.101000	1.178346
0.101500	1.166807
0.102000	1.155541
0.102500	1.144228
0.103000	1.133091
0.103500	1.122678
0.104000	1.111896
0.104500	1.100035
0.105000	1.087916
0.105500	1.074382
0.106000	1.057934
0.106500	1.038075
0.107000	1.014418
0.107500	0.987606
0.108000	0.958622
0.108500	0.928736
0.109000	0.899462
0.109500	0.871218
0.110000	0.843940
0.110500	0.817965
0.111000	0.792827
0.111500	0.767931
0.112000	0.743050
0.112500	0.717413
0.113000	0.690537
0.113500	0.662084
0.114000	0.632038
0.114500	0.600897
0.115000	0.568420
0.115500	0.535332
0.116000	0.503145
0.116500	0.472359
0.117000	0.443712
0.117500	0.418671
0.118000	0.398361
0.118500	0.381640
0.119000	0.365949
0.119500	0.349823
0.120000	0.331042
0.120500	0.307674
0.121000	0.278931
0.121500	0.245811
0.122000	0.211146
0.122500	0.177350
0.123000	0.147669
0.123500	0.124755
0.124000	0.110176
0.124500	0.104514
0.125000	0.106373
0.125500	0.114333
0.126000	0.126486
0.126500	0.140114
0.127000	0.153354
0.127500	0.165408
0.128000	0.176416
0.128500	0.187344
0.129000	0.199011
0.129500	0.211693
0.130000	0.225035
0.130500	0.238006
0.131000	0.249658
0.131500	0.259571
0.132000	0.267682
0.132500	0.274055
0.133000	0.279527
0.133500	0.283985
0.134000	0.286302
0.134500	0.286399
0.135000	0.284097
0.135500	0.278851
0.136000	0.270579
0.136500	0.259748
0.137000	0.246503
0.137500	0.230651
0.138000	0.211902
0.138500	0.190176
0.139000	0.165119
0.139500	0.136582
0.140000	0.104944
0.140500	0.070430
0.141000	0.033267
0.141500	-0.006176
0.142000	-0.047368
0.142500	-0.090299
0.143000	-0.134966
0.143500	-0.180729
0.144000	-0.227078
0.144500	-0.277113
0.145000	-0.325522
0.145500	-0.367993
0.146000	-0.413505
0.146500	-0.456973
0.147000	-0.494407
0.147500	-0.533771
0.148000	-0.577384
0.148500	-0.623363
0.149000	-0.670356
0.149500	-0.719650
0.150000	-0.769331
0.150500	-0.814730
0.151000	-0.855109
0.151500	-0.892848
0.152000	-0.928302
0.152500	-0.962854
0.153000	-0.998888
0.153500	-1.036128
0.154000	-1.073964
0.154500	-1.111654
0.155000	-1.148363
0.155500	-1.183672
0.156000	-1.217678
0.156500	-1.251989
0.157000	-1.286896
0.157500	-1.321432
0.158000	-1.358093
0.158500	-1.397619
0.159000	-1.435631
0.159500	-1.472920
0.160000	-1.510852
0.160500	-1.546306
0.161000	-1.579684
0.161500	-1.612724
0.162000	-1.646037
0.162500	-1.678868
0.163000	-1.711859
0.163500	-1.745977
0.164000	-1.779934
0.164500	-1.813892
0.165000	-1.847527
0.165500	-1.880679
0.166000	-1.913027
0.166500	-1.943605
0.167000	-1.973217
0.167500	-2.001380
0.168000	-2.028256
0.168500	-2.054327
0.169000	-2.079273
0.169500	-2.104056
0.170000	-2.128518
0.170500	-2.152981
0.171000	-2.176960
0.171500	-2.199491
0.172000	-2.220734
0.172500	-2.240207
0.173000	-2.257749
0.173500	-2.274003
0.174000	-2.289292
0.174500	-2.303293
0.175000	-2.316490
0.175500	-2.329365
0.176000	-2.341757
0.176500	-2.354148
0.177000	-2.366218
0.177500	-2.378128
0.178000	-2.389715
0.178500	-2.401141
0.179000	-2.411924
0.179500	-2.422224
0.180000	-2.432202
0.180500	-2.441697
0.181000	-2.450387
0.181500	-2.458112
0.182000	-2.465193
0.182500	-2.471470
0.183000	-2.477263
0.183500	-2.482735
0.184000	-2.487724
0.184500	-2.492874
0.185000	-2.498346
0.185500	-2.504300
0.186000	-2.510576
0.186500	-2.516692
0.187000	-2.522486
0.187500	-2.527957
0.188000	-2.533268
0.188500	-2.537453
0.189000	-2.540510
0.189500	-2.542603
0.190000	-2.543407
0.190500	-2.542603
0.191000	-2.540671
0.191500	-2.537453
0.192000	-2.533590
0.192500	-2.530050
0.193000	-2.526670
0.193500	-2.523451
0.194000	-2.520555
0.194500	-2.517980
0.195000	-2.515887
0.195500	-2.514117
0.196000	-2.512830
0.196500	-2.511864
0.197000	-2.511864
0.197500	-2.512830
0.198000	-2.514600
0.198500	-2.517175
0.199000	-2.520877
0.199500	-2.525544
0.200000	-2.530694
0.200500	-2.536165
0.201000	-2.541315
0.201500	-2.545338
0.202000	-2.547913
0.202500	-2.549523
0.203000	-2.550166
0.203500	-2.550005
0.204000	-2.549684
0.204500	-2.549201
0.205000	-2.547913
0.205500	-2.545821
0.206000	-2.542442
0.206500	-2.537292
0.207000	-2.530694
0.207500	-2.523451
0.208000	-2.516048
0.208500	-2.508806
0.209000	-2.502208
0.209500	-2.496575
0.210000	-2.491586
0.210500	-2.486275
0.211000	-2.480804
0.211500	-2.474527
0.212000	-2.467446
0.212500	-2.459399
0.213000	-2.451031
0.213500	-2.442823
0.214000	-2.434777
0.214500	-2.427213
0.215000	-2.420614
0.215500	-2.414821
0.216000	-2.409188
0.216500	-2.403877
0.217000	-2.398727
0.217500	-2.393255
0.218000	-2.387623
0.218500	-2.382151
0.219000	-2.377162
0.219500	-2.372173
0.220000	-2.367506
0.220500	-2.363483
0.221000	-2.359781
0.221500	-2.356401
0.222000	-2.353022
0.222500	-2.349803
0.223000	-2.346423
0.223500	-2.342883
0.224000	-2.339664
0.224500	-2.336285
0.225000	-2.333066
0.225500	-2.329525
0.226000	-2.325985
0.226500	-2.322122
0.227000	-2.317938
0.227500	-2.313593
0.228000	-2.309409
0.228500	-2.305546
0.229000	-2.302006
0.229500	-2.298626
0.230000	-2.295408
0.230500	-2.292189
0.231000	-2.288648
0.231500	-2.284786
0.232000	-2.280601
0.232500	-2.275934
0.233000	-2.270784
0.233500	-2.264830
0.234000	-2.258232
0.234500	-2.250829
0.235000	-2.242943
0.235500	-2.234574
0.236000	-2.225884
0.236500	-2.216872
0.237000	-2.207376
0.237500	-2.197720
0.238000	-2.187742
0.238500	-2.177282
0.239000	-2.166338
0.239500	-2.155072
0.240000	-2.143324
0.240500	-2.131254
0.241000	-2.118541
0.241500	-2.105666
0.242000	-2.092469
0.242500	-2.079273
0.243000	-2.066076
0.243500	-2.052879
0.244000	-2.039522
0.244500	-2.026486
0.245000	-2.013933
0.245500	-2.001863
0.246000	-1.990276
0.246500	-1.979171
0.247000	-1.968871
0.247500	-1.958894
0.248000	-1.949559
0.248500	-1.940547
0.249000	-1.931857
0.249500	-1.923327
0.250000	-1.915280
0.250500	-1.907233
0.251000	-1.899187
0.251500	-1.891140
0.252000	-1.882932
0.252500	-1.874564
0.253000	-1.866195
0.253500	-1.857505
0.254000	-1.848653
0.254500	-1.839319
0.255000	-1.829502
0.255500	-1.819042
0.256000	-1.808098
0.256500	-1.796833
0.257000	-1.784763
0.257500	-1.772210
0.258000	-1.759013
0.258500	-1.745334
0.259000	-1.731332
0.259500	-1.716848
0.260000	-1.702364
0.260500	-1.687719
0.261000	-1.673074
0.261500	-1.658268
0.262000	-1.643462
0.262500	-1.628656
0.263000	-1.614011
0.263500	-1.599447
0.264000	-1.585155
0.264500	-1.570977
0.265000	-1.556912
0.265500	-1.542830
0.266000	-1.528780
0.266500	-1.514666
0.267000	-1.500585
0.267500	-1.486615
0.268000	-1.472662
0.268500	-1.458774
0.269000	-1.445143
0.269500	-1.431447
0.270000	-1.417607
0.270500	-1.403911
0.271000	-1.390554
0.271500	-1.377679
0.272000	-1.365335
0.272500	-1.353812
0.273000	-1.343142
0.273500	-1.333502
0.274000	-1.325134
0.274500	-1.318053
0.275000	-1.312307
0.275500	-1.307914
0.276000	-1.304776
0.276500	-1.302764
0.277000	-1.301831
0.277500	-1.301686
0.278000	-1.302265
0.278500	-1.303472
0.279000	-1.305114
0.279500	-1.306996
0.280000	-1.309024
0.280500	-1.310923
0.281000	-1.312307
0.281500	-1.312967
0.282000	-1.312629
0.282500	-1.311261
0.283000	-1.308686
0.283500	-1.304695
0.284000	-1.299336
0.284500	-1.292786
0.285000	-1.285206
0.285500	-1.276693
0.286000	-1.267197
0.286500	-1.256882
0.287000	-1.245970
0.287500	-1.234705
0.288000	-1.223327
0.288500	-1.211868
0.289000	-1.200764
0.289500	-1.190319
0.290000	-1.180599
0.290500	-1.171683
0.291000	-1.163604
0.291500	-1.156539
0.292000	-1.150407
0.292500	-1.145145
0.293000	-1.140912
0.293500	-1.137420
0.294000	-1.134362
0.294500	-1.131916
0.295000	-1.130114
0.295500	-1.128762
0.296000	-1.127764
0.296500	-1.127201
0.297000	-1.127297
0.297500	-1.127941
0.298000	-1.129148
0.298500	-1.130677
