0.000000	4.310000
0.000500	4.008200
0.001000	3.708200
0.001500	4.037000
0.002000	3.240600
0.002500	2.756300
0.003000	3.037700
0.003500	3.120100
0.004000	3.302600
0.004500	2.659000
0.005000	2.493500
0.005500	2.978500
0.006000	3.215800
0.006500	3.034000
0.007000	2.719500
0.007500	2.752700
0.008000	4.131000
0.008500	2.848300
0.009000	2.709700
0.009500	2.848600
0.010000	3.200300
0.010500	3.120700
0.011000	3.625100
0.011500	4.185500
0.012000	5.255000
0.012500	4.483000
0.013000	5.940000
0.013500	6.087600
0.014000	6.281100
0.014500	6.095200
0.015000	6.423800
0.015500	6.708300
0.016000	5.863900
0.016500	6.859100
0.017000	7.438600
0.017500	6.142600
0.018000	6.292400
0.018500	7.397400
0.019000	7.706000
0.019500	7.711500
0.020000	6.469800
0.020500	7.351700
0.021000	7.034400
0.021500	8.049600
0.022000	7.594000
0.022500	6.576100
0.023000	7.975700
0.023500	7.708900
0.024000	7.402400
0.024500	7.827500
0.025000	7.557500
0.025500	6.768200
0.026000	6.257900
0.026500	7.316200
0.027000	7.571200
0.027500	7.273100
0.028000	7.238100
0.028500	6.670400
0.029000	7.215800
0.029500	6.204400
0.030000	6.627300
0.030500	6.148200
0.031000	6.106000
0.031500	6.114400
0.032000	4.727700
0.032500	4.837700
0.033000	5.156600
0.033500	4.748300
0.034000	4.064600
0.034500	3.727300
0.035000	3.447800
0.035500	3.191600
0.036000	3.166000
0.036500	2.338600
0.037000	1.892400
0.037500	2.145700
0.038000	1.802700
0.038500	0.989920
0.039000	0.534140
0.039500	0.881330
0.040000	0.580530
0.040500	0.037393
0.041000	-0.525150
0.041500	-1.264700
0.042000	-1.924700
0.042500	-2.878100
0.043000	-3.490600
0.043500	-4.346100
0.044000	-4.768500
0.044500	-4.948500
0.045000	-5.342700
0.045500	-5.791900
0.046000	-5.787500
0.046500	-5.656700
0.047000	-6.403800
0.047500	-7.155800
0.048000	-7.114400
0.048500	-7.102600
0.049000	-5.619300
0.049500	-5.529900
0.050000	-4.953300
0.050500	-5.169200
0.051000	-5.447100
0.051500	-5.216700
0.052000	-3.758300
0.052500	-3.343000
0.053000	-2.115200
0.053500	-1.459500
0.054000	-0.406790
0.054500	-0.510620
0.055000	1.820000
0.055500	2.583000
0.056000	3.023800
0.056500	2.867800
0.057000	2.421200
0.057500	4.338100
0.058000	3.525900
0.058500	2.936800
0.059000	3.064400
0.059500	2.864300
0.060000	2.121000
0.060500	2.811800
0.061000	3.361400
0.061500	3.576700
0.062000	3.937000
0.062500	3.278500
0.063000	4.040800
0.063500	4.584100
0.064000	6.037900
0.064500	6.662100
0.065000	6.804200
0.065500	6.928500
0.066000	8.761500
0.066500	8.922400
0.067000	9.980700
0.067500	9.389200
0.068000	9.123800
0.068500	9.998500
0.069000	10.201000
0.069500	11.152000
0.070000	11.061000
0.070500	13.377000
0.071000	13.417000
0.071500	15.194000
0.072000	21.017000
0.072500	27.014000
0.073000	31.646000
0.073500	33.582001
0.074000	30.139999
0.074500	22.264999
0.075000	13.283000
0.075500	9.049300
0.076000	9.230800
0.076500	13.639000
0.077000	25.162001
0.077500	37.326000
0.078000	47.365002
0.078500	55.348999
0.079000	57.199001
0.079500	57.991001
0.080000	59.924999
0.080500	64.929001
0.081000	76.386002
0.081500	89.886002
0.082000	105.410004
0.082500	117.650002
0.083000	124.779999
0.083500	128.410004
0.084000	127.620003
0.084500	127.760002
0.085000	134.660004
0.085500	146.919998
0.086000	161.089996
0.086500	179.360001
0.087000	192.789993
0.087500	195.800003
0.088000	189.169998
0.088500	169.970001
0.089000	145.229996
0.089500	118.820000
0.090000	98.792999
0.090500	90.926003
0.091000	83.044998
0.091500	92.375000
0.092000	102.620003
0.092500	96.818001
0.093000	116.879997
0.093500	121.099998
0.094000	112.269997
0.094500	75.337997
0.095000	51.604000
0.095500	19.396000
0.096000	-25.285999
0.096500	-49.172001
0.097000	-67.055000
0.097500	-76.825996
0.098000	-76.768997
0.098500	-84.901001
0.099000	-93.293999
0.099500	-106.599998
0.100000	-128.679993
0.100500	-147.550003
0.101000	-165.919998
0.101500	-183.440002
0.102000	-203.210007
0.102500	-224.820007
0.103000	-245.449997
0.103500	-260.709991
0.104000	-268.720001
0.104500	-259.140015
0.105000	-249.509995
0.105500	-235.100006
0.106000	-222.050003
0.106500	-217.759995
0.107000	-213.899994
0.107500	-212.270004
0.108000	-205.419998
0.108500	-195.050003
0.109000	-181.309998
0.109500	-170.910004
0.110000	-170.699997
0.110500	-184.570007
0.111000	-209.630005
0.111500	-244.130005
0.112000	-279.190002
0.112500	-303.059998
0.113000	-313.510010
0.113500	-308.109985
0.114000	-286.589996
0.114500	-250.410004
0.115000	-217.169998
0.115500	-187.820007
0.116000	-173.960007
0.116500	-174.139999
0.117000	-187.309998
0.117500	-208.779999
0.118000	-226.520004
0.118500	-237.699997
0.119000	-214.250000
0.119500	-175.360001
0.120000	-109.370003
0.120500	-31.153000
0.121000	42.738998
0.121500	107.019997
0.122000	146.000000
0.122500	163.880005
0.123000	162.429993
0.123500	144.089996
0.124000	121.879997
0.124500	103.290001
0.125000	95.917999
0.125500	106.440002
0.126000	129.009995
0.126500	158.080002
0.127000	186.070007
0.127500	201.929993
0.128000	208.220001
0.128500	203.300003
0.129000	195.179993
0.129500	189.059998
0.130000	185.979996
0.130500	187.089996
0.131000	188.919998
0.131500	188.770004
0.132000	188.070007
0.132500	184.539993
0.133000	175.839996
0.133500	168.009995
0.134000	158.600006
0.134500	144.220001
0.135000	126.620003
0.135500	109.550003
0.136000	90.241997
0.136500	70.042999
0.137000	52.630001
0.137500	39.011002
0.138000	26.580999
0.138500	16.799999
0.139000	8.199900
0.139500	-1.258100
0.140000	-7.224600
0.140500	-10.254000
0.141000	-13.253000
0.141500	-14.803000
0.142000	-14.699000
0.142500	-12.576000
0.143000	-10.875000
0.143500	-7.194700
0.144000	-7.786900
0.144500	31.445999
0.145000	-8.212600
0.145500	5.131800
0.146000	11.410000
0.146500	18.882000
0.147000	0.617700
0.147500	42.931999
0.148000	65.963997
0.148500	80.610001
0.149000	102.570000
0.149500	111.870003
0.150000	115.239998
0.150500	101.209999
0.151000	91.983002
0.151500	89.619003
0.152000	90.545998
0.152500	94.342003
0.153000	109.790001
0.153500	119.529999
0.154000	128.699997
0.154500	129.059998
0.155000	121.730003
0.155500	127.809998
0.156000	130.059998
0.156500	116.470001
0.157000	120.559998
0.157500	123.910004
0.158000	107.059998
0.158500	97.556000
0.159000	98.628998
0.159500	86.181000
0.160000	88.533997
0.160500	84.999001
0.161000	82.767998
0.161500	80.380997
0.162000	69.450996
0.162500	75.498001
0.163000	68.380997
0.163500	67.490997
0.164000	70.212997
0.164500	71.475998
0.165000	82.176003
0.165500	83.125000
0.166000	93.430000
0.166500	94.079002
0.167000	89.660004
0.167500	88.926003
0.168000	81.567001
0.168500	75.356003
0.169000	67.764999
0.169500	63.314999
0.170000	60.693001
0.170500	54.564999
0.171000	51.953999
0.171500	47.845001
0.172000	43.160999
0.172500	42.324001
0.173000	42.138000
0.173500	47.569000
0.174000	53.944000
0.174500	63.418999
0.175000	75.042999
0.175500	82.814003
0.176000	89.414001
0.176500	94.380997
0.177000	95.375999
0.177500	95.962997
0.178000	93.321999
0.178500	89.787003
0.179000	84.568001
0.179500	80.095001
0.180000	75.038002
0.180500	69.041000
0.181000	64.754997
0.181500	58.776001
0.182000	53.138000
0.182500	48.612999
0.183000	43.744999
0.183500	39.055000
0.184000	33.113998
0.184500	25.340000
0.185000	19.103001
0.185500	11.390000
0.186000	5.633800
0.186500	3.855300
0.187000	1.155700
0.187500	1.574000
0.188000	-0.208610
0.188500	-3.343700
0.189000	-9.144900
0.189500	-14.277000
0.190000	-22.944000
0.190500	-30.937000
0.191000	-38.935001
0.191500	-48.125000
0.192000	-56.706001
0.192500	-62.778999
0.193000	-66.390999
0.193500	-70.439003
0.194000	-70.598000
0.194500	-66.829002
0.195000	-63.102001
0.195500	-58.806999
0.196000	-53.691002
0.196500	-50.431999
0.197000	-41.712002
0.197500	-35.445000
0.198000	-24.245001
0.198500	-8.408300
0.199000	8.737100
0.199500	23.899000
0.200000	37.783001
0.200500	46.919998
0.201000	49.048000
0.201500	46.654999
0.202000	44.137001
0.202500	36.423000
0.203000	31.983000
0.203500	27.409000
0.204000	23.518000
0.204500	21.525999
0.205000	22.040001
0.205500	26.306999
0.206000	32.360001
0.206500	38.846001
0.207000	45.006001
0.207500	50.216999
0.208000	50.212002
0.208500	51.834999
0.209000	52.216999
0.209500	52.500000
0.210000	56.067001
0.210500	59.150002
0.211000	62.570000
0.211500	64.419998
0.212000	65.620003
0.212500	65.960999
0.213000	65.658997
0.213500	66.263000
0.214000	65.702003
0.214500	67.056999
0.215000	69.521004
0.215500	70.607002
0.216000	71.014999
0.216500	71.209000
0.217000	70.017998
0.217500	66.570999
0.218000	63.627998
0.218500	59.106998
0.219000	56.820999
0.219500	52.818001
0.220000	50.244999
0.220500	47.397999
0.221000	45.792000
0.221500	43.101002
0.222000	40.358002
0.222500	40.811001
0.223000	40.166000
0.223500	40.568001
0.224000	41.273998
0.224500	39.735001
0.225000	39.251999
0.225500	37.110001
0.226000	35.381001
0.226500	35.431999
0.227000	35.125000
0.227500	34.078999
0.228000	34.230000
0.228500	33.143002
0.229000	31.884001
0.229500	31.979000
0.230000	30.704000
0.230500	30.788000
0.231000	30.018000
0.231500	29.399000
0.232000	29.731001
0.232500	29.077999
0.233000	27.171000
0.233500	25.395000
0.234000	23.903999
0.234500	22.278999
0.235000	21.712000
0.235500	18.945000
0.236000	16.604000
0.236500	13.875000
0.237000	11.852000
0.237500	9.830700
0.238000	8.284200
0.238500	5.232800
0.239000	2.062700
0.239500	-1.515700
0.240000	-3.326400
0.240500	-6.027200
0.241000	-7.522000
0.241500	-8.502000
0.242000	-10.932000
0.242500	-10.833000
0.243000	-13.167000
0.243500	-16.266001
0.244000	-18.226999
0.244500	-21.297001
0.245000	-21.576000
0.245500	-25.187000
0.246000	-28.392000
0.246500	-30.041000
0.247000	-31.726999
0.247500	-35.116001
0.248000	-35.842999
0.248500	-38.257000
0.249000	-38.584999
0.249500	-38.779999
0.250000	-39.120998
0.250500	-40.021000
0.251000	-37.848000
0.251500	-36.959000
0.252000	-35.319000
0.252500	-34.576000
0.253000	-34.124001
0.253500	-33.191002
0.254000	-33.749001
0.254500	-32.935001
0.255000	-32.743000
0.255500	-33.230999
0.256000	-32.150002
0.256500	-31.774000
0.257000	-31.107000
0.257500	-31.171000
0.258000	-28.707001
0.258500	-25.676001
0.259000	-25.209999
0.259500	-24.518999
0.260000	-21.941000
0.260500	-21.923000
0.261000	-20.259001
0.261500	-19.827000
0.262000	-17.268000
0.262500	-16.082001
0.263000	-12.334000
0.263500	-11.037000
0.264000	-8.370200
0.264500	-5.669400
0.265000	-4.729500
0.265500	-1.523900
0.266000	0.735330
0.266500	3.114500
0.267000	4.725700
0.267500	4.649700
0.268000	4.884000
0.268500	3.725200
0.269000	4.055300
0.269500	2.960600
0.270000	1.740500
0.270500	0.024456
0.271000	-0.511910
0.271500	-2.693000
0.272000	-6.407800
0.272500	-9.049200
0.273000	-11.872000
0.273500	-17.372000
0.274000	-20.834000
0.274500	-23.490999
0.275000	-26.004999
0.275500	-29.628000
0.276000	-31.125000
0.276500	-32.590000
0.277000	-33.446999
0.277500	-34.644001
0.278000	-34.639999
0.278500	-33.490002
0.279000	-32.922001
0.279500	-30.867001
0.280000	-29.933001
0.280500	-28.169001
0.281000	-27.031000
0.281500	-25.240999
0.282000	-22.389999
0.282500	-19.128000
0.283000	-15.936000
0.283500	-13.085000
0.284000	-10.366000
0.284500	-8.727200
0.285000	-8.753600
0.285500	-8.473800
0.286000	-8.304900
0.286500	-8.624600
0.287000	-9.632700
0.287500	-10.240000
0.288000	-10.479000
0.288500	-13.677000
0.289000	-14.779000
0.289500	-18.208000
0.290000	-18.556999
0.290500	-20.316999
0.291000	-21.631001
0.291500	-22.132000
0.292000	-21.724001
0.292500	-21.614000
0.293000	-20.326000
0.293500	-17.507000
0.294000	-15.164000
0.294500	-13.476000
0.295000	-11.952000
0.295500	-11.862000
0.296000	-11.971000
0.296500	-13.029000
0.297000	-16.171000
0.297500	-19.649000
0.298000	-21.941000
0.298500	-24.613001
