0.000000	2.147200
0.000500	2.021100
0.001000	3.834500
0.001500	2.876100
0.002000	3.902200
0.002500	2.680500
0.003000	4.718900
0.003500	3.146300
0.004000	4.060200
0.004500	3.716300
0.005000	5.480200
0.005500	3.084000
0.006000	2.618800
0.006500	4.875800
0.007000	5.321900
0.007500	6.237800
0.008000	6.798700
0.008500	4.581100
0.009000	4.895800
0.009500	6.592900
0.010000	4.992700
0.010500	5.589900
0.011000	3.867000
0.011500	2.502100
0.012000	4.158500
0.012500	4.608200
0.013000	4.717900
0.013500	0.996440
0.014000	3.545600
0.014500	1.938000
0.015000	0.701050
0.015500	1.109000
0.016000	-3.319000
0.016500	-2.291100
0.017000	-4.050000
0.017500	-1.979200
0.018000	-5.505200
0.018500	-2.666900
0.019000	-1.407300
0.019500	-1.955100
0.020000	-3.689400
0.020500	-0.972110
0.021000	-0.726600
0.021500	-4.860800
0.022000	-3.760700
0.022500	-2.402400
0.023000	-2.092800
0.023500	-3.608200
0.024000	-4.036600
0.024500	-1.459900
0.025000	-2.274000
0.025500	-1.950700
0.026000	-0.264650
0.026500	0.021841
0.027000	0.667190
0.027500	-1.070400
0.028000	-1.127400
0.028500	-2.222300
0.029000	-3.188500
0.029500	-0.985620
0.030000	-1.944700
0.030500	-1.578700
0.031000	-1.176800
0.031500	-3.953700
0.032000	-6.616100
0.032500	-7.314300
0.033000	-7.972300
0.033500	-8.142500
0.034000	-8.314500
0.034500	-9.740700
0.035000	-10.703000
0.035500	-7.867900
0.036000	-7.539800
0.036500	-7.494700
0.037000	-8.024000
0.037500	-7.543300
0.038000	-11.128000
0.038500	-9.189300
0.039000	-11.618000
0.039500	-14.414000
0.040000	-11.327000
0.040500	-12.051000
0.041000	-11.919000
0.041500	-9.658900
0.042000	-6.487600
0.042500	-5.132500
0.043000	-3.916700
0.043500	-2.112200
0.044000	0.868510
0.044500	3.765900
0.045000	3.407200
0.045500	7.243400
0.046000	13.552000
0.046500	16.987000
0.047000	22.121000
0.047500	25.586000
0.048000	28.490000
0.048500	31.139999
0.049000	34.945999
0.049500	36.356998
0.050000	36.585999
0.050500	34.763000
0.051000	35.757999
0.051500	35.452999
0.052000	35.594002
0.052500	30.907000
0.053000	27.179001
0.053500	18.749001
0.054000	9.377700
0.054500	3.643800
0.055000	-2.878700
0.055500	-12.313000
0.056000	-14.515000
0.056500	-18.952999
0.057000	-22.190001
0.057500	-26.170000
0.058000	-31.490000
0.058500	-41.488998
0.059000	-45.952999
0.059500	-56.754002
0.060000	-61.391998
0.060500	-66.321999
0.061000	-68.123001
0.061500	-69.563004
0.062000	-69.612000
0.062500	-66.675003
0.063000	-63.736000
0.063500	-61.313000
0.064000	-60.021000
0.064500	-68.036003
0.065000	-84.057999
0.065500	-105.150002
0.066000	-132.149994
0.066500	-162.619995
0.067000	-193.990005
0.067500	-219.270004
0.068000	-242.970001
0.068500	-263.799988
0.069000	-282.339996
0.069500	-298.160004
0.070000	-309.670013
0.070500	-325.390015
0.071000	-338.660004
0.071500	-351.559998
0.072000	-366.730011
0.072500	-375.019989
0.073000	-386.109985
0.073500	-387.329987
0.074000	-379.670013
0.074500	-366.779999
0.075000	-346.709991
0.075500	-318.320007
0.076000	-284.230011
0.076500	-244.820007
0.077000	-200.619995
0.077500	-151.649994
0.078000	-90.667999
0.078500	-26.337999
0.079000	39.313999
0.079500	105.000000
0.080000	164.809998
0.080500	214.020004
0.081000	250.979996
0.081500	275.070007
0.082000	294.790009
0.082500	307.149994
0.083000	309.140015
0.083500	322.450012
0.084000	336.720001
0.084500	354.980011
0.085000	373.570007
0.085500	390.510010
0.086000	393.109985
0.086500	397.380005
0.087000	367.470001
0.087500	369.380005
0.088000	355.290009
0.088500	353.010010
0.089000	363.350006
0.089500	395.980011
0.090000	437.880005
0.090500	501.750000
0.091000	599.960022
0.091500	739.770020
0.092000	906.169983
0.092500	1103.099976
0.093000	1307.599976
0.093500	1474.900024
0.094000	1577.599976
0.094500	1574.900024
0.095000	1451.199951
0.095500	1193.699951
0.096000	822.919983
0.096500	384.920013
0.097000	-77.838997
0.097500	-499.570007
0.098000	-860.359985
0.098500	-1123.300049
0.099000	-1294.900024
0.099500	-1370.099976
0.100000	-1382.699951
0.100500	-1344.099976
0.101000	-1292.000000
0.101500	-1233.099976
0.102000	-1203.099976
0.102500	-1179.199951
0.103000	-1169.800049
0.103500	-1164.599976
0.104000	-1160.300049
0.104500	-1123.199951
0.105000	-1049.699951
0.105500	-940.510010
0.106000	-799.119995
0.106500	-637.700012
0.107000	-500.000000
0.107500	-383.799988
0.108000	-265.450012
0.108500	-180.320007
0.109000	-71.050003
0.109500	43.226002
0.110000	176.419998
0.110500	310.230011
0.111000	475.089996
0.111500	632.090027
0.112000	820.080017
0.112500	977.909973
0.113000	1100.300049
0.113500	1168.800049
0.114000	1200.300049
0.114500	1172.500000
0.115000	1120.599976
0.115500	1033.400024
0.116000	936.099976
0.116500	817.229980
0.117000	699.119995
0.117500	566.210022
0.118000	436.660004
0.118500	309.730011
0.119000	199.960007
0.119500	112.519997
0.120000	71.702003
0.120500	53.265999
0.121000	67.934998
0.121500	91.692001
0.122000	122.589996
0.122500	137.660004
0.123000	152.399994
0.123500	157.380005
0.124000	160.630005
0.124500	154.240005
0.125000	142.479996
0.125500	125.480003
0.126000	96.007004
0.126500	48.904999
0.127000	-7.024500
0.127500	-80.257004
0.128000	-172.300003
0.128500	-264.890015
0.129000	-358.200012
0.129500	-447.070007
0.130000	-519.859985
0.130500	-569.409973
0.131000	-598.789978
0.131500	-615.299988
0.132000	-622.340027
0.132500	-613.669983
0.133000	-596.919983
0.133500	-570.719971
0.134000	-534.739990
0.134500	-483.670013
0.135000	-431.359985
0.135500	-376.459991
0.136000	-313.980011
0.136500	-249.149994
0.137000	-189.229996
0.137500	-125.199997
0.138000	-59.483002
0.138500	-1.799100
0.139000	30.448999
0.139500	58.067001
0.140000	68.857002
0.140500	69.651001
0.141000	65.474998
0.141500	64.025002
0.142000	61.535000
0.142500	48.988998
0.143000	36.535000
0.143500	25.424999
0.144000	10.325000
0.144500	-15.641000
0.145000	-45.645000
0.145500	-77.262001
0.146000	-109.470001
0.146500	-136.669998
0.147000	-149.130005
0.147500	-149.990005
0.148000	-138.979996
0.148500	-126.150002
0.149000	-107.620003
0.149500	-85.345001
0.150000	-68.648003
0.150500	-60.250999
0.151000	-57.071999
0.151500	-59.279999
0.152000	-75.064003
0.152500	-97.535004
0.153000	-119.889999
0.153500	-138.960007
0.154000	-160.630005
0.154500	-169.130005
0.155000	-174.419998
0.155500	-171.529999
0.156000	-169.729996
0.156500	-166.320007
0.157000	-158.460007
0.157500	-144.869995
0.158000	-130.059998
0.158500	-103.360001
0.159000	-77.652000
0.159500	-47.965000
0.160000	-19.107000
0.160500	13.297000
0.161000	33.625999
0.161500	55.485001
0.162000	70.968002
0.162500	73.276001
0.163000	67.919998
0.163500	63.514999
0.164000	53.411999
0.164500	44.020000
0.165000	33.936001
0.165500	27.215000
0.166000	33.931000
0.166500	29.048000
0.167000	28.382000
0.167500	17.080999
0.168000	-1.902800
0.168500	-23.393000
0.169000	-35.716999
0.169500	-43.292999
0.170000	-35.417000
0.170500	-15.608000
0.171000	13.683000
0.171500	48.941002
0.172000	94.842003
0.172500	145.059998
0.173000	199.839996
0.173500	256.209991
0.174000	311.739990
0.174500	354.549988
0.175000	383.850006
0.175500	398.109985
0.176000	398.480011
0.176500	387.649994
0.177000	365.049988
0.177500	336.890015
0.178000	303.489990
0.178500	265.640015
0.179000	221.850006
0.179500	177.110001
0.180000	131.850006
0.180500	88.047997
0.181000	47.516998
0.181500	12.745000
0.182000	-23.545000
0.182500	-51.799000
0.183000	-80.319000
0.183500	-100.220001
0.184000	-118.239998
0.184500	-140.600006
0.185000	-160.199997
0.185500	-184.860001
0.186000	-207.960007
0.186500	-220.440002
0.187000	-224.039993
0.187500	-211.460007
0.188000	-191.330002
0.188500	-166.550003
0.189000	-141.080002
0.189500	-119.129997
0.190000	-92.349998
0.190500	-62.137001
0.191000	-25.304001
0.191500	6.934300
0.192000	37.179001
0.192500	61.511002
0.193000	70.975998
0.193500	66.871002
0.194000	53.598000
0.194500	27.268000
0.195000	-4.485300
0.195500	-43.186001
0.196000	-77.384003
0.196500	-114.489998
0.197000	-142.600006
0.197500	-163.360001
0.198000	-173.289993
0.198500	-171.699997
0.199000	-161.539993
0.199500	-142.289993
0.200000	-119.070000
0.200500	-92.551003
0.201000	-66.846001
0.201500	-42.855999
0.202000	-21.982000
0.202500	0.132920
0.203000	19.458000
0.203500	39.521000
0.204000	63.337002
0.204500	87.220001
0.205000	107.400002
0.205500	128.050003
0.206000	148.160004
0.206500	161.929993
0.207000	168.100006
0.207500	169.339996
0.208000	165.309998
0.208500	153.000000
0.209000	139.979996
0.209500	120.820000
0.210000	107.129997
0.210500	88.720001
0.211000	73.592003
0.211500	62.195999
0.212000	52.172001
0.212500	42.646999
0.213000	36.518002
0.213500	29.716000
0.214000	18.979000
0.214500	8.792400
0.215000	-6.161300
0.215500	-19.309000
0.216000	-32.806999
0.216500	-40.508999
0.217000	-48.294998
0.217500	-53.221001
0.218000	-53.055000
0.218500	-55.980999
0.219000	-49.313000
0.219500	-43.831001
0.220000	-33.403000
0.220500	-18.816000
0.221000	-7.209600
0.221500	6.472900
0.222000	25.396000
0.222500	40.290001
0.223000	55.950001
0.223500	69.885002
0.224000	80.902000
0.224500	85.884003
0.225000	87.248001
0.225500	86.484001
0.226000	81.153999
0.226500	74.341003
0.227000	62.716000
0.227500	48.032001
0.228000	33.444000
0.228500	17.697001
0.229000	3.043000
0.229500	-7.038200
0.230000	-13.478000
0.230500	-17.358000
0.231000	-21.575001
0.231500	-22.450001
0.232000	-22.045000
0.232500	-20.853001
0.233000	-18.136999
0.233500	-10.810000
0.234000	-7.087500
0.234500	-0.217000
0.235000	6.083600
0.235500	10.923000
0.236000	13.669000
0.236500	16.964001
0.237000	18.926001
0.237500	20.340000
0.238000	20.521000
0.238500	18.080999
0.239000	12.611000
0.239500	11.639000
0.240000	8.325100
0.240500	2.187100
0.241000	-1.946200
0.241500	-8.173900
0.242000	-9.473800
0.242500	-14.163000
0.243000	-16.825001
0.243500	-22.997999
0.244000	-26.389000
0.244500	-25.566000
0.245000	-31.132999
0.245500	-30.451000
0.246000	-31.570000
0.246500	-33.035000
0.247000	-30.966999
0.247500	-26.809999
0.248000	-22.290001
0.248500	-13.211000
0.249000	-7.476100
0.249500	0.170450
0.250000	2.477400
0.250500	8.535400
0.251000	11.884000
0.251500	11.972000
0.252000	13.767000
0.252500	14.946000
0.253000	17.527000
0.253500	19.594999
0.254000	16.402000
0.254500	16.671000
0.255000	16.004999
0.255500	18.438999
0.256000	18.965000
0.256500	18.861000
0.257000	19.148001
0.257500	12.475000
0.258000	7.255000
0.258500	-4.363300
0.259000	-16.853001
0.259500	-33.742001
0.260000	-46.838001
0.260500	-61.435001
0.261000	-66.478996
0.261500	-66.737999
0.262000	-62.141998
0.262500	-50.577000
0.263000	-38.224998
0.263500	-24.533001
0.264000	-15.304000
0.264500	-4.731200
0.265000	-4.510600
0.265500	-6.124200
0.266000	-7.741100
0.266500	-9.239600
0.267000	-12.900000
0.267500	-16.166000
0.268000	-14.994000
0.268500	-13.782000
0.269000	-11.362000
0.269500	-9.058500
0.270000	-7.798200
0.270500	-9.186700
0.271000	-9.249700
0.271500	-10.524000
0.272000	-15.935000
0.272500	-16.747999
0.273000	-20.927999
0.273500	-21.569000
0.274000	-20.483000
0.274500	-17.538000
0.275000	-12.908000
0.275500	-3.562500
0.276000	9.278200
0.276500	26.511000
0.277000	41.192001
0.277500	60.715000
0.278000	79.946999
0.278500	93.532997
0.279000	106.050003
0.279500	121.389999
0.280000	130.610001
0.280500	137.740005
0.281000	145.490005
0.281500	143.880005
0.282000	136.009995
0.282500	127.129997
0.283000	114.129997
0.283500	93.830002
0.284000	71.311996
0.284500	47.372002
0.285000	24.139000
0.285500	-3.156600
0.286000	-27.096001
0.286500	-52.613998
0.287000	-74.084000
0.287500	-92.185997
0.288000	-102.680000
0.288500	-108.080002
0.289000	-105.379997
0.289500	-96.112000
0.290000	-80.588997
0.290500	-62.148998
0.291000	-42.828999
0.291500	-25.639999
0.292000	-8.830000
0.292500	3.315900
0.293000	10.579000
0.293500	11.513000
0.294000	12.701000
0.294500	9.760100
0.295000	5.780200
0.295500	3.960700
0.296000	5.286200
0.296500	13.178000
0.297000	17.783001
0.297500	29.032000
0.298000	41.332001
0.298500	57.627998
