0.000000	0.144104
0.000500	0.144104
0.001000	0.144104
0.001500	0.144104
0.002000	0.144104
0.002500	0.144104
0.003000	0.164604
0.003500	0.192397
0.004000	0.207042
0.004500	0.202584
0.005000	0.175032
0.005500	0.138808
0.006000	0.098857
0.006500	0.056116
0.007000	0.011137
0.007500	-0.037923
0.008000	-0.088813
0.008500	-0.138284
0.009000	-0.182999
0.009500	-0.216698
0.010000	-0.234707
0.010500	-0.233789
0.011000	-0.210953
0.011500	-0.173359
0.012000	-0.130009
0.012500	-0.086930
0.013000	-0.050144
0.013500	-0.018350
0.014000	0.013312
0.014500	0.044156
0.015000	0.073494
0.015500	0.101300
0.016000	0.128121
0.016500	0.154141
0.017000	0.179538
0.017500	0.204177
0.018000	0.226821
0.018500	0.246278
0.019000	0.261357
0.019500	0.269984
0.020000	0.272043
0.020500	0.271657
0.021000	0.272993
0.021500	0.279495
0.022000	0.289408
0.022500	0.300320
0.023000	0.310008
0.023500	0.314466
0.024000	0.308254
0.024500	0.297664
0.025000	0.290068
0.025500	0.293737
0.026000	0.317491
0.026500	0.350917
0.027000	0.380288
0.027500	0.393501
0.028000	0.395738
0.028500	0.388657
0.029000	0.371050
0.029500	0.341133
0.030000	0.295556
0.030500	0.242834
0.031000	0.193636
0.031500	0.158197
0.032000	0.130933
0.032500	0.107124
0.033000	0.087761
0.033500	0.073726
0.034000	0.062415
0.034500	0.053722
0.035000	0.049460
0.035500	0.051448
0.036000	0.059105
0.036500	0.069181
0.037000	0.079489
0.037500	0.087843
0.038000	0.094113
0.038500	0.099432
0.039000	0.103515
0.039500	0.106072
0.040000	0.105270
0.040500	0.098543
0.041000	0.087172
0.041500	0.072548
0.042000	0.053073
0.042500	0.026155
0.043000	-0.002975
0.043500	-0.028876
0.044000	-0.047247
0.044500	-0.059583
0.045000	-0.066109
0.045500	-0.066685
0.046000	-0.060835
0.046500	-0.047339
0.047000	-0.026578
0.047500	0.000907
0.048000	0.035200
0.048500	0.079374
0.049000	0.128028
0.049500	0.173938
0.050000	0.211259
0.050500	0.245876
0.051000	0.275600
0.051500	0.295379
0.052000	0.300448
0.052500	0.299209
0.053000	0.297423
0.053500	0.295588
0.054000	0.294124
0.054500	0.292434
0.055000	0.290792
0.055500	0.290020
0.056000	0.291002
0.056500	0.308012
0.057000	0.345462
0.057500	0.389413
0.058000	0.425929
0.058500	0.453433
0.059000	0.479729
0.059500	0.504900
0.060000	0.529056
0.060500	0.551442
0.061000	0.568807
0.061500	0.578334
0.062000	0.577240
0.062500	0.561709
0.063000	0.530601
0.063500	0.487808
0.064000	0.437371
0.064500	0.382171
0.065000	0.321788
0.065500	0.260279
0.066000	0.202246
0.066500	0.150881
0.067000	0.103177
0.067500	0.058797
0.068000	0.017901
0.068500	-0.018720
0.069000	-0.049096
0.069500	-0.074540
0.070000	-0.096691
0.070500	-0.117064
0.071000	-0.133957
0.071500	-0.142483
0.072000	-0.137633
0.072500	-0.115348
0.073000	-0.081552
0.073500	-0.039583
0.074000	0.008946
0.074500	0.062357
0.075000	0.117114
0.075500	0.172119
0.076000	0.227642
0.076500	0.283920
0.077000	0.340891
0.077500	0.398329
0.078000	0.456040
0.078500	0.513864
0.079000	0.579637
0.079500	0.653651
0.080000	0.724382
0.080500	0.780323
0.081000	0.811818
0.081500	0.824917
0.082000	0.831693
0.082500	0.844165
0.083000	0.871347
0.083500	0.906753
0.084000	0.939680
0.084500	0.959491
0.085000	0.961680
0.085500	0.955645
0.086000	0.944524
0.086500	0.931215
0.087000	0.917970
0.087500	0.903840
0.088000	0.888712
0.088500	0.872635
0.089000	0.852888
0.089500	0.821232
0.090000	0.784233
0.090500	0.749970
0.091000	0.727150
0.091500	0.726233
0.092000	0.747106
0.092500	0.787677
0.093000	0.846772
0.093500	0.929589
0.094000	1.032201
0.094500	1.148299
0.095000	1.274295
0.095500	1.425348
0.096000	1.591802
0.096500	1.757404
0.097000	1.906912
0.097500	2.051431
0.098000	2.157326
0.098500	2.168913
0.099000	2.032923
0.099500	1.793775
0.100000	1.505413
0.100500	1.191977
0.101000	0.877221
0.101500	0.552440
0.102000	0.209826
0.102500	-0.125352
0.103000	-0.427828
0.103500	-0.637188
0.104000	-0.727842
0.104500	-0.726764
0.105000	-0.660877
0.105500	-0.545664
0.106000	-0.388995
0.106500	-0.225517
0.107000	-0.090735
0.107500	0.006576
0.108000	0.094946
0.108500	0.157095
0.109000	0.174179
0.109500	0.128229
0.110000	0.026390
0.110500	-0.098616
0.111000	-0.213045
0.111500	-0.294671
0.112000	-0.365949
0.112500	-0.418687
0.113000	-0.440091
0.113500	-0.414744
0.114000	-0.314160
0.114500	-0.146006
0.115000	0.074332
0.115500	0.331171
0.116000	0.607978
0.116500	0.893427
0.117000	1.177122
0.117500	1.449053
0.118000	1.711537
0.118500	1.961629
0.119000	2.190961
0.119500	2.389071
0.120000	2.491265
0.120500	2.490782
0.121000	2.415947
0.121500	2.294281
0.122000	2.132703
0.122500	1.949237
0.123000	1.772532
0.123500	1.631070
0.124000	1.517241
0.124500	1.409850
0.125000	1.317039
0.125500	1.246888
0.126000	1.195646
0.126500	1.153288
0.127000	1.118430
0.127500	1.089735
0.128000	1.077247
0.128500	1.087820
0.129000	1.092777
0.129500	1.062521
0.130000	0.990294
0.130500	0.911388
0.131000	0.830454
0.131500	0.750936
0.132000	0.675039
0.132500	0.599722
0.133000	0.524662
0.133500	0.450021
0.134000	0.376442
0.134500	0.306467
0.135000	0.241273
0.135500	0.181791
0.136000	0.130046
0.136500	0.094436
0.137000	0.071825
0.137500	0.056296
0.138000	0.043562
0.138500	0.041668
0.139000	0.045274
0.139500	0.045189
0.140000	0.032407
0.140500	0.005920
0.141000	-0.033243
0.141500	-0.086221
0.142000	-0.154034
0.142500	-0.232534
0.143000	-0.316043
0.143500	-0.400244
0.144000	-0.480792
0.144500	-0.564912
0.145000	-0.650787
0.145500	-0.720487
0.146000	-0.756086
0.146500	-0.758564
0.147000	-0.746800
0.147500	-0.729757
0.148000	-0.716399
0.148500	-0.708723
0.149000	-0.699228
0.149500	-0.692597
0.150000	-0.693949
0.150500	-0.704796
0.151000	-0.719232
0.151500	-0.735454
0.152000	-0.751805
0.152500	-0.767561
0.153000	-0.784764
0.153500	-0.802274
0.154000	-0.818561
0.154500	-0.822246
0.155000	-0.777474
0.155500	-0.692275
0.156000	-0.579460
0.156500	-0.451614
0.157000	-0.316751
0.157500	-0.178911
0.158000	-0.042120
0.158500	0.090130
0.159000	0.219257
0.159500	0.344963
0.160000	0.466002
0.160500	0.580217
0.161000	0.658479
0.161500	0.690972
0.162000	0.682764
0.162500	0.639151
0.163000	0.571478
0.163500	0.492894
0.164000	0.414905
0.164500	0.349002
0.165000	0.294140
0.165500	0.242753
0.166000	0.196614
0.166500	0.157497
0.167000	0.127061
0.167500	0.110779
0.168000	0.116191
0.168500	0.150837
0.169000	0.211033
0.169500	0.276662
0.170000	0.346202
0.170500	0.418783
0.171000	0.493103
0.171500	0.567921
0.172000	0.643174
0.172500	0.718862
0.173000	0.797108
0.173500	0.883691
0.174000	0.972929
0.174500	1.058015
0.175000	1.128569
0.175500	1.168030
0.176000	1.179359
0.176500	1.167370
0.177000	1.137146
0.177500	1.094821
0.178000	1.043370
0.178500	0.985096
0.179000	0.918968
0.179500	0.825320
0.180000	0.724317
0.180500	0.645283
0.181000	0.616153
0.181500	0.613868
0.182000	0.617264
0.182500	0.623396
0.183000	0.629350
0.183500	0.634226
0.184000	0.639505
0.184500	0.646634
0.185000	0.657063
0.185500	0.688155
0.186000	0.744241
0.186500	0.807247
0.187000	0.859100
0.187500	0.903228
0.188000	0.944122
0.188500	0.965381
0.189000	0.950639
0.189500	0.905996
0.190000	0.852695
0.190500	0.796947
0.191000	0.745030
0.191500	0.699051
0.192000	0.653410
0.192500	0.608075
0.193000	0.563254
0.193500	0.521106
0.194000	0.483688
0.194500	0.447156
0.195000	0.407566
0.195500	0.357290
0.196000	0.285417
0.196500	0.204902
0.197000	0.130857
0.197500	0.073954
0.198000	0.024024
0.198500	-0.021651
0.199000	-0.064250
0.199500	-0.103029
0.200000	-0.125923
0.200500	-0.142807
0.201000	-0.168708
0.201500	-0.217535
0.202000	-0.287461
0.202500	-0.372306
0.203000	-0.467176
0.203500	-0.567455
0.204000	-0.674492
0.204500	-0.785810
0.205000	-0.895680
0.205500	-0.998228
0.206000	-1.087321
0.206500	-1.167531
0.207000	-1.246614
0.207500	-1.332376
0.208000	-1.457889
0.208500	-1.618356
0.209000	-1.764646
0.209500	-1.848010
0.210000	-1.874081
0.210500	-1.886151
0.211000	-1.890175
0.211500	-1.892750
0.212000	-1.901601
0.212500	-1.915763
0.213000	-1.919947
0.213500	-1.898704
0.214000	-1.833526
0.214500	-1.724412
0.215000	-1.596550
0.215500	-1.474964
0.216000	-1.376247
0.216500	-1.279943
0.217000	-1.185298
0.217500	-1.094805
0.218000	-1.009944
0.218500	-0.928318
0.219000	-0.850281
0.219500	-0.776557
0.220000	-0.707580
0.220500	-0.640953
0.221000	-0.576016
0.221500	-0.512737
0.222000	-0.451051
0.222500	-0.390330
0.223000	-0.330833
0.223500	-0.272929
0.224000	-0.217181
0.224500	-0.164829
0.225000	-0.115116
0.225500	-0.066867
0.226000	-0.018947
0.226500	0.027692
0.227000	0.071014
0.227500	0.109376
0.228000	0.141016
0.228500	0.161449
0.229000	0.172039
0.229500	0.176786
0.230000	0.179667
0.230500	0.183916
0.231000	0.186137
0.231500	0.180472
0.232000	0.161047
0.232500	0.127967
0.233000	0.088376
0.233500	0.046959
0.234000	0.008393
0.234500	-0.026062
0.235000	-0.060252
0.235500	-0.092404
0.236000	-0.120548
0.236500	-0.141061
0.237000	-0.152864
0.237500	-0.161803
0.238000	-0.173857
0.238500	-0.193330
0.239000	-0.216006
0.239500	-0.239551
0.240000	-0.262210
0.240500	-0.280959
0.241000	-0.292370
0.241500	-0.302460
0.242000	-0.318039
0.242500	-0.345526
0.243000	-0.384038
0.243500	-0.428069
0.244000	-0.472342
0.244500	-0.512785
0.245000	-0.554854
0.245500	-0.594524
0.246000	-0.624908
0.246500	-0.639457
0.247000	-0.638201
0.247500	-0.627033
0.248000	-0.611921
0.248500	-0.598853
0.249000	-0.591450
0.249500	-0.583773
0.250000	-0.568050
0.250500	-0.536684
0.251000	-0.492636
0.251500	-0.442666
0.252000	-0.391022
0.252500	-0.341905
0.253000	-0.295057
0.253500	-0.248241
0.254000	-0.202697
0.254500	-0.159665
0.255000	-0.122508
0.255500	-0.092280
0.256000	-0.066793
0.256500	-0.043855
0.257000	-0.021742
0.257500	-0.000454
0.258000	0.019917
0.258500	0.039292
0.259000	0.057320
0.259500	0.073708
0.260000	0.089002
0.260500	0.103769
0.261000	0.118211
0.261500	0.129858
0.262000	0.135603
0.262500	0.132402
0.263000	0.116370
0.263500	0.084577
0.264000	0.041799
0.264500	-0.006598
0.265000	-0.056377
0.265500	-0.112387
0.266000	-0.171025
0.266500	-0.226097
0.267000	-0.270515
0.267500	-0.296329
0.268000	-0.313886
0.268500	-0.336659
0.269000	-0.377568
0.269500	-0.428053
0.270000	-0.480373
0.270500	-0.534511
0.271000	-0.590420
0.271500	-0.647664
0.272000	-0.705488
0.272500	-0.763215
0.273000	-0.820025
0.273500	-0.872538
0.274000	-0.921478
0.274500	-0.969662
0.275000	-1.019938
0.275500	-1.098796
0.276000	-1.205881
0.276500	-1.303713
0.277000	-1.354826
0.277500	-1.354665
0.278000	-1.329672
0.278500	-1.288843
0.279000	-1.241223
0.279500	-1.194552
0.280000	-1.148219
0.280500	-1.098120
0.281000	-1.040119
0.281500	-0.972945
0.282000	-0.901040
0.282500	-0.825481
0.283000	-0.747170
0.283500	-0.665560
0.284000	-0.577368
0.284500	-0.487213
0.285000	-0.400517
0.285500	-0.321837
0.286000	-0.251428
0.286500	-0.190707
0.287000	-0.141424
0.287500	-0.104569
0.288000	-0.074294
0.288500	-0.047720
0.289000	-0.023368
0.289500	0.001064
0.290000	0.030642
0.290500	0.057124
0.291000	0.069681
0.291500	0.059446
0.292000	0.038383
0.292500	0.013345
0.293000	-0.012385
0.293500	-0.035632
0.294000	-0.057339
0.294500	-0.078679
0.295000	-0.099469
0.295500	-0.119412
0.296000	-0.133852
0.296500	-0.137657
0.297000	-0.127071
0.297500	-0.098337
0.298000	-0.057246
0.298500	-0.013425
0.299000	0.031121
0.299500	0.074395
0.300000	0.116257
0.300500	0.157519
0.301000	0.197595
0.301500	0.235898
0.302000	0.262484
0.302500	0.260472
0.303000	0.234160
0.303500	0.188502
0.304000	0.130056
0.304500	0.066553
0.305000	0.001984
0.305500	-0.059760
0.306000	-0.116320
0.306500	-0.171604
0.307000	-0.225871
0.307500	-0.278835
0.308000	-0.329223
0.308500	-0.373432
0.309000	-0.412185
0.309500	-0.446690
0.310000	-0.477026
0.310500	-0.498076
0.311000	-0.506461
0.311500	-0.499219
0.312000	-0.474081
0.312500	-0.437870
0.313000	-0.397588
0.313500	-0.359029
0.314000	-0.327147
0.314500	-0.297825
0.315000	-0.269597
0.315500	-0.242576
0.316000	-0.217294
0.316500	-0.203791
0.317000	-0.197949
0.317500	-0.188261
0.318000	-0.163204
0.318500	-0.117318
0.319000	-0.058846
0.319500	0.002042
0.320000	0.055189
0.320500	0.100904
0.321000	0.143109
0.321500	0.177076
0.322000	0.198078
0.322500	0.195197
0.323000	0.171299
0.323500	0.142314
0.324000	0.124201
0.324500	0.122680
0.325000	0.124867
0.325500	0.131805
0.326000	0.145078
0.326500	0.169062
0.327000	0.205095
0.327500	0.243864
0.328000	0.275793
0.328500	0.296184
0.329000	0.309493
0.329500	0.313661
0.330000	0.306419
0.330500	0.284017
0.331000	0.244620
0.331500	0.199977
0.332000	0.162914
0.332500	0.141342
0.333000	0.122931
0.333500	0.106366
0.334000	0.092167
0.334500	0.081077
0.335000	0.074418
0.335500	0.069425
0.336000	0.062575
0.336500	0.050080
0.337000	0.028880
0.337500	0.003185
0.338000	-0.021665
0.338500	-0.040554
0.339000	-0.055738
0.339500	-0.066947
0.340000	-0.070631
0.340500	-0.063476
0.341000	-0.050794
0.341500	-0.036529
0.342000	-0.021237
0.342500	-0.005468
0.343000	0.010617
0.343500	0.027145
0.344000	0.044186
0.344500	0.061818
0.345000	0.083255
0.345500	0.111090
0.346000	0.144453
0.346500	0.182467
0.347000	0.227770
0.347500	0.281780
0.348000	0.341857
0.348500	0.405345
0.349000	0.477090
0.349500	0.563077
0.350000	0.648727
0.350500	0.718926
0.351000	0.765468
0.351500	0.799892
0.352000	0.830116
0.352500	0.863831
0.353000	0.907171
0.353500	0.956562
0.354000	1.007288
0.354500	1.055038
0.355000	1.095014
0.355500	1.123354
0.356000	1.140784
0.356500	1.148396
0.357000	1.146320
0.357500	1.132334
0.358000	1.108049
0.358500	1.075509
0.359000	1.036788
0.359500	0.992482
0.360000	0.939535
0.360500	0.874501
0.361000	0.793568
0.361500	0.694963
0.362000	0.588392
0.362500	0.485217
0.363000	0.396333
0.363500	0.315625
0.364000	0.237282
0.364500	0.161401
0.365000	0.088292
0.365500	0.022170
0.366000	-0.039408
0.366500	-0.102224
0.367000	-0.172039
0.367500	-0.257592
0.368000	-0.356727
0.368500	-0.458921
0.369000	-0.553679
0.369500	-0.645041
0.370000	-0.733330
0.370500	-0.802338
0.371000	-0.835926
0.371500	-0.844696
0.372000	-0.850812
0.372500	-0.855479
0.373000	-0.859856
0.373500	-0.865650
0.374000	-0.872747
0.374500	-0.877929
0.375000	-0.877881
0.375500	-0.863300
0.376000	-0.825819
0.376500	-0.775269
0.377000	-0.721968
0.377500	-0.673044
0.378000	-0.622543
0.378500	-0.572154
0.379000	-0.524775
0.379500	-0.482562
0.380000	-0.443487
0.380500	-0.406166
0.381000	-0.369441
0.381500	-0.332796
0.382000	-0.300062
0.382500	-0.268986
0.383000	-0.235737
0.383500	-0.192864
0.384000	-0.112583
0.384500	-0.010712
0.385000	0.087025
0.385500	0.158366
0.386000	0.218034
0.386500	0.272172
0.387000	0.320630
0.387500	0.363309
0.388000	0.400389
0.388500	0.429840
0.389000	0.448894
0.389500	0.454929
0.390000	0.450053
0.390500	0.435183
0.391000	0.409304
0.391500	0.371356
0.392000	0.326858
0.392500	0.281812
0.393000	0.235978
0.393500	0.189130
0.394000	0.141328
0.394500	0.093130
0.395000	0.045081
0.395500	-0.002284
0.396000	-0.047637
0.396500	-0.090435
0.397000	-0.131308
0.397500	-0.170880
0.398000	-0.208169
0.398500	-0.240903
0.399000	-0.270273
0.399500	-0.297600
0.400000	-0.320276
0.400500	-0.334196
0.401000	-0.345349
0.401500	-0.360010
0.402000	-0.386951
0.402500	-0.433445
0.403000	-0.485813
0.403500	-0.528718
0.404000	-0.551104
0.404500	-0.561935
0.405000	-0.562755
0.405500	-0.553630
0.406000	-0.535252
0.406500	-0.513429
0.407000	-0.488275
0.407500	-0.458261
0.408000	-0.422437
0.408500	-0.384842
0.409000	-0.345977
0.409500	-0.305019
0.410000	-0.261422
0.410500	-0.216441
0.411000	-0.170542
0.411500	-0.123847
0.412000	-0.076313
0.412500	-0.025016
0.413000	0.028688
0.413500	0.081177
0.414000	0.128886
0.414500	0.170993
0.415000	0.208458
0.415500	0.241820
0.416000	0.271609
0.416500	0.299531
0.417000	0.326954
0.417500	0.353879
0.418000	0.380304
0.418500	0.406054
0.419000	0.431175
0.419500	0.456104
0.420000	0.481210
0.420500	0.514572
0.421000	0.561709
0.421500	0.603971
0.422000	0.622060
0.422500	0.606385
0.423000	0.572476
0.423500	0.529152
0.424000	0.484815
0.424500	0.443229
0.425000	0.400019
0.425500	0.357307
0.426000	0.317459
0.426500	0.283502
0.427000	0.257286
0.427500	0.234449
0.428000	0.210132
0.428500	0.179828
0.429000	0.143911
0.429500	0.106756
0.430000	0.072821
0.430500	0.046232
0.431000	0.026461
0.431500	0.011896
0.432000	0.001359
0.432500	-0.006372
0.433000	-0.012515
0.433500	-0.017445
0.434000	-0.021396
0.434500	-0.024631
0.435000	-0.027098
0.435500	-0.027412
0.436000	-0.024008
0.436500	-0.015241
0.437000	0.002116
0.437500	0.027383
0.438000	0.058191
0.438500	0.092174
0.439000	0.127333
0.439500	0.163300
0.440000	0.200074
0.440500	0.237620
0.441000	0.278738
0.441500	0.323028
0.442000	0.365530
0.442500	0.401338
0.443000	0.428987
0.443500	0.451453
0.444000	0.470556
0.444500	0.488098
0.445000	0.505463
0.445500	0.522699
0.446000	0.539838
0.446500	0.556897
0.447000	0.574745
0.447500	0.593510
0.448000	0.610473
0.448500	0.622816
0.449000	0.624892
0.449500	0.613466
0.450000	0.595554
0.450500	0.578414
0.451000	0.567632
0.451500	0.559456
0.452000	0.551200
0.452500	0.540707
0.453000	0.525209
0.453500	0.502051
0.454000	0.473163
0.454500	0.440928
0.455000	0.407534
0.455500	0.373545
0.456000	0.339024
0.456500	0.304134
0.457000	0.268583
0.457500	0.229492
0.458000	0.189194
0.458500	0.151195
0.459000	0.119291
0.459500	0.102934
0.460000	0.097808
0.460500	0.093641
0.461000	0.080512
0.461500	0.062264
0.462000	0.043721
0.462500	0.025235
0.463000	0.007116
0.463500	-0.011144
0.464000	-0.028994
0.464500	-0.045289
0.465000	-0.058876
0.465500	-0.060751
0.466000	-0.049133
0.466500	-0.033725
0.467000	-0.024232
0.467500	-0.022709
0.468000	-0.023223
0.468500	-0.023490
0.469000	-0.021232
0.469500	-0.013290
0.470000	0.000542
0.470500	0.015466
0.471000	0.026585
0.471500	0.031902
0.472000	0.034686
0.472500	0.034218
0.473000	0.029626
0.473500	0.021070
0.474000	0.010850
0.474500	0.000108
0.475000	-0.010067
0.475500	-0.018535
0.476000	-0.025088
0.476500	-0.031131
0.477000	-0.038154
0.477500	-0.048768
0.478000	-0.067238
0.478500	-0.091441
0.479000	-0.118646
0.479500	-0.147772
0.480000	-0.188937
0.480500	-0.236010
0.481000	-0.278690
0.481500	-0.307320
0.482000	-0.321531
0.482500	-0.323832
0.483000	-0.315979
0.483500	-0.299435
0.484000	-0.269501
0.484500	-0.231987
0.485000	-0.197885
0.485500	-0.177768
0.486000	-0.166825
0.486500	-0.159492
0.487000	-0.155371
0.487500	-0.153922
0.488000	-0.151758
0.488500	-0.151916
0.489000	-0.160286
0.489500	-0.182757
0.490000	-0.216312
0.490500	-0.252844
0.491000	-0.290535
0.491500	-0.327646
0.492000	-0.368363
0.492500	-0.411670
0.493000	-0.448025
0.493500	-0.467852
0.494000	1288263.750000
0.494500	5656683.000000
0.495000	11593231.000000
0.495500	17495178.000000
0.496000	22506676.000000
0.496500	27465064.000000
0.497000	32466906.000000
