0.000000	-0.003929
0.000500	-0.011951
0.001000	-0.020222
0.001500	-0.029018
0.002000	-0.038288
0.002500	-0.047898
0.003000	-0.057956
0.003500	-0.068305
0.004000	-0.079108
0.004500	-0.090310
0.005000	-0.101690
0.005500	-0.113290
0.006000	-0.125190
0.006500	-0.137540
0.007000	-0.150060
0.007500	-0.162820
0.008000	-0.176070
0.008500	-0.189550
0.009000	-0.203240
0.009500	-0.217160
0.010000	-0.231520
0.010500	-0.246160
0.011000	-0.261180
0.011500	-0.276560
0.012000	-0.292280
0.012500	-0.307920
0.013000	-0.323540
0.013500	-0.339820
0.014000	-0.356160
0.014500	-0.372290
0.015000	-0.388500
0.015500	-0.404840
0.016000	-0.420670
0.016500	-0.436210
0.017000	-0.451790
0.017500	-0.466710
0.018000	-0.481000
0.018500	-0.495330
0.019000	-0.509560
0.019500	-0.523480
0.020000	-0.536840
0.020500	-0.549540
0.021000	-0.561930
0.021500	-0.574070
0.022000	-0.585820
0.022500	-0.596640
0.023000	-0.606630
0.023500	-0.615990
0.024000	-0.624700
0.024500	-0.632960
0.025000	-0.640750
0.025500	-0.647590
0.026000	-0.653400
0.026500	-0.658590
0.027000	-0.663430
0.027500	-0.667570
0.028000	-0.670950
0.028500	-0.673610
0.029000	-0.675500
0.029500	-0.676710
0.030000	-0.677110
0.030500	-0.676680
0.031000	-0.675730
0.031500	-0.674010
0.032000	-0.670990
0.032500	-0.666950
0.033000	-0.662210
0.033500	-0.657000
0.034000	-0.650850
0.034500	-0.643450
0.035000	-0.634940
0.035500	-0.625690
0.036000	-0.616000
0.036500	-0.605280
0.037000	-0.593610
0.037500	-0.581640
0.038000	-0.569440
0.038500	-0.556450
0.039000	-0.542820
0.039500	-0.529180
0.040000	-0.515000
0.040500	-0.500090
0.041000	-0.484870
0.041500	-0.469230
0.042000	-0.453380
0.042500	-0.437300
0.043000	-0.420880
0.043500	-0.404110
0.044000	-0.387120
0.044500	-0.369980
0.045000	-0.352550
0.045500	-0.334670
0.046000	-0.316560
0.046500	-0.298490
0.047000	-0.279970
0.047500	-0.261100
0.048000	-0.242430
0.048500	-0.224100
0.049000	-0.206050
0.049500	-0.188380
0.050000	-0.171170
0.050500	-0.153770
0.051000	-0.136190
0.051500	-0.119190
0.052000	-0.103120
0.052500	-0.087761
0.053000	-0.073021
0.053500	-0.059244
0.054000	-0.045846
0.054500	-0.032481
0.055000	-0.019100
0.055500	-0.005082
0.056000	0.009677
0.056500	0.025301
0.057000	0.042499
0.057500	0.061018
0.058000	0.080624
0.058500	0.101920
0.059000	0.125960
0.059500	0.152470
0.060000	0.181490
0.060500	0.213400
0.061000	0.248290
0.061500	0.286090
0.062000	0.326630
0.062500	0.370420
0.063000	0.416970
0.063500	0.465850
0.064000	0.516730
0.064500	0.569690
0.065000	0.625650
0.065500	0.684820
0.066000	0.747130
0.066500	0.813160
0.067000	0.883690
0.067500	0.958920
0.068000	1.038400
0.068500	1.122400
0.069000	1.211100
0.069500	1.304300
0.070000	1.402100
0.070500	1.503800
0.071000	1.609500
0.071500	1.719400
0.072000	1.833800
0.072500	1.951900
0.073000	2.073200
0.073500	2.196900
0.074000	2.321300
0.074500	2.445900
0.075000	2.570000
0.075500	2.693200
0.076000	2.815800
0.076500	2.937700
0.077000	3.057900
0.077500	3.175500
0.078000	3.289000
0.078500	3.397400
0.079000	3.499800
0.079500	3.595900
0.080000	3.686200
0.080500	3.771700
0.081000	3.852800
0.081500	3.929600
0.082000	4.002700
0.082500	4.071900
0.083000	4.137000
0.083500	4.197700
0.084000	4.253600
0.084500	4.307300
0.085000	4.363100
0.085500	4.424000
0.086000	4.493700
0.086500	4.577100
0.087000	4.680100
0.087500	4.807000
0.088000	4.961700
0.088500	5.150000
0.089000	5.376800
0.089500	5.643700
0.090000	5.956400
0.090500	6.313000
0.091000	6.704300
0.091500	7.113900
0.092000	7.533000
0.092500	7.958400
0.093000	8.384700
0.093500	8.818800
0.094000	9.276200
0.094500	9.765400
0.095000	10.297000
0.095500	10.877000
0.096000	11.491000
0.096500	12.128000
0.097000	12.778000
0.097500	13.436000
0.098000	14.099000
0.098500	14.763000
0.099000	15.424000
0.099500	16.079000
0.100000	16.722000
0.100500	17.353001
0.101000	17.973000
0.101500	18.586000
0.102000	19.197001
0.102500	19.812000
0.103000	20.431000
0.103500	21.051001
0.104000	21.665001
0.104500	22.264000
0.105000	22.841000
0.105500	23.391001
0.106000	23.914000
0.106500	24.409000
0.107000	24.877001
0.107500	25.313999
0.108000	25.716000
0.108500	26.082001
0.109000	26.412001
0.109500	26.712999
0.110000	26.992001
0.110500	27.261999
0.111000	27.539000
0.111500	27.833000
0.112000	28.145000
0.112500	28.466999
0.113000	28.785000
0.113500	29.082001
0.114000	29.344000
0.114500	29.563000
0.115000	29.735001
0.115500	29.868000
0.116000	29.969999
0.116500	30.049999
0.117000	30.114000
0.117500	30.162001
0.118000	30.188000
0.118500	30.187000
0.119000	30.150999
0.119500	30.073000
0.120000	29.947001
0.120500	29.768000
0.121000	29.535999
0.121500	29.249001
0.122000	28.913000
0.122500	28.535000
0.123000	28.124001
0.123500	27.688999
0.124000	27.239000
0.124500	26.778999
0.125000	26.312000
0.125500	25.841999
0.126000	25.367001
0.126500	24.888000
0.127000	24.403999
0.127500	23.917999
0.128000	23.427999
0.128500	22.936001
0.129000	22.443001
0.129500	21.950001
0.130000	21.459000
0.130500	20.969000
0.131000	20.483999
0.131500	20.006001
0.132000	19.537001
0.132500	19.077999
0.133000	18.632999
0.133500	18.202999
0.134000	17.790001
0.134500	17.393000
0.135000	17.011999
0.135500	16.646000
0.136000	16.296000
0.136500	15.961000
0.137000	15.644000
0.137500	15.345000
0.138000	15.066000
0.138500	14.805000
0.139000	14.564000
0.139500	14.340000
0.140000	14.131000
0.140500	13.935000
0.141000	13.748000
0.141500	13.569000
0.142000	13.398000
0.142500	13.233000
0.143000	13.076000
0.143500	12.926000
0.144000	12.779000
0.144500	12.639000
0.145000	12.495000
0.145500	12.349000
0.146000	12.208000
0.146500	12.064000
0.147000	11.920000
0.147500	11.778000
0.148000	11.636000
0.148500	11.490000
0.149000	11.335000
0.149500	11.173000
0.150000	11.002000
0.150500	10.822000
0.151000	10.634000
0.151500	10.441000
0.152000	10.244000
0.152500	10.043000
0.153000	9.837100
0.153500	9.625200
0.154000	9.404400
0.154500	9.175200
0.155000	8.937400
0.155500	8.687100
0.156000	8.429200
0.156500	8.171200
0.157000	7.914100
0.157500	7.659500
0.158000	7.408900
0.158500	7.162100
0.159000	6.912100
0.159500	6.652900
0.160000	6.381900
0.160500	6.094400
0.161000	5.798000
0.161500	5.499500
0.162000	5.203500
0.162500	4.913800
0.163000	4.628000
0.163500	4.346200
0.164000	4.063300
0.164500	3.777200
0.165000	3.485400
0.165500	3.185100
0.166000	2.878900
0.166500	2.568800
0.167000	2.259100
0.167500	1.953200
0.168000	1.651400
0.168500	1.356000
0.169000	1.066600
0.169500	0.781010
0.170000	0.497140
0.170500	0.210940
0.171000	-0.079156
0.171500	-0.375150
0.172000	-0.676560
0.172500	-0.981940
0.173000	-1.291700
0.173500	-1.604100
0.174000	-1.917800
0.174500	-2.232200
0.175000	-2.546100
0.175500	-2.859300
0.176000	-3.169400
0.176500	-3.476100
0.177000	-3.779500
0.177500	-4.078600
0.178000	-4.374400
0.178500	-4.666700
0.179000	-4.956400
0.179500	-5.244800
0.180000	-5.531900
0.180500	-5.817600
0.181000	-6.102400
0.181500	-6.385900
0.182000	-6.666000
0.182500	-6.939600
0.183000	-7.204600
0.183500	-7.458000
0.184000	-7.697700
0.184500	-7.921900
0.185000	-8.132100
0.185500	-8.331500
0.186000	-8.523600
0.186500	-8.712700
0.187000	-8.901700
0.187500	-9.092400
0.188000	-9.284600
0.188500	-9.477400
0.189000	-9.669400
0.189500	-9.857900
0.190000	-10.040000
0.190500	-10.215000
0.191000	-10.381000
0.191500	-10.535000
0.192000	-10.675000
0.192500	-10.800000
0.193000	-10.910000
0.193500	-11.006000
0.194000	-11.088000
0.194500	-11.155000
0.195000	-11.210000
0.195500	-11.249000
0.196000	-11.273000
0.196500	-11.278000
0.197000	-11.266000
0.197500	-11.236000
0.198000	-11.189000
0.198500	-11.129000
0.199000	-11.061000
0.199500	-10.990000
0.200000	-10.920000
0.200500	-10.855000
0.201000	-10.796000
0.201500	-10.746000
0.202000	-10.703000
0.202500	-10.665000
0.203000	-10.630000
0.203500	-10.599000
0.204000	-10.570000
0.204500	-10.543000
0.205000	-10.518000
0.205500	-10.499000
0.206000	-10.483000
0.206500	-10.472000
0.207000	-10.463000
0.207500	-10.453000
0.208000	-10.438000
0.208500	-10.418000
0.209000	-10.393000
0.209500	-10.364000
0.210000	-10.333000
0.210500	-10.304000
0.211000	-10.280000
0.211500	-10.260000
0.212000	-10.244000
0.212500	-10.230000
0.213000	-10.216000
0.213500	-10.199000
0.214000	-10.178000
0.214500	-10.151000
0.215000	-10.120000
0.215500	-10.085000
0.216000	-10.048000
0.216500	-10.008000
0.217000	-9.967100
0.217500	-9.924500
0.218000	-9.880000
0.218500	-9.833300
0.219000	-9.784100
0.219500	-9.732000
0.220000	-9.676500
0.220500	-9.617800
0.221000	-9.556600
0.221500	-9.493100
0.222000	-9.427100
0.222500	-9.359100
0.223000	-9.290500
0.223500	-9.221400
0.224000	-9.152600
0.224500	-9.084300
0.225000	-9.016800
0.225500	-8.950100
0.226000	-8.884100
0.226500	-8.818200
0.227000	-8.751800
0.227500	-8.683700
0.228000	-8.613500
0.228500	-8.540700
0.229000	-8.464500
0.229500	-8.385100
0.230000	-8.303200
0.230500	-8.218700
0.231000	-8.131900
0.231500	-8.043800
0.232000	-7.955500
0.232500	-7.867500
0.233000	-7.779500
0.233500	-7.691900
0.234000	-7.604600
0.234500	-7.517300
0.235000	-7.430100
0.235500	-7.343300
0.236000	-7.256000
0.236500	-7.167800
0.237000	-7.079300
0.237500	-6.990500
0.238000	-6.902000
0.238500	-6.814000
0.239000	-6.726900
0.239500	-6.641300
0.240000	-6.558000
0.240500	-6.477300
0.241000	-6.399600
0.241500	-6.325000
0.242000	-6.253400
0.242500	-6.185400
0.243000	-6.121000
0.243500	-6.059600
0.244000	-6.001300
0.244500	-5.945800
0.245000	-5.893100
0.245500	-5.842700
0.246000	-5.794700
0.246500	-5.749600
0.247000	-5.707400
0.247500	-5.668300
0.248000	-5.632300
0.248500	-5.599100
0.249000	-5.569100
0.249500	-5.542400
0.250000	-5.519200
0.250500	-5.498800
0.251000	-5.481200
0.251500	-5.466000
0.252000	-5.452800
0.252500	-5.440900
0.253000	-5.429700
0.253500	-5.418900
0.254000	-5.407800
0.254500	-5.396700
0.255000	-5.386000
0.255500	-5.375100
0.256000	-5.364700
0.256500	-5.354600
0.257000	-5.344100
0.257500	-5.333100
0.258000	-5.321300
0.258500	-5.307700
0.259000	-5.291500
0.259500	-5.272500
0.260000	-5.250600
0.260500	-5.225500
0.261000	-5.197500
0.261500	-5.166900
0.262000	-5.133600
0.262500	-5.098100
0.263000	-5.060200
0.263500	-5.019800
0.264000	-4.977100
0.264500	-4.932300
0.265000	-4.884700
0.265500	-4.834000
0.266000	-4.780100
0.266500	-4.722200
0.267000	-4.659600
0.267500	-4.592200
0.268000	-4.520300
0.268500	-4.444000
0.269000	-4.363300
0.269500	-4.278400
0.270000	-4.190200
0.270500	-4.098500
0.271000	-4.002200
0.271500	-3.900900
0.272000	-3.794300
0.272500	-3.682200
0.273000	-3.565100
0.273500	-3.442900
0.274000	-3.315800
0.274500	-3.184800
0.275000	-3.051100
0.275500	-2.915800
0.276000	-2.780100
0.276500	-2.644800
0.277000	-2.510200
0.277500	-2.377200
0.278000	-2.246400
0.278500	-2.118400
0.279000	-1.993300
0.279500	-1.871700
0.280000	-1.753900
0.280500	-1.639800
0.281000	-1.529600
0.281500	-1.423300
0.282000	-1.320900
0.282500	-1.222100
0.283000	-1.126300
0.283500	-1.033200
0.284000	-0.942530
0.284500	-0.852720
0.285000	-0.763350
0.285500	-0.674390
0.286000	-0.585840
0.286500	-0.497290
0.287000	-0.408290
0.287500	-0.318510
0.288000	-0.227930
0.288500	-0.136570
0.289000	-0.044713
0.289500	0.047236
0.290000	0.138460
0.290500	0.227710
0.291000	0.314580
0.291500	0.398790
0.292000	0.479930
0.292500	0.557640
0.293000	0.632390
0.293500	0.703560
0.294000	0.770790
0.294500	0.835140
0.295000	0.897200
0.295500	0.957200
0.296000	1.015600
0.296500	1.073000
0.297000	1.130400
0.297500	1.188300
0.298000	1.246600
0.298500	1.304600
