0.000000	0.019374
0.000500	0.019375
0.001000	0.019376
0.001500	0.019377
0.002000	0.019379
0.002500	0.019382
0.003000	0.019384
0.003500	0.019387
0.004000	0.019391
0.004500	0.019395
0.005000	0.019399
0.005500	0.019404
0.006000	0.019409
0.006500	0.019414
0.007000	0.019420
0.007500	0.019426
0.008000	0.019432
0.008500	0.019439
0.009000	0.019447
0.009500	0.019454
0.010000	0.019462
0.010500	0.019471
0.011000	0.019479
0.011500	0.019489
0.012000	0.019498
0.012500	0.019509
0.013000	0.019520
0.013500	0.019532
0.014000	0.019544
0.014500	0.019557
0.015000	0.019572
0.015500	0.019586
0.016000	0.019602
0.016500	0.019619
0.017000	0.019636
0.017500	0.019654
0.018000	0.019673
0.018500	0.019693
0.019000	0.019714
0.019500	0.019735
0.020000	0.019758
0.020500	0.019781
0.021000	0.019806
0.021500	0.019831
0.022000	0.019857
0.022500	0.019885
0.023000	0.019913
0.023500	0.019942
0.024000	0.019972
0.024500	0.020003
0.025000	0.020035
0.025500	0.020067
0.026000	0.020101
0.026500	0.020136
0.027000	0.020171
0.027500	0.020207
0.028000	0.020245
0.028500	0.020283
0.029000	0.020322
0.029500	0.020362
0.030000	0.020402
0.030500	0.020444
0.031000	0.020486
0.031500	0.020529
0.032000	0.020573
0.032500	0.020617
0.033000	0.020662
0.033500	0.020707
0.034000	0.020753
0.034500	0.020800
0.035000	0.020847
0.035500	0.020895
0.036000	0.020943
0.036500	0.020991
0.037000	0.021039
0.037500	0.021088
0.038000	0.021137
0.038500	0.021187
0.039000	0.021236
0.039500	0.021285
0.040000	0.021335
0.040500	0.021384
0.041000	0.021434
0.041500	0.021483
0.042000	0.021533
0.042500	0.021582
0.043000	0.021630
0.043500	0.021679
0.044000	0.021726
0.044500	0.021773
0.045000	0.021820
0.045500	0.021866
0.046000	0.021911
0.046500	0.021955
0.047000	0.021998
0.047500	0.022041
0.048000	0.022083
0.048500	0.022124
0.049000	0.022164
0.049500	0.022203
0.050000	0.022241
0.050500	0.022279
0.051000	0.022317
0.051500	0.022353
0.052000	0.022389
0.052500	0.022424
0.053000	0.022459
0.053500	0.022494
0.054000	0.022529
0.054500	0.022563
0.055000	0.022598
0.055500	0.022632
0.056000	0.022667
0.056500	0.022702
0.057000	0.022738
0.057500	0.022774
0.058000	0.022811
0.058500	0.022848
0.059000	0.022885
0.059500	0.022922
0.060000	0.022960
0.060500	0.022999
0.061000	0.023037
0.061500	0.023076
0.062000	0.023116
0.062500	0.023156
0.063000	0.023196
0.063500	0.023236
0.064000	0.023278
0.064500	0.023320
0.065000	0.023362
0.065500	0.023406
0.066000	0.023450
0.066500	0.023495
0.067000	0.023542
0.067500	0.023589
0.068000	0.023638
0.068500	0.023688
0.069000	0.023738
0.069500	0.023791
0.070000	0.023844
0.070500	0.023898
0.071000	0.023955
0.071500	0.024012
0.072000	0.024072
0.072500	0.024134
0.073000	0.024199
0.073500	0.024269
0.074000	0.024342
0.074500	0.024418
0.075000	0.024497
0.075500	0.024578
0.076000	0.024660
0.076500	0.024743
0.077000	0.024828
0.077500	0.024916
0.078000	0.025008
0.078500	0.025106
0.079000	0.025210
0.079500	0.025322
0.080000	0.025440
0.080500	0.025567
0.081000	0.025701
0.081500	0.025845
0.082000	0.025999
0.082500	0.026167
0.083000	0.026349
0.083500	0.026547
0.084000	0.026760
0.084500	0.026990
0.085000	0.027235
0.085500	0.027497
0.086000	0.027776
0.086500	0.028076
0.087000	0.028398
0.087500	0.028744
0.088000	0.029113
0.088500	0.029505
0.089000	0.029917
0.089500	0.030348
0.090000	0.030792
0.090500	0.031249
0.091000	0.031716
0.091500	0.032193
0.092000	0.032680
0.092500	0.033179
0.093000	0.033691
0.093500	0.034215
0.094000	0.034753
0.094500	0.035304
0.095000	0.035864
0.095500	0.036430
0.096000	0.036997
0.096500	0.037562
0.097000	0.038120
0.097500	0.038670
0.098000	0.039211
0.098500	0.039743
0.099000	0.040263
0.099500	0.040773
0.100000	0.041269
0.100500	0.041750
0.101000	0.042214
0.101500	0.042658
0.102000	0.043080
0.102500	0.043478
0.103000	0.043850
0.103500	0.044192
0.104000	0.044504
0.104500	0.044785
0.105000	0.045035
0.105500	0.045256
0.106000	0.045449
0.106500	0.045616
0.107000	0.045759
0.107500	0.045878
0.108000	0.045973
0.108500	0.046047
0.109000	0.046100
0.109500	0.046134
0.110000	0.046151
0.110500	0.046150
0.111000	0.046131
0.111500	0.046090
0.112000	0.046023
0.112500	0.045927
0.113000	0.045800
0.113500	0.045641
0.114000	0.045450
0.114500	0.045231
0.115000	0.044987
0.115500	0.044722
0.116000	0.044440
0.116500	0.044143
0.117000	0.043829
0.117500	0.043499
0.118000	0.043148
0.118500	0.042776
0.119000	0.042381
0.119500	0.041966
0.120000	0.041537
0.120500	0.041100
0.121000	0.040665
0.121500	0.040240
0.122000	0.039833
0.122500	0.039447
0.123000	0.039086
0.123500	0.038748
0.124000	0.038429
0.124500	0.038128
0.125000	0.037840
0.125500	0.037563
0.126000	0.037297
0.126500	0.037042
0.127000	0.036802
0.127500	0.036578
0.128000	0.036371
0.128500	0.036183
0.129000	0.036012
0.129500	0.035858
0.130000	0.035719
0.130500	0.035596
0.131000	0.035489
0.131500	0.035397
0.132000	0.035321
0.132500	0.035262
0.133000	0.035217
0.133500	0.035187
0.134000	0.035170
0.134500	0.035165
0.135000	0.035172
0.135500	0.035189
0.136000	0.035214
0.136500	0.035247
0.137000	0.035286
0.137500	0.035329
0.138000	0.035375
0.138500	0.035424
0.139000	0.035475
0.139500	0.035528
0.140000	0.035581
0.140500	0.035636
0.141000	0.035692
0.141500	0.035748
0.142000	0.035806
0.142500	0.035864
0.143000	0.035925
0.143500	0.035987
0.144000	0.036052
0.144500	0.036120
0.145000	0.036194
0.145500	0.036271
0.146000	0.036351
0.146500	0.036434
0.147000	0.036520
0.147500	0.036607
0.148000	0.036699
0.148500	0.036799
0.149000	0.036909
0.149500	0.037030
0.150000	0.037166
0.150500	0.037313
0.151000	0.037471
0.151500	0.037637
0.152000	0.037810
0.152500	0.037990
0.153000	0.038177
0.153500	0.038374
0.154000	0.038579
0.154500	0.038796
0.155000	0.039021
0.155500	0.039256
0.156000	0.039499
0.156500	0.039750
0.157000	0.040009
0.157500	0.040276
0.158000	0.040551
0.158500	0.040835
0.159000	0.041127
0.159500	0.041425
0.160000	0.041728
0.160500	0.042038
0.161000	0.042351
0.161500	0.042669
0.162000	0.042991
0.162500	0.043317
0.163000	0.043648
0.163500	0.043982
0.164000	0.044320
0.164500	0.044663
0.165000	0.045011
0.165500	0.045363
0.166000	0.045721
0.166500	0.046085
0.167000	0.046454
0.167500	0.046828
0.168000	0.047207
0.168500	0.047591
0.169000	0.047978
0.169500	0.048369
0.170000	0.048763
0.170500	0.049161
0.171000	0.049562
0.171500	0.049967
0.172000	0.050374
0.172500	0.050784
0.173000	0.051195
0.173500	0.051608
0.174000	0.052023
0.174500	0.052439
0.175000	0.052858
0.175500	0.053279
0.176000	0.053703
0.176500	0.054131
0.177000	0.054563
0.177500	0.055000
0.178000	0.055441
0.178500	0.055887
0.179000	0.056338
0.179500	0.056794
0.180000	0.057255
0.180500	0.057720
0.181000	0.058191
0.181500	0.058666
0.182000	0.059144
0.182500	0.059627
0.183000	0.060113
0.183500	0.060603
0.184000	0.061095
0.184500	0.061590
0.185000	0.062087
0.185500	0.062586
0.186000	0.063087
0.186500	0.063588
0.187000	0.064091
0.187500	0.064595
0.188000	0.065100
0.188500	0.065606
0.189000	0.066113
0.189500	0.066620
0.190000	0.067127
0.190500	0.067633
0.191000	0.068137
0.191500	0.068639
0.192000	0.069137
0.192500	0.069631
0.193000	0.070121
0.193500	0.070607
0.194000	0.071088
0.194500	0.071564
0.195000	0.072036
0.195500	0.072504
0.196000	0.072969
0.196500	0.073431
0.197000	0.073890
0.197500	0.074348
0.198000	0.074805
0.198500	0.075261
0.199000	0.075718
0.199500	0.076178
0.200000	0.076642
0.200500	0.077110
0.201000	0.077584
0.201500	0.078065
0.202000	0.078550
0.202500	0.079042
0.203000	0.079538
0.203500	0.080039
0.204000	0.080545
0.204500	0.081056
0.205000	0.081571
0.205500	0.082090
0.206000	0.082615
0.206500	0.083144
0.207000	0.083679
0.207500	0.084219
0.208000	0.084765
0.208500	0.085317
0.209000	0.085876
0.209500	0.086441
0.210000	0.087014
0.210500	0.087594
0.211000	0.088182
0.211500	0.088778
0.212000	0.089382
0.212500	0.089994
0.213000	0.090614
0.213500	0.091242
0.214000	0.091878
0.214500	0.092523
0.215000	0.093176
0.215500	0.093838
0.216000	0.094510
0.216500	0.095190
0.217000	0.095880
0.217500	0.096579
0.218000	0.097287
0.218500	0.098004
0.219000	0.098728
0.219500	0.099461
0.220000	0.100200
0.220500	0.100950
0.221000	0.101710
0.221500	0.102470
0.222000	0.103240
0.222500	0.104020
0.223000	0.104800
0.223500	0.105590
0.224000	0.106390
0.224500	0.107190
0.225000	0.108010
0.225500	0.108820
0.226000	0.109650
0.226500	0.110480
0.227000	0.111310
0.227500	0.112150
0.228000	0.113000
0.228500	0.113850
0.229000	0.114710
0.229500	0.115570
0.230000	0.116440
0.230500	0.117320
0.231000	0.118200
0.231500	0.119090
0.232000	0.119980
0.232500	0.120870
0.233000	0.121780
0.233500	0.122680
0.234000	0.123590
0.234500	0.124510
0.235000	0.125420
0.235500	0.126350
0.236000	0.127270
0.236500	0.128200
0.237000	0.129130
0.237500	0.130060
0.238000	0.131000
0.238500	0.131930
0.239000	0.132870
0.239500	0.133810
0.240000	0.134750
0.240500	0.135690
0.241000	0.136630
0.241500	0.137570
0.242000	0.138510
0.242500	0.139440
0.243000	0.140380
0.243500	0.141320
0.244000	0.142250
0.244500	0.143180
0.245000	0.144110
0.245500	0.145030
0.246000	0.145960
0.246500	0.146880
0.247000	0.147790
0.247500	0.148700
0.248000	0.149610
0.248500	0.150510
0.249000	0.151410
0.249500	0.152300
0.250000	0.153190
0.250500	0.154080
0.251000	0.154950
0.251500	0.155830
0.252000	0.156690
0.252500	0.157560
0.253000	0.158410
0.253500	0.159270
0.254000	0.160110
0.254500	0.160960
0.255000	0.161790
0.255500	0.162630
0.256000	0.163450
0.256500	0.164280
0.257000	0.165090
0.257500	0.165900
0.258000	0.166710
0.258500	0.167510
0.259000	0.168310
0.259500	0.169100
0.260000	0.169890
0.260500	0.170680
0.261000	0.171460
0.261500	0.172230
0.262000	0.173000
0.262500	0.173770
0.263000	0.174540
0.263500	0.175300
0.264000	0.176060
0.264500	0.176810
0.265000	0.177570
0.265500	0.178320
0.266000	0.179070
0.266500	0.179820
0.267000	0.180570
0.267500	0.181320
0.268000	0.182070
0.268500	0.182820
0.269000	0.183560
0.269500	0.184310
0.270000	0.185060
0.270500	0.185810
0.271000	0.186560
0.271500	0.187310
0.272000	0.188060
0.272500	0.188810
0.273000	0.189560
0.273500	0.190300
0.274000	0.191050
0.274500	0.191800
0.275000	0.192540
0.275500	0.193290
0.276000	0.194030
0.276500	0.194770
0.277000	0.195510
0.277500	0.196250
0.278000	0.196990
0.278500	0.197730
0.279000	0.198460
0.279500	0.199200
0.280000	0.199930
0.280500	0.200660
0.281000	0.201400
0.281500	0.202130
0.282000	0.202860
0.282500	0.203590
0.283000	0.204320
0.283500	0.205050
0.284000	0.205780
0.284500	0.206510
0.285000	0.207240
0.285500	0.207970
0.286000	0.208700
0.286500	0.209440
0.287000	0.210170
0.287500	0.210900
0.288000	0.211640
0.288500	0.212370
0.289000	0.213110
0.289500	0.213840
0.290000	0.214570
0.290500	0.215310
0.291000	0.216040
0.291500	0.216770
0.292000	0.217500
0.292500	0.218230
0.293000	0.218960
0.293500	0.219690
0.294000	0.220420
0.294500	0.221150
0.295000	0.221870
0.295500	0.222600
0.296000	0.223330
0.296500	0.224060
0.297000	0.224790
0.297500	0.225510
0.298000	0.226240
0.298500	0.226970
