0.000000	0.000538
0.000500	0.001602
0.001000	0.002763
0.001500	0.003970
0.002000	0.005166
0.002500	0.006409
0.003000	0.007728
0.003500	0.009120
0.004000	0.010502
0.004500	0.011866
0.005000	0.013275
0.005500	0.014742
0.006000	0.016177
0.006500	0.017564
0.007000	0.018924
0.007500	0.020315
0.008000	0.021707
0.008500	0.023089
0.009000	0.024510
0.009500	0.025922
0.010000	0.027303
0.010500	0.028691
0.011000	0.030014
0.011500	0.031216
0.012000	0.032317
0.012500	0.033468
0.013000	0.034614
0.013500	0.035529
0.014000	0.036403
0.014500	0.037284
0.015000	0.038084
0.015500	0.038798
0.016000	0.039451
0.016500	0.040044
0.017000	0.040472
0.017500	0.040824
0.018000	0.041135
0.018500	0.041244
0.019000	0.041132
0.019500	0.040898
0.020000	0.040573
0.020500	0.040077
0.021000	0.039392
0.021500	0.038552
0.022000	0.037581
0.022500	0.036477
0.023000	0.035254
0.023500	0.033824
0.024000	0.032174
0.024500	0.030336
0.025000	0.028284
0.025500	0.026168
0.026000	0.023962
0.026500	0.021570
0.027000	0.018984
0.027500	0.016327
0.028000	0.013537
0.028500	0.010540
0.029000	0.007415
0.029500	0.004169
0.030000	0.000748
0.030500	-0.002818
0.031000	-0.006494
0.031500	-0.010267
0.032000	-0.014089
0.032500	-0.018065
0.033000	-0.022174
0.033500	-0.026469
0.034000	-0.030922
0.034500	-0.035438
0.035000	-0.040020
0.035500	-0.044753
0.036000	-0.049666
0.036500	-0.054537
0.037000	-0.059423
0.037500	-0.064528
0.038000	-0.069802
0.038500	-0.074976
0.039000	-0.080173
0.039500	-0.085556
0.040000	-0.090979
0.040500	-0.096446
0.041000	-0.101934
0.041500	-0.107464
0.042000	-0.113016
0.042500	-0.118562
0.043000	-0.124158
0.043500	-0.129773
0.044000	-0.135360
0.044500	-0.141028
0.045000	-0.146751
0.045500	-0.152427
0.046000	-0.158102
0.046500	-0.163783
0.047000	-0.169496
0.047500	-0.175177
0.048000	-0.180842
0.048500	-0.186539
0.049000	-0.192236
0.049500	-0.197965
0.050000	-0.203759
0.050500	-0.209649
0.051000	-0.215507
0.051500	-0.221333
0.052000	-0.227336
0.052500	-0.233468
0.053000	-0.239712
0.053500	-0.246117
0.054000	-0.252780
0.054500	-0.259716
0.055000	-0.266878
0.055500	-0.274248
0.056000	-0.282021
0.056500	-0.290181
0.057000	-0.298743
0.057500	-0.307819
0.058000	-0.317491
0.058500	-0.327775
0.059000	-0.338638
0.059500	-0.350258
0.060000	-0.362617
0.060500	-0.375669
0.061000	-0.389493
0.061500	-0.404187
0.062000	-0.419813
0.062500	-0.436245
0.063000	-0.453529
0.063500	-0.471908
0.064000	-0.491429
0.064500	-0.512109
0.065000	-0.533980
0.065500	-0.557091
0.066000	-0.581569
0.066500	-0.607366
0.067000	-0.634548
0.067500	-0.663114
0.068000	-0.693128
0.068500	-0.724639
0.069000	-0.757695
0.069500	-0.792200
0.070000	-0.828184
0.070500	-0.865747
0.071000	-0.904838
0.071500	-0.945393
0.072000	-0.987349
0.072500	-1.030769
0.073000	-1.075525
0.073500	-1.121665
0.074000	-1.169301
0.074500	-1.218402
0.075000	-1.269129
0.075500	-1.321674
0.076000	-1.376182
0.076500	-1.432751
0.077000	-1.491411
0.077500	-1.552277
0.078000	-1.615620
0.078500	-1.681925
0.079000	-1.751610
0.079500	-1.824996
0.080000	-1.902727
0.080500	-1.985126
0.081000	-2.072513
0.081500	-2.165211
0.082000	-2.263542
0.082500	-2.367989
0.083000	-2.479194
0.083500	-2.598447
0.084000	-2.727033
0.084500	-2.866242
0.085000	-3.017198
0.085500	-3.181190
0.086000	-3.359345
0.086500	-3.552305
0.087000	-3.761037
0.087500	-3.986023
0.088000	-4.228390
0.088500	-4.488782
0.089000	-4.767360
0.089500	-5.064123
0.090000	-5.377141
0.090500	-5.704481
0.091000	-6.044535
0.091500	-6.398912
0.092000	-6.769545
0.092500	-7.158041
0.093000	-7.565848
0.093500	-7.993129
0.094000	-8.437308
0.094500	-8.894200
0.095000	-9.359462
0.095500	-9.830357
0.096000	-10.306561
0.096500	-10.787754
0.097000	-11.273776
0.097500	-11.761569
0.098000	-12.247430
0.098500	-12.727657
0.099000	-13.200322
0.099500	-13.664779
0.100000	-14.120867
0.100500	-14.568425
0.101000	-15.007294
0.101500	-15.436828
0.102000	-15.855901
0.102500	-16.264030
0.103000	-16.658319
0.103500	-17.041344
0.104000	-17.413101
0.104500	-17.776814
0.105000	-18.130869
0.105500	-18.478489
0.106000	-18.819670
0.106500	-19.149584
0.107000	-19.469843
0.107500	-19.780447
0.108000	-20.079786
0.108500	-20.372686
0.109000	-20.659149
0.109500	-20.942392
0.110000	-21.224028
0.110500	-21.500835
0.111000	-21.772816
0.111500	-22.036747
0.112000	-22.291023
0.112500	-22.537252
0.113000	-22.780264
0.113500	-23.021666
0.114000	-23.266287
0.114500	-23.518953
0.115000	-23.774839
0.115500	-24.035553
0.116000	-24.297874
0.116500	-24.555372
0.117000	-24.808039
0.117500	-25.054268
0.118000	-25.295670
0.118500	-25.533852
0.119000	-25.773643
0.119500	-26.016655
0.120000	-26.266102
0.120500	-26.525208
0.121000	-26.792360
0.121500	-27.070774
0.122000	-27.357239
0.122500	-27.648531
0.123000	-27.946259
0.123500	-28.245598
0.124000	-28.544933
0.124500	-28.847490
0.125000	-29.150049
0.125500	-29.455822
0.126000	-29.764818
0.126500	-30.077028
0.127000	-30.394070
0.127500	-30.714329
0.128000	-31.036200
0.128500	-31.364506
0.129000	-31.694422
0.129500	-32.030773
0.130000	-32.371956
0.130500	-32.719570
0.131000	-33.072018
0.131500	-33.429291
0.132000	-33.791397
0.132500	-34.156719
0.133000	-34.525257
0.133500	-34.895409
0.134000	-35.268776
0.134500	-35.642139
0.135000	-36.017117
0.135500	-36.392097
0.136000	-36.770290
0.136500	-37.146881
0.137000	-37.523464
0.137500	-37.901661
0.138000	-38.276638
0.138500	-38.650005
0.139000	-39.021763
0.139500	-39.391911
0.140000	-39.758842
0.140500	-40.125774
0.141000	-40.489487
0.141500	-40.853199
0.142000	-41.215302
0.142500	-41.574184
0.143000	-41.929852
0.143500	-42.282295
0.144000	-42.631523
0.144500	-42.977531
0.145000	-43.321934
0.145500	-43.663113
0.146000	-44.001072
0.146500	-44.339039
0.147000	-44.672169
0.147500	-45.002087
0.148000	-45.330391
0.148500	-45.657089
0.149000	-45.983788
0.149500	-46.307266
0.150000	-46.629135
0.150500	-46.951000
0.151000	-47.271259
0.151500	-47.586693
0.152000	-47.900517
0.152500	-48.209507
0.153000	-48.513676
0.153500	-48.814625
0.154000	-49.112350
0.154500	-49.403641
0.155000	-49.691715
0.155500	-49.976570
0.156000	-50.254986
0.156500	-50.525356
0.157000	-50.787678
0.157500	-51.041954
0.158000	-51.286575
0.158500	-51.518322
0.159000	-51.742020
0.159500	-51.957672
0.160000	-52.166889
0.160500	-52.372879
0.161000	-52.572441
0.161500	-52.763950
0.162000	-52.944199
0.162500	-53.114792
0.163000	-53.275723
0.163500	-53.427006
0.164000	-53.568623
0.164500	-53.702198
0.165000	-53.829342
0.165500	-53.953259
0.166000	-54.070740
0.166500	-54.183392
0.167000	-54.289612
0.167500	-54.389393
0.168000	-54.482731
0.168500	-54.569637
0.169000	-54.650105
0.169500	-54.724136
0.170000	-54.794945
0.170500	-54.862537
0.171000	-54.928520
0.171500	-54.994503
0.172000	-55.058880
0.172500	-55.121639
0.173000	-55.186016
0.173500	-55.248783
0.174000	-55.309937
0.174500	-55.372700
0.175000	-55.433853
0.175500	-55.496620
0.176000	-55.559380
0.176500	-55.620541
0.177000	-55.683300
0.177500	-55.744457
0.178000	-55.807220
0.178500	-55.869987
0.179000	-55.934361
0.179500	-56.000343
0.180000	-56.067936
0.180500	-56.140354
0.181000	-56.214386
0.181500	-56.291637
0.182000	-56.372101
0.182500	-56.455791
0.183000	-56.541080
0.183500	-56.629597
0.184000	-56.716503
0.184500	-56.805016
0.185000	-56.891922
0.185500	-56.980431
0.186000	-57.070560
0.186500	-57.163898
0.187000	-57.260464
0.187500	-57.361851
0.188000	-57.468063
0.188500	-57.577499
0.189000	-57.690155
0.189500	-57.806026
0.190000	-57.923512
0.190500	-58.042603
0.191000	-58.161690
0.191500	-58.280785
0.192000	-58.398262
0.192500	-58.512531
0.193000	-58.623569
0.193500	-58.733009
0.194000	-58.837620
0.194500	-58.939007
0.195000	-59.037174
0.195500	-59.130520
0.196000	-59.219032
0.196500	-59.301105
0.197000	-59.376747
0.197500	-59.445950
0.198000	-59.510323
0.198500	-59.568260
0.199000	-59.621368
0.199500	-59.674480
0.200000	-59.724365
0.200500	-59.775867
0.201000	-59.827362
0.201500	-59.880470
0.202000	-59.933582
0.202500	-59.988300
0.203000	-60.041405
0.203500	-60.094513
0.204000	-60.147625
0.204500	-60.199120
0.205000	-60.250622
0.205500	-60.302120
0.206000	-60.353619
0.206500	-60.405117
0.207000	-60.456619
0.207500	-60.508114
0.208000	-60.556393
0.208500	-60.601456
0.209000	-60.641689
0.209500	-60.678703
0.210000	-60.714115
0.210500	-60.747910
0.211000	-60.781708
0.211500	-60.815502
0.212000	-60.849300
0.212500	-60.883095
0.213000	-60.913670
0.213500	-60.942638
0.214000	-60.969994
0.214500	-60.992527
0.215000	-61.013447
0.215500	-61.031155
0.216000	-61.045635
0.216500	-61.060123
0.217000	-61.071388
0.217500	-61.081039
0.218000	-61.090698
0.218500	-61.095528
0.219000	-61.100353
0.219500	-61.101963
0.220000	-61.101963
0.220500	-61.100353
0.221000	-61.097137
0.221500	-61.090698
0.222000	-61.084263
0.222500	-61.074608
0.223000	-61.064949
0.223500	-61.053684
0.224000	-61.042419
0.224500	-61.031155
0.225000	-61.018280
0.225500	-61.005405
0.226000	-60.992527
0.226500	-60.979652
0.227000	-60.966778
0.227500	-60.953903
0.228000	-60.939423
0.228500	-60.926548
0.229000	-60.912060
0.229500	-60.895969
0.230000	-60.881485
0.230500	-60.866997
0.231000	-60.850906
0.231500	-60.836418
0.232000	-60.821938
0.232500	-60.809063
0.233000	-60.797798
0.233500	-60.788139
0.234000	-60.778484
0.234500	-60.772049
0.235000	-60.765610
0.235500	-60.762394
0.236000	-60.759174
0.236500	-60.757561
0.237000	-60.755955
0.237500	-60.755955
0.238000	-60.757561
0.238500	-60.759174
0.239000	-60.762394
0.239500	-60.765610
0.240000	-60.770443
0.240500	-60.775269
0.241000	-60.781708
0.241500	-60.788139
0.242000	-60.794582
0.242500	-60.801014
0.243000	-60.807453
0.243500	-60.812279
0.244000	-60.818722
0.244500	-60.821938
0.245000	-60.825153
0.245500	-60.825153
0.246000	-60.823544
0.246500	-60.820328
0.247000	-60.813889
0.247500	-60.805847
0.248000	-60.796188
0.248500	-60.784924
0.249000	-60.770443
0.249500	-60.755955
0.250000	-60.739861
0.250500	-60.722157
0.251000	-60.702850
0.251500	-60.683537
0.252000	-60.664223
0.252500	-60.644909
0.253000	-60.623985
0.253500	-60.603069
0.254000	-60.582146
0.254500	-60.561226
0.255000	-60.540302
0.255500	-60.517773
0.256000	-60.496849
0.256500	-60.475929
0.257000	-60.455006
0.257500	-60.435699
0.258000	-60.416386
0.258500	-60.397072
0.259000	-60.377758
0.259500	-60.358448
0.260000	-60.339134
0.260500	-60.319820
0.261000	-60.298901
0.261500	-60.277981
0.262000	-60.257061
0.262500	-60.236137
0.263000	-60.213608
0.263500	-60.191078
0.264000	-60.168545
0.264500	-60.146015
0.265000	-60.123486
0.265500	-60.100952
0.266000	-60.076817
0.266500	-60.054283
0.267000	-60.031746
0.267500	-60.007607
0.268000	-59.985077
0.268500	-59.962547
0.269000	-59.940014
0.269500	-59.919094
0.270000	-59.898178
0.270500	-59.877254
0.271000	-59.856335
0.271500	-59.835411
0.272000	-59.814487
0.272500	-59.791958
0.273000	-59.769428
0.273500	-59.743679
0.274000	-59.717926
0.274500	-59.688961
0.275000	-59.658382
0.275500	-59.627804
0.276000	-59.594006
0.276500	-59.560211
0.277000	-59.524807
0.277500	-59.487793
0.278000	-59.449165
0.278500	-59.412151
0.279000	-59.371918
0.279500	-59.333294
0.280000	-59.293060
0.280500	-59.252831
0.281000	-59.214203
0.281500	-59.173973
0.282000	-59.135345
0.282500	-59.098331
0.283000	-59.061317
0.283500	-59.025906
0.284000	-58.992111
0.284500	-58.958317
0.285000	-58.924519
0.285500	-58.893948
0.286000	-58.863365
0.286500	-58.832787
0.287000	-58.803822
0.287500	-58.774853
0.288000	-58.744274
0.288500	-58.715309
0.289000	-58.684731
0.289500	-58.654152
0.290000	-58.621964
0.290500	-58.588165
0.291000	-58.554371
0.291500	-58.517357
0.292000	-58.481953
0.292500	-58.443325
0.293000	-58.404705
0.293500	-58.364468
0.294000	-58.324238
0.294500	-58.282394
0.295000	-58.240547
0.295500	-58.197098
0.296000	-58.155258
0.296500	-58.110195
0.297000	-58.066742
0.297500	-58.021683
0.298000	-57.976620
0.298500	-57.931561
