0.000000	9071.864258
0.000500	9071.864258
0.001000	9071.864258
0.001500	9071.864258
0.002000	9071.864258
0.002500	9072.118164
0.003000	9072.118164
0.003500	9072.118164
0.004000	9072.118164
0.004500	9072.118164
0.005000	9072.118164
0.005500	9072.118164
0.006000	9072.118164
0.006500	9072.118164
0.007000	9072.118164
0.007500	9072.118164
0.008000	9072.118164
0.008500	9072.118164
0.009000	9072.118164
0.009500	9072.118164
0.010000	9072.118164
0.010500	9072.118164
0.011000	9072.118164
0.011500	9072.118164
0.012000	9072.371094
0.012500	9072.371094
0.013000	9072.371094
0.013500	9072.371094
0.014000	9072.371094
0.014500	9072.371094
0.015000	9072.371094
0.015500	9072.371094
0.016000	9072.371094
0.016500	9072.371094
0.017000	9072.371094
0.017500	9072.371094
0.018000	9072.371094
0.018500	9072.371094
0.019000	9072.371094
0.019500	9072.371094
0.020000	9072.371094
0.020500	9072.371094
0.021000	9072.371094
0.021500	9072.371094
0.022000	9072.371094
0.022500	9072.371094
0.023000	9072.371094
0.023500	9072.371094
0.024000	9072.371094
0.024500	9072.371094
0.025000	9072.371094
0.025500	9072.371094
0.026000	9072.371094
0.026500	9072.371094
0.027000	9072.118164
0.027500	9072.118164
0.028000	9072.118164
0.028500	9072.118164
0.029000	9072.118164
0.029500	9072.118164
0.030000	9072.118164
0.030500	9072.118164
0.031000	9072.118164
0.031500	9071.864258
0.032000	9071.864258
0.032500	9071.864258
0.033000	9071.864258
0.033500	9071.864258
0.034000	9071.864258
0.034500	9071.864258
0.035000	9071.609375
0.035500	9071.609375
0.036000	9071.609375
0.036500	9071.609375
0.037000	9071.609375
0.037500	9071.609375
0.038000	9071.355469
0.038500	9071.355469
0.039000	9071.355469
0.039500	9071.355469
0.040000	9071.355469
0.040500	9071.102539
0.041000	9071.102539
0.041500	9071.102539
0.042000	9071.102539
0.042500	9071.102539
0.043000	9071.102539
0.043500	9070.847656
0.044000	9070.847656
0.044500	9070.847656
0.045000	9070.847656
0.045500	9070.847656
0.046000	9070.593750
0.046500	9070.593750
0.047000	9070.593750
0.047500	9070.593750
0.048000	9070.593750
0.048500	9070.339844
0.049000	9070.339844
0.049500	9070.339844
0.050000	9070.339844
0.050500	9070.085938
0.051000	9070.085938
0.051500	9070.085938
0.052000	9069.832031
0.052500	9069.832031
0.053000	9069.832031
0.053500	9069.578125
0.054000	9069.578125
0.054500	9069.323242
0.055000	9069.323242
0.055500	9069.070312
0.056000	9069.070312
0.056500	9068.816406
0.057000	9068.561523
0.057500	9068.561523
0.058000	9068.307617
0.058500	9068.054688
0.059000	9067.799805
0.059500	9067.545898
0.060000	9067.291992
0.060500	9067.037109
0.061000	9066.784180
0.061500	9066.530273
0.062000	9066.021484
0.062500	9065.768555
0.063000	9065.513672
0.063500	9065.005859
0.064000	9064.751953
0.064500	9064.243164
0.065000	9063.989258
0.065500	9063.481445
0.066000	9062.973633
0.066500	9062.465820
0.067000	9062.211914
0.067500	9061.704102
0.068000	9061.195312
0.068500	9060.688477
0.069000	9060.180664
0.069500	9059.671875
0.070000	9059.164062
0.070500	9058.656250
0.071000	9058.147461
0.071500	9057.639648
0.072000	9057.131836
0.072500	9056.623047
0.073000	9056.370117
0.073500	9056.116211
0.074000	9055.607422
0.074500	9055.354492
0.075000	9055.354492
0.075500	9055.099609
0.076000	9055.099609
0.076500	9055.099609
0.077000	9055.354492
0.077500	9055.354492
0.078000	9055.607422
0.078500	9055.861328
0.079000	9056.370117
0.079500	9056.623047
0.080000	9057.131836
0.080500	9057.893555
0.081000	9058.402344
0.081500	9059.164062
0.082000	9059.925781
0.082500	9060.688477
0.083000	9061.195312
0.083500	9061.957031
0.084000	9062.719727
0.084500	9063.227539
0.085000	9063.736328
0.085500	9063.989258
0.086000	9064.243164
0.086500	9064.243164
0.087000	9063.989258
0.087500	9063.481445
0.088000	9062.973633
0.088500	9062.211914
0.089000	9061.195312
0.089500	9060.180664
0.090000	9058.909180
0.090500	9057.385742
0.091000	9055.861328
0.091500	9054.337891
0.092000	9052.813477
0.092500	9051.542969
0.093000	9050.273438
0.093500	9049.511719
0.094000	9049.511719
0.094500	9050.019531
0.095000	9051.542969
0.095500	9053.830078
0.096000	9057.131836
0.096500	9061.195312
0.097000	9065.768555
0.097500	9071.102539
0.098000	9076.436523
0.098500	9082.023438
0.099000	9087.103516
0.099500	9091.930664
0.100000	9095.993164
0.100500	9099.295898
0.101000	9101.582031
0.101500	9103.106445
0.102000	9103.360352
0.102500	9102.851562
0.103000	9101.328125
0.103500	9099.295898
0.104000	9096.501953
0.104500	9093.454102
0.105000	9089.898438
0.105500	9086.341797
0.106000	9082.785156
0.106500	9079.484375
0.107000	9076.436523
0.107500	9073.641602
0.108000	9071.102539
0.108500	9069.070312
0.109000	9067.545898
0.109500	9066.275391
0.110000	9065.513672
0.110500	9065.259766
0.111000	9065.259766
0.111500	9065.768555
0.112000	9066.784180
0.112500	9068.054688
0.113000	9069.832031
0.113500	9071.864258
0.114000	9074.150391
0.114500	9076.689453
0.115000	9079.484375
0.115500	9082.278320
0.116000	9085.326172
0.116500	9088.374023
0.117000	9091.167969
0.117500	9094.216797
0.118000	9096.755859
0.118500	9099.549805
0.119000	9101.835938
0.119500	9104.122070
0.120000	9106.154297
0.120500	9108.185547
0.121000	9109.964844
0.121500	9111.488281
0.122000	9113.265625
0.122500	9114.790039
0.123000	9116.313477
0.123500	9117.837891
0.124000	9119.362305
0.124500	9120.885742
0.125000	9122.664062
0.125500	9124.187500
0.126000	9125.711914
0.126500	9127.235352
0.127000	9128.759766
0.127500	9130.283203
0.128000	9131.554688
0.128500	9132.569336
0.129000	9133.585938
0.129500	9134.093750
0.130000	9134.601562
0.130500	9134.856445
0.131000	9134.856445
0.131500	9134.601562
0.132000	9134.093750
0.132500	9133.331055
0.133000	9132.315430
0.133500	9131.044922
0.134000	9129.521484
0.134500	9127.997070
0.135000	9126.219727
0.135500	9124.187500
0.136000	9122.156250
0.136500	9119.869141
0.137000	9117.583008
0.137500	9115.043945
0.138000	9112.503906
0.138500	9109.964844
0.139000	9107.423828
0.139500	9104.883789
0.140000	9102.089844
0.140500	9099.549805
0.141000	9097.009766
0.141500	9094.216797
0.142000	9091.675781
0.142500	9089.135742
0.143000	9086.850586
0.143500	9084.309570
0.144000	9082.023438
0.144500	9079.737305
0.145000	9077.706055
0.145500	9075.673828
0.146000	9073.895508
0.146500	9072.118164
0.147000	9070.339844
0.147500	9069.070312
0.148000	9067.545898
0.148500	9066.530273
0.149000	9065.513672
0.149500	9064.751953
0.150000	9064.243164
0.150500	9063.736328
0.151000	9063.736328
0.151500	9063.736328
0.152000	9063.989258
0.152500	9064.498047
0.153000	9065.259766
0.153500	9066.021484
0.154000	9067.037109
0.154500	9068.307617
0.155000	9069.578125
0.155500	9070.847656
0.156000	9072.371094
0.156500	9074.150391
0.157000	9075.927734
0.157500	9077.706055
0.158000	9079.737305
0.158500	9081.769531
0.159000	9084.055664
0.159500	9086.341797
0.160000	9088.881836
0.160500	9091.421875
0.161000	9093.961914
0.161500	9096.755859
0.162000	9099.803711
0.162500	9102.851562
0.163000	9105.899414
0.163500	9109.202148
0.164000	9112.503906
0.164500	9115.806641
0.165000	9119.362305
0.165500	9123.171875
0.166000	9126.981445
0.166500	9130.792969
0.167000	9134.856445
0.167500	9138.919922
0.168000	9142.983398
0.168500	9147.301758
0.169000	9151.874023
0.169500	9156.191406
0.170000	9160.763672
0.170500	9165.335938
0.171000	9169.907227
0.171500	9174.734375
0.172000	9179.305664
0.172500	9184.131836
0.173000	9188.957031
0.173500	9193.784180
0.174000	9198.356445
0.174500	9203.181641
0.175000	9207.753906
0.175500	9212.326172
0.176000	9216.643555
0.176500	9220.961914
0.177000	9225.280273
0.177500	9229.089844
0.178000	9233.154297
0.178500	9236.709961
0.179000	9240.011719
0.179500	9243.313477
0.180000	9246.108398
0.180500	9248.902344
0.181000	9251.442383
0.181500	9253.727539
0.182000	9255.759766
0.182500	9257.538086
0.183000	9259.316406
0.183500	9260.840820
0.184000	9262.364258
0.184500	9263.633789
0.185000	9264.904297
0.185500	9266.173828
0.186000	9267.190430
0.186500	9268.207031
0.187000	9269.221680
0.187500	9270.492188
0.188000	9271.506836
0.188500	9272.523438
0.189000	9273.792969
0.189500	9275.063477
0.190000	9276.333984
0.190500	9277.857422
0.191000	9279.635742
0.191500	9281.414062
0.192000	9283.445312
0.192500	9285.731445
0.193000	9288.271484
0.193500	9291.066406
0.194000	9293.859375
0.194500	9296.907227
0.195000	9300.209961
0.195500	9303.766602
0.196000	9307.576172
0.196500	9311.385742
0.197000	9315.196289
0.197500	9319.259766
0.198000	9323.578125
0.198500	9327.895508
0.199000	9332.467773
0.199500	9337.040039
0.200000	9341.612305
0.200500	9346.437500
0.201000	9351.263672
0.201500	9356.343750
0.202000	9361.423828
0.202500	9366.503906
0.203000	9371.583984
0.203500	9376.664062
0.204000	9381.998047
0.204500	9387.078125
0.205000	9391.904297
0.205500	9396.984375
0.206000	9401.809570
0.206500	9406.636719
0.207000	9411.207031
0.207500	9415.780273
0.208000	9420.097656
0.208500	9424.416992
0.209000	9428.480469
0.209500	9432.543945
0.210000	9436.353516
0.210500	9440.164062
0.211000	9443.719727
0.211500	9447.021484
0.212000	9450.324219
0.212500	9453.372070
0.213000	9456.419922
0.213500	9459.213867
0.214000	9462.007812
0.214500	9464.547852
0.215000	9467.087891
0.215500	9469.627930
0.216000	9471.914062
0.216500	9474.454102
0.217000	9476.740234
0.217500	9479.025391
0.218000	9481.311523
0.218500	9483.597656
0.219000	9486.138672
0.219500	9488.423828
0.220000	9490.963867
0.220500	9493.504883
0.221000	9496.042969
0.221500	9498.837891
0.222000	9501.631836
0.222500	9504.680664
0.223000	9507.727539
0.223500	9511.030273
0.224000	9514.332031
0.224500	9517.633789
0.225000	9521.189453
0.225500	9525.000000
0.226000	9528.809570
0.226500	9532.619141
0.227000	9536.683594
0.227500	9540.748047
0.228000	9544.812500
0.228500	9549.130859
0.229000	9553.447266
0.229500	9557.765625
0.230000	9562.083008
0.230500	9566.656250
0.231000	9571.228516
0.231500	9575.544922
0.232000	9580.118164
0.232500	9584.690430
0.233000	9589.261719
0.233500	9593.833984
0.234000	9598.406250
0.234500	9602.977539
0.235000	9607.549805
0.235500	9612.122070
0.236000	9616.439453
0.236500	9620.757812
0.237000	9625.076172
0.237500	9629.393555
0.238000	9633.711914
0.238500	9637.776367
0.239000	9641.839844
0.239500	9645.650391
0.240000	9649.459961
0.240500	9653.269531
0.241000	9657.081055
0.241500	9660.635742
0.242000	9664.192383
0.242500	9667.747070
0.243000	9671.049805
0.243500	9674.351562
0.244000	9677.654297
0.244500	9680.702148
0.245000	9683.750000
0.245500	9686.797852
0.246000	9689.845703
0.246500	9692.640625
0.247000	9695.688477
0.247500	9698.481445
0.248000	9701.275391
0.248500	9704.069336
0.249000	9706.609375
0.249500	9709.404297
0.250000	9712.197266
0.250500	9714.738281
0.251000	9717.531250
0.251500	9720.072266
0.252000	9722.866211
0.252500	9725.406250
0.253000	9728.200195
0.253500	9730.739258
0.254000	9733.280273
0.254500	9736.073242
0.255000	9738.614258
0.255500	9741.153320
0.256000	9743.948242
0.256500	9746.487305
0.257000	9749.028320
0.257500	9751.567383
0.258000	9754.107422
0.258500	9756.648438
0.259000	9759.187500
0.259500	9761.728516
0.260000	9764.014648
0.260500	9766.553711
0.261000	9768.839844
0.261500	9771.125977
0.262000	9773.412109
0.262500	9775.697266
0.263000	9777.983398
0.263500	9780.015625
0.264000	9782.301758
0.264500	9784.587891
0.265000	9786.619141
0.265500	9788.906250
0.266000	9791.192383
0.266500	9793.223633
0.267000	9795.509766
0.267500	9797.794922
0.268000	9800.081055
0.268500	9802.113281
0.269000	9804.399414
0.269500	9806.685547
0.270000	9808.971680
0.270500	9811.257812
0.271000	9813.290039
0.271500	9815.575195
0.272000	9817.861328
0.272500	9819.893555
0.273000	9822.179688
0.273500	9824.465820
0.274000	9826.498047
0.274500	9828.784180
0.275000	9830.816406
0.275500	9833.102539
0.276000	9835.133789
0.276500	9837.419922
0.277000	9839.452148
0.277500	9841.737305
0.278000	9844.023438
0.278500	9846.309570
0.279000	9848.341797
0.279500	9850.881836
0.280000	9853.168945
0.280500	9855.454102
0.281000	9857.740234
0.281500	9860.280273
0.282000	9862.819336
0.282500	9865.106445
0.283000	9867.645508
0.283500	9870.185547
0.284000	9872.725586
0.284500	9875.265625
0.285000	9877.806641
0.285500	9880.345703
0.286000	9882.885742
0.286500	9885.425781
0.287000	9887.965820
0.287500	9890.505859
0.288000	9893.045898
0.288500	9895.585938
0.289000	9897.872070
0.289500	9900.411133
0.290000	9902.697266
0.290500	9905.238281
0.291000	9907.524414
0.291500	9910.063477
0.292000	9912.349609
0.292500	9914.890625
0.293000	9917.175781
0.293500	9919.461914
0.294000	9921.748047
0.294500	9924.288086
0.295000	9926.574219
0.295500	9928.859375
0.296000	9931.145508
0.296500	9933.431641
0.297000	9935.718750
0.297500	9938.256836
0.298000	9940.542969
0.298500	9942.830078
