0.000000	-1.903200
0.000500	-7.171500
0.001000	-2.889000
0.001500	-5.189700
0.002000	-4.848700
0.002500	-6.493600
0.003000	-4.842100
0.003500	-4.852100
0.004000	-6.141000
0.004500	-2.509600
0.005000	-3.511400
0.005500	-1.857300
0.006000	-2.200400
0.006500	-2.828900
0.007000	-3.822200
0.007500	-2.170500
0.008000	-2.835000
0.008500	-4.177800
0.009000	-2.524700
0.009500	-0.232880
0.010000	-1.559900
0.010500	0.739020
0.011000	0.063076
0.011500	0.689360
0.012000	2.683000
0.012500	4.637000
0.013000	5.294500
0.013500	3.300000
0.014000	6.262300
0.014500	4.623800
0.015000	2.957100
0.015500	7.892000
0.016000	6.527100
0.016500	9.857800
0.017000	5.556600
0.017500	7.536900
0.018000	4.234300
0.018500	6.888400
0.019000	5.571400
0.019500	6.223200
0.020000	3.898800
0.020500	4.595800
0.021000	5.571200
0.021500	4.234800
0.022000	6.556200
0.022500	6.554500
0.023000	6.886500
0.023500	2.920500
0.024000	3.897300
0.024500	4.905000
0.025000	6.872100
0.025500	5.878000
0.026000	2.263100
0.026500	5.205500
0.027000	7.177000
0.027500	8.153800
0.028000	3.545200
0.028500	3.857100
0.029000	4.832100
0.029500	5.499400
0.030000	8.135600
0.030500	4.859400
0.031000	6.825200
0.031500	7.475900
0.032000	3.166600
0.032500	1.567500
0.033000	5.827800
0.033500	2.526300
0.034000	0.908040
0.034500	5.535600
0.035000	3.624000
0.035500	1.705100
0.036000	-4.170800
0.036500	-5.087800
0.037000	-3.062800
0.037500	-7.341100
0.038000	-9.344500
0.038500	-8.716400
0.039000	-13.721000
0.039500	-8.541100
0.040000	-10.539000
0.040500	-10.978000
0.041000	-6.409000
0.041500	-10.743000
0.042000	-5.189200
0.042500	-5.523300
0.043000	-7.467700
0.043500	-2.502100
0.044000	-1.782900
0.044500	-2.011000
0.045000	-2.917300
0.045500	-3.825700
0.046000	0.230880
0.046500	3.294300
0.047000	2.350800
0.047500	4.039300
0.048000	5.694900
0.048500	11.607000
0.049000	20.790001
0.049500	26.322001
0.050000	34.463001
0.050500	43.527000
0.051000	48.348000
0.051500	60.717999
0.052000	66.495003
0.052500	74.884003
0.053000	83.242996
0.053500	97.193001
0.054000	101.599998
0.054500	107.279999
0.055000	116.589996
0.055500	117.669998
0.056000	117.459999
0.056500	118.260002
0.057000	122.709999
0.057500	123.580002
0.058000	126.830002
0.058500	127.809998
0.059000	132.789993
0.059500	132.550003
0.060000	136.949997
0.060500	134.139999
0.061000	131.720001
0.061500	126.309998
0.062000	122.870003
0.062500	124.379997
0.063000	117.339996
0.063500	121.430000
0.064000	120.260002
0.064500	120.400002
0.065000	124.160004
0.065500	120.400002
0.066000	112.680000
0.066500	104.980003
0.067000	83.843002
0.067500	62.070999
0.068000	32.459999
0.068500	4.257200
0.069000	-22.497999
0.069500	-61.237000
0.070000	-98.783997
0.070500	-143.360001
0.071000	-188.679993
0.071500	-243.669998
0.072000	-307.980011
0.072500	-374.730011
0.073000	-451.579987
0.073500	-529.640015
0.074000	-608.950012
0.074500	-685.690002
0.075000	-751.289978
0.075500	-798.650024
0.076000	-831.679993
0.076500	-854.690002
0.077000	-872.559998
0.077500	-895.479980
0.078000	-939.239990
0.078500	-982.789978
0.079000	-1031.199951
0.079500	-1054.599976
0.080000	-1057.599976
0.080500	-1034.300049
0.081000	-983.070007
0.081500	-919.619995
0.082000	-837.630005
0.082500	-741.400024
0.083000	-637.450012
0.083500	-526.750000
0.084000	-415.540009
0.084500	-299.790009
0.085000	-179.399994
0.085500	-67.749001
0.086000	22.749001
0.086500	80.016998
0.087000	140.990005
0.087500	140.330002
0.088000	148.279999
0.088500	132.270004
0.089000	103.480003
0.089500	59.707001
0.090000	21.957001
0.090500	-26.438999
0.091000	-114.860001
0.091500	-256.070007
0.092000	-488.299988
0.092500	-824.849976
0.093000	-1264.900024
0.093500	-1737.599976
0.094000	-2171.199951
0.094500	-2460.300049
0.095000	-2511.899902
0.095500	-2269.000000
0.096000	-1715.400024
0.096500	-893.219971
0.097000	130.220001
0.097500	1272.400024
0.098000	2452.500000
0.098500	3574.600098
0.099000	4596.799805
0.099500	5422.100098
0.100000	6032.100098
0.100500	6379.299805
0.101000	6478.000000
0.101500	6319.100098
0.102000	5943.200195
0.102500	5356.799805
0.103000	4612.299805
0.103500	3747.600098
0.104000	2837.300049
0.104500	1905.000000
0.105000	1005.299988
0.105500	168.550003
0.106000	-533.700012
0.106500	-1080.500000
0.107000	-1454.199951
0.107500	-1708.099976
0.108000	-1906.699951
0.108500	-2057.000000
0.109000	-2221.000000
0.109500	-2355.600098
0.110000	-2446.000000
0.110500	-2442.699951
0.111000	-2376.399902
0.111500	-2251.699951
0.112000	-2116.300049
0.112500	-1933.900024
0.113000	-1719.900024
0.113500	-1461.099976
0.114000	-1196.500000
0.114500	-889.559998
0.115000	-586.440002
0.115500	-279.700012
0.116000	-1.313900
0.116500	261.380005
0.117000	485.459991
0.117500	674.359985
0.118000	808.150024
0.118500	896.840027
0.119000	930.210022
0.119500	914.710022
0.120000	845.770020
0.120500	744.799988
0.121000	620.479980
0.121500	492.480011
0.122000	362.790009
0.122500	269.079987
0.123000	189.990005
0.123500	137.949997
0.124000	114.589996
0.124500	117.849998
0.125000	151.710007
0.125500	212.529999
0.126000	301.600006
0.126500	409.109985
0.127000	525.179993
0.127500	660.150024
0.128000	787.619995
0.128500	890.530029
0.129000	967.099976
0.129500	1024.300049
0.130000	1041.599976
0.130500	1019.400024
0.131000	975.679993
0.131500	920.580017
0.132000	849.500000
0.132500	762.760010
0.133000	673.960022
0.133500	575.260010
0.134000	479.579987
0.134500	375.070007
0.135000	289.850006
0.135500	210.619995
0.136000	122.830002
0.136500	46.544998
0.137000	-23.875999
0.137500	-84.933998
0.138000	-148.770004
0.138500	-203.100006
0.139000	-244.770004
0.139500	-283.929993
0.140000	-318.619995
0.140500	-358.209991
0.141000	-392.890015
0.141500	-445.690002
0.142000	-501.679993
0.142500	-555.919983
0.143000	-607.570007
0.143500	-667.330017
0.144000	-723.669983
0.144500	-761.250000
0.145000	-792.280029
0.145500	-828.460022
0.146000	-870.640015
0.146500	-930.140015
0.147000	-1011.299988
0.147500	-1102.300049
0.148000	-1198.599976
0.148500	-1272.099976
0.149000	-1334.000000
0.149500	-1374.099976
0.150000	-1391.099976
0.150500	-1385.300049
0.151000	-1362.500000
0.151500	-1321.400024
0.152000	-1261.400024
0.152500	-1191.300049
0.153000	-1101.500000
0.153500	-1012.000000
0.154000	-913.049988
0.154500	-839.219971
0.155000	-772.280029
0.155500	-715.099976
0.156000	-665.780029
0.156500	-626.989990
0.157000	-596.119995
0.157500	-575.200012
0.158000	-542.280029
0.158500	-519.109985
0.159000	-491.220001
0.159500	-470.459991
0.160000	-442.320007
0.160500	-417.049988
0.161000	-386.320007
0.161500	-362.570007
0.162000	-331.980011
0.162500	-301.149994
0.163000	-269.529999
0.163500	-242.809998
0.164000	-213.759995
0.164500	-184.880005
0.165000	-167.039993
0.165500	-149.100006
0.166000	-137.289993
0.166500	-104.580002
0.167000	-82.098000
0.167500	-50.074001
0.168000	-17.261000
0.168500	21.632000
0.169000	59.612000
0.169500	97.024002
0.170000	131.559998
0.170500	173.360001
0.171000	225.240005
0.171500	283.260010
0.172000	345.820007
0.172500	413.829987
0.173000	480.070007
0.173500	548.299988
0.174000	616.820007
0.174500	690.190002
0.175000	759.869995
0.175500	842.739990
0.176000	925.919983
0.176500	1003.400024
0.177000	1089.800049
0.177500	1164.400024
0.178000	1231.199951
0.178500	1286.099976
0.179000	1323.699951
0.179500	1345.000000
0.180000	1343.099976
0.180500	1314.800049
0.181000	1263.300049
0.181500	1194.199951
0.182000	1105.699951
0.182500	1013.400024
0.183000	908.440002
0.183500	804.669983
0.184000	700.150024
0.184500	600.969971
0.185000	505.179993
0.185500	409.730011
0.186000	318.630005
0.186500	221.300003
0.187000	109.540001
0.187500	-12.157000
0.188000	-145.139999
0.188500	-281.269989
0.189000	-418.820007
0.189500	-548.700012
0.190000	-679.770020
0.190500	-795.380005
0.191000	-906.619995
0.191500	-1002.900024
0.192000	-1076.400024
0.192500	-1131.699951
0.193000	-1152.300049
0.193500	-1140.300049
0.194000	-1104.500000
0.194500	-1047.000000
0.195000	-977.109985
0.195500	-907.710022
0.196000	-848.200012
0.196500	-792.640015
0.197000	-752.590027
0.197500	-721.880005
0.198000	-704.979980
0.198500	-692.640015
0.199000	-677.510010
0.199500	-652.570007
0.200000	-619.010010
0.200500	-565.650024
0.201000	-497.339996
0.201500	-407.239990
0.202000	-305.510010
0.202500	-192.940002
0.203000	-77.010002
0.203500	50.918999
0.204000	161.039993
0.204500	274.179993
0.205000	374.989990
0.205500	461.989990
0.206000	535.960022
0.206500	596.760010
0.207000	655.250000
0.207500	701.950012
0.208000	741.570007
0.208500	772.280029
0.209000	799.059998
0.209500	825.969971
0.210000	838.479980
0.210500	851.950012
0.211000	859.580017
0.211500	851.580017
0.212000	837.340027
0.212500	816.919983
0.213000	779.619995
0.213500	734.869995
0.214000	681.619995
0.214500	616.359985
0.215000	547.750000
0.215500	466.070007
0.216000	381.510010
0.216500	290.299988
0.217000	192.270004
0.217500	89.939003
0.218000	-8.966200
0.218500	-108.519997
0.219000	-205.119995
0.219500	-290.309998
0.220000	-369.899994
0.220500	-440.350006
0.221000	-506.079987
0.221500	-554.780029
0.222000	-591.659973
0.222500	-623.159973
0.223000	-633.799988
0.223500	-641.500000
0.224000	-635.190002
0.224500	-618.539978
0.225000	-595.390015
0.225500	-567.940002
0.226000	-531.630005
0.226500	-501.619995
0.227000	-472.570007
0.227500	-447.429993
0.228000	-417.049988
0.228500	-396.239990
0.229000	-366.459991
0.229500	-339.670013
0.230000	-306.390015
0.230500	-277.690002
0.231000	-239.119995
0.231500	-196.960007
0.232000	-154.500000
0.232500	-111.620003
0.233000	-64.490997
0.233500	-23.677000
0.234000	23.073999
0.234500	65.591003
0.235000	106.760002
0.235500	148.199997
0.236000	183.750000
0.236500	213.740005
0.237000	248.899994
0.237500	270.679993
0.238000	295.760010
0.238500	307.679993
0.239000	322.540009
0.239500	332.510010
0.240000	336.950012
0.240500	334.739990
0.241000	335.200012
0.241500	329.100006
0.242000	327.950012
0.242500	318.899994
0.243000	310.500000
0.243500	305.140015
0.244000	298.179993
0.244500	283.359985
0.245000	271.920013
0.245500	247.059998
0.246000	224.509995
0.246500	196.080002
0.247000	167.720001
0.247500	137.360001
0.248000	102.720001
0.248500	76.685997
0.249000	52.932999
0.249500	31.773001
0.250000	15.603000
0.250500	-2.200900
0.251000	-13.155000
0.251500	-20.888000
0.252000	-24.978001
0.252500	-29.764999
0.253000	-26.400999
0.253500	-19.101999
0.254000	-7.211900
0.254500	3.960800
0.255000	14.082000
0.255500	24.938999
0.256000	43.928001
0.256500	57.664001
0.257000	77.297997
0.257500	99.204002
0.258000	120.470001
0.258500	143.639999
0.259000	159.619995
0.259500	170.350006
0.260000	179.759995
0.260500	177.000000
0.261000	165.759995
0.261500	153.490005
0.262000	125.760002
0.262500	102.330002
0.263000	72.983002
0.263500	55.159000
0.264000	32.125999
0.264500	20.323000
0.265000	12.858000
0.265500	3.474700
0.266000	-1.882300
0.266500	-4.192200
0.267000	-9.129900
0.267500	-15.328000
0.268000	-17.862000
0.268500	-21.403000
0.269000	-28.889999
0.269500	-31.795000
0.270000	-37.026001
0.270500	-37.076000
0.271000	-34.859001
0.271500	-40.903999
0.272000	-40.792999
0.272500	-42.681999
0.273000	-52.535999
0.273500	-58.804001
0.274000	-72.021004
0.274500	-84.990997
0.275000	-103.260002
0.275500	-117.290001
0.276000	-130.990005
0.276500	-138.750000
0.277000	-148.850006
0.277500	-149.050003
0.278000	-149.559998
0.278500	-142.509995
0.279000	-138.679993
0.279500	-134.490005
0.280000	-127.010002
0.280500	-117.839996
0.281000	-114.209999
0.281500	-105.699997
0.282000	-91.244003
0.282500	-81.660004
0.283000	-71.385002
0.283500	-58.155998
0.284000	-49.547001
0.284500	-30.386999
0.285000	-25.395000
0.285500	-7.954800
0.286000	-0.427560
0.286500	11.315000
0.287000	16.721001
0.287500	27.363001
0.288000	34.639999
0.288500	39.236000
0.289000	39.820999
0.289500	43.020000
0.290000	49.219002
0.290500	54.105999
0.291000	56.674999
0.291500	65.237000
0.292000	73.825996
0.292500	87.753998
0.293000	96.140999
0.293500	102.970001
0.294000	102.279999
0.294500	99.399002
0.295000	86.040001
0.295500	77.071999
0.296000	57.280998
0.296500	29.341000
0.297000	8.268100
0.297500	-19.642000
0.298000	-40.734001
0.298500	-56.868999
