0.000000	9065.513672
0.000500	9065.513672
0.001000	9065.513672
0.001500	9065.513672
0.002000	9065.513672
0.002500	9065.513672
0.003000	9065.513672
0.003500	9065.768555
0.004000	9066.021484
0.004500	9066.275391
0.005000	9066.530273
0.005500	9066.784180
0.006000	9067.291992
0.006500	9067.545898
0.007000	9067.799805
0.007500	9068.054688
0.008000	9068.307617
0.008500	9068.561523
0.009000	9068.816406
0.009500	9069.070312
0.010000	9069.070312
0.010500	9069.323242
0.011000	9069.578125
0.011500	9069.832031
0.012000	9070.085938
0.012500	9070.339844
0.013000	9070.593750
0.013500	9070.593750
0.014000	9070.847656
0.014500	9070.847656
0.015000	9070.847656
0.015500	9071.102539
0.016000	9071.102539
0.016500	9071.102539
0.017000	9071.102539
0.017500	9071.355469
0.018000	9071.355469
0.018500	9071.355469
0.019000	9071.355469
0.019500	9071.355469
0.020000	9071.355469
0.020500	9071.102539
0.021000	9071.102539
0.021500	9071.102539
0.022000	9071.102539
0.022500	9071.102539
0.023000	9070.847656
0.023500	9070.847656
0.024000	9070.847656
0.024500	9071.102539
0.025000	9071.102539
0.025500	9071.355469
0.026000	9071.355469
0.026500	9071.355469
0.027000	9071.609375
0.027500	9071.864258
0.028000	9071.864258
0.028500	9072.118164
0.029000	9072.371094
0.029500	9072.625977
0.030000	9072.879883
0.030500	9073.387695
0.031000	9073.641602
0.031500	9073.895508
0.032000	9074.150391
0.032500	9074.403320
0.033000	9074.657227
0.033500	9074.912109
0.034000	9075.166016
0.034500	9075.418945
0.035000	9075.418945
0.035500	9075.673828
0.036000	9075.927734
0.036500	9076.181641
0.037000	9076.181641
0.037500	9076.436523
0.038000	9076.689453
0.038500	9076.943359
0.039000	9076.943359
0.039500	9077.198242
0.040000	9077.452148
0.040500	9077.706055
0.041000	9077.959961
0.041500	9077.959961
0.042000	9078.213867
0.042500	9078.468750
0.043000	9078.721680
0.043500	9078.721680
0.044000	9078.975586
0.044500	9079.230469
0.045000	9079.230469
0.045500	9079.230469
0.046000	9079.230469
0.046500	9079.230469
0.047000	9079.230469
0.047500	9079.230469
0.048000	9078.975586
0.048500	9078.975586
0.049000	9078.975586
0.049500	9078.975586
0.050000	9078.975586
0.050500	9078.975586
0.051000	9078.975586
0.051500	9078.975586
0.052000	9079.230469
0.052500	9079.230469
0.053000	9079.484375
0.053500	9079.484375
0.054000	9079.484375
0.054500	9079.737305
0.055000	9079.737305
0.055500	9079.737305
0.056000	9079.737305
0.056500	9079.737305
0.057000	9079.737305
0.057500	9079.737305
0.058000	9079.484375
0.058500	9079.484375
0.059000	9079.484375
0.059500	9079.230469
0.060000	9078.975586
0.060500	9078.975586
0.061000	9078.721680
0.061500	9078.213867
0.062000	9077.959961
0.062500	9077.706055
0.063000	9077.198242
0.063500	9076.943359
0.064000	9076.436523
0.064500	9076.181641
0.065000	9075.673828
0.065500	9075.418945
0.066000	9074.912109
0.066500	9074.657227
0.067000	9074.403320
0.067500	9074.150391
0.068000	9073.895508
0.068500	9073.641602
0.069000	9073.641602
0.069500	9073.641602
0.070000	9073.641602
0.070500	9073.895508
0.071000	9074.150391
0.071500	9074.657227
0.072000	9074.912109
0.072500	9075.418945
0.073000	9075.927734
0.073500	9076.436523
0.074000	9077.198242
0.074500	9077.959961
0.075000	9078.721680
0.075500	9079.484375
0.076000	9080.500000
0.076500	9081.516602
0.077000	9082.532227
0.077500	9083.547852
0.078000	9084.564453
0.078500	9085.580078
0.079000	9086.595703
0.079500	9087.612305
0.080000	9088.627930
0.080500	9089.643555
0.081000	9090.660156
0.081500	9091.421875
0.082000	9091.930664
0.082500	9092.437500
0.083000	9092.946289
0.083500	9093.200195
0.084000	9093.454102
0.084500	9093.708008
0.085000	9093.454102
0.085500	9093.454102
0.086000	9092.946289
0.086500	9092.692383
0.087000	9091.930664
0.087500	9091.167969
0.088000	9090.406250
0.088500	9089.643555
0.089000	9088.881836
0.089500	9088.374023
0.090000	9088.119141
0.090500	9087.612305
0.091000	9086.850586
0.091500	9086.087891
0.092000	9085.071289
0.092500	9083.801758
0.093000	9081.769531
0.093500	9079.484375
0.094000	9076.689453
0.094500	9073.641602
0.095000	9070.339844
0.095500	9067.037109
0.096000	9063.736328
0.096500	9060.433594
0.097000	9056.877930
0.097500	9053.575195
0.098000	9050.019531
0.098500	9046.463867
0.099000	9043.161133
0.099500	9040.114258
0.100000	9037.066406
0.100500	9034.271484
0.101000	9031.731445
0.101500	9029.192383
0.102000	9026.906250
0.102500	9024.874023
0.103000	9022.842773
0.103500	9021.063477
0.104000	9019.540039
0.104500	9018.269531
0.105000	9017.000000
0.105500	9015.729492
0.106000	9014.967773
0.106500	9014.206055
0.107000	9013.697266
0.107500	9013.444336
0.108000	9013.444336
0.108500	9013.697266
0.109000	9014.459961
0.109500	9015.221680
0.110000	9016.492188
0.110500	9017.761719
0.111000	9019.286133
0.111500	9020.810547
0.112000	9022.587891
0.112500	9024.366211
0.113000	9025.890625
0.113500	9027.667969
0.114000	9029.445312
0.114500	9031.224609
0.115000	9033.001953
0.115500	9034.525391
0.116000	9036.049805
0.116500	9037.574219
0.117000	9038.842773
0.117500	9040.368164
0.118000	9041.891602
0.118500	9043.161133
0.119000	9044.685547
0.119500	9046.208984
0.120000	9047.988281
0.120500	9049.511719
0.121000	9051.036133
0.121500	9052.813477
0.122000	9054.337891
0.122500	9055.861328
0.123000	9057.639648
0.123500	9059.164062
0.124000	9060.688477
0.124500	9062.211914
0.125000	9063.736328
0.125500	9065.513672
0.126000	9066.784180
0.126500	9068.307617
0.127000	9069.578125
0.127500	9070.847656
0.128000	9072.118164
0.128500	9073.133789
0.129000	9074.150391
0.129500	9074.912109
0.130000	9075.673828
0.130500	9076.181641
0.131000	9076.181641
0.131500	9076.181641
0.132000	9076.181641
0.132500	9075.673828
0.133000	9075.166016
0.133500	9074.403320
0.134000	9073.641602
0.134500	9072.625977
0.135000	9071.609375
0.135500	9070.339844
0.136000	9068.816406
0.136500	9067.291992
0.137000	9065.513672
0.137500	9063.736328
0.138000	9061.957031
0.138500	9059.925781
0.139000	9058.147461
0.139500	9055.861328
0.140000	9053.575195
0.140500	9051.036133
0.141000	9048.495117
0.141500	9045.957031
0.142000	9043.161133
0.142500	9040.622070
0.143000	9038.081055
0.143500	9035.542969
0.144000	9033.001953
0.144500	9030.208008
0.145000	9027.667969
0.145500	9025.380859
0.146000	9022.842773
0.146500	9020.556641
0.147000	9018.524414
0.147500	9016.492188
0.148000	9014.713867
0.148500	9012.935547
0.149000	9011.158203
0.149500	9009.633789
0.150000	9008.363281
0.150500	9007.347656
0.151000	9006.585938
0.151500	9005.824219
0.152000	9005.315430
0.152500	9005.315430
0.153000	9005.062500
0.153500	9005.062500
0.154000	9005.062500
0.154500	9005.315430
0.155000	9005.824219
0.155500	9006.078125
0.156000	9006.331055
0.156500	9006.839844
0.157000	9007.347656
0.157500	9007.856445
0.158000	9008.363281
0.158500	9008.872070
0.159000	9009.379883
0.159500	9010.142578
0.160000	9010.649414
0.160500	9011.412109
0.161000	9011.919922
0.161500	9012.935547
0.162000	9013.697266
0.162500	9014.713867
0.163000	9015.476562
0.163500	9016.745117
0.164000	9017.761719
0.164500	9019.286133
0.165000	9020.556641
0.165500	9022.333984
0.166000	9024.111328
0.166500	9025.890625
0.167000	9027.667969
0.167500	9029.445312
0.168000	9031.224609
0.168500	9033.256836
0.169000	9035.033203
0.169500	9037.066406
0.170000	9039.097656
0.170500	9041.129883
0.171000	9042.908203
0.171500	9044.685547
0.172000	9046.208984
0.172500	9047.733398
0.173000	9049.256836
0.173500	9050.781250
0.174000	9052.051758
0.174500	9053.322266
0.175000	9054.591797
0.175500	9055.607422
0.176000	9056.623047
0.176500	9057.385742
0.177000	9058.147461
0.177500	9058.909180
0.178000	9059.418945
0.178500	9059.925781
0.179000	9060.433594
0.179500	9060.688477
0.180000	9060.688477
0.180500	9060.688477
0.181000	9060.433594
0.181500	9059.925781
0.182000	9059.418945
0.182500	9058.909180
0.183000	9058.147461
0.183500	9057.385742
0.184000	9056.623047
0.184500	9055.861328
0.185000	9055.099609
0.185500	9054.083984
0.186000	9053.322266
0.186500	9052.559570
0.187000	9051.797852
0.187500	9051.036133
0.188000	9050.273438
0.188500	9049.766602
0.189000	9049.004883
0.189500	9048.495117
0.190000	9047.988281
0.190500	9047.480469
0.191000	9047.225586
0.191500	9046.971680
0.192000	9046.718750
0.192500	9046.718750
0.193000	9046.718750
0.193500	9046.718750
0.194000	9046.971680
0.194500	9047.480469
0.195000	9047.988281
0.195500	9048.495117
0.196000	9049.256836
0.196500	9050.273438
0.197000	9051.290039
0.197500	9052.306641
0.198000	9053.575195
0.198500	9054.845703
0.199000	9056.116211
0.199500	9057.639648
0.200000	9059.418945
0.200500	9061.195312
0.201000	9062.973633
0.201500	9064.751953
0.202000	9066.784180
0.202500	9068.816406
0.203000	9070.593750
0.203500	9072.625977
0.204000	9074.657227
0.204500	9076.689453
0.205000	9078.721680
0.205500	9080.500000
0.206000	9082.278320
0.206500	9083.801758
0.207000	9085.326172
0.207500	9086.850586
0.208000	9088.119141
0.208500	9089.389648
0.209000	9090.406250
0.209500	9091.421875
0.210000	9092.183594
0.210500	9092.692383
0.211000	9092.946289
0.211500	9093.200195
0.212000	9093.200195
0.212500	9093.200195
0.213000	9092.946289
0.213500	9092.437500
0.214000	9091.930664
0.214500	9091.167969
0.215000	9090.660156
0.215500	9089.898438
0.216000	9089.389648
0.216500	9088.627930
0.217000	9088.119141
0.217500	9087.357422
0.218000	9086.850586
0.218500	9086.341797
0.219000	9085.833984
0.219500	9085.580078
0.220000	9085.071289
0.220500	9085.071289
0.221000	9084.818359
0.221500	9084.818359
0.222000	9085.071289
0.222500	9085.326172
0.223000	9085.580078
0.223500	9086.087891
0.224000	9086.595703
0.224500	9087.103516
0.225000	9087.866211
0.225500	9088.627930
0.226000	9089.643555
0.226500	9090.660156
0.227000	9091.930664
0.227500	9092.946289
0.228000	9094.216797
0.228500	9095.485352
0.229000	9096.755859
0.229500	9097.771484
0.230000	9099.041992
0.230500	9100.565430
0.231000	9101.835938
0.231500	9103.106445
0.232000	9104.375977
0.232500	9105.645508
0.233000	9106.916016
0.233500	9108.185547
0.234000	9109.202148
0.234500	9110.471680
0.235000	9111.742188
0.235500	9113.012695
0.236000	9114.281250
0.236500	9115.296875
0.237000	9116.568359
0.237500	9117.583008
0.238000	9118.599609
0.238500	9119.616211
0.239000	9120.630859
0.239500	9121.393555
0.240000	9122.156250
0.240500	9122.917969
0.241000	9123.425781
0.241500	9123.679688
0.242000	9123.933594
0.242500	9124.442383
0.243000	9124.695312
0.243500	9124.695312
0.244000	9124.949219
0.244500	9124.949219
0.245000	9124.949219
0.245500	9124.949219
0.246000	9124.949219
0.246500	9124.949219
0.247000	9124.695312
0.247500	9124.442383
0.248000	9124.442383
0.248500	9124.187500
0.249000	9123.933594
0.249500	9123.679688
0.250000	9123.425781
0.250500	9123.425781
0.251000	9123.171875
0.251500	9122.917969
0.252000	9122.917969
0.252500	9122.664062
0.253000	9122.664062
0.253500	9122.664062
0.254000	9122.664062
0.254500	9122.664062
0.255000	9122.664062
0.255500	9122.664062
0.256000	9122.664062
0.256500	9122.917969
0.257000	9122.917969
0.257500	9122.917969
0.258000	9122.917969
0.258500	9122.664062
0.259000	9122.664062
0.259500	9122.410156
0.260000	9122.156250
0.260500	9121.902344
0.261000	9121.647461
0.261500	9121.393555
0.262000	9120.885742
0.262500	9120.630859
0.263000	9120.378906
0.263500	9120.124023
0.264000	9120.124023
0.264500	9119.869141
0.265000	9119.869141
0.265500	9119.616211
0.266000	9119.616211
0.266500	9119.362305
0.267000	9119.362305
0.267500	9119.107422
0.268000	9118.854492
0.268500	9118.599609
0.269000	9118.345703
0.269500	9117.837891
0.270000	9117.583008
0.270500	9117.076172
0.271000	9116.821289
0.271500	9116.568359
0.272000	9116.059570
0.272500	9115.806641
0.273000	9115.551758
0.273500	9115.296875
0.274000	9115.043945
0.274500	9114.790039
0.275000	9114.281250
0.275500	9114.028320
0.276000	9113.519531
0.276500	9113.265625
0.277000	9112.757812
0.277500	9112.503906
0.278000	9112.250000
0.278500	9111.996094
0.279000	9111.488281
0.279500	9111.233398
0.280000	9110.726562
0.280500	9110.471680
0.281000	9109.964844
0.281500	9109.709961
0.282000	9109.202148
0.282500	9108.948242
0.283000	9108.440430
0.283500	9108.185547
0.284000	9107.930664
0.284500	9107.678711
0.285000	9107.423828
0.285500	9107.423828
0.286000	9107.168945
0.286500	9107.168945
0.287000	9107.168945
0.287500	9107.168945
0.288000	9107.168945
0.288500	9107.423828
0.289000	9107.423828
0.289500	9107.423828
0.290000	9107.678711
0.290500	9107.678711
0.291000	9107.930664
0.291500	9107.930664
0.292000	9107.930664
0.292500	9107.930664
0.293000	9107.930664
0.293500	9107.930664
0.294000	9107.678711
0.294500	9107.678711
0.295000	9107.423828
0.295500	9107.423828
0.296000	9107.168945
0.296500	9107.168945
0.297000	9107.168945
0.297500	9106.916016
0.298000	9106.916016
0.298500	9106.916016
0.299000	9107.168945
0.299500	9107.168945
0.300000	9107.168945
0.300500	9107.168945
0.301000	9107.423828
0.301500	9107.678711
0.302000	9107.930664
0.302500	9108.185547
0.303000	9108.440430
0.303500	9108.948242
0.304000	9109.202148
0.304500	9109.709961
0.305000	9110.217773
0.305500	9110.726562
0.306000	9110.980469
0.306500	9111.488281
0.307000	9111.742188
0.307500	9111.996094
0.308000	9112.503906
0.308500	9112.757812
0.309000	9113.012695
0.309500	9113.012695
0.310000	9113.265625
0.310500	9113.265625
0.311000	9113.519531
0.311500	9113.519531
0.312000	9113.774414
0.312500	9113.774414
0.313000	9113.774414
0.313500	9114.028320
0.314000	9114.028320
0.314500	9114.281250
0.315000	9114.281250
0.315500	9114.281250
0.316000	9114.535156
0.316500	9114.790039
0.317000	9115.043945
0.317500	9115.296875
0.318000	9115.551758
0.318500	9116.059570
0.319000	9116.313477
0.319500	9116.568359
0.320000	9117.076172
0.320500	9117.330078
0.321000	9117.583008
0.321500	9118.092773
0.322000	9118.345703
0.322500	9118.854492
0.323000	9119.362305
0.323500	9119.616211
0.324000	9120.124023
0.324500	9120.630859
0.325000	9120.885742
0.325500	9121.393555
0.326000	9121.902344
0.326500	9122.156250
0.327000	9122.664062
0.327500	9123.171875
0.328000	9123.679688
0.328500	9124.187500
0.329000	9124.442383
0.329500	9124.949219
0.330000	9125.204102
0.330500	9125.711914
0.331000	9125.965820
0.331500	9126.473633
0.332000	9126.728516
0.332500	9126.981445
0.333000	9127.235352
0.333500	9127.490234
0.334000	9127.997070
0.334500	9128.251953
0.335000	9128.759766
0.335500	9129.268555
0.336000	9129.521484
0.336500	9130.030273
0.337000	9130.538086
0.337500	9130.792969
0.338000	9131.299805
0.338500	9131.554688
0.339000	9131.807617
0.339500	9132.061523
0.340000	9132.315430
0.340500	9132.569336
0.341000	9132.569336
0.341500	9132.569336
0.342000	9132.569336
0.342500	9132.569336
0.343000	9132.569336
0.343500	9132.569336
0.344000	9132.315430
0.344500	9132.315430
0.345000	9132.061523
0.345500	9131.807617
0.346000	9131.807617
0.346500	9131.554688
0.347000	9131.299805
0.347500	9131.044922
0.348000	9130.792969
0.348500	9130.538086
0.349000	9130.030273
0.349500	9129.776367
0.350000	9129.268555
0.350500	9129.013672
0.351000	9128.506836
0.351500	9128.251953
0.352000	9127.744141
0.352500	9127.490234
0.353000	9126.981445
0.353500	9126.728516
0.354000	9126.219727
0.354500	9125.711914
0.355000	9125.458008
0.355500	9124.949219
0.356000	9124.442383
0.356500	9123.933594
0.357000	9123.425781
0.357500	9123.171875
0.358000	9122.664062
0.358500	9122.410156
0.359000	9122.156250
0.359500	9121.902344
0.360000	9121.647461
0.360500	9121.393555
0.361000	9121.140625
0.361500	9120.885742
0.362000	9120.630859
0.362500	9120.630859
0.363000	9120.378906
0.363500	9120.124023
0.364000	9119.869141
0.364500	9119.616211
0.365000	9119.107422
0.365500	9118.854492
0.366000	9118.599609
0.366500	9118.345703
0.367000	9118.092773
0.367500	9117.837891
0.368000	9117.837891
0.368500	9117.837891
0.369000	9118.092773
0.369500	9118.345703
0.370000	9118.599609
0.370500	9118.854492
0.371000	9119.362305
0.371500	9119.616211
0.372000	9120.124023
0.372500	9120.378906
0.373000	9120.885742
0.373500	9121.393555
0.374000	9122.156250
0.374500	9122.664062
0.375000	9123.425781
0.375500	9123.933594
0.376000	9124.695312
0.376500	9125.204102
0.377000	9125.965820
0.377500	9126.728516
0.378000	9127.235352
0.378500	9127.997070
0.379000	9128.759766
0.379500	9129.268555
0.380000	9129.776367
0.380500	9130.538086
0.381000	9131.044922
0.381500	9131.554688
0.382000	9132.061523
0.382500	9132.569336
0.383000	9133.077148
0.383500	9133.585938
0.384000	9133.839844
0.384500	9134.347656
0.385000	9134.601562
0.385500	9134.856445
0.386000	9135.110352
0.386500	9135.110352
0.387000	9135.363281
0.387500	9135.618164
0.388000	9135.618164
0.388500	9135.872070
0.389000	9135.872070
0.389500	9136.125977
0.390000	9136.125977
0.390500	9136.379883
0.391000	9136.379883
0.391500	9136.633789
0.392000	9136.633789
0.392500	9136.633789
0.393000	9136.633789
0.393500	9136.633789
0.394000	9136.633789
0.394500	9136.633789
0.395000	9136.379883
0.395500	9136.379883
0.396000	9136.379883
0.396500	9136.633789
0.397000	9136.633789
0.397500	9136.633789
0.398000	9136.633789
0.398500	9136.633789
0.399000	9136.633789
0.399500	9136.633789
0.400000	9136.633789
0.400500	9136.633789
0.401000	9136.633789
0.401500	9136.887695
0.402000	9136.887695
0.402500	9136.887695
0.403000	9137.142578
0.403500	9137.395508
0.404000	9137.395508
0.404500	9137.649414
0.405000	9137.649414
0.405500	9137.904297
0.406000	9137.904297
0.406500	9137.904297
0.407000	9137.649414
0.407500	9137.649414
0.408000	9137.395508
0.408500	9137.142578
0.409000	9137.142578
0.409500	9136.887695
0.410000	9136.633789
0.410500	9136.379883
0.411000	9136.125977
0.411500	9135.618164
0.412000	9135.363281
0.412500	9135.110352
0.413000	9134.601562
0.413500	9134.347656
0.414000	9133.839844
0.414500	9133.585938
0.415000	9133.077148
0.415500	9132.824219
0.416000	9132.315430
0.416500	9132.061523
0.417000	9131.554688
0.417500	9131.299805
0.418000	9131.044922
0.418500	9130.792969
0.419000	9130.538086
0.419500	9130.283203
0.420000	9130.030273
0.420500	9129.776367
0.421000	9129.521484
0.421500	9129.268555
0.422000	9129.013672
0.422500	9128.759766
0.423000	9128.506836
0.423500	9128.506836
0.424000	9128.251953
0.424500	9128.251953
0.425000	9127.997070
0.425500	9127.997070
0.426000	9127.744141
0.426500	9127.490234
0.427000	9127.490234
0.427500	9127.235352
0.428000	9126.981445
0.428500	9126.981445
0.429000	9126.981445
0.429500	9126.981445
0.430000	9126.981445
0.430500	9126.981445
0.431000	9127.235352
0.431500	9127.235352
0.432000	9127.490234
0.432500	9127.744141
0.433000	9127.997070
0.433500	9127.997070
0.434000	9128.251953
0.434500	9128.506836
0.435000	9128.759766
0.435500	9129.268555
0.436000	9129.521484
0.436500	9129.776367
0.437000	9130.030273
0.437500	9130.283203
0.438000	9130.538086
0.438500	9130.538086
0.439000	9130.792969
0.439500	9131.044922
0.440000	9131.044922
0.440500	9131.299805
0.441000	9131.299805
0.441500	9131.299805
0.442000	9131.554688
0.442500	9131.554688
0.443000	9131.807617
0.443500	9131.807617
0.444000	9132.061523
0.444500	9132.061523
0.445000	9132.315430
0.445500	9132.315430
0.446000	9132.569336
0.446500	9132.569336
0.447000	9132.569336
0.447500	9132.569336
0.448000	9132.569336
0.448500	9132.315430
0.449000	9132.061523
0.449500	9132.061523
0.450000	9131.807617
0.450500	9131.807617
0.451000	9131.554688
0.451500	9131.554688
0.452000	9131.554688
0.452500	9131.299805
0.453000	9131.299805
0.453500	9131.044922
0.454000	9131.044922
0.454500	9130.792969
0.455000	9130.538086
0.455500	9130.283203
0.456000	9129.776367
0.456500	9129.268555
0.457000	9128.759766
0.457500	9128.251953
0.458000	9127.744141
0.458500	9126.981445
0.459000	9126.473633
0.459500	9125.711914
0.460000	9124.949219
0.460500	9124.187500
0.461000	9123.425781
0.461500	9122.917969
0.462000	9122.156250
0.462500	9121.647461
0.463000	9120.885742
0.463500	9120.378906
0.464000	9120.124023
0.464500	9119.616211
0.465000	9119.362305
0.465500	9118.854492
0.466000	9118.599609
0.466500	9118.345703
0.467000	9118.092773
0.467500	9117.583008
0.468000	9117.330078
0.468500	9117.076172
0.469000	9116.568359
0.469500	9116.313477
0.470000	9115.806641
0.470500	9115.296875
0.471000	9115.043945
0.471500	9114.535156
0.472000	9114.281250
0.472500	9114.028320
0.473000	9113.774414
0.473500	9113.519531
0.474000	9113.265625
0.474500	9113.012695
0.475000	9113.012695
0.475500	9112.757812
0.476000	9112.757812
0.476500	9112.757812
0.477000	9112.503906
0.477500	9112.503906
0.478000	9112.503906
0.478500	9112.503906
0.479000	9112.757812
0.479500	9112.757812
0.480000	9113.012695
0.480500	9113.265625
0.481000	9113.519531
0.481500	9113.774414
0.482000	9114.281250
0.482500	9114.535156
0.483000	9114.790039
0.483500	9115.296875
0.484000	9115.551758
0.484500	9115.806641
0.485000	9116.059570
0.485500	9116.568359
0.486000	9116.821289
0.486500	9117.076172
0.487000	9117.330078
0.487500	9117.837891
0.488000	9118.092773
0.488500	9118.345703
0.489000	9118.599609
0.489500	9118.854492
0.490000	9119.107422
0.490500	9119.362305
0.491000	9119.869141
0.491500	9120.124023
0.492000	9120.378906
0.492500	9120.378906
0.493000	9120.630859
0.493500	9120.885742
0.494000	3685286.000000
0.494500	17007332.000000
0.495000	37236400.000000
0.495500	61386720.000000
0.496000	88160856.000000
0.496500	119598440.000000
0.497000	155651200.000000
