0.000000	-8380.221680
0.000500	-8380.221680
0.001000	-8380.221680
0.001500	-8380.221680
0.002000	-8380.221680
0.002500	-8380.221680
0.003000	-8380.221680
0.003500	-8379.968750
0.004000	-8379.968750
0.004500	-8379.968750
0.005000	-8379.968750
0.005500	-8379.968750
0.006000	-8379.968750
0.006500	-8379.968750
0.007000	-8379.968750
0.007500	-8379.968750
0.008000	-8379.968750
0.008500	-8379.968750
0.009000	-8379.713867
0.009500	-8379.713867
0.010000	-8379.713867
0.010500	-8379.713867
0.011000	-8379.713867
0.011500	-8379.713867
0.012000	-8379.458984
0.012500	-8379.458984
0.013000	-8379.458984
0.013500	-8379.458984
0.014000	-8379.458984
0.014500	-8379.207031
0.015000	-8379.207031
0.015500	-8379.207031
0.016000	-8379.207031
0.016500	-8378.952148
0.017000	-8378.952148
0.017500	-8378.952148
0.018000	-8378.952148
0.018500	-8378.697266
0.019000	-8378.697266
0.019500	-8378.697266
0.020000	-8378.443359
0.020500	-8378.443359
0.021000	-8378.443359
0.021500	-8378.443359
0.022000	-8378.190430
0.022500	-8378.190430
0.023000	-8378.190430
0.023500	-8377.935547
0.024000	-8377.935547
0.024500	-8377.935547
0.025000	-8377.681641
0.025500	-8377.681641
0.026000	-8377.681641
0.026500	-8377.427734
0.027000	-8377.427734
0.027500	-8377.427734
0.028000	-8377.173828
0.028500	-8377.173828
0.029000	-8377.173828
0.029500	-8376.919922
0.030000	-8376.919922
0.030500	-8376.919922
0.031000	-8376.666016
0.031500	-8376.666016
0.032000	-8376.666016
0.032500	-8376.411133
0.033000	-8376.411133
0.033500	-8376.411133
0.034000	-8376.158203
0.034500	-8376.158203
0.035000	-8376.158203
0.035500	-8375.904297
0.036000	-8375.904297
0.036500	-8375.904297
0.037000	-8375.649414
0.037500	-8375.649414
0.038000	-8375.649414
0.038500	-8375.395508
0.039000	-8375.395508
0.039500	-8375.142578
0.040000	-8375.142578
0.040500	-8374.887695
0.041000	-8374.887695
0.041500	-8374.633789
0.042000	-8374.379883
0.042500	-8374.379883
0.043000	-8374.125977
0.043500	-8373.872070
0.044000	-8373.618164
0.044500	-8373.109375
0.045000	-8372.856445
0.045500	-8372.347656
0.046000	-8372.092773
0.046500	-8371.585938
0.047000	-8371.078125
0.047500	-8370.316406
0.048000	-8369.807617
0.048500	-8369.044922
0.049000	-8368.283203
0.049500	-8367.268555
0.050000	-8366.506836
0.050500	-8365.490234
0.051000	-8364.219727
0.051500	-8363.204102
0.052000	-8361.933594
0.052500	-8360.410156
0.053000	-8359.140625
0.053500	-8357.361328
0.054000	-8355.837891
0.054500	-8354.060547
0.055000	-8352.028320
0.055500	-8349.996094
0.056000	-8347.709961
0.056500	-8345.423828
0.057000	-8343.137695
0.057500	-8340.597656
0.058000	-8337.803711
0.058500	-8334.755859
0.059000	-8331.961914
0.059500	-8328.660156
0.060000	-8325.357422
0.060500	-8321.801758
0.061000	-8318.246094
0.061500	-8314.435547
0.062000	-8310.371094
0.062500	-8306.053711
0.063000	-8301.736328
0.063500	-8297.164062
0.064000	-8292.591797
0.064500	-8287.766602
0.065000	-8282.686523
0.065500	-8277.352539
0.066000	-8272.018555
0.066500	-8266.429688
0.067000	-8260.587891
0.067500	-8254.745117
0.068000	-8248.649414
0.068500	-8242.299805
0.069000	-8235.696289
0.069500	-8229.092773
0.070000	-8222.233398
0.070500	-8215.121094
0.071000	-8208.009766
0.071500	-8200.389648
0.072000	-8193.023438
0.072500	-8185.150391
0.073000	-8177.021973
0.073500	-8168.894043
0.074000	-8160.765625
0.074500	-8152.130371
0.075000	-8143.493652
0.075500	-8134.604492
0.076000	-8125.459473
0.076500	-8116.315918
0.077000	-8106.663574
0.077500	-8097.266113
0.078000	-8087.359375
0.078500	-8077.454590
0.079000	-8067.292969
0.079500	-8056.879883
0.080000	-8046.465820
0.080500	-8035.797852
0.081000	-8025.130371
0.081500	-8014.208008
0.082000	-8003.031738
0.082500	-7991.855957
0.083000	-7980.425781
0.083500	-7968.995605
0.084000	-7957.312012
0.084500	-7945.627930
0.085000	-7933.943848
0.085500	-7922.006348
0.086000	-7910.067871
0.086500	-7897.875977
0.087000	-7885.683594
0.087500	-7873.745605
0.088000	-7861.554199
0.088500	-7849.361816
0.089000	-7837.169434
0.089500	-7824.978027
0.090000	-7813.040039
0.090500	-7800.848145
0.091000	-7788.910156
0.091500	-7776.971680
0.092000	-7765.288086
0.092500	-7753.604004
0.093000	-7742.173828
0.093500	-7730.743652
0.094000	-7719.568359
0.094500	-7708.392090
0.095000	-7697.469727
0.095500	-7686.801758
0.096000	-7676.387695
0.096500	-7665.973633
0.097000	-7655.813965
0.097500	-7645.907227
0.098000	-7636.256348
0.098500	-7626.857910
0.099000	-7617.459961
0.099500	-7608.315918
0.100000	-7599.425781
0.100500	-7590.535645
0.101000	-7582.154297
0.101500	-7573.518066
0.102000	-7565.390137
0.102500	-7557.007812
0.103000	-7549.133789
0.103500	-7541.005859
0.104000	-7533.385742
0.104500	-7525.511719
0.105000	-7517.892578
0.105500	-7510.271484
0.106000	-7502.906250
0.106500	-7495.286133
0.107000	-7487.919922
0.107500	-7480.554199
0.108000	-7473.187988
0.108500	-7466.075684
0.109000	-7458.709961
0.109500	-7451.343750
0.110000	-7444.231445
0.110500	-7436.866211
0.111000	-7429.754395
0.111500	-7422.642090
0.112000	-7415.275879
0.112500	-7407.909668
0.113000	-7400.797852
0.113500	-7393.431641
0.114000	-7386.065918
0.114500	-7378.699707
0.115000	-7371.333496
0.115500	-7363.968262
0.116000	-7356.602051
0.116500	-7349.235840
0.117000	-7341.869629
0.117500	-7334.250000
0.118000	-7326.883789
0.118500	-7319.518066
0.119000	-7311.897949
0.119500	-7304.531738
0.120000	-7296.911621
0.120500	-7289.292480
0.121000	-7281.926270
0.121500	-7274.306152
0.122000	-7266.686035
0.122500	-7259.319824
0.123000	-7251.954102
0.123500	-7244.333984
0.124000	-7236.968262
0.124500	-7229.602051
0.125000	-7222.489746
0.125500	-7215.123535
0.126000	-7208.012207
0.126500	-7200.899902
0.127000	-7193.533691
0.127500	-7186.676270
0.128000	-7179.563965
0.128500	-7172.706055
0.129000	-7165.847656
0.129500	-7158.989746
0.130000	-7152.385742
0.130500	-7145.528320
0.131000	-7139.178223
0.131500	-7132.574219
0.132000	-7126.224121
0.132500	-7119.874023
0.133000	-7113.778320
0.133500	-7107.681641
0.134000	-7101.839844
0.134500	-7095.998047
0.135000	-7090.409668
0.135500	-7084.821777
0.136000	-7079.233887
0.136500	-7073.899902
0.137000	-7068.819336
0.137500	-7063.485840
0.138000	-7058.659668
0.138500	-7053.833496
0.139000	-7049.007324
0.139500	-7044.436035
0.140000	-7039.864258
0.140500	-7035.545898
0.141000	-7031.228027
0.141500	-7027.164062
0.142000	-7023.100098
0.142500	-7019.290039
0.143000	-7015.479980
0.143500	-7011.669434
0.144000	-7008.113770
0.144500	-7004.557617
0.145000	-7001.256348
0.145500	-6998.207520
0.146000	-6994.906250
0.146500	-6991.857422
0.147000	-6989.064453
0.147500	-6986.269531
0.148000	-6983.476074
0.148500	-6980.936035
0.149000	-6978.395508
0.149500	-6976.109863
0.150000	-6973.824219
0.150500	-6971.538086
0.151000	-6969.506348
0.151500	-6967.474121
0.152000	-6965.695801
0.152500	-6963.917969
0.153000	-6962.140137
0.153500	-6960.616211
0.154000	-6959.092285
0.154500	-6957.568359
0.155000	-6956.297852
0.155500	-6955.027832
0.156000	-6954.011719
0.156500	-6952.742188
0.157000	-6951.726074
0.157500	-6950.963867
0.158000	-6949.947754
0.158500	-6949.186035
0.159000	-6948.423828
0.159500	-6947.662109
0.160000	-6946.899902
0.160500	-6946.137695
0.161000	-6945.375977
0.161500	-6944.613770
0.162000	-6944.105957
0.162500	-6943.343750
0.163000	-6942.581543
0.163500	-6942.073730
0.164000	-6941.312012
0.164500	-6940.549805
0.165000	-6939.788086
0.165500	-6938.771484
0.166000	-6938.009766
0.166500	-6936.993652
0.167000	-6935.978027
0.167500	-6934.961914
0.168000	-6933.945801
0.168500	-6932.675781
0.169000	-6931.659668
0.169500	-6930.389648
0.170000	-6928.865723
0.170500	-6927.595703
0.171000	-6926.071777
0.171500	-6924.293457
0.172000	-6922.769531
0.172500	-6920.992188
0.173000	-6919.213867
0.173500	-6917.181641
0.174000	-6915.149902
0.174500	-6913.118164
0.175000	-6911.085449
0.175500	-6909.054199
0.176000	-6906.768555
0.176500	-6904.481445
0.177000	-6902.195312
0.177500	-6899.656250
0.178000	-6897.116211
0.178500	-6894.830078
0.179000	-6892.036133
0.179500	-6889.496094
0.180000	-6886.956055
0.180500	-6884.162109
0.181000	-6881.368164
0.181500	-6878.573730
0.182000	-6875.780273
0.182500	-6872.985840
0.183000	-6870.191895
0.183500	-6867.143555
0.184000	-6864.349609
0.184500	-6861.556152
0.185000	-6858.507812
0.185500	-6855.713867
0.186000	-6852.666016
0.186500	-6849.871582
0.187000	-6847.078125
0.187500	-6844.030273
0.188000	-6841.235840
0.188500	-6838.442383
0.189000	-6835.393555
0.189500	-6832.600098
0.190000	-6830.059570
0.190500	-6827.266113
0.191000	-6824.726074
0.191500	-6821.931152
0.192000	-6819.392090
0.192500	-6816.852051
0.193000	-6814.312012
0.193500	-6812.025879
0.194000	-6809.485840
0.194500	-6807.200195
0.195000	-6804.914062
0.195500	-6802.627930
0.196000	-6800.342285
0.196500	-6798.309570
0.197000	-6796.023926
0.197500	-6793.992188
0.198000	-6791.959961
0.198500	-6789.927734
0.199000	-6787.642090
0.199500	-6785.609863
0.200000	-6783.831543
0.200500	-6781.799805
0.201000	-6779.768555
0.201500	-6777.735840
0.202000	-6775.957520
0.202500	-6774.180176
0.203000	-6772.147461
0.203500	-6770.369629
0.204000	-6768.592285
0.204500	-6767.068359
0.205000	-6765.290039
0.205500	-6763.766113
0.206000	-6761.988281
0.206500	-6760.464355
0.207000	-6759.193359
0.207500	-6757.669434
0.208000	-6756.145508
0.208500	-6754.875977
0.209000	-6753.606445
0.209500	-6752.335938
0.210000	-6751.319336
0.210500	-6750.050293
0.211000	-6749.033691
0.211500	-6747.764160
0.212000	-6746.748047
0.212500	-6745.731445
0.213000	-6744.716309
0.213500	-6743.954102
0.214000	-6742.937988
0.214500	-6742.176270
0.215000	-6741.160156
0.215500	-6740.397949
0.216000	-6739.635742
0.216500	-6738.619629
0.217000	-6737.857910
0.217500	-6737.095703
0.218000	-6736.333984
0.218500	-6735.571777
0.219000	-6734.810059
0.219500	-6734.047852
0.220000	-6733.286133
0.220500	-6732.269531
0.221000	-6731.507812
0.221500	-6730.745605
0.222000	-6729.983887
0.222500	-6729.221680
0.223000	-6728.206055
0.223500	-6727.443848
0.224000	-6726.428223
0.224500	-6725.666016
0.225000	-6724.649902
0.225500	-6723.887695
0.226000	-6722.871582
0.226500	-6721.855957
0.227000	-6721.093750
0.227500	-6720.078125
0.228000	-6719.062012
0.228500	-6718.045898
0.229000	-6717.030273
0.229500	-6716.013672
0.230000	-6714.743652
0.230500	-6713.728027
0.231000	-6712.711914
0.231500	-6711.441895
0.232000	-6710.425781
0.232500	-6709.156738
0.233000	-6708.140137
0.233500	-6706.869629
0.234000	-6705.599609
0.234500	-6704.330566
0.235000	-6703.313965
0.235500	-6702.043457
0.236000	-6700.773926
0.236500	-6699.504395
0.237000	-6698.233398
0.237500	-6696.963867
0.238000	-6695.947754
0.238500	-6694.678223
0.239000	-6693.407715
0.239500	-6692.137695
0.240000	-6690.868164
0.240500	-6689.597656
0.241000	-6688.328125
0.241500	-6687.312012
0.242000	-6686.042480
0.242500	-6684.771484
0.243000	-6683.502441
0.243500	-6682.485840
0.244000	-6681.216309
0.244500	-6679.945312
0.245000	-6678.930176
0.245500	-6677.660156
0.246000	-6676.390137
0.246500	-6675.374023
0.247000	-6674.104004
0.247500	-6673.087891
0.248000	-6671.818359
0.248500	-6670.802246
0.249000	-6669.531250
0.249500	-6668.262207
0.250000	-6667.246094
0.250500	-6665.976074
0.251000	-6664.706055
0.251500	-6663.689941
0.252000	-6662.419922
0.252500	-6661.149902
0.253000	-6659.880371
0.253500	-6658.609863
0.254000	-6657.593750
0.254500	-6656.323730
0.255000	-6655.054199
0.255500	-6653.783691
0.256000	-6652.259766
0.256500	-6650.990234
0.257000	-6649.719727
0.257500	-6648.449707
0.258000	-6647.180176
0.258500	-6645.656250
0.259000	-6644.385742
0.259500	-6643.116211
0.260000	-6641.591797
0.260500	-6640.321777
0.261000	-6638.797852
0.261500	-6637.527832
0.262000	-6636.003906
0.262500	-6634.733887
0.263000	-6633.209473
0.263500	-6631.685547
0.264000	-6630.416016
0.264500	-6628.892578
0.265000	-6627.368652
0.265500	-6625.843750
0.266000	-6624.319336
0.266500	-6622.795410
0.267000	-6621.271484
0.267500	-6619.747559
0.268000	-6617.969727
0.268500	-6616.445312
0.269000	-6614.668457
0.269500	-6613.143555
0.270000	-6611.366211
0.270500	-6609.588379
0.271000	-6608.063965
0.271500	-6606.286133
0.272000	-6604.507324
0.272500	-6602.730469
0.273000	-6600.952148
0.273500	-6599.173828
0.274000	-6597.142090
0.274500	-6595.364258
0.275000	-6593.332031
0.275500	-6591.554199
0.276000	-6589.521973
0.276500	-6587.490234
0.277000	-6585.458008
0.277500	-6583.425781
0.278000	-6581.140137
0.278500	-6579.107910
0.279000	-6576.821777
0.279500	-6574.790039
0.280000	-6572.503906
0.280500	-6570.218262
0.281000	-6567.931641
0.281500	-6565.392090
0.282000	-6563.105957
0.282500	-6560.565918
0.283000	-6558.025879
0.283500	-6555.485840
0.284000	-6552.945801
0.284500	-6550.406250
0.285000	-6547.866211
0.285500	-6545.325684
0.286000	-6542.531250
0.286500	-6539.738281
0.287000	-6537.197754
0.287500	-6534.404297
0.288000	-6531.609375
0.288500	-6528.816406
0.289000	-6526.021973
0.289500	-6522.974121
0.290000	-6520.180176
0.290500	-6517.131836
0.291000	-6514.337891
0.291500	-6511.290039
0.292000	-6508.242188
0.292500	-6505.193848
0.293000	-6502.146484
0.293500	-6498.844238
0.294000	-6495.796387
0.294500	-6492.494141
0.295000	-6489.446289
0.295500	-6486.144043
0.296000	-6482.841797
0.296500	-6479.540039
0.297000	-6475.983887
0.297500	-6472.682129
0.298000	-6469.125977
0.298500	-6465.823730
