0.000000	-88.404701
0.000500	-88.404701
0.001000	-88.404701
0.001500	-88.404701
0.002000	-88.404701
0.002500	-88.404701
0.003000	-88.267540
0.003500	-88.066887
0.004000	-87.901779
0.004500	-87.764618
0.005000	-87.655396
0.005500	-87.566505
0.006000	-87.518234
0.006500	-87.538559
0.007000	-87.640160
0.007500	-87.779854
0.008000	-87.937340
0.008500	-88.107521
0.009000	-88.285316
0.009500	-88.480896
0.010000	-88.689178
0.010500	-88.887299
0.011000	-89.057480
0.011500	-89.164162
0.012000	-89.217499
0.012500	-89.230202
0.013000	-89.214958
0.013500	-89.184479
0.014000	-89.136223
0.014500	-89.060013
0.015000	-88.950798
0.015500	-88.821259
0.016000	-88.673943
0.016500	-88.503761
0.017000	-88.303093
0.017500	-88.071960
0.018000	-87.838280
0.018500	-87.602058
0.019000	-87.360756
0.019500	-87.116920
0.020000	-86.875618
0.020500	-86.629234
0.021000	-86.380318
0.021500	-86.118698
0.022000	-85.839294
0.022500	-85.552284
0.023000	-85.265259
0.023500	-84.996017
0.024000	-84.744560
0.024500	-84.495644
0.025000	-84.234016
0.025500	-83.941925
0.026000	-83.604103
0.026500	-83.238342
0.027000	-82.875114
0.027500	-82.529678
0.028000	-82.191856
0.028500	-81.866745
0.029000	-81.561935
0.029500	-81.292694
0.030000	-81.089500
0.030500	-80.944717
0.031000	-80.840584
0.031500	-80.759300
0.032000	-80.685638
0.032500	-80.611984
0.033000	-80.548477
0.033500	-80.492592
0.034000	-80.446884
0.034500	-80.408775
0.035000	-80.365601
0.035500	-80.309715
0.036000	-80.241142
0.036500	-80.162399
0.037000	-80.081123
0.037500	-79.994759
0.038000	-79.903320
0.038500	-79.806801
0.039000	-79.707733
0.039500	-79.611221
0.040000	-79.522316
0.040500	-79.443581
0.041000	-79.380081
0.041500	-79.347061
0.042000	-79.349602
0.042500	-79.375000
0.043000	-79.418175
0.043500	-79.466431
0.044000	-79.517235
0.044500	-79.575661
0.045000	-79.639160
0.045500	-79.697578
0.046000	-79.743294
0.046500	-79.758537
0.047000	-79.740761
0.047500	-79.689957
0.048000	-79.603600
0.048500	-79.474060
0.049000	-79.303886
0.049500	-79.087982
0.050000	-78.828896
0.050500	-78.559662
0.051000	-78.287880
0.051500	-78.016106
0.052000	-77.751945
0.052500	-77.487778
0.053000	-77.223618
0.053500	-76.959457
0.054000	-76.695297
0.054500	-76.436218
0.055000	-76.177132
0.055500	-75.915520
0.056000	-75.653893
0.056500	-75.351639
0.057000	-74.985878
0.057500	-74.571854
0.058000	-74.127357
0.058500	-73.665077
0.059000	-73.190102
0.059500	-72.707497
0.060000	-72.217278
0.060500	-71.714355
0.061000	-71.193657
0.061500	-70.667885
0.062000	-70.154800
0.062500	-69.682358
0.063000	-69.270882
0.063500	-68.912735
0.064000	-68.602859
0.064500	-68.336159
0.065000	-68.125336
0.065500	-67.970406
0.066000	-67.866257
0.066500	-67.810379
0.067000	-67.772278
0.067500	-67.764664
0.068000	-67.802757
0.068500	-67.886574
0.069000	-67.980560
0.069500	-68.079620
0.070000	-68.181213
0.070500	-68.285362
0.071000	-68.399658
0.071500	-68.516502
0.072000	-68.630798
0.072500	-68.727325
0.073000	-68.750183
0.073500	-68.699379
0.074000	-68.600319
0.074500	-68.475861
0.075000	-68.300598
0.075500	-68.069458
0.076000	-67.784981
0.076500	-67.454781
0.077000	-67.091560
0.077500	-66.672462
0.078000	-66.182243
0.078500	-65.590416
0.079000	-64.930016
0.079500	-64.241676
0.080000	-63.527943
0.080500	-62.793880
0.081000	-62.057281
0.081500	-61.318138
0.082000	-60.558681
0.082500	-59.766197
0.083000	-58.927998
0.083500	-58.061859
0.084000	-57.188099
0.084500	-56.327042
0.085000	-55.486298
0.085500	-54.653179
0.086000	-53.825142
0.086500	-52.999641
0.087000	-52.184303
0.087500	-51.389282
0.088000	-50.612041
0.088500	-49.862740
0.089000	-49.143921
0.089500	-48.480980
0.090000	-47.843437
0.090500	-47.203358
0.091000	-46.532799
0.091500	-45.824139
0.092000	-45.087540
0.092500	-44.328079
0.093000	-43.545761
0.093500	-42.646603
0.094000	-41.587421
0.094500	-40.337738
0.095000	-38.877239
0.095500	-37.269421
0.096000	-35.567619
0.096500	-33.820099
0.097000	-32.064960
0.097500	-30.220921
0.098000	-28.305759
0.098500	-26.415998
0.099000	-24.652731
0.099500	-23.231094
0.100000	-22.249638
0.100500	-21.727921
0.101000	-21.686773
0.101500	-21.944838
0.102000	-22.297644
0.102500	-22.728174
0.103000	-23.220173
0.103500	-23.805897
0.104000	-24.460962
0.104500	-25.082245
0.105000	-25.565100
0.105500	-25.839420
0.106000	-25.951181
0.106500	-25.953722
0.107000	-25.900381
0.107500	-25.791161
0.108000	-25.585421
0.108500	-25.376122
0.109000	-25.265635
0.109500	-25.329641
0.110000	-25.509220
0.110500	-25.760679
0.111000	-26.045160
0.111500	-26.355042
0.112000	-26.748739
0.112500	-27.180538
0.113000	-27.584398
0.113500	-27.889202
0.114000	-27.945082
0.114500	-27.746958
0.115000	-27.327858
0.115500	-26.715719
0.116000	-25.877520
0.116500	-24.745695
0.117000	-23.244555
0.117500	-21.311615
0.118000	-19.207989
0.118500	-17.090645
0.119000	-14.974823
0.119500	-12.874751
0.120000	-10.777982
0.120500	-8.685784
0.121000	-6.611112
0.121500	-4.574794
0.122000	-2.801620
0.122500	-1.320165
0.123000	-0.030902
0.123500	1.165301
0.124000	2.344420
0.124500	3.499104
0.125000	4.604258
0.125500	5.634228
0.126000	6.615176
0.126500	7.589774
0.127000	8.559291
0.127500	9.523729
0.128000	10.483088
0.128500	11.434063
0.129000	12.372848
0.129500	13.295883
0.130000	14.151101
0.130500	14.860270
0.131000	15.459202
0.131500	15.988029
0.132000	16.481297
0.132500	16.931131
0.133000	17.314163
0.133500	17.607788
0.134000	17.808954
0.134500	17.979645
0.135000	18.119598
0.135500	18.219673
0.136000	18.275553
0.136500	18.320513
0.137000	18.363691
0.137500	18.404840
0.138000	18.444208
0.138500	18.480022
0.139000	18.512789
0.139500	18.542761
0.140000	18.568924
0.140500	18.534887
0.141000	18.423382
0.141500	18.246344
0.142000	18.015713
0.142500	17.717260
0.143000	17.332197
0.143500	16.849089
0.144000	16.256508
0.144500	15.587472
0.145000	14.897608
0.145500	14.209776
0.146000	13.546582
0.146500	12.903455
0.147000	12.260579
0.147500	11.619992
0.148000	10.982960
0.148500	10.353802
0.149000	9.734042
0.149500	9.115553
0.150000	8.489696
0.150500	7.843266
0.151000	7.169912
0.151500	6.480556
0.152000	5.786628
0.152500	5.086096
0.153000	4.344924
0.153500	3.586988
0.154000	2.842514
0.154500	2.158212
0.155000	1.606448
0.155500	1.171753
0.156000	0.829894
0.156500	0.561188
0.157000	0.401955
0.157500	0.395376
0.158000	0.578510
0.158500	0.971093
0.159000	1.437310
0.159500	1.935709
0.160000	2.461006
0.160500	3.009138
0.161000	3.600704
0.161500	4.213352
0.162000	4.802886
0.162500	5.325109
0.163000	5.756402
0.163500	6.099810
0.164000	6.360160
0.164500	6.541516
0.165000	6.683756
0.165500	6.824218
0.166000	6.964426
0.166500	7.105904
0.167000	7.249160
0.167500	7.393178
0.168000	7.538720
0.168500	7.685786
0.169000	7.887208
0.169500	8.228076
0.170000	8.668765
0.170500	9.166860
0.171000	9.692640
0.171500	10.273030
0.172000	10.941559
0.172500	11.731752
0.173000	12.650470
0.173500	13.609067
0.174000	14.590775
0.174500	15.590013
0.175000	16.605251
0.175500	17.641823
0.176000	18.684748
0.176500	19.717510
0.177000	20.724623
0.177500	21.694393
0.178000	22.584156
0.178500	23.346155
0.179000	23.948135
0.179500	24.503380
0.180000	25.051512
0.180500	25.600660
0.181000	26.159458
0.181500	26.720802
0.182000	27.284679
0.182500	27.846020
0.183000	28.409901
0.183500	28.978861
0.184000	29.557980
0.184500	30.152342
0.185000	30.772100
0.185500	31.455360
0.186000	32.222439
0.186500	33.032700
0.187000	33.850582
0.187500	34.691319
0.188000	35.565079
0.188500	36.433762
0.189000	37.256718
0.189500	38.008560
0.190000	38.691822
0.190500	39.321739
0.191000	39.911022
0.191500	40.467278
0.192000	40.982899
0.192500	41.468040
0.193000	41.925236
0.193500	42.354504
0.194000	42.745659
0.194500	43.091099
0.195000	43.380657
0.195500	43.606716
0.196000	43.761658
0.196500	43.848019
0.197000	43.870880
0.197500	43.837860
0.198000	43.776901
0.198500	43.693077
0.199000	43.594021
0.199500	43.479717
0.200000	43.340019
0.200500	43.167297
0.201000	42.966637
0.201500	42.722797
0.202000	42.359581
0.202500	41.876980
0.203000	41.295319
0.203500	40.632378
0.204000	39.867840
0.204500	39.006779
0.205000	38.064438
0.205500	37.058598
0.206000	36.034981
0.206500	34.947861
0.207000	33.710880
0.207500	32.247841
0.208000	30.629858
0.208500	28.983942
0.209000	27.315161
0.209500	25.626062
0.210000	23.928833
0.210500	22.232111
0.211000	20.535393
0.211500	18.838924
0.212000	17.142715
0.212500	15.448026
0.213000	13.754863
0.213500	12.063477
0.214000	10.461244
0.214500	9.088881
0.215000	7.880858
0.215500	6.765798
0.216000	5.686044
0.216500	4.663186
0.217000	3.713226
0.217500	2.848610
0.218000	2.071827
0.218500	1.352042
0.219000	0.690194
0.219500	0.091377
0.220000	-0.441858
0.220500	-0.927125
0.221000	-1.363066
0.221500	-1.742491
0.222000	-2.060524
0.222500	-2.331669
0.223000	-2.554986
0.223500	-2.724150
0.224000	-2.836672
0.224500	-2.918714
0.225000	-2.963926
0.225500	-2.957068
0.226000	-2.885186
0.226500	-2.782824
0.227000	-2.668270
0.227500	-2.537739
0.228000	-2.387676
0.228500	-2.227580
0.229000	-2.065020
0.229500	-1.902638
0.230000	-1.742999
0.230500	-1.587932
0.231000	-1.438707
0.231500	-1.297356
0.232000	-1.165784
0.232500	-1.076782
0.233000	-1.052627
0.233500	-1.079678
0.234000	-1.144194
0.234500	-1.231646
0.235000	-1.333932
0.235500	-1.450823
0.236000	-1.582242
0.236500	-1.724482
0.237000	-1.873250
0.237500	-2.034159
0.238000	-2.213076
0.238500	-2.416556
0.239000	-2.646934
0.239500	-2.896362
0.240000	-3.156204
0.240500	-3.420872
0.241000	-3.699002
0.241500	-3.994912
0.242000	-4.312158
0.242500	-4.655058
0.243000	-5.044186
0.243500	-5.483860
0.244000	-5.974842
0.244500	-6.515862
0.245000	-7.086092
0.245500	-7.666228
0.246000	-8.239506
0.246500	-8.791956
0.247000	-9.335009
0.247500	-9.873996
0.248000	-10.409175
0.248500	-10.940796
0.249000	-11.456670
0.249500	-11.950953
0.250000	-12.423648
0.250500	-12.873481
0.251000	-13.263625
0.251500	-13.585444
0.252000	-13.851128
0.252500	-14.072871
0.253000	-14.264132
0.253500	-14.426691
0.254000	-14.555216
0.254500	-14.645131
0.255000	-14.708632
0.255500	-14.757908
0.256000	-14.788388
0.256500	-14.795246
0.257000	-14.782291
0.257500	-14.759939
0.258000	-14.720823
0.258500	-14.655801
0.259000	-14.566899
0.259500	-14.470634
0.260000	-14.370304
0.260500	-14.267689
0.261000	-14.161770
0.261500	-14.045438
0.262000	-13.925296
0.262500	-13.810489
0.263000	-13.719049
0.263500	-13.692633
0.264000	-13.729715
0.264500	-13.823187
0.265000	-13.967460
0.265500	-14.159739
0.266000	-14.391641
0.266500	-14.651735
0.267000	-14.930627
0.267500	-15.228061
0.268000	-15.549372
0.268500	-15.898623
0.269000	-16.280891
0.269500	-16.722851
0.270000	-17.229836
0.270500	-17.792446
0.271000	-18.402046
0.271500	-19.066256
0.272000	-19.783298
0.272500	-20.543013
0.273000	-21.336254
0.273500	-22.157181
0.274000	-23.026114
0.274500	-23.969727
0.275000	-25.013920
0.275500	-26.179779
0.276000	-27.421839
0.276500	-28.674061
0.277000	-29.870399
0.277500	-31.008320
0.278000	-32.125919
0.278500	-33.223202
0.279000	-34.295082
0.279500	-35.321239
0.280000	-36.278820
0.280500	-37.175438
0.281000	-38.021259
0.281500	-38.813740
0.282000	-39.519859
0.282500	-40.142159
0.283000	-40.685719
0.283500	-41.150539
0.284000	-41.551857
0.284500	-41.879520
0.285000	-42.125900
0.285500	-42.290997
0.286000	-42.428158
0.286500	-42.537380
0.287000	-42.616123
0.287500	-42.654221
0.288000	-42.677078
0.288500	-42.689777
0.289000	-42.687241
0.289500	-42.659298
0.290000	-42.598335
0.290500	-42.522141
0.291000	-42.458637
0.291500	-42.433239
0.292000	-42.428158
0.292500	-42.448479
0.293000	-42.494202
0.293500	-42.575478
0.294000	-42.674538
0.294500	-42.781219
0.295000	-42.887901
0.295500	-42.989498
0.296000	-43.086018
0.296500	-43.177460
0.297000	-43.261280
0.297500	-43.340019
0.298000	-43.373039
0.298500	-43.332397
0.299000	-43.228260
0.299500	-43.073318
0.300000	-42.875198
0.300500	-42.649139
0.301000	-42.415459
0.301500	-42.197018
0.302000	-42.006519
0.302500	-41.828720
0.303000	-41.671238
0.303500	-41.544239
0.304000	-41.473122
0.304500	-41.495979
0.305000	-41.600121
0.305500	-41.757603
0.306000	-41.953178
0.306500	-42.171619
0.307000	-42.433239
0.307500	-42.755821
0.308000	-43.146980
0.308500	-43.553379
0.309000	-43.964859
0.309500	-44.383961
0.310000	-44.813221
0.310500	-45.252640
0.311000	-45.697140
0.311500	-46.131481
0.312000	-46.542957
0.312500	-46.896019
0.313000	-47.198277
0.313500	-47.457359
0.314000	-47.688499
0.314500	-47.899323
0.315000	-48.097439
0.315500	-48.287941
0.316000	-48.470821
0.316500	-48.648617
0.317000	-48.811180
0.317500	-48.953419
0.318000	-49.060101
0.318500	-49.098198
0.319000	-49.060101
0.319500	-48.968658
0.320000	-48.836582
0.320500	-48.666397
0.321000	-48.468281
0.321500	-48.277779
0.322000	-48.125381
0.322500	-48.011078
0.323000	-47.904404
0.323500	-47.797722
0.324000	-47.685963
0.324500	-47.571659
0.325000	-47.459900
0.325500	-47.332897
0.326000	-47.167801
0.326500	-46.954441
0.327000	-46.708057
0.327500	-46.443901
0.328000	-46.177197
0.328500	-45.910500
0.329000	-45.633640
0.329500	-45.356781
0.330000	-45.092621
0.330500	-44.864017
0.331000	-44.696381
0.331500	-44.577000
0.332000	-44.480480
0.332500	-44.396660
0.333000	-44.315380
0.333500	-44.239182
0.334000	-44.168060
0.334500	-44.099480
0.335000	-44.033443
0.335500	-43.977558
0.336000	-43.936920
0.336500	-43.924221
0.337000	-43.942001
0.337500	-43.977558
0.338000	-44.025818
0.338500	-44.076618
0.339000	-44.135036
0.339500	-44.201080
0.340000	-44.262039
0.340500	-44.310303
0.341000	-44.338238
0.341500	-44.345860
0.342000	-44.343319
0.342500	-44.330620
0.343000	-44.300140
0.343500	-44.246799
0.344000	-44.178223
0.344500	-44.099480
0.345000	-43.995338
0.345500	-43.845478
0.346000	-43.660061
0.346500	-43.446701
0.347000	-43.190159
0.347500	-42.865040
0.348000	-42.463718
0.348500	-41.981121
0.349000	-41.414696
0.349500	-40.792397
0.350000	-40.116756
0.350500	-39.403023
0.351000	-38.666420
0.351500	-37.917118
0.352000	-37.137341
0.352500	-36.299141
0.353000	-35.397442
0.353500	-34.460178
0.354000	-33.492443
0.354500	-32.504379
0.355000	-31.493460
0.355500	-30.459681
0.356000	-29.420820
0.356500	-28.389578
0.357000	-27.386280
0.357500	-26.421080
0.358000	-25.483818
0.358500	-24.566372
0.359000	-23.666449
0.359500	-22.836378
0.360000	-22.087841
0.360500	-21.418295
0.361000	-20.829016
0.361500	-20.349211
0.362000	-19.972275
0.362500	-19.681444
0.363000	-19.460718
0.363500	-19.296888
0.364000	-19.188431
0.364500	-19.135344
0.365000	-19.137121
0.365500	-19.193003
0.366000	-19.311367
0.366500	-19.503138
0.367000	-19.779995
0.367500	-20.134073
0.368000	-20.566635
0.368500	-21.102066
0.369000	-21.764242
0.369500	-22.500589
0.370000	-23.244047
0.370500	-23.996649
0.371000	-24.760429
0.371500	-25.529539
0.372000	-26.301701
0.372500	-27.073858
0.373000	-27.846020
0.373500	-28.623259
0.374000	-29.413198
0.374500	-30.203140
0.375000	-30.988001
0.375500	-31.732220
0.376000	-32.400238
0.376500	-33.007298
0.377000	-33.568638
0.377500	-34.102039
0.378000	-34.594799
0.378500	-35.044380
0.379000	-35.453320
0.379500	-35.819080
0.380000	-36.151817
0.380500	-36.459160
0.381000	-36.743637
0.381500	-37.017960
0.382000	-37.264339
0.382500	-37.467541
0.383000	-37.617397
0.383500	-37.696136
0.384000	-37.670742
0.384500	-37.551357
0.385000	-37.350700
0.385500	-37.086544
0.386000	-36.799519
0.386500	-36.492180
0.387000	-36.154358
0.387500	-35.783520
0.388000	-35.379658
0.388500	-34.960560
0.389000	-34.546539
0.389500	-34.155380
0.390000	-33.789619
0.390500	-33.446716
0.391000	-33.129219
0.391500	-32.834583
0.392000	-32.583118
0.392500	-32.395161
0.393000	-32.255459
0.393500	-32.156399
0.394000	-32.092899
0.394500	-32.070038
0.395000	-32.092899
0.395500	-32.164017
0.396000	-32.273239
0.396500	-32.410400
0.397000	-32.578041
0.397500	-32.788857
0.398000	-33.035240
0.398500	-33.296860
0.399000	-33.573719
0.399500	-33.863281
0.400000	-34.150299
0.400500	-34.432240
0.401000	-34.744659
0.401500	-35.128197
0.402000	-35.595558
0.402500	-36.075619
0.403000	-36.560760
0.403500	-37.048439
0.404000	-37.533581
0.404500	-38.021259
0.405000	-38.508942
0.405500	-38.996616
0.406000	-39.476681
0.406500	-39.905941
0.407000	-40.292023
0.407500	-40.647617
0.408000	-40.987980
0.408500	-41.282619
0.409000	-41.534081
0.409500	-41.744900
0.410000	-41.922699
0.410500	-42.057320
0.411000	-42.143681
0.411500	-42.184319
0.412000	-42.171619
0.412500	-42.120823
0.413000	-42.026840
0.413500	-41.892220
0.414000	-41.709339
0.414500	-41.501060
0.415000	-41.267376
0.415500	-41.013378
0.416000	-40.726360
0.416500	-40.416481
0.417000	-40.086281
0.417500	-39.735756
0.418000	-39.364918
0.418500	-38.968678
0.419000	-38.547043
0.419500	-38.100002
0.420000	-37.630100
0.420500	-37.117020
0.421000	-36.545517
0.421500	-35.958778
0.422000	-35.410141
0.422500	-34.917377
0.423000	-34.460178
0.423500	-34.041077
0.424000	-33.667698
0.424500	-33.342583
0.425000	-33.050480
0.425500	-32.788857
0.426000	-32.550098
0.426500	-32.329121
0.427000	-32.118301
0.427500	-31.935419
0.428000	-31.790640
0.428500	-31.694118
0.429000	-31.620459
0.429500	-31.569660
0.430000	-31.541719
0.430500	-31.534101
0.431000	-31.531561
0.431500	-31.531561
0.432000	-31.539179
0.432500	-31.556961
0.433000	-31.577278
0.433500	-31.600140
0.434000	-31.620459
0.434500	-31.640779
0.435000	-31.658560
0.435500	-31.673800
0.436000	-31.689041
0.436500	-31.701740
0.437000	-31.673800
0.437500	-31.600140
0.438000	-31.493460
0.438500	-31.366461
0.439000	-31.211521
0.439500	-31.018478
0.440000	-30.782261
0.440500	-30.500319
0.441000	-30.180279
0.441500	-29.834841
0.442000	-29.463999
0.442500	-29.060139
0.443000	-28.641037
0.443500	-28.211781
0.444000	-27.767279
0.444500	-27.305002
0.445000	-26.827480
0.445500	-26.337261
0.446000	-25.831799
0.446500	-25.309576
0.447000	-24.764238
0.447500	-24.196293
0.448000	-23.625557
0.448500	-23.071581
0.449000	-22.543516
0.449500	-22.025101
0.450000	-21.514307
0.450500	-21.008339
0.451000	-20.506945
0.451500	-20.016977
0.452000	-19.538948
0.452500	-19.071590
0.453000	-18.622265
0.453500	-18.215611
0.454000	-17.845024
0.454500	-17.501362
0.455000	-17.175226
0.455500	-16.871441
0.456000	-16.604488
0.456500	-16.388334
0.457000	-16.232885
0.457500	-16.104616
0.458000	-15.991838
0.458500	-15.891765
0.459000	-15.802100
0.459500	-15.715996
0.460000	-15.635224
0.460500	-15.564359
0.461000	-15.508224
0.461500	-15.471395
0.462000	-15.455391
0.462500	-15.460217
0.463000	-15.486888
0.463500	-15.537941
0.464000	-15.601695
0.464500	-15.661894
0.465000	-15.701264
0.465500	-15.724123
0.466000	-15.746222
0.466500	-15.767557
0.467000	-15.788133
0.467500	-15.814801
0.468000	-15.846044
0.468500	-15.868142
0.469000	-15.868142
0.469500	-15.845535
0.470000	-15.820644
0.470500	-15.794991
0.471000	-15.769337
0.471500	-15.744189
0.472000	-15.718790
0.472500	-15.693645
0.473000	-15.668498
0.473500	-15.652750
0.474000	-15.660370
0.474500	-15.681453
0.475000	-15.706344
0.475500	-15.728951
0.476000	-15.760193
0.476500	-15.799308
0.477000	-15.844521
0.477500	-15.895065
0.478000	-15.962122
0.478500	-16.068039
0.479000	-16.234663
0.479500	-16.477234
0.480000	-16.741140
0.480500	-17.008856
0.481000	-17.278858
0.481500	-17.549623
0.482000	-17.826483
0.482500	-18.104103
0.483000	-18.375629
0.483500	-18.632170
0.484000	-18.835371
0.484500	-18.989801
0.485000	-19.121881
0.485500	-19.258280
0.486000	-19.397219
0.486500	-19.533615
0.487000	-19.670269
0.487500	-19.810984
0.488000	-19.960083
0.488500	-20.119595
0.489000	-20.289774
0.489500	-20.470114
0.490000	-20.703032
0.490500	-21.003260
0.491000	-21.330666
0.491500	-21.644356
0.492000	-22.012402
0.492500	-22.473665
0.493000	-22.945599
0.493500	-23.345394
0.494000	3676141.750000
0.494500	16998188.000000
0.495000	37228780.000000
0.495500	61379096.000000
0.496000	88150696.000000
0.496500	119590824.000000
0.497000	155643584.000000
