0.000000	-0.000191
0.000500	-0.000955
0.001000	-0.002483
0.001500	-0.004638
0.002000	-0.007312
0.002500	-0.010658
0.003000	-0.014800
0.003500	-0.019735
0.004000	-0.025527
0.004500	-0.032250
0.005000	-0.039893
0.005500	-0.048466
0.006000	-0.057988
0.006500	-0.068349
0.007000	-0.079568
0.007500	-0.091884
0.008000	-0.105273
0.008500	-0.119426
0.009000	-0.134282
0.009500	-0.149918
0.010000	-0.166362
0.010500	-0.183525
0.011000	-0.201300
0.011500	-0.219824
0.012000	-0.239324
0.012500	-0.259944
0.013000	-0.281534
0.013500	-0.303886
0.014000	-0.326923
0.014500	-0.350672
0.015000	-0.375437
0.015500	-0.401218
0.016000	-0.427914
0.016500	-0.455524
0.017000	-0.484175
0.017500	-0.514147
0.018000	-0.545262
0.018500	-0.577596
0.019000	-0.611505
0.019500	-0.646989
0.020000	-0.684124
0.020500	-0.723290
0.021000	-0.764540
0.021500	-0.807822
0.022000	-0.853186
0.022500	-0.900684
0.023000	-0.950519
0.023500	-1.002716
0.024000	-1.057250
0.024500	-1.114044
0.025000	-1.173048
0.025500	-1.234288
0.026000	-1.297559
0.026500	-1.362659
0.027000	-1.429614
0.027500	-1.498574
0.028000	-1.569898
0.028500	-1.643888
0.029000	-1.720596
0.029500	-1.799869
0.030000	-1.881708
0.030500	-1.966367
0.031000	-2.053869
0.031500	-2.144039
0.032000	-2.236927
0.032500	-2.332838
0.033000	-2.431897
0.033500	-2.534310
0.034000	-2.640076
0.034500	-2.749804
0.035000	-2.863850
0.035500	-2.982976
0.036000	-3.107436
0.036500	-3.238500
0.037000	-3.377184
0.037500	-3.523742
0.038000	-3.679444
0.038500	-3.845306
0.039000	-4.022598
0.039500	-4.212590
0.040000	-4.417060
0.040500	-4.637278
0.041000	-4.875530
0.041500	-5.133848
0.042000	-5.414772
0.042500	-5.720842
0.043000	-6.055360
0.043500	-6.421374
0.044000	-6.822439
0.044500	-7.261606
0.045000	-7.742936
0.045500	-8.269732
0.046000	-8.846312
0.046500	-9.475978
0.047000	-10.163301
0.047500	-10.912094
0.048000	-11.726418
0.048500	-12.609830
0.049000	-13.565633
0.049500	-14.597634
0.050000	-15.709393
0.050500	-16.905479
0.051000	-18.189955
0.051500	-19.568161
0.052000	-21.044407
0.052500	-22.623526
0.053000	-24.309834
0.053500	-26.108660
0.054000	-28.021278
0.054500	-30.055820
0.055000	-32.214821
0.055500	-34.503361
0.056000	-36.929058
0.056500	-39.494461
0.057000	-42.204639
0.057500	-45.062141
0.058000	-48.074577
0.058500	-51.241959
0.059000	-54.569359
0.059500	-58.059319
0.060000	-61.719460
0.060500	-65.549774
0.061000	-69.557907
0.061500	-73.746361
0.062000	-78.115166
0.062500	-82.669380
0.063000	-87.409019
0.063500	-92.341698
0.064000	-97.464874
0.064500	-102.783638
0.065000	-108.303055
0.065500	-114.020592
0.066000	-119.938797
0.066500	-126.062737
0.067000	-132.389893
0.067500	-138.925293
0.068000	-145.671524
0.068500	-152.626068
0.069000	-159.793945
0.069500	-167.175171
0.070000	-174.769775
0.070500	-182.580276
0.071000	-190.609222
0.071500	-198.856598
0.072000	-207.324966
0.072500	-216.011765
0.073000	-224.924606
0.073500	-234.061005
0.074000	-243.425980
0.074500	-253.017014
0.075000	-262.839203
0.075500	-272.897614
0.076000	-283.159210
0.076500	-293.674805
0.077000	-304.418976
0.077500	-315.391785
0.078000	-326.618622
0.078500	-338.048615
0.079000	-349.732605
0.079500	-361.619812
0.080000	-373.760986
0.080500	-386.130768
0.081000	-398.729218
0.081500	-411.581604
0.082000	-424.637207
0.082500	-437.946808
0.083000	-451.459595
0.083500	-465.226379
0.084000	-479.221832
0.084500	-493.445770
0.085000	-507.923767
0.085500	-522.604980
0.086000	-537.514832
0.086500	-552.678589
0.087000	-568.070984
0.087500	-583.666626
0.088000	-599.516235
0.088500	-615.594360
0.089000	-631.901184
0.089500	-648.436523
0.090000	-665.200562
0.090500	-682.193176
0.091000	-699.414368
0.091500	-716.864197
0.092000	-734.542603
0.092500	-752.449646
0.093000	-770.585205
0.093500	-788.949402
0.094000	-807.567627
0.094500	-826.389038
0.095000	-845.464355
0.095500	-864.742920
0.096000	-884.275574
0.096500	-904.036743
0.097000	-924.001160
0.097500	-944.219604
0.098000	-964.692017
0.098500	-985.367554
0.099000	-1006.297241
0.099500	-1027.455444
0.100000	-1048.842163
0.100500	-1070.457520
0.101000	-1092.327026
0.101500	-1114.424927
0.102000	-1136.751709
0.102500	-1159.332275
0.103000	-1182.116089
0.103500	-1205.153687
0.104000	-1228.420166
0.104500	-1251.915039
0.105000	-1275.664185
0.105500	-1299.641724
0.106000	-1323.873413
0.106500	-1348.333618
0.107000	-1373.022339
0.107500	-1397.965210
0.108000	-1423.136597
0.108500	-1448.561890
0.109000	-1474.215942
0.109500	-1500.098633
0.110000	-1526.235229
0.110500	-1552.625732
0.111000	-1579.244995
0.111500	-1606.092651
0.112000	-1633.194702
0.112500	-1660.550415
0.113000	-1688.134644
0.113500	-1715.973145
0.114000	-1744.040283
0.114500	-1772.335815
0.115000	-1800.910889
0.115500	-1829.714478
0.116000	-1858.746704
0.116500	-1888.032837
0.117000	-1917.547729
0.117500	-1947.316406
0.118000	-1977.313721
0.118500	-2007.565308
0.119000	-2038.045166
0.119500	-2068.753662
0.120000	-2099.716309
0.120500	-2130.907471
0.121000	-2162.327393
0.121500	-2193.975586
0.122000	-2225.878174
0.122500	-2258.009277
0.123000	-2290.368896
0.123500	-2322.957031
0.124000	-2355.773926
0.124500	-2388.844727
0.125000	-2422.118652
0.125500	-2455.646484
0.126000	-2489.377930
0.126500	-2523.363037
0.127000	-2557.526123
0.127500	-2592.070068
0.128000	-2626.614014
0.128500	-2661.666016
0.129000	-2696.718018
0.129500	-2732.023926
0.130000	-2767.583740
0.130500	-2803.398193
0.131000	-2839.466064
0.131500	-2875.788086
0.132000	-2912.110107
0.132500	-2948.939941
0.133000	-2985.770020
0.133500	-3022.854004
0.134000	-3060.446045
0.134500	-3098.037842
0.135000	-3135.629883
0.135500	-3173.729980
0.136000	-3212.083984
0.136500	-3250.437988
0.137000	-3289.046143
0.137500	-3327.907959
0.138000	-3367.023926
0.138500	-3406.394043
0.139000	-3446.018066
0.139500	-3485.641846
0.140000	-3525.773926
0.140500	-3565.906006
0.141000	-3606.291748
0.141500	-3646.931885
0.142000	-3687.571777
0.142500	-3728.719971
0.143000	-3769.867920
0.143500	-3811.270020
0.144000	-3852.926025
0.144500	-3894.582031
0.145000	-3936.746094
0.145500	-3978.909668
0.146000	-4021.327881
0.146500	-4064.000244
0.147000	-4106.671875
0.147500	-4149.597656
0.148000	-4192.778320
0.148500	-4236.211914
0.149000	-4279.899902
0.149500	-4323.587891
0.150000	-4367.529785
0.150500	-4411.471680
0.151000	-4455.921875
0.151500	-4500.372070
0.152000	-4545.075684
0.152500	-4589.779785
0.153000	-4634.737793
0.153500	-4679.949707
0.154000	-4725.415527
0.154500	-4770.882324
0.155000	-4816.602051
0.155500	-4862.576172
0.156000	-4908.549805
0.156500	-4954.778320
0.157000	-5001.259766
0.157500	-5047.741699
0.158000	-5094.478027
0.158500	-5141.468262
0.159000	-5188.458008
0.159500	-5235.702148
0.160000	-5283.199707
0.160500	-5330.698242
0.161000	-5378.449707
0.161500	-5426.201660
0.162000	-5474.461914
0.162500	-5522.468262
0.163000	-5570.981934
0.163500	-5619.496094
0.164000	-5668.009766
0.164500	-5716.778320
0.165000	-5765.799805
0.165500	-5815.075684
0.166000	-5864.352051
0.166500	-5913.627930
0.167000	-5963.158203
0.167500	-6012.941895
0.168000	-6062.726074
0.168500	-6112.763672
0.169000	-6163.055664
0.169500	-6213.348145
0.170000	-6263.640137
0.170500	-6314.185547
0.171000	-6364.985840
0.171500	-6415.785645
0.172000	-6466.840332
0.172500	-6517.893555
0.173000	-6569.202148
0.173500	-6620.509766
0.174000	-6672.071777
0.174500	-6723.633789
0.175000	-6775.449707
0.175500	-6827.266113
0.176000	-6879.335938
0.176500	-6931.406738
0.177000	-6983.476074
0.177500	-7035.799805
0.178000	-7088.377930
0.178500	-7140.956543
0.179000	-7193.533691
0.179500	-7246.366211
0.180000	-7299.197754
0.180500	-7352.283691
0.181000	-7405.369629
0.181500	-7458.456543
0.182000	-7511.795410
0.182500	-7565.135742
0.183000	-7618.476074
0.183500	-7672.069336
0.184000	-7725.918457
0.184500	-7779.511719
0.185000	-7833.359863
0.185500	-7887.207520
0.186000	-7941.310059
0.186500	-7995.412109
0.187000	-8049.513672
0.187500	-8103.869629
0.188000	-8158.226074
0.188500	-8212.582031
0.189000	-8266.938477
0.189500	-8321.547852
0.190000	-8376.158203
0.190500	-8430.767578
0.191000	-8485.631836
0.191500	-8540.242188
0.192000	-8595.106445
0.192500	-8649.969727
0.193000	-8705.087891
0.193500	-8759.951172
0.194000	-8815.069336
0.194500	-8870.187500
0.195000	-8925.306641
0.195500	-8980.677734
0.196000	-9035.794922
0.196500	-9091.167969
0.197000	-9146.540039
0.197500	-9201.912109
0.198000	-9257.283203
0.198500	-9312.656250
0.199000	-9368.027344
0.199500	-9423.654297
0.200000	-9479.025391
0.200500	-9534.651367
0.201000	-9590.024414
0.201500	-9645.650391
0.202000	-9701.275391
0.202500	-9756.901367
0.203000	-9812.527344
0.203500	-9868.154297
0.204000	-9923.780273
0.204500	-9979.406250
0.205000	-10035.031250
0.205500	-10090.657227
0.206000	-10146.284180
0.206500	-10201.910156
0.207000	-10257.536133
0.207500	-10313.162109
0.208000	-10368.788086
0.208500	-10424.414062
0.209000	-10480.040039
0.209500	-10535.666016
0.210000	-10591.038086
0.210500	-10646.664062
0.211000	-10702.290039
0.211500	-10757.916016
0.212000	-10813.288086
0.212500	-10868.914062
0.213000	-10924.540039
0.213500	-10979.912109
0.214000	-11035.538086
0.214500	-11091.164062
0.215000	-11146.536133
0.215500	-11202.162109
0.216000	-11257.534180
0.216500	-11313.160156
0.217000	-11368.786133
0.217500	-11424.157227
0.218000	-11479.784180
0.218500	-11535.156250
0.219000	-11590.781250
0.219500	-11646.407227
0.220000	-11701.780273
0.220500	-11757.406250
0.221000	-11813.031250
0.221500	-11868.404297
0.222000	-11924.030273
0.222500	-11979.656250
0.223000	-12035.281250
0.223500	-12090.654297
0.224000	-12146.280273
0.224500	-12201.906250
0.225000	-12257.531250
0.225500	-12313.158203
0.226000	-12368.784180
0.226500	-12424.156250
0.227000	-12479.781250
0.227500	-12535.408203
0.228000	-12591.034180
0.228500	-12646.660156
0.229000	-12702.286133
0.229500	-12757.912109
0.230000	-12813.538086
0.230500	-12869.163086
0.231000	-12924.790039
0.231500	-12980.416016
0.232000	-13036.041016
0.232500	-13091.666992
0.233000	-13147.547852
0.233500	-13203.173828
0.234000	-13258.799805
0.234500	-13314.425781
0.235000	-13370.052734
0.235500	-13425.678711
0.236000	-13481.558594
0.236500	-13537.184570
0.237000	-13592.810547
0.237500	-13648.436523
0.238000	-13704.062500
0.238500	-13759.941406
0.239000	-13815.567383
0.239500	-13871.194336
0.240000	-13926.819336
0.240500	-13982.445312
0.241000	-14038.326172
0.241500	-14093.952148
0.242000	-14149.578125
0.242500	-14205.204102
0.243000	-14261.084961
0.243500	-14316.710938
0.244000	-14372.335938
0.244500	-14427.961914
0.245000	-14483.586914
0.245500	-14539.467773
0.246000	-14595.093750
0.246500	-14650.719727
0.247000	-14706.345703
0.247500	-14761.971680
0.248000	-14817.597656
0.248500	-14873.223633
0.249000	-14928.850586
0.249500	-14984.476562
0.250000	-15040.101562
0.250500	-15095.727539
0.251000	-15151.353516
0.251500	-15206.979492
0.252000	-15262.351562
0.252500	-15317.977539
0.253000	-15373.603516
0.253500	-15429.229492
0.254000	-15484.601562
0.254500	-15540.227539
0.255000	-15595.853516
0.255500	-15651.225586
0.256000	-15706.851562
0.256500	-15762.224609
0.257000	-15817.850586
0.257500	-15873.221680
0.258000	-15928.593750
0.258500	-15984.219727
0.259000	-16039.590820
0.259500	-16094.962891
0.260000	-16150.588867
0.260500	-16205.962891
0.261000	-16261.333008
0.261500	-16316.706055
0.262000	-16372.332031
0.262500	-16427.703125
0.263000	-16483.076172
0.263500	-16538.449219
0.264000	-16593.818359
0.264500	-16649.191406
0.265000	-16704.562500
0.265500	-16759.937500
0.266000	-16815.308594
0.266500	-16870.679688
0.267000	-16926.052734
0.267500	-16981.423828
0.268000	-17036.794922
0.268500	-17092.166016
0.269000	-17147.539062
0.269500	-17202.914062
0.270000	-17258.283203
0.270500	-17313.656250
0.271000	-17369.027344
0.271500	-17424.400391
0.272000	-17479.771484
0.272500	-17535.142578
0.273000	-17590.515625
0.273500	-17645.886719
0.274000	-17701.259766
0.274500	-17756.632812
0.275000	-17812.003906
0.275500	-17867.376953
0.276000	-17922.748047
0.276500	-17978.119141
0.277000	-18033.490234
0.277500	-18088.863281
0.278000	-18144.236328
0.278500	-18199.607422
0.279000	-18254.980469
0.279500	-18310.351562
0.280000	-18365.978516
0.280500	-18421.349609
0.281000	-18476.720703
0.281500	-18532.093750
0.282000	-18587.464844
0.282500	-18642.837891
0.283000	-18698.462891
0.283500	-18753.835938
0.284000	-18809.207031
0.284500	-18864.580078
0.285000	-18919.953125
0.285500	-18975.578125
0.286000	-19030.951172
0.286500	-19086.320312
0.287000	-19141.693359
0.287500	-19197.064453
0.288000	-19252.691406
0.288500	-19308.064453
0.289000	-19363.435547
0.289500	-19418.808594
0.290000	-19474.433594
0.290500	-19529.806641
0.291000	-19585.177734
0.291500	-19640.804688
0.292000	-19696.175781
0.292500	-19751.546875
0.293000	-19806.919922
0.293500	-19862.544922
0.294000	-19917.917969
0.294500	-19973.289062
0.295000	-20028.916016
0.295500	-20084.287109
0.296000	-20139.660156
0.296500	-20195.031250
0.297000	-20250.658203
0.297500	-20306.031250
0.298000	-20361.402344
0.298500	-20416.773438
