0.000000	0.036220
0.000500	0.103070
0.001000	0.056280
0.001500	0.085798
0.002000	0.080879
0.002500	0.081516
0.003000	0.087220
0.003500	0.070358
0.004000	0.087423
0.004500	0.027979
0.005000	0.067816
0.005500	0.019092
0.006000	0.024530
0.006500	0.039594
0.007000	0.063811
0.007500	0.037905
0.008000	0.044227
0.008500	0.056926
0.009000	0.030707
0.009500	0.010340
0.010000	0.014504
0.010500	0.005004
0.011000	-0.009798
0.011500	-0.010891
0.012000	-0.021023
0.012500	-0.045994
0.013000	-0.048666
0.013500	-0.049605
0.014000	-0.065612
0.014500	-0.054429
0.015000	-0.034730
0.015500	-0.100680
0.016000	-0.102050
0.016500	-0.141390
0.017000	-0.086744
0.017500	-0.103890
0.018000	-0.077777
0.018500	-0.106330
0.019000	-0.091008
0.019500	-0.088968
0.020000	-0.062254
0.020500	-0.075947
0.021000	-0.091098
0.021500	-0.083591
0.022000	-0.116060
0.022500	-0.110330
0.023000	-0.116290
0.023500	-0.072592
0.024000	-0.087635
0.024500	-0.088511
0.025000	-0.122280
0.025500	-0.102850
0.026000	-0.046305
0.026500	-0.079928
0.027000	-0.101840
0.027500	-0.115520
0.028000	-0.056030
0.028500	-0.058404
0.029000	-0.062321
0.029500	-0.052216
0.030000	-0.113050
0.030500	-0.040439
0.031000	-0.074095
0.031500	-0.093107
0.032000	-0.043898
0.032500	-0.028044
0.033000	-0.096274
0.033500	-0.058871
0.034000	-0.044483
0.034500	-0.137100
0.035000	-0.135130
0.035500	-0.122900
0.036000	-0.043220
0.036500	-0.048226
0.037000	-0.098668
0.037500	-0.025627
0.038000	-0.005341
0.038500	0.016661
0.039000	0.075362
0.039500	0.005900
0.040000	0.054123
0.040500	0.061511
0.041000	-0.005597
0.041500	0.054371
0.042000	-0.014901
0.042500	-0.023022
0.043000	-0.016153
0.043500	-0.093180
0.044000	-0.108510
0.044500	-0.122400
0.045000	-0.120070
0.045500	-0.091195
0.046000	-0.124990
0.046500	-0.145000
0.047000	-0.086005
0.047500	-0.048872
0.048000	-0.029667
0.048500	-0.048368
0.049000	-0.113720
0.049500	-0.114950
0.050000	-0.176320
0.050500	-0.245690
0.051000	-0.227750
0.051500	-0.328490
0.052000	-0.338390
0.052500	-0.402750
0.053000	-0.453680
0.053500	-0.626600
0.054000	-0.665540
0.054500	-0.700120
0.055000	-0.777310
0.055500	-0.792720
0.056000	-0.738850
0.056500	-0.717390
0.057000	-0.751420
0.057500	-0.747190
0.058000	-0.797330
0.058500	-0.841780
0.059000	-0.931590
0.059500	-0.985210
0.060000	-1.074900
0.060500	-1.061800
0.061000	-1.064100
0.061500	-0.996440
0.062000	-0.941620
0.062500	-0.937200
0.063000	-0.810920
0.063500	-0.843170
0.064000	-0.776170
0.064500	-0.805840
0.065000	-0.924250
0.065500	-0.987300
0.066000	-1.033500
0.066500	-1.103200
0.067000	-0.995740
0.067500	-0.843150
0.068000	-0.577170
0.068500	-0.342970
0.069000	-0.150340
0.069500	0.200830
0.070000	0.492340
0.070500	0.800880
0.071000	1.063100
0.071500	1.387000
0.072000	1.773100
0.072500	2.145000
0.073000	2.612500
0.073500	3.077400
0.074000	3.568900
0.074500	4.015600
0.075000	4.345800
0.075500	4.463900
0.076000	4.391700
0.076500	4.227800
0.077000	4.029200
0.077500	3.895900
0.078000	4.138100
0.078500	4.372400
0.079000	4.761100
0.079500	4.820100
0.080000	4.642700
0.080500	4.138500
0.081000	3.246800
0.081500	2.220000
0.082000	0.973460
0.082500	-0.463300
0.083000	-1.992500
0.083500	-3.577100
0.084000	-5.133000
0.084500	-6.737200
0.085000	-8.376600
0.085500	-9.887200
0.086000	-11.145000
0.086500	-11.900000
0.087000	-12.840000
0.087500	-12.663000
0.088000	-12.586000
0.088500	-11.977000
0.089000	-10.939000
0.089500	-9.399500
0.090000	-7.733700
0.090500	-5.600500
0.091000	-2.536600
0.091500	1.734000
0.092000	7.699600
0.092500	15.636000
0.093000	25.465000
0.093500	36.042000
0.094000	46.255001
0.094500	54.237999
0.095000	58.612000
0.095500	58.358002
0.096000	53.189999
0.096500	43.645000
0.097000	30.691999
0.097500	15.668000
0.098000	-0.333180
0.098500	-15.835000
0.099000	-30.381001
0.099500	-42.508999
0.100000	-52.215000
0.100500	-58.665001
0.101000	-62.167999
0.101500	-62.407001
0.102000	-60.009998
0.102500	-54.775002
0.103000	-47.300999
0.103500	-38.105000
0.104000	-28.125999
0.104500	-17.507000
0.105000	-7.043200
0.105500	2.768900
0.106000	10.986000
0.106500	17.222000
0.107000	21.068001
0.107500	23.257000
0.108000	24.775000
0.108500	25.497000
0.109000	26.629999
0.109500	27.528000
0.110000	28.155001
0.110500	27.780001
0.111000	27.066999
0.111500	25.819000
0.112000	24.853001
0.112500	23.285999
0.113000	21.263000
0.113500	18.445999
0.114000	15.531000
0.114500	11.803000
0.115000	8.151600
0.115500	4.312500
0.116000	0.849140
0.116500	-2.494600
0.117000	-5.326900
0.117500	-7.788200
0.118000	-9.515200
0.118500	-10.710000
0.119000	-11.146000
0.119500	-10.939000
0.120000	-9.872600
0.120500	-8.351600
0.121000	-6.409700
0.121500	-4.435300
0.122000	-2.463500
0.122500	-1.137100
0.123000	-0.047678
0.123500	0.605690
0.124000	0.883150
0.124500	0.777320
0.125000	0.268350
0.125500	-0.626090
0.126000	-2.006100
0.126500	-3.706600
0.127000	-5.552700
0.127500	-7.763300
0.128000	-10.011000
0.128500	-11.960000
0.129000	-13.628000
0.129500	-15.099000
0.130000	-16.011000
0.130500	-16.264999
0.131000	-16.205000
0.131500	-15.945000
0.132000	-15.446000
0.132500	-14.676000
0.133000	-13.894000
0.133500	-12.979000
0.134000	-12.035000
0.134500	-10.846000
0.135000	-9.895700
0.135500	-8.985300
0.136000	-7.831900
0.136500	-6.760000
0.137000	-5.744200
0.137500	-4.707100
0.138000	-3.548400
0.138500	-2.498800
0.139000	-1.712700
0.139500	-0.885660
0.140000	-0.163940
0.140500	0.583120
0.141000	1.233600
0.141500	2.145300
0.142000	3.077000
0.142500	3.866000
0.143000	4.629400
0.143500	5.475600
0.144000	6.181900
0.144500	6.563600
0.145000	6.866000
0.145500	7.194400
0.146000	7.507900
0.146500	8.019100
0.147000	8.862200
0.147500	9.837700
0.148000	10.942000
0.148500	11.870000
0.149000	12.695000
0.149500	13.320000
0.150000	13.674000
0.150500	13.792000
0.151000	13.653000
0.151500	13.269000
0.152000	12.647000
0.152500	11.925000
0.153000	10.959000
0.153500	10.101000
0.154000	9.127200
0.154500	8.491600
0.155000	7.988700
0.155500	7.605600
0.156000	7.308300
0.156500	7.134600
0.157000	7.060200
0.157500	7.114500
0.158000	7.013600
0.158500	7.078000
0.159000	7.063800
0.159500	7.159700
0.160000	7.149100
0.160500	7.217200
0.161000	7.154700
0.161500	7.200800
0.162000	7.172500
0.162500	7.117100
0.163000	6.986700
0.163500	6.939800
0.164000	6.884700
0.164500	6.801200
0.165000	6.857900
0.165500	6.898700
0.166000	7.066000
0.166500	6.832500
0.167000	6.742800
0.167500	6.474800
0.168000	6.099800
0.168500	5.542000
0.169000	5.003500
0.169500	4.471600
0.170000	3.958100
0.170500	3.371100
0.171000	2.692000
0.171500	1.961600
0.172000	1.168600
0.172500	0.313430
0.173000	-0.508460
0.173500	-1.459400
0.174000	-2.448700
0.174500	-3.592300
0.175000	-4.743500
0.175500	-6.172700
0.176000	-7.635700
0.176500	-8.984600
0.177000	-10.477000
0.177500	-11.769000
0.178000	-12.894000
0.178500	-13.801000
0.179000	-14.460000
0.179500	-14.841000
0.180000	-14.891000
0.180500	-14.555000
0.181000	-13.914000
0.181500	-12.994000
0.182000	-11.818000
0.182500	-10.621000
0.183000	-9.275100
0.183500	-7.942100
0.184000	-6.667200
0.184500	-5.503200
0.185000	-4.433500
0.185500	-3.408000
0.186000	-2.472400
0.186500	-1.453700
0.187000	-0.282190
0.187500	1.088500
0.188000	2.659800
0.188500	4.182500
0.189000	5.742200
0.189500	7.299300
0.190000	8.771800
0.190500	10.008000
0.191000	11.322000
0.191500	12.443000
0.192000	13.148000
0.192500	13.707000
0.193000	13.918000
0.193500	13.611000
0.194000	13.016000
0.194500	12.276000
0.195000	11.410000
0.195500	10.438000
0.196000	9.673500
0.196500	9.014400
0.197000	8.484900
0.197500	8.018500
0.198000	7.840500
0.198500	7.745500
0.199000	7.526500
0.199500	7.219200
0.200000	6.906200
0.200500	6.271800
0.201000	5.406100
0.201500	4.316000
0.202000	3.108900
0.202500	1.704200
0.203000	0.305990
0.203500	-1.152900
0.204000	-2.361600
0.204500	-3.677300
0.205000	-4.731800
0.205500	-5.606900
0.206000	-6.374200
0.206500	-7.005000
0.207000	-7.563400
0.207500	-8.015700
0.208000	-8.501300
0.208500	-8.811200
0.209000	-9.032200
0.209500	-9.351600
0.210000	-9.448700
0.210500	-9.464800
0.211000	-9.425700
0.211500	-9.219600
0.212000	-8.860000
0.212500	-8.400900
0.213000	-7.816200
0.213500	-7.174700
0.214000	-6.390100
0.214500	-5.542400
0.215000	-4.785800
0.215500	-3.856200
0.216000	-2.908200
0.216500	-1.988600
0.217000	-1.022000
0.217500	0.070554
0.218000	1.058600
0.218500	2.017900
0.219000	3.001000
0.219500	3.912200
0.220000	4.720800
0.220500	5.453500
0.221000	6.224000
0.221500	6.803000
0.222000	7.197300
0.222500	7.587100
0.223000	7.765600
0.223500	7.875100
0.224000	7.789600
0.224500	7.624400
0.225000	7.377000
0.225500	6.985700
0.226000	6.442500
0.226500	6.025300
0.227000	5.557200
0.227500	5.087100
0.228000	4.567200
0.228500	4.225500
0.229000	3.711900
0.229500	3.285700
0.230000	2.851100
0.230500	2.498900
0.231000	1.981400
0.231500	1.476700
0.232000	0.997280
0.232500	0.453590
0.233000	-0.141330
0.233500	-0.599590
0.234000	-1.179000
0.234500	-1.740500
0.235000	-2.276600
0.235500	-2.788500
0.236000	-3.261900
0.236500	-3.689500
0.237000	-4.133600
0.237500	-4.431300
0.238000	-4.806300
0.238500	-4.975600
0.239000	-5.179700
0.239500	-5.319100
0.240000	-5.408100
0.240500	-5.342200
0.241000	-5.316700
0.241500	-5.210100
0.242000	-5.128000
0.242500	-4.917400
0.243000	-4.715200
0.243500	-4.586000
0.244000	-4.413500
0.244500	-4.143400
0.245000	-4.000900
0.245500	-3.684300
0.246000	-3.397700
0.246500	-3.064600
0.247000	-2.762800
0.247500	-2.374500
0.248000	-1.911000
0.248500	-1.576100
0.249000	-1.275900
0.249500	-0.963310
0.250000	-0.773410
0.250500	-0.575180
0.251000	-0.449900
0.251500	-0.350900
0.252000	-0.332570
0.252500	-0.285370
0.253000	-0.281790
0.253500	-0.342100
0.254000	-0.476390
0.254500	-0.535450
0.255000	-0.533900
0.255500	-0.595740
0.256000	-0.736260
0.256500	-0.797110
0.257000	-0.961570
0.257500	-1.206400
0.258000	-1.458900
0.258500	-1.746800
0.259000	-2.003900
0.259500	-2.226600
0.260000	-2.417200
0.260500	-2.445100
0.261000	-2.387900
0.261500	-2.227000
0.262000	-1.825200
0.262500	-1.456500
0.263000	-0.966400
0.263500	-0.609990
0.264000	-0.192700
0.264500	0.031136
0.265000	0.159840
0.265500	0.272580
0.266000	0.299840
0.266500	0.237490
0.267000	0.213010
0.267500	0.199690
0.268000	0.117040
0.268500	0.053519
0.269000	0.037535
0.269500	-0.035104
0.270000	-0.105450
0.270500	-0.228100
0.271000	-0.378170
0.271500	-0.426340
0.272000	-0.551640
0.272500	-0.626280
0.273000	-0.597620
0.273500	-0.610050
0.274000	-0.478790
0.274500	-0.311250
0.275000	-0.022962
0.275500	0.256630
0.276000	0.573030
0.276500	0.840370
0.277000	1.169300
0.277500	1.374100
0.278000	1.564400
0.278500	1.656100
0.279000	1.742900
0.279500	1.809100
0.280000	1.814200
0.280500	1.781500
0.281000	1.786200
0.281500	1.729000
0.282000	1.571100
0.282500	1.423800
0.283000	1.241500
0.283500	0.989100
0.284000	0.793890
0.284500	0.418430
0.285000	0.230720
0.285500	-0.123230
0.286000	-0.341980
0.286500	-0.636330
0.287000	-0.800670
0.287500	-1.036900
0.288000	-1.166400
0.288500	-1.216200
0.289000	-1.136500
0.289500	-1.039500
0.290000	-0.962310
0.290500	-0.831110
0.291000	-0.649780
0.291500	-0.570700
0.292000	-0.488990
0.292500	-0.523360
0.293000	-0.512380
0.293500	-0.544360
0.294000	-0.500580
0.294500	-0.504720
0.295000	-0.394190
0.295500	-0.377290
0.296000	-0.199100
0.296500	0.064541
0.297000	0.267090
0.297500	0.545010
0.298000	0.783420
0.298500	0.933210
