0.000000	-0.000426
0.000500	-0.001279
0.001000	-0.002132
0.001500	-0.002677
0.002000	-0.003291
0.002500	-0.004178
0.003000	-0.005065
0.003500	-0.005952
0.004000	-0.006976
0.004500	-0.008033
0.005000	-0.009022
0.005500	-0.010114
0.006000	-0.011138
0.006500	-0.011991
0.007000	-0.013048
0.007500	-0.014447
0.008000	-0.015437
0.008500	-0.016153
0.009000	-0.017006
0.009500	-0.017893
0.010000	-0.018813
0.010500	-0.019496
0.011000	-0.020178
0.011500	-0.021168
0.012000	-0.022362
0.012500	-0.023659
0.013000	-0.024546
0.013500	-0.025329
0.014000	-0.026079
0.014500	-0.026966
0.015000	-0.028263
0.015500	-0.029321
0.016000	-0.030277
0.016500	-0.031300
0.017000	-0.032699
0.017500	-0.034166
0.018000	-0.035293
0.018500	-0.036896
0.019000	-0.038774
0.019500	-0.040412
0.020000	-0.042493
0.020500	-0.044917
0.021000	-0.047170
0.021500	-0.049457
0.022000	-0.051777
0.022500	-0.054270
0.023000	-0.056932
0.023500	-0.059596
0.024000	-0.062121
0.024500	-0.064614
0.025000	-0.067139
0.025500	-0.069528
0.026000	-0.071679
0.026500	-0.073658
0.027000	-0.075774
0.027500	-0.078164
0.028000	-0.081030
0.028500	-0.084103
0.029000	-0.087107
0.029500	-0.089872
0.030000	-0.092808
0.030500	-0.096153
0.031000	-0.099158
0.031500	-0.102060
0.032000	-0.105303
0.032500	-0.108750
0.033000	-0.112403
0.033500	-0.116158
0.034000	-0.120084
0.034500	-0.124624
0.035000	-0.129951
0.035500	-0.135755
0.036000	-0.142412
0.036500	-0.150231
0.037000	-0.158834
0.037500	-0.168353
0.038000	-0.179217
0.038500	-0.191174
0.039000	-0.204548
0.039500	-0.219643
0.040000	-0.236445
0.040500	-0.255387
0.041000	-0.276389
0.041500	-0.300127
0.042000	-0.326826
0.042500	-0.356534
0.043000	-0.389896
0.043500	-0.427072
0.044000	-0.467949
0.044500	-0.512640
0.045000	-0.561468
0.045500	-0.614673
0.046000	-0.672046
0.046500	-0.733748
0.047000	-0.800182
0.047500	-0.871106
0.048000	-0.946326
0.048500	-1.025522
0.049000	-1.108323
0.049500	-1.195115
0.050000	-1.286494
0.050500	-1.382781
0.051000	-1.484539
0.051500	-1.591625
0.052000	-1.703651
0.052500	-1.820812
0.053000	-1.943122
0.053500	-2.069938
0.054000	-2.201422
0.054500	-2.338538
0.055000	-2.481287
0.055500	-2.629346
0.056000	-2.783360
0.056500	-2.942686
0.057000	-3.106356
0.057500	-3.274210
0.058000	-3.446249
0.058500	-3.622633
0.059000	-3.803524
0.059500	-3.989081
0.060000	-4.179306
0.060500	-4.373553
0.061000	-4.571663
0.061500	-4.773636
0.062000	-4.978667
0.062500	-5.186111
0.063000	-5.396614
0.063500	-5.610495
0.064000	-5.827113
0.064500	-6.046628
0.065000	-6.268717
0.065500	-6.492898
0.066000	-6.719333
0.066500	-6.947699
0.067000	-7.177835
0.067500	-7.410385
0.068000	-7.644545
0.068500	-7.880313
0.069000	-8.117532
0.069500	-8.356358
0.070000	-8.596794
0.070500	-8.838677
0.071000	-9.081850
0.071500	-9.326310
0.072000	-9.572701
0.072500	-9.821022
0.073000	-10.071115
0.073500	-10.323298
0.074000	-10.577091
0.074500	-10.832334
0.075000	-11.088702
0.075500	-11.345392
0.076000	-11.602888
0.076500	-11.861348
0.077000	-12.120131
0.077500	-12.379235
0.078000	-12.638179
0.078500	-12.897283
0.079000	-13.156549
0.079500	-13.415813
0.080000	-13.674918
0.080500	-13.934023
0.081000	-14.193448
0.081500	-14.453197
0.082000	-14.712946
0.082500	-14.972210
0.083000	-15.230992
0.083500	-15.489614
0.084000	-15.748235
0.084500	-16.007017
0.085000	-16.265640
0.085500	-16.524744
0.086000	-16.782240
0.086500	-17.039734
0.087000	-17.297230
0.087500	-17.554724
0.088000	-17.810610
0.088500	-18.066496
0.089000	-18.322382
0.089500	-18.579876
0.090000	-18.835764
0.090500	-19.093258
0.091000	-19.349142
0.091500	-19.605028
0.092000	-19.860914
0.092500	-20.116800
0.093000	-20.372686
0.093500	-20.630180
0.094000	-20.889284
0.094500	-21.146780
0.095000	-21.402666
0.095500	-21.660160
0.096000	-21.917656
0.096500	-22.175152
0.097000	-22.434256
0.097500	-22.694969
0.098000	-22.957293
0.098500	-23.218006
0.099000	-23.480330
0.099500	-23.742653
0.100000	-24.004976
0.100500	-24.267300
0.101000	-24.528011
0.101500	-24.790335
0.102000	-25.052658
0.102500	-25.313372
0.103000	-25.575695
0.103500	-25.838018
0.104000	-26.100342
0.104500	-26.364273
0.105000	-26.629816
0.105500	-26.893749
0.106000	-27.160900
0.106500	-27.428049
0.107000	-27.696810
0.107500	-27.963961
0.108000	-28.231112
0.108500	-28.499872
0.109000	-28.767025
0.109500	-29.035784
0.110000	-29.304544
0.110500	-29.573305
0.111000	-29.843676
0.111500	-30.112436
0.112000	-30.382805
0.112500	-30.653177
0.113000	-30.921936
0.113500	-31.193914
0.114000	-31.464285
0.114500	-31.736263
0.115000	-32.006634
0.115500	-32.277004
0.116000	-32.547375
0.116500	-32.816135
0.117000	-33.084896
0.117500	-33.350433
0.118000	-33.615978
0.118500	-33.881519
0.119000	-34.147060
0.119500	-34.412601
0.120000	-34.678146
0.120500	-34.940468
0.121000	-35.202793
0.121500	-35.465115
0.122000	-35.724216
0.122500	-35.984932
0.123000	-36.244038
0.123500	-36.503139
0.124000	-36.760635
0.124500	-37.019741
0.125000	-37.277237
0.125500	-37.534729
0.126000	-37.792225
0.126500	-38.048111
0.127000	-38.303997
0.127500	-38.559879
0.128000	-38.817379
0.128500	-39.071655
0.129000	-39.325932
0.129500	-39.580208
0.130000	-39.832874
0.130500	-40.085541
0.131000	-40.334988
0.131500	-40.586048
0.132000	-40.835495
0.132500	-41.084942
0.133000	-41.332783
0.133500	-41.580620
0.134000	-41.826851
0.134500	-42.071472
0.135000	-42.316093
0.135500	-42.559101
0.136000	-42.802113
0.136500	-43.045124
0.137000	-43.286526
0.137500	-43.527927
0.138000	-43.767719
0.138500	-44.005901
0.139000	-44.242474
0.139500	-44.479050
0.140000	-44.714016
0.140500	-44.948978
0.141000	-45.183941
0.141500	-45.415688
0.142000	-45.647434
0.142500	-45.875961
0.143000	-46.102879
0.143500	-46.328186
0.144000	-46.551888
0.144500	-46.775585
0.145000	-46.997673
0.145500	-47.218155
0.146000	-47.437023
0.146500	-47.654285
0.147000	-47.869938
0.147500	-48.082371
0.148000	-48.293194
0.148500	-48.502411
0.149000	-48.710014
0.149500	-48.917622
0.150000	-49.123615
0.150500	-49.328003
0.151000	-49.530781
0.151500	-49.733559
0.152000	-49.933117
0.152500	-50.134285
0.153000	-50.332233
0.153500	-50.531792
0.154000	-50.729740
0.154500	-50.927692
0.155000	-51.122421
0.155500	-51.315544
0.156000	-51.507057
0.156500	-51.695351
0.157000	-51.883640
0.157500	-52.070324
0.158000	-52.255402
0.158500	-52.440472
0.159000	-52.623943
0.159500	-52.807404
0.160000	-52.987652
0.160500	-53.166286
0.161000	-53.344925
0.161500	-53.521954
0.162000	-53.698982
0.162500	-53.874401
0.163000	-54.049816
0.163500	-54.223629
0.164000	-54.395824
0.164500	-54.566414
0.165000	-54.737011
0.165500	-54.907600
0.166000	-55.076580
0.166500	-55.242344
0.167000	-55.408108
0.167500	-55.569038
0.168000	-55.729977
0.168500	-55.889301
0.169000	-56.047016
0.169500	-56.204731
0.170000	-56.362446
0.170500	-56.516941
0.171000	-56.669834
0.171500	-56.822716
0.172000	-56.970779
0.172500	-57.118839
0.173000	-57.262070
0.173500	-57.403690
0.174000	-57.542095
0.174500	-57.678890
0.175000	-57.814075
0.175500	-57.946041
0.176000	-58.076401
0.176500	-58.206753
0.177000	-58.335503
0.177500	-58.462639
0.178000	-58.588165
0.178500	-58.710476
0.179000	-58.832787
0.179500	-58.950272
0.180000	-59.067753
0.180500	-59.183628
0.181000	-59.296284
0.181500	-59.408936
0.182000	-59.518372
0.182500	-59.627804
0.183000	-59.734024
0.183500	-59.837021
0.184000	-59.940014
0.184500	-60.038189
0.185000	-60.134750
0.185500	-60.229698
0.186000	-60.321430
0.186500	-60.411552
0.187000	-60.496849
0.187500	-60.582146
0.188000	-60.664223
0.188500	-60.744686
0.189000	-60.821938
0.189500	-60.897579
0.190000	-60.971611
0.190500	-61.042419
0.191000	-61.111618
0.191500	-61.177605
0.192000	-61.241978
0.192500	-61.304737
0.193000	-61.364288
0.193500	-61.422222
0.194000	-61.478550
0.194500	-61.531662
0.195000	-61.583157
0.195500	-61.633049
0.196000	-61.679718
0.196500	-61.723171
0.197000	-61.765015
0.197500	-61.803638
0.198000	-61.839043
0.198500	-61.871231
0.199000	-61.901810
0.199500	-61.930775
0.200000	-61.954918
0.200500	-61.979057
0.201000	-61.999981
0.201500	-62.019287
0.202000	-62.035385
0.202500	-62.051476
0.203000	-62.064350
0.203500	-62.074005
0.204000	-62.083664
0.204500	-62.090103
0.205000	-62.093319
0.205500	-62.094929
0.206000	-62.093319
0.206500	-62.090103
0.207000	-62.083664
0.207500	-62.077229
0.208000	-62.069180
0.208500	-62.061134
0.209000	-62.051476
0.209500	-62.041821
0.210000	-62.032162
0.210500	-62.022511
0.211000	-62.012856
0.211500	-62.003197
0.212000	-61.995148
0.212500	-61.987099
0.213000	-61.980667
0.213500	-61.975834
0.214000	-61.972618
0.214500	-61.969402
0.215000	-61.966183
0.215500	-61.966183
0.216000	-61.964569
0.216500	-61.966183
0.217000	-61.966183
0.217500	-61.967793
0.218000	-61.969402
0.218500	-61.972618
0.219000	-61.975834
0.219500	-61.980667
0.220000	-61.983883
0.220500	-61.988716
0.221000	-61.993542
0.221500	-61.999981
0.222000	-62.003197
0.222500	-62.009632
0.223000	-62.014462
0.223500	-62.019287
0.224000	-62.022511
0.224500	-62.027336
0.225000	-62.032162
0.225500	-62.036995
0.226000	-62.043427
0.226500	-62.048260
0.227000	-62.053085
0.227500	-62.057915
0.228000	-62.064350
0.228500	-62.069180
0.229000	-62.074005
0.229500	-62.080444
0.230000	-62.086880
0.230500	-62.091713
0.231000	-62.096539
0.231500	-62.101368
0.232000	-62.106194
0.232500	-62.111027
0.233000	-62.115852
0.233500	-62.119068
0.234000	-62.122292
0.234500	-62.127117
0.235000	-62.128723
0.235500	-62.131943
0.236000	-62.133556
0.236500	-62.135166
0.237000	-62.136772
0.237500	-62.139992
0.238000	-62.141598
0.238500	-62.143208
0.239000	-62.146431
0.239500	-62.146431
0.240000	-62.148037
0.240500	-62.148037
0.241000	-62.148037
0.241500	-62.148037
0.242000	-62.148037
0.242500	-62.146431
0.243000	-62.144821
0.243500	-62.143208
0.244000	-62.138382
0.244500	-62.135166
0.245000	-62.130333
0.245500	-62.127117
0.246000	-62.122292
0.246500	-62.115852
0.247000	-62.109409
0.247500	-62.101368
0.248000	-62.091713
0.248500	-62.082054
0.249000	-62.072399
0.249500	-62.062740
0.250000	-62.053085
0.250500	-62.045040
0.251000	-62.035385
0.251500	-62.027336
0.252000	-62.019287
0.252500	-62.009632
0.253000	-61.999981
0.253500	-61.990322
0.254000	-61.980667
0.254500	-61.971008
0.255000	-61.962959
0.255500	-61.953304
0.256000	-61.943653
0.256500	-61.935604
0.257000	-61.925949
0.257500	-61.917900
0.258000	-61.908241
0.258500	-61.898594
0.259000	-61.888935
0.259500	-61.879280
0.260000	-61.871231
0.260500	-61.861572
0.261000	-61.853523
0.261500	-61.845482
0.262000	-61.837433
0.262500	-61.830994
0.263000	-61.824558
0.263500	-61.816513
0.264000	-61.810078
0.264500	-61.803638
0.265000	-61.798813
0.265500	-61.793980
0.266000	-61.790764
0.266500	-61.789154
0.267000	-61.787548
0.267500	-61.785931
0.268000	-61.787548
0.268500	-61.787548
0.269000	-61.789154
0.269500	-61.790764
0.270000	-61.790764
0.270500	-61.790764
0.271000	-61.792374
0.271500	-61.792374
0.272000	-61.792374
0.272500	-61.793980
0.273000	-61.797199
0.273500	-61.798813
0.274000	-61.802029
0.274500	-61.805244
0.275000	-61.806854
0.275500	-61.811687
0.276000	-61.814903
0.276500	-61.818119
0.277000	-61.821342
0.277500	-61.824558
0.278000	-61.826168
0.278500	-61.829384
0.279000	-61.830994
0.279500	-61.834217
0.280000	-61.835827
0.280500	-61.839043
0.281000	-61.840652
0.281500	-61.842258
0.282000	-61.843872
0.282500	-61.843872
0.283000	-61.845482
0.283500	-61.848698
0.284000	-61.850307
0.284500	-61.853523
0.285000	-61.856747
0.285500	-61.858356
0.286000	-61.861572
0.286500	-61.863182
0.287000	-61.864796
0.287500	-61.866405
0.288000	-61.868011
0.288500	-61.869621
0.289000	-61.871231
0.289500	-61.872837
0.290000	-61.874447
0.290500	-61.876060
0.291000	-61.877670
0.291500	-61.879280
0.292000	-61.880886
0.292500	-61.880886
0.293000	-61.879280
0.293500	-61.877670
0.294000	-61.874447
0.294500	-61.872837
0.295000	-61.871231
0.295500	-61.868011
0.296000	-61.866405
0.296500	-61.863182
0.297000	-61.859966
0.297500	-61.855141
0.298000	-61.848698
0.298500	-61.842258
