0.000000	0.043315
0.000500	0.043315
0.001000	0.043315
0.001500	0.043315
0.002000	0.043315
0.002500	0.043315
0.003000	0.051750
0.003500	0.063586
0.004000	0.073033
0.004500	0.080535
0.005000	0.086374
0.005500	0.089322
0.006000	0.089009
0.006500	0.085408
0.007000	0.077748
0.007500	0.061049
0.008000	0.039193
0.008500	0.018094
0.009000	0.003560
0.009500	-0.003596
0.010000	-0.005336
0.010500	-0.002695
0.011000	0.003834
0.011500	0.027789
0.012000	0.064382
0.012500	0.098657
0.013000	0.115660
0.013500	0.106500
0.014000	0.082079
0.014500	0.057056
0.015000	0.046115
0.015500	0.050868
0.016000	0.060283
0.016500	0.070070
0.017000	0.075939
0.017500	0.075404
0.018000	0.070363
0.018500	0.061180
0.019000	0.048136
0.019500	0.022882
0.020000	-0.023407
0.020500	-0.074984
0.021000	-0.115460
0.021500	-0.133090
0.022000	-0.137310
0.022500	-0.129130
0.023000	-0.107910
0.023500	-0.073297
0.024000	-0.029167
0.024500	0.017386
0.025000	0.059195
0.025500	0.090393
0.026000	0.118200
0.026500	0.145100
0.027000	0.171080
0.027500	0.196150
0.028000	0.220480
0.028500	0.243280
0.029000	0.263620
0.029500	0.279960
0.030000	0.286780
0.030500	0.285170
0.031000	0.277800
0.031500	0.267310
0.032000	0.254120
0.032500	0.237970
0.033000	0.219180
0.033500	0.197840
0.034000	0.168090
0.034500	0.132700
0.035000	0.099018
0.035500	0.074380
0.036000	0.061442
0.036500	0.056567
0.037000	0.057657
0.037500	0.062610
0.038000	0.073378
0.038500	0.089555
0.039000	0.105510
0.039500	0.115610
0.040000	0.117150
0.040500	0.113560
0.041000	0.104890
0.041500	0.091039
0.042000	0.071029
0.042500	0.045542
0.043000	0.019269
0.043500	-0.003011
0.044000	-0.018099
0.044500	-0.030343
0.045000	-0.041655
0.045500	-0.053408
0.046000	-0.067937
0.046500	-0.087800
0.047000	-0.108490
0.047500	-0.124910
0.048000	-0.131000
0.048500	-0.117430
0.049000	-0.089993
0.049500	-0.057434
0.050000	-0.025823
0.050500	0.018571
0.051000	0.066434
0.051500	0.102010
0.052000	0.110080
0.052500	0.098179
0.053000	0.078862
0.053500	0.058260
0.054000	0.042289
0.054500	0.028628
0.055000	0.015332
0.055500	0.003416
0.056000	-0.006106
0.056500	-0.006231
0.057000	0.004083
0.057500	0.016910
0.058000	0.024325
0.058500	0.025480
0.059000	0.022766
0.059500	0.013114
0.060000	-0.006543
0.060500	-0.038033
0.061000	-0.079500
0.061500	-0.129590
0.062000	-0.187000
0.062500	-0.248790
0.063000	-0.310880
0.063500	-0.373020
0.064000	-0.435040
0.064500	-0.496040
0.065000	-0.554540
0.065500	-0.613890
0.066000	-0.677900
0.066500	-0.749730
0.067000	-0.827830
0.067500	-0.909150
0.068000	-0.990770
0.068500	-1.070600
0.069000	-1.150400
0.069500	-1.230300
0.070000	-1.310100
0.070500	-1.388000
0.071000	-1.451900
0.071500	-1.504700
0.072000	-1.552900
0.072500	-1.602400
0.073000	-1.647300
0.073500	-1.681300
0.074000	-1.699600
0.074500	-1.696900
0.075000	-1.661500
0.075500	-1.594800
0.076000	-1.504000
0.076500	-1.396300
0.077000	-1.280300
0.077500	-1.161300
0.078000	-1.043300
0.078500	-0.930080
0.079000	-0.821150
0.079500	-0.713880
0.080000	-0.609200
0.080500	-0.508050
0.081000	-0.421110
0.081500	-0.349180
0.082000	-0.278350
0.082500	-0.194740
0.083000	-0.092408
0.083500	0.017589
0.084000	0.132930
0.084500	0.251680
0.085000	0.376180
0.085500	0.509590
0.086000	0.643410
0.086500	0.768840
0.087000	0.877860
0.087500	0.971710
0.088000	1.057400
0.088500	1.142100
0.089000	1.229800
0.089500	1.312000
0.090000	1.386000
0.090500	1.450100
0.091000	1.472400
0.091500	1.207700
0.092000	0.691770
0.092500	0.035074
0.093000	-0.679780
0.093500	-1.584500
0.094000	-2.582200
0.094500	-3.510000
0.095000	-4.226200
0.095500	-4.805800
0.096000	-5.253600
0.096500	-5.534600
0.097000	-5.616900
0.097500	-5.589500
0.098000	-5.491900
0.098500	-5.307900
0.099000	-5.023300
0.099500	-4.702200
0.100000	-4.379500
0.100500	-4.055000
0.101000	-3.728400
0.101500	-3.394100
0.102000	-3.053700
0.102500	-2.717700
0.103000	-2.396700
0.103500	-2.168700
0.104000	-2.068200
0.104500	-2.040500
0.105000	-2.031000
0.105500	-2.018100
0.106000	-2.031300
0.106500	-2.047500
0.107000	-2.041600
0.107500	-2.005200
0.108000	-1.946000
0.108500	-1.838100
0.109000	-1.654500
0.109500	-1.383200
0.110000	-1.076500
0.110500	-0.757680
0.111000	-0.444320
0.111500	-0.145970
0.112000	0.154810
0.112500	0.447180
0.113000	0.716770
0.113500	0.945670
0.114000	1.101100
0.114500	1.201700
0.115000	1.276700
0.115500	1.350700
0.116000	1.408000
0.116500	1.457300
0.117000	1.516700
0.117500	1.603800
0.118000	1.717000
0.118500	1.851300
0.119000	2.007300
0.119500	2.185800
0.120000	2.384300
0.120500	2.592700
0.121000	2.799600
0.121500	2.994200
0.122000	3.179500
0.122500	3.357600
0.123000	3.525600
0.123500	3.680400
0.124000	3.810900
0.124500	3.913800
0.125000	3.998300
0.125500	4.073500
0.126000	4.142200
0.126500	4.197100
0.127000	4.232600
0.127500	4.242800
0.128000	4.224300
0.128500	4.179800
0.129000	4.110500
0.129500	4.017500
0.130000	3.908400
0.130500	3.795200
0.131000	3.676000
0.131500	3.548200
0.132000	3.410000
0.132500	3.265400
0.133000	3.120000
0.133500	2.979400
0.134000	2.847100
0.134500	2.717700
0.135000	2.590200
0.135500	2.464300
0.136000	2.340000
0.136500	2.218500
0.137000	2.099900
0.137500	1.983800
0.138000	1.870600
0.138500	1.768300
0.139000	1.676300
0.139500	1.591200
0.140000	1.510000
0.140500	1.431800
0.141000	1.367100
0.141500	1.328500
0.142000	1.327900
0.142500	1.342200
0.143000	1.356900
0.143500	1.371700
0.144000	1.386200
0.144500	1.400900
0.145000	1.415600
0.145500	1.429800
0.146000	1.443100
0.146500	1.426100
0.147000	1.363900
0.147500	1.277400
0.148000	1.187600
0.148500	1.105900
0.149000	1.023400
0.149500	0.940730
0.150000	0.859170
0.150500	0.781040
0.151000	0.707290
0.151500	0.634420
0.152000	0.558830
0.152500	0.474880
0.153000	0.372180
0.153500	0.249920
0.154000	0.108260
0.154500	-0.050586
0.155000	-0.216670
0.155500	-0.385610
0.156000	-0.553840
0.156500	-0.718600
0.157000	-0.883420
0.157500	-1.045100
0.158000	-1.198300
0.158500	-1.335100
0.159000	-1.431200
0.159500	-1.495000
0.160000	-1.542400
0.160500	-1.588700
0.161000	-1.635800
0.161500	-1.678800
0.162000	-1.715600
0.162500	-1.744400
0.163000	-1.762900
0.163500	-1.770700
0.164000	-1.768100
0.164500	-1.755300
0.165000	-1.721200
0.165500	-1.667600
0.166000	-1.613600
0.166500	-1.578500
0.167000	-1.563800
0.167500	-1.558300
0.168000	-1.562200
0.168500	-1.575600
0.169000	-1.602000
0.169500	-1.642400
0.170000	-1.686400
0.170500	-1.723700
0.171000	-1.747200
0.171500	-1.758800
0.172000	-1.756600
0.172500	-1.738400
0.173000	-1.700400
0.173500	-1.633200
0.174000	-1.535700
0.174500	-1.407900
0.175000	-1.254000
0.175500	-1.093400
0.176000	-0.928990
0.176500	-0.761810
0.177000	-0.591790
0.177500	-0.412490
0.178000	-0.230010
0.178500	-0.053406
0.179000	0.106120
0.179500	0.225140
0.180000	0.305660
0.180500	0.355600
0.181000	0.383100
0.181500	0.403010
0.182000	0.420240
0.182500	0.434510
0.183000	0.445490
0.183500	0.452060
0.184000	0.456490
0.184500	0.462330
0.185000	0.473100
0.185500	0.499950
0.186000	0.542780
0.186500	0.588310
0.187000	0.623230
0.187500	0.647150
0.188000	0.664780
0.188500	0.670490
0.189000	0.658620
0.189500	0.631190
0.190000	0.597420
0.190500	0.562490
0.191000	0.531540
0.191500	0.506920
0.192000	0.484290
0.192500	0.461900
0.193000	0.438120
0.193500	0.411810
0.194000	0.381890
0.194500	0.345980
0.195000	0.301640
0.195500	0.244890
0.196000	0.172240
0.196500	0.092580
0.197000	0.015803
0.197500	-0.051282
0.198000	-0.115100
0.198500	-0.175300
0.199000	-0.230390
0.199500	-0.278460
0.200000	-0.314970
0.200500	-0.339010
0.201000	-0.350650
0.201500	-0.350760
0.202000	-0.346720
0.202500	-0.339800
0.203000	-0.329430
0.203500	-0.315080
0.204000	-0.299210
0.204500	-0.282850
0.205000	-0.265640
0.205500	-0.247180
0.206000	-0.227370
0.206500	-0.206500
0.207000	-0.184840
0.207500	-0.162690
0.208000	-0.136070
0.208500	-0.103970
0.209000	-0.071182
0.209500	-0.042500
0.210000	-0.024238
0.210500	-0.017210
0.211000	-0.017948
0.211500	-0.022984
0.212000	-0.041133
0.212500	-0.083869
0.213000	-0.129380
0.213500	-0.154970
0.214000	-0.148350
0.214500	-0.123230
0.215000	-0.084936
0.215500	-0.038316
0.216000	0.019518
0.216500	0.104510
0.217000	0.190050
0.217500	0.245380
0.218000	0.253920
0.218500	0.256350
0.219000	0.258300
0.219500	0.259950
0.220000	0.261470
0.220500	0.262930
0.221000	0.264380
0.221500	0.265880
0.222000	0.267780
0.222500	0.271970
0.223000	0.277470
0.223500	0.282610
0.224000	0.285650
0.224500	0.284750
0.225000	0.279660
0.225500	0.270450
0.226000	0.257150
0.226500	0.239370
0.227000	0.217540
0.227500	0.192460
0.228000	0.164960
0.228500	0.136090
0.229000	0.105560
0.229500	0.072652
0.230000	0.036649
0.230500	-0.003066
0.231000	-0.045718
0.231500	-0.089956
0.232000	-0.134420
0.232500	-0.182570
0.233000	-0.235700
0.233500	-0.289270
0.234000	-0.338720
0.234500	-0.374870
0.235000	-0.387150
0.235500	-0.377160
0.236000	-0.346860
0.236500	-0.298790
0.237000	-0.239380
0.237500	-0.176480
0.238000	-0.117980
0.238500	-0.067172
0.239000	-0.014605
0.239500	0.030597
0.240000	0.057189
0.240500	0.058065
0.241000	0.046352
0.241500	0.029433
0.242000	0.013311
0.242500	0.003684
0.243000	0.000022
0.243500	-0.002970
0.244000	-0.010576
0.244500	-0.028114
0.245000	-0.057435
0.245500	-0.093001
0.246000	-0.128490
0.246500	-0.158400
0.247000	-0.185800
0.247500	-0.211580
0.248000	-0.235170
0.248500	-0.255770
0.249000	-0.267270
0.249500	-0.268790
0.250000	-0.262810
0.250500	-0.251800
0.251000	-0.236170
0.251500	-0.214410
0.252000	-0.185180
0.252500	-0.147130
0.253000	-0.101870
0.253500	-0.052198
0.254000	0.001446
0.254500	0.058614
0.255000	0.120350
0.255500	0.185920
0.256000	0.252220
0.256500	0.316140
0.257000	0.376800
0.257500	0.433460
0.258000	0.478950
0.258500	0.505960
0.259000	0.510720
0.259500	0.501620
0.260000	0.487000
0.260500	0.475060
0.261000	0.471260
0.261500	0.469660
0.262000	0.470710
0.262500	0.475910
0.263000	0.492130
0.263500	0.535090
0.264000	0.591010
0.264500	0.643250
0.265000	0.677180
0.265500	0.698710
0.266000	0.706910
0.266500	0.697040
0.267000	0.662900
0.267500	0.594900
0.268000	0.509380
0.268500	0.427490
0.269000	0.369540
0.269500	0.325350
0.270000	0.287350
0.270500	0.259260
0.271000	0.244940
0.271500	0.249130
0.272000	0.263270
0.272500	0.274630
0.273000	0.270900
0.273500	0.256200
0.274000	0.236540
0.274500	0.212810
0.275000	0.185910
0.275500	0.140420
0.276000	0.078231
0.276500	0.026207
0.277000	0.011219
0.277500	0.024178
0.278000	0.037861
0.278500	0.051945
0.279000	0.066110
0.279500	0.080275
0.280000	0.094655
0.280500	0.109030
0.281000	0.123150
0.281500	0.123400
0.282000	0.093605
0.282500	0.054151
0.283000	0.026392
0.283500	0.028267
0.284000	0.051610
0.284500	0.080980
0.285000	0.101490
0.285500	0.103770
0.286000	0.100700
0.286500	0.091427
0.287000	0.072960
0.287500	0.042726
0.288000	0.004256
0.288500	-0.036895
0.289000	-0.075634
0.289500	-0.107580
0.290000	-0.136370
0.290500	-0.164380
0.291000	-0.192750
0.291500	-0.222850
0.292000	-0.256820
0.292500	-0.293000
0.293000	-0.329030
0.293500	-0.362510
0.294000	-0.389220
0.294500	-0.401830
0.295000	-0.392730
0.295500	-0.354640
0.296000	-0.292990
0.296500	-0.217110
0.297000	-0.133060
0.297500	-0.046894
0.298000	0.050561
0.298500	0.158880
0.299000	0.257610
0.299500	0.326300
0.300000	0.363750
0.300500	0.388330
0.301000	0.408950
0.301500	0.434560
0.302000	0.468620
0.302500	0.503630
0.303000	0.538710
0.303500	0.573250
0.304000	0.606180
0.304500	0.636320
0.305000	0.663660
0.305500	0.688210
0.306000	0.706920
0.306500	0.706740
0.307000	0.685510
0.307500	0.642470
0.308000	0.580390
0.308500	0.513760
0.309000	0.444780
0.309500	0.374100
0.310000	0.301740
0.310500	0.226590
0.311000	0.150930
0.311500	0.077381
0.312000	0.009693
0.312500	-0.041975
0.313000	-0.080896
0.313500	-0.113420
0.314000	-0.145720
0.314500	-0.177860
0.315000	-0.202070
0.315500	-0.210090
0.316000	-0.194060
0.316500	-0.161680
0.317000	-0.121190
0.317500	-0.075588
0.318000	-0.027714
0.318500	0.024271
0.319000	0.078350
0.319500	0.129760
0.320000	0.173740
0.320500	0.209020
0.321000	0.239860
0.321500	0.269770
0.322000	0.302250
0.322500	0.339140
0.323000	0.378310
0.323500	0.417320
0.324000	0.453720
0.324500	0.483990
0.325000	0.506260
0.325500	0.523220
0.326000	0.537650
0.326500	0.549690
0.327000	0.555870
0.327500	0.557300
0.328000	0.555250
0.328500	0.547360
0.329000	0.527170
0.329500	0.495310
0.330000	0.452620
0.330500	0.394280
0.331000	0.306470
0.331500	0.207110
0.332000	0.117190
0.332500	0.049185
0.333000	-0.013676
0.333500	-0.060630
0.334000	-0.077324
0.334500	-0.053586
0.335000	-0.018893
0.335500	0.016938
0.336000	0.052557
0.336500	0.087016
0.337000	0.122370
0.337500	0.157440
0.338000	0.190130
0.338500	0.217900
0.339000	0.227750
0.339500	0.221050
0.340000	0.206950
0.340500	0.194400
0.341000	0.183760
0.341500	0.172410
0.342000	0.159870
0.342500	0.145510
0.343000	0.125600
0.343500	0.101780
0.344000	0.078322
0.344500	0.059494
0.345000	0.048265
0.345500	0.043445
0.346000	0.043077
0.346500	0.045208
0.347000	0.055802
0.347500	0.075587
0.348000	0.094760
0.348500	0.103520
0.349000	0.094933
0.349500	0.075079
0.350000	0.052611
0.350500	0.036121
0.351000	0.028270
0.351500	0.021500
0.352000	0.016842
0.352500	0.015648
0.353000	0.018688
0.353500	0.024070
0.354000	0.030930
0.354500	0.038608
0.355000	0.046739
0.355500	0.056447
0.356000	0.068510
0.356500	0.083613
0.357000	0.106090
0.357500	0.146650
0.358000	0.196210
0.358500	0.243770
0.359000	0.279510
0.359500	0.307080
0.360000	0.327770
0.360500	0.340760
0.361000	0.344840
0.361500	0.335960
0.362000	0.312840
0.362500	0.275050
0.363000	0.222170
0.363500	0.156810
0.364000	0.085041
0.364500	0.012924
0.365000	-0.054035
0.365500	-0.125570
0.366000	-0.194990
0.366500	-0.245560
0.367000	-0.260580
0.367500	-0.234400
0.368000	-0.183870
0.368500	-0.126020
0.369000	-0.077838
0.369500	-0.038730
0.370000	0.000635
0.370500	0.036329
0.371000	0.064429
0.371500	0.082732
0.372000	0.093594
0.372500	0.099941
0.373000	0.104690
0.373500	0.109330
0.374000	0.111600
0.374500	0.110340
0.375000	0.104460
0.375500	0.085120
0.376000	0.044711
0.376500	-0.001064
0.377000	-0.035900
0.377500	-0.049692
0.378000	-0.058328
0.378500	-0.063526
0.379000	-0.064660
0.379500	-0.061533
0.380000	-0.056252
0.380500	-0.050610
0.381000	-0.046271
0.381500	-0.044752
0.382000	-0.045415
0.382500	-0.046902
0.383000	-0.048014
0.383500	-0.047586
0.384000	-0.045178
0.384500	-0.040931
0.385000	-0.034996
0.385500	-0.027060
0.386000	-0.013528
0.386500	0.005074
0.387000	0.027098
0.387500	0.051134
0.388000	0.082485
0.388500	0.119870
0.389000	0.157780
0.389500	0.190740
0.390000	0.215620
0.390500	0.230750
0.391000	0.234040
0.391500	0.223410
0.392000	0.173580
0.392500	0.083428
0.393000	-0.012912
0.393500	-0.081306
0.394000	-0.121880
0.394500	-0.153990
0.395000	-0.172260
0.395500	-0.171360
0.396000	-0.147360
0.396500	-0.109190
0.397000	-0.070764
0.397500	-0.045989
0.398000	-0.039940
0.398500	-0.038810
0.399000	-0.038488
0.399500	-0.035297
0.400000	-0.027414
0.400500	-0.016573
0.401000	-0.002140
0.401500	0.016613
0.402000	0.045933
0.402500	0.101250
0.403000	0.167530
0.403500	0.226790
0.404000	0.266960
0.404500	0.298950
0.405000	0.318020
0.405500	0.317110
0.406000	0.290260
0.406500	0.246050
0.407000	0.195020
0.407500	0.146200
0.408000	0.106740
0.408500	0.067437
0.409000	0.030637
0.409500	0.002745
0.410000	-0.010933
0.410500	-0.017205
0.411000	-0.020793
0.411500	-0.024486
0.412000	-0.030958
0.412500	-0.038695
0.413000	-0.046825
0.413500	-0.056110
0.414000	-0.067450
0.414500	-0.084925
0.415000	-0.106800
0.415500	-0.128550
0.416000	-0.145670
0.416500	-0.157060
0.417000	-0.166290
0.417500	-0.175810
0.418000	-0.188060
0.418500	-0.202800
0.419000	-0.218030
0.419500	-0.233540
0.420000	-0.249160
0.420500	-0.266100
0.421000	-0.285450
0.421500	-0.304130
0.422000	-0.318960
0.422500	-0.323110
0.423000	-0.312640
0.423500	-0.296560
0.424000	-0.284180
0.424500	-0.279410
0.425000	-0.275280
0.425500	-0.271440
0.426000	-0.267820
0.426500	-0.267010
0.427000	-0.274930
0.427500	-0.281330
0.428000	-0.274520
0.428500	-0.246620
0.429000	-0.208560
0.429500	-0.165860
0.430000	-0.122740
0.430500	-0.082814
0.431000	-0.043772
0.431500	-0.005096
0.432000	0.032645
0.432500	0.067364
0.433000	0.086570
0.433500	0.092338
0.434000	0.090545
0.434500	0.086945
0.435000	0.083198
0.435500	0.075939
0.436000	0.061499
0.436500	0.036483
0.437000	0.007237
0.437500	-0.022119
0.438000	-0.051472
0.438500	-0.080718
0.439000	-0.109880
0.439500	-0.138990
0.440000	-0.168060
0.440500	-0.197090
0.441000	-0.223770
0.441500	-0.243190
0.442000	-0.251530
0.442500	-0.244910
0.443000	-0.222620
0.443500	-0.190780
0.444000	-0.155840
0.444500	-0.124260
0.445000	-0.098683
0.445500	-0.074974
0.446000	-0.054345
0.446500	-0.038206
0.447000	-0.039791
0.447500	-0.071748
0.448000	-0.112070
0.448500	-0.137860
0.449000	-0.138460
0.449500	-0.129320
0.450000	-0.112240
0.450500	-0.088442
0.451000	-0.053316
0.451500	0.006522
0.452000	0.071114
0.452500	0.117340
0.453000	0.129490
0.453500	0.125910
0.454000	0.111860
0.454500	0.089959
0.455000	0.061919
0.455500	0.024182
0.456000	-0.015631
0.456500	-0.047336
0.457000	-0.062734
0.457500	-0.073422
0.458000	-0.083678
0.458500	-0.093970
0.459000	-0.104760
0.459500	-0.116160
0.460000	-0.127820
0.460500	-0.139360
0.461000	-0.150160
0.461500	-0.153130
0.462000	-0.146310
0.462500	-0.131520
0.463000	-0.110340
0.463500	-0.078323
0.464000	-0.038596
0.464500	0.001442
0.465000	0.034386
0.465500	0.060394
0.466000	0.082650
0.466500	0.098297
0.467000	0.104480
0.467500	0.100510
0.468000	0.089444
0.468500	0.074015
0.469000	0.056957
0.469500	0.035189
0.470000	0.003730
0.470500	-0.027158
0.471000	-0.046800
0.471500	-0.039734
0.472000	-0.002844
0.472500	0.042768
0.473000	0.075490
0.473500	0.084494
0.474000	0.085989
0.474500	0.087702
0.475000	0.096878
0.475500	0.117390
0.476000	0.139460
0.476500	0.161740
0.477000	0.184130
0.477500	0.206830
0.478000	0.230380
0.478500	0.253950
0.479000	0.276590
0.479500	0.295620
0.480000	0.297060
0.480500	0.284440
0.481000	0.265670
0.481500	0.248050
0.482000	0.231100
0.482500	0.213900
0.483000	0.196460
0.483500	0.178750
0.484000	0.159290
0.484500	0.138810
0.485000	0.119110
0.485500	0.102480
0.486000	0.103090
0.486500	0.117710
0.487000	0.133990
0.487500	0.139980
0.488000	0.139360
0.488500	0.135590
0.489000	0.126650
0.489500	0.110540
0.490000	0.084896
0.490500	0.051729
0.491000	0.015549
0.491500	-0.019123
0.492000	-0.047980
0.492500	-0.069967
0.493000	-0.085457
0.493500	-0.094819
0.494000	569.719971
0.494500	2634.600098
0.495000	5770.299805
0.495500	9513.599609
0.496000	13663.000000
0.496500	18536.000000
0.497000	24125.000000
