0.000000	-0.000042
0.000500	-0.000125
0.001000	-0.000157
0.001500	-0.000117
0.002000	-0.000044
0.002500	-0.000043
0.003000	-0.000064
0.003500	-0.000159
0.004000	-0.000162
0.004500	-0.000056
0.005000	0.000007
0.005500	0.000095
0.006000	0.000070
0.006500	0.000278
0.007000	0.000810
0.007500	0.001315
0.008000	0.001912
0.008500	0.002523
0.009000	0.002979
0.009500	0.003505
0.010000	0.003964
0.010500	0.004399
0.011000	0.004736
0.011500	0.004843
0.012000	0.004993
0.012500	0.005174
0.013000	0.005372
0.013500	0.005467
0.014000	0.005596
0.014500	0.005884
0.015000	0.006132
0.015500	0.006311
0.016000	0.006334
0.016500	0.006232
0.017000	0.006173
0.017500	0.006285
0.018000	0.006399
0.018500	0.006543
0.019000	0.006910
0.019500	0.007364
0.020000	0.007819
0.020500	0.008352
0.021000	0.008920
0.021500	0.009260
0.022000	0.009383
0.022500	0.009435
0.023000	0.009452
0.023500	0.009480
0.024000	0.009462
0.024500	0.009438
0.025000	0.009305
0.025500	0.008937
0.026000	0.008596
0.026500	0.008268
0.027000	0.007665
0.027500	0.006513
0.028000	0.004959
0.028500	0.003202
0.029000	0.001105
0.029500	-0.001155
0.030000	-0.003731
0.030500	-0.006618
0.031000	-0.009600
0.031500	-0.012877
0.032000	-0.016404
0.032500	-0.019975
0.033000	-0.023926
0.033500	-0.028294
0.034000	-0.032724
0.034500	-0.037665
0.035000	-0.042995
0.035500	-0.047981
0.036000	-0.052613
0.036500	-0.057188
0.037000	-0.061726
0.037500	-0.065959
0.038000	-0.070132
0.038500	-0.074423
0.039000	-0.078686
0.039500	-0.083247
0.040000	-0.087894
0.040500	-0.092615
0.041000	-0.097764
0.041500	-0.103265
0.042000	-0.109254
0.042500	-0.115807
0.043000	-0.122856
0.043500	-0.130426
0.044000	-0.138457
0.044500	-0.146743
0.045000	-0.155327
0.045500	-0.164153
0.046000	-0.172844
0.046500	-0.181470
0.047000	-0.190289
0.047500	-0.199253
0.048000	-0.208491
0.048500	-0.218404
0.049000	-0.229106
0.049500	-0.240677
0.050000	-0.253423
0.050500	-0.267891
0.051000	-0.284178
0.051500	-0.302235
0.052000	-0.322142
0.052500	-0.343965
0.053000	-0.367848
0.053500	-0.394048
0.054000	-0.422501
0.054500	-0.453030
0.055000	-0.486022
0.055500	-0.522007
0.056000	-0.561162
0.056500	-0.603568
0.057000	-0.649773
0.057500	-0.699888
0.058000	-0.753881
0.058500	-0.811898
0.059000	-0.873665
0.059500	-0.938923
0.060000	-1.007594
0.060500	-1.079628
0.061000	-1.154865
0.061500	-1.233610
0.062000	-1.316121
0.062500	-1.402704
0.063000	-1.493487
0.063500	-1.588921
0.064000	-1.689489
0.064500	-1.795706
0.065000	-1.907877
0.065500	-2.025681
0.066000	-2.149118
0.066500	-2.278670
0.067000	-2.414338
0.067500	-2.556765
0.068000	-2.706756
0.068500	-2.864793
0.069000	-3.031682
0.069500	-3.207905
0.070000	-3.393141
0.070500	-3.587389
0.071000	-3.790971
0.071500	-4.003404
0.072000	-4.223884
0.072500	-4.452250
0.073000	-4.688663
0.073500	-4.933444
0.074000	-5.186916
0.074500	-5.450526
0.075000	-5.726207
0.075500	-6.015728
0.076000	-6.321342
0.076500	-6.644660
0.077000	-6.985197
0.077500	-7.341988
0.078000	-7.713103
0.078500	-8.096770
0.079000	-8.492187
0.079500	-8.899511
0.080000	-9.319872
0.080500	-9.754878
0.081000	-10.205172
0.081500	-10.670595
0.082000	-11.150179
0.082500	-11.642317
0.083000	-12.145397
0.083500	-12.658134
0.084000	-13.179400
0.084500	-13.708392
0.085000	-14.244787
0.085500	-14.787136
0.086000	-15.333508
0.086500	-15.879237
0.087000	-16.421747
0.087500	-16.957657
0.088000	-17.483913
0.088500	-17.997293
0.089000	-18.496191
0.089500	-18.977385
0.090000	-19.439266
0.090500	-19.875399
0.091000	-20.285780
0.091500	-20.663977
0.092000	-21.000330
0.092500	-21.285183
0.093000	-21.510492
0.093500	-21.668207
0.094000	-21.758331
0.094500	-21.785688
0.095000	-21.767986
0.095500	-21.716488
0.096000	-21.652115
0.096500	-21.589350
0.097000	-21.537851
0.097500	-21.497618
0.098000	-21.468649
0.098500	-21.446119
0.099000	-21.430025
0.099500	-21.415541
0.100000	-21.405884
0.100500	-21.409103
0.101000	-21.434853
0.101500	-21.494398
0.102000	-21.597397
0.102500	-21.751894
0.103000	-21.961107
0.103500	-22.218603
0.104000	-22.519550
0.104500	-22.855904
0.105000	-23.218006
0.105500	-23.592983
0.106000	-23.976007
0.106500	-24.360640
0.107000	-24.746883
0.107500	-25.131516
0.108000	-25.514540
0.108500	-25.887909
0.109000	-26.248400
0.109500	-26.591192
0.110000	-26.921108
0.110500	-27.242975
0.111000	-27.560017
0.111500	-27.875446
0.112000	-28.187660
0.112500	-28.490215
0.113000	-28.779898
0.113500	-29.059923
0.114000	-29.330296
0.114500	-29.589397
0.115000	-29.838848
0.115500	-30.081858
0.116000	-30.311993
0.116500	-30.529255
0.117000	-30.735250
0.117500	-30.925154
0.118000	-31.100574
0.118500	-31.259897
0.119000	-31.411177
0.119500	-31.549580
0.120000	-31.679935
0.120500	-31.803854
0.121000	-31.924557
0.121500	-32.042038
0.122000	-32.159519
0.122500	-32.278610
0.123000	-32.402534
0.123500	-32.531281
0.124000	-32.664856
0.124500	-32.804871
0.125000	-32.949711
0.125500	-33.100990
0.126000	-33.260311
0.126500	-33.429291
0.127000	-33.604713
0.127500	-33.789787
0.128000	-33.989346
0.128500	-34.196953
0.129000	-34.417431
0.129500	-34.652393
0.130000	-34.898624
0.130500	-35.157730
0.131000	-35.428101
0.131500	-35.711346
0.132000	-36.005852
0.132500	-36.311630
0.133000	-36.628670
0.133500	-36.953758
0.134000	-37.286892
0.134500	-37.628075
0.135000	-37.972469
0.135500	-38.321701
0.136000	-38.670925
0.136500	-39.020157
0.137000	-39.367771
0.137500	-39.712173
0.138000	-40.053356
0.138500	-40.394535
0.139000	-40.734108
0.139500	-41.078506
0.140000	-41.426125
0.140500	-41.778568
0.141000	-42.135845
0.141500	-42.499557
0.142000	-42.869705
0.142500	-43.241463
0.143000	-43.619659
0.143500	-44.002682
0.144000	-44.390537
0.144500	-44.781605
0.145000	-45.179115
0.145500	-45.584671
0.146000	-45.991833
0.146500	-46.397388
0.147000	-46.796505
0.147500	-47.184357
0.148000	-47.556114
0.148500	-47.913387
0.149000	-48.257790
0.149500	-48.590923
0.150000	-48.914402
0.150500	-49.234661
0.151000	-49.553310
0.151500	-49.870354
0.152000	-50.187393
0.152500	-50.510872
0.153000	-50.840786
0.153500	-51.177139
0.154000	-51.519932
0.154500	-51.865940
0.155000	-52.211948
0.155500	-52.554733
0.156000	-52.892700
0.156500	-53.222614
0.157000	-53.542877
0.157500	-53.850258
0.158000	-54.146381
0.158500	-54.429623
0.159000	-54.698383
0.159500	-54.955875
0.160000	-55.200497
0.160500	-55.433853
0.161000	-55.659161
0.161500	-55.876427
0.162000	-56.087250
0.162500	-56.294853
0.163000	-56.497627
0.163500	-56.697189
0.164000	-56.891922
0.164500	-57.083435
0.165000	-57.266895
0.165500	-57.443924
0.166000	-57.611298
0.166500	-57.769012
0.167000	-57.917072
0.167500	-58.052254
0.168000	-58.179398
0.168500	-58.293659
0.169000	-58.398262
0.169500	-58.491611
0.170000	-58.575294
0.170500	-58.649326
0.171000	-58.713699
0.171500	-58.773243
0.172000	-58.826355
0.172500	-58.874634
0.173000	-58.919693
0.173500	-58.959930
0.174000	-58.996944
0.174500	-59.029129
0.175000	-59.061317
0.175500	-59.090282
0.176000	-59.120861
0.176500	-59.153049
0.177000	-59.186844
0.177500	-59.225468
0.178000	-59.268921
0.178500	-59.317204
0.179000	-59.373531
0.179500	-59.436291
0.180000	-59.505493
0.180500	-59.582741
0.181000	-59.664822
0.181500	-59.753338
0.182000	-59.846676
0.182500	-59.944847
0.183000	-60.047844
0.183500	-60.154057
0.184000	-60.263493
0.184500	-60.376148
0.185000	-60.492023
0.185500	-60.611111
0.186000	-60.733421
0.186500	-60.858955
0.187000	-60.984482
0.187500	-61.108402
0.188000	-61.230713
0.188500	-61.349800
0.189000	-61.464069
0.189500	-61.575115
0.190000	-61.684544
0.190500	-61.785931
0.191000	-61.880886
0.191500	-61.972618
0.192000	-62.057915
0.192500	-62.133556
0.193000	-62.205975
0.193500	-62.281612
0.194000	-62.355640
0.194500	-62.432888
0.195000	-62.518188
0.195500	-62.608311
0.196000	-62.700043
0.196500	-62.794994
0.197000	-62.889942
0.197500	-62.978458
0.198000	-63.057316
0.198500	-63.128132
0.199000	-63.187675
0.199500	-63.234344
0.200000	-63.269749
0.200500	-63.295502
0.201000	-63.313202
0.201500	-63.322857
0.202000	-63.330906
0.202500	-63.337341
0.203000	-63.340565
0.203500	-63.346996
0.204000	-63.355045
0.204500	-63.363094
0.205000	-63.371136
0.205500	-63.380795
0.206000	-63.390450
0.206500	-63.396893
0.207000	-63.400108
0.207500	-63.404934
0.208000	-63.403324
0.208500	-63.398499
0.209000	-63.392059
0.209500	-63.382404
0.210000	-63.369530
0.210500	-63.353439
0.211000	-63.338951
0.211500	-63.321251
0.212000	-63.303543
0.212500	-63.287453
0.213000	-63.272972
0.213500	-63.256874
0.214000	-63.242393
0.214500	-63.232735
0.215000	-63.224686
0.215500	-63.215031
0.216000	-63.210205
0.216500	-63.205372
0.217000	-63.198940
0.217500	-63.190891
0.218000	-63.182842
0.218500	-63.173191
0.219000	-63.161926
0.219500	-63.150661
0.220000	-63.137783
0.220500	-63.123299
0.221000	-63.108818
0.221500	-63.094334
0.222000	-63.078239
0.222500	-63.060532
0.223000	-63.042831
0.223500	-63.026737
0.224000	-63.009037
0.224500	-62.991333
0.225000	-62.978458
0.225500	-62.968800
0.226000	-62.959145
0.226500	-62.952709
0.227000	-62.947880
0.227500	-62.943054
0.228000	-62.938229
0.228500	-62.931789
0.229000	-62.925346
0.229500	-62.914082
0.230000	-62.901211
0.230500	-62.885117
0.231000	-62.865803
0.231500	-62.843273
0.232000	-62.817528
0.232500	-62.788555
0.233000	-62.754761
0.233500	-62.716137
0.234000	-62.675903
0.234500	-62.632450
0.235000	-62.584171
0.235500	-62.534279
0.236000	-62.482780
0.236500	-62.429672
0.237000	-62.374954
0.237500	-62.321846
0.238000	-62.268742
0.238500	-62.217239
0.239000	-62.167351
0.239500	-62.120678
0.240000	-62.075615
0.240500	-62.033775
0.241000	-61.995148
0.241500	-61.961353
0.242000	-61.929165
0.242500	-61.903416
0.243000	-61.880886
0.243500	-61.863182
0.244000	-61.847092
0.244500	-61.834217
0.245000	-61.824558
0.245500	-61.813293
0.246000	-61.802029
0.246500	-61.789154
0.247000	-61.774666
0.247500	-61.760185
0.248000	-61.742485
0.248500	-61.724781
0.249000	-61.705467
0.249500	-61.686157
0.250000	-61.666843
0.250500	-61.645924
0.251000	-61.625000
0.251500	-61.602470
0.252000	-61.581547
0.252500	-61.560627
0.253000	-61.541317
0.253500	-61.522003
0.254000	-61.505905
0.254500	-61.491425
0.255000	-61.480160
0.255500	-61.470501
0.256000	-61.462460
0.256500	-61.456020
0.257000	-61.449581
0.257500	-61.444756
0.258000	-61.439922
0.258500	-61.436707
0.259000	-61.433491
0.259500	-61.430271
0.260000	-61.427048
0.260500	-61.423832
0.261000	-61.417393
0.261500	-61.410957
0.262000	-61.404518
0.262500	-61.396477
0.263000	-61.388428
0.263500	-61.380379
0.264000	-61.375553
0.264500	-61.372330
0.265000	-61.369114
0.265500	-61.369114
0.266000	-61.370724
0.266500	-61.372330
0.267000	-61.373947
0.267500	-61.377163
0.268000	-61.378773
0.268500	-61.378773
0.269000	-61.380379
0.269500	-61.378773
0.270000	-61.377163
0.270500	-61.375553
0.271000	-61.372330
0.271500	-61.369114
0.272000	-61.365898
0.272500	-61.361065
0.273000	-61.356239
0.273500	-61.351414
0.274000	-61.343365
0.274500	-61.335320
0.275000	-61.325661
0.275500	-61.316006
0.276000	-61.304737
0.276500	-61.295090
0.277000	-61.282207
0.277500	-61.270943
0.278000	-61.258068
0.278500	-61.243587
0.279000	-61.229103
0.279500	-61.209789
0.280000	-61.190475
0.280500	-61.167946
0.281000	-61.143806
0.281500	-61.116451
0.282000	-61.087479
0.282500	-61.058510
0.283000	-61.027935
0.283500	-60.994141
0.284000	-60.960342
0.284500	-60.924934
0.285000	-60.887920
0.285500	-60.849300
0.286000	-60.812279
0.286500	-60.775269
0.287000	-60.738255
0.287500	-60.704456
0.288000	-60.672272
0.288500	-60.643299
0.289000	-60.619160
0.289500	-60.596630
0.290000	-60.580540
0.290500	-60.567657
0.291000	-60.558006
0.291500	-60.551567
0.292000	-60.546741
0.292500	-60.546741
0.293000	-60.546741
0.293500	-60.548351
0.294000	-60.549961
0.294500	-60.548351
0.295000	-60.545128
0.295500	-60.538696
0.296000	-60.529037
0.296500	-60.512947
0.297000	-60.493633
0.297500	-60.467884
0.298000	-60.438915
0.298500	-60.405117
