0.000000	8082.787598
0.000500	8082.787598
0.001000	8082.787598
0.001500	8082.787598
0.002000	8082.787598
0.002500	8082.787598
0.003000	8082.787598
0.003500	8083.041992
0.004000	8083.041992
0.004500	8083.041992
0.005000	8083.041992
0.005500	8083.041992
0.006000	8083.041992
0.006500	8083.041992
0.007000	8083.041992
0.007500	8083.041992
0.008000	8083.041992
0.008500	8083.041992
0.009000	8083.041992
0.009500	8083.041992
0.010000	8083.041992
0.010500	8083.041992
0.011000	8083.041992
0.011500	8083.041992
0.012000	8083.041992
0.012500	8083.041992
0.013000	8083.041992
0.013500	8083.041992
0.014000	8083.041992
0.014500	8083.041992
0.015000	8083.041992
0.015500	8083.041992
0.016000	8083.041992
0.016500	8083.295898
0.017000	8083.295898
0.017500	8083.295898
0.018000	8083.295898
0.018500	8083.295898
0.019000	8083.295898
0.019500	8083.295898
0.020000	8083.295898
0.020500	8083.295898
0.021000	8083.295898
0.021500	8083.295898
0.022000	8083.295898
0.022500	8083.295898
0.023000	8083.295898
0.023500	8083.295898
0.024000	8083.295898
0.024500	8083.295898
0.025000	8083.295898
0.025500	8083.295898
0.026000	8083.295898
0.026500	8083.295898
0.027000	8083.295898
0.027500	8083.295898
0.028000	8083.295898
0.028500	8083.295898
0.029000	8083.295898
0.029500	8083.295898
0.030000	8083.295898
0.030500	8083.295898
0.031000	8083.295898
0.031500	8083.295898
0.032000	8083.295898
0.032500	8083.295898
0.033000	8083.295898
0.033500	8083.041992
0.034000	8083.041992
0.034500	8083.041992
0.035000	8083.041992
0.035500	8083.041992
0.036000	8083.041992
0.036500	8083.041992
0.037000	8083.041992
0.037500	8083.041992
0.038000	8083.041992
0.038500	8082.787598
0.039000	8082.787598
0.039500	8082.787598
0.040000	8082.787598
0.040500	8082.787598
0.041000	8082.787598
0.041500	8082.533691
0.042000	8082.533691
0.042500	8082.533691
0.043000	8082.533691
0.043500	8082.280273
0.044000	8082.280273
0.044500	8082.280273
0.045000	8082.025391
0.045500	8082.025391
0.046000	8081.771973
0.046500	8081.771973
0.047000	8081.518066
0.047500	8081.518066
0.048000	8081.263672
0.048500	8081.263672
0.049000	8081.009766
0.049500	8080.756348
0.050000	8080.501465
0.050500	8080.248047
0.051000	8079.993164
0.051500	8079.740723
0.052000	8079.485840
0.052500	8079.231445
0.053000	8078.724121
0.053500	8078.469238
0.054000	8077.961914
0.054500	8077.707520
0.055000	8077.199707
0.055500	8076.692383
0.056000	8076.183105
0.056500	8075.675781
0.057000	8074.914062
0.057500	8074.406738
0.058000	8073.643555
0.058500	8072.881836
0.059000	8072.119629
0.059500	8071.357910
0.060000	8070.595703
0.060500	8069.833984
0.061000	8068.817871
0.061500	8068.056152
0.062000	8067.040527
0.062500	8066.023926
0.063000	8064.754395
0.063500	8063.737793
0.064000	8062.468750
0.064500	8061.452148
0.065000	8060.181641
0.065500	8058.657715
0.066000	8057.388184
0.066500	8056.118164
0.067000	8054.593262
0.067500	8053.070312
0.068000	8051.545898
0.068500	8050.021973
0.069000	8048.498047
0.069500	8046.719727
0.070000	8044.941895
0.070500	8043.417969
0.071000	8041.640137
0.071500	8039.607910
0.072000	8037.830566
0.072500	8036.051758
0.073000	8034.019531
0.073500	8031.988281
0.074000	8029.956055
0.074500	8027.923828
0.075000	8025.892090
0.075500	8023.606445
0.076000	8021.574219
0.076500	8019.288086
0.077000	8017.001953
0.077500	8014.716309
0.078000	8012.175781
0.078500	8009.889648
0.079000	8007.350098
0.079500	8004.809570
0.080000	8002.016113
0.080500	7999.476074
0.081000	7996.681641
0.081500	7993.887695
0.082000	7990.839844
0.082500	7987.791992
0.083000	7984.743652
0.083500	7981.441895
0.084000	7978.393555
0.084500	7974.837891
0.085000	7971.535645
0.085500	7967.980469
0.086000	7964.169434
0.086500	7960.359375
0.087000	7956.550293
0.087500	7952.485840
0.088000	7948.421875
0.088500	7944.104004
0.089000	7939.786133
0.089500	7935.213867
0.090000	7930.642090
0.090500	7925.815918
0.091000	7920.735840
0.091500	7915.656250
0.092000	7910.321777
0.092500	7904.987793
0.093000	7899.399902
0.093500	7893.811523
0.094000	7887.716309
0.094500	7881.873535
0.095000	7875.523926
0.095500	7869.173828
0.096000	7862.823730
0.096500	7856.219727
0.097000	7849.361816
0.097500	7842.757812
0.098000	7835.645508
0.098500	7828.787598
0.099000	7821.675781
0.099500	7814.564453
0.100000	7807.197754
0.100500	7799.831543
0.101000	7792.466309
0.101500	7784.845703
0.102000	7777.226074
0.102500	7769.605957
0.103000	7761.731445
0.103500	7754.111816
0.104000	7746.237793
0.104500	7738.364258
0.105000	7730.490234
0.105500	7722.616211
0.106000	7714.742188
0.106500	7706.868164
0.107000	7698.740234
0.107500	7690.866211
0.108000	7682.992188
0.108500	7674.863770
0.109000	7666.990234
0.109500	7658.862305
0.110000	7650.988281
0.110500	7643.114258
0.111000	7634.985840
0.111500	7627.111816
0.112000	7618.983887
0.112500	7610.855957
0.113000	7602.981445
0.113500	7594.854492
0.114000	7586.980469
0.114500	7578.852051
0.115000	7570.724121
0.115500	7562.595703
0.116000	7554.468262
0.116500	7546.339844
0.117000	7538.211914
0.117500	7530.083496
0.118000	7521.956543
0.118500	7513.828125
0.119000	7505.700195
0.119500	7497.571777
0.120000	7489.443359
0.120500	7481.315918
0.121000	7473.187988
0.121500	7465.059570
0.122000	7456.931641
0.122500	7448.804199
0.123000	7440.930176
0.123500	7432.802246
0.124000	7424.928223
0.124500	7416.799805
0.125000	7408.925781
0.125500	7401.051758
0.126000	7393.178223
0.126500	7385.304199
0.127000	7377.430664
0.127500	7369.809570
0.128000	7362.190430
0.128500	7354.316406
0.129000	7346.950195
0.129500	7339.330078
0.130000	7331.963867
0.130500	7324.597656
0.131000	7317.231445
0.131500	7310.119629
0.132000	7303.007812
0.132500	7295.895508
0.133000	7289.038086
0.133500	7282.180176
0.134000	7275.321777
0.134500	7268.718262
0.135000	7262.114258
0.135500	7255.509766
0.136000	7249.159668
0.136500	7243.063965
0.137000	7236.968262
0.137500	7230.871582
0.138000	7225.030273
0.138500	7219.187500
0.139000	7213.599609
0.139500	7208.012207
0.140000	7202.678223
0.140500	7197.343262
0.141000	7192.264160
0.141500	7187.184082
0.142000	7182.357910
0.142500	7177.785645
0.143000	7173.213867
0.143500	7168.895508
0.144000	7164.578125
0.144500	7160.513672
0.145000	7156.449707
0.145500	7152.893555
0.146000	7149.083496
0.146500	7145.781738
0.147000	7142.480469
0.147500	7139.431641
0.148000	7136.383301
0.148500	7133.590332
0.149000	7131.050293
0.149500	7128.509766
0.150000	7126.224121
0.150500	7123.937988
0.151000	7122.160156
0.151500	7120.381348
0.152000	7118.604004
0.152500	7117.080078
0.153000	7115.810059
0.153500	7114.793945
0.154000	7113.778320
0.154500	7113.016113
0.155000	7112.253906
0.155500	7111.745605
0.156000	7111.492188
0.156500	7111.237793
0.157000	7111.492188
0.157500	7111.492188
0.158000	7112.000000
0.158500	7112.253906
0.159000	7113.016113
0.159500	7113.778320
0.160000	7114.793945
0.160500	7115.810059
0.161000	7117.080078
0.161500	7118.604004
0.162000	7120.127930
0.162500	7121.906250
0.163000	7123.937988
0.163500	7125.969238
0.164000	7128.001953
0.164500	7130.288086
0.165000	7132.828125
0.165500	7135.368164
0.166000	7138.161621
0.166500	7141.209473
0.167000	7144.257324
0.167500	7147.306641
0.168000	7150.607422
0.168500	7154.164062
0.169000	7157.719727
0.169500	7161.529785
0.170000	7165.593750
0.170500	7169.403809
0.171000	7173.721680
0.171500	7178.040039
0.172000	7182.357910
0.172500	7186.930176
0.173000	7191.756348
0.173500	7196.581543
0.174000	7201.407227
0.174500	7206.488281
0.175000	7211.568359
0.175500	7216.902344
0.176000	7222.235840
0.176500	7227.823730
0.177000	7233.157715
0.177500	7239.000000
0.178000	7244.842285
0.178500	7250.683594
0.179000	7256.525879
0.179500	7262.622070
0.180000	7268.971680
0.180500	7275.068359
0.181000	7281.671387
0.181500	7288.021484
0.182000	7294.625977
0.182500	7301.230469
0.183000	7308.087891
0.183500	7314.945801
0.184000	7321.804199
0.184500	7328.916016
0.185000	7336.028320
0.185500	7343.140137
0.186000	7350.506348
0.186500	7357.871582
0.187000	7365.237793
0.187500	7372.604492
0.188000	7380.223633
0.188500	7387.843750
0.189000	7395.463867
0.189500	7403.337891
0.190000	7411.211914
0.190500	7419.085938
0.191000	7426.959961
0.191500	7434.833496
0.192000	7442.961914
0.192500	7451.089844
0.193000	7459.218262
0.193500	7467.345703
0.194000	7475.474121
0.194500	7483.856445
0.195000	7492.238281
0.195500	7500.366211
0.196000	7509.002441
0.196500	7517.383789
0.197000	7525.766113
0.197500	7534.401855
0.198000	7542.783691
0.198500	7551.419922
0.199000	7560.056152
0.199500	7568.692383
0.200000	7577.328125
0.200500	7586.218262
0.201000	7594.854492
0.201500	7603.743652
0.202000	7612.379883
0.202500	7621.269531
0.203000	7630.159668
0.203500	7639.049805
0.204000	7647.939941
0.204500	7656.830078
0.205000	7665.719727
0.205500	7674.609863
0.206000	7683.500000
0.206500	7692.390137
0.207000	7701.533691
0.207500	7710.423828
0.208000	7719.313965
0.208500	7728.457520
0.209000	7737.347656
0.209500	7746.492188
0.210000	7755.381348
0.210500	7764.525879
0.211000	7773.416016
0.211500	7782.560059
0.212000	7791.450195
0.212500	7800.593262
0.213000	7809.738281
0.213500	7818.628418
0.214000	7827.771484
0.214500	7836.661621
0.215000	7845.806152
0.215500	7854.950195
0.216000	7864.093262
0.216500	7872.983398
0.217000	7882.128418
0.217500	7891.271484
0.218000	7900.161621
0.218500	7909.306152
0.219000	7918.449707
0.219500	7927.339844
0.220000	7936.483887
0.220500	7945.374023
0.221000	7954.518555
0.221500	7963.661621
0.222000	7972.551758
0.222500	7981.695801
0.223000	7990.839844
0.223500	7999.729980
0.224000	8008.874023
0.224500	8018.017578
0.225000	8027.161621
0.225500	8036.306152
0.226000	8045.450195
0.226500	8054.340332
0.227000	8063.483398
0.227500	8072.627930
0.228000	8081.771973
0.228500	8091.169434
0.229000	8100.313965
0.229500	8109.458008
0.230000	8118.601562
0.230500	8127.745605
0.231000	8137.143066
0.231500	8146.288086
0.232000	8155.431641
0.232500	8164.830078
0.233000	8173.974121
0.233500	8183.371582
0.234000	8192.769531
0.234500	8201.914062
0.235000	8211.312500
0.235500	8220.709961
0.236000	8230.107422
0.236500	8239.506836
0.237000	8248.649414
0.237500	8258.047852
0.238000	8267.445312
0.238500	8276.842773
0.239000	8286.242188
0.239500	8295.639648
0.240000	8305.037109
0.240500	8314.435547
0.241000	8323.833008
0.241500	8333.231445
0.242000	8342.375977
0.242500	8351.774414
0.243000	8361.171875
0.243500	8370.316406
0.244000	8379.713867
0.244500	8388.857422
0.245000	8398.001953
0.245500	8407.400391
0.246000	8416.543945
0.246500	8425.687500
0.247000	8434.578125
0.247500	8443.721680
0.248000	8452.866211
0.248500	8461.756836
0.249000	8470.645508
0.249500	8479.536133
0.250000	8488.425781
0.250500	8497.316406
0.251000	8506.206055
0.251500	8514.841797
0.252000	8523.478516
0.252500	8532.114258
0.253000	8540.750000
0.253500	8549.385742
0.254000	8557.767578
0.254500	8566.404297
0.255000	8574.786133
0.255500	8582.914062
0.256000	8591.294922
0.256500	8599.677734
0.257000	8607.806641
0.257500	8615.933594
0.258000	8624.061523
0.258500	8632.189453
0.259000	8640.064453
0.259500	8647.937500
0.260000	8655.812500
0.260500	8663.685547
0.261000	8671.559570
0.261500	8679.179688
0.262000	8687.053711
0.262500	8694.673828
0.263000	8702.292969
0.263500	8709.659180
0.264000	8717.280273
0.264500	8724.645508
0.265000	8732.011719
0.265500	8739.377930
0.266000	8746.743164
0.266500	8754.109375
0.267000	8761.221680
0.267500	8768.333008
0.268000	8775.446289
0.268500	8782.557617
0.269000	8789.669922
0.269500	8796.781250
0.270000	8803.640625
0.270500	8810.498047
0.271000	8817.356445
0.271500	8824.213867
0.272000	8831.072266
0.272500	8837.930664
0.273000	8844.534180
0.273500	8851.137695
0.274000	8857.742188
0.274500	8864.345703
0.275000	8870.950195
0.275500	8877.299805
0.276000	8883.649414
0.276500	8890.000000
0.277000	8896.349609
0.277500	8902.699219
0.278000	8909.049805
0.278500	8915.145508
0.279000	8921.495117
0.279500	8927.591797
0.280000	8933.688477
0.280500	8939.530273
0.281000	8945.625977
0.281500	8951.721680
0.282000	8957.564453
0.282500	8963.406250
0.283000	8969.248047
0.283500	8975.089844
0.284000	8980.931641
0.284500	8986.773438
0.285000	8992.362305
0.285500	8997.949219
0.286000	9003.791992
0.286500	9009.379883
0.287000	9014.967773
0.287500	9020.556641
0.288000	9026.143555
0.288500	9031.477539
0.289000	9037.066406
0.289500	9042.400391
0.290000	9047.988281
0.290500	9053.322266
0.291000	9058.656250
0.291500	9063.989258
0.292000	9069.323242
0.292500	9074.657227
0.293000	9079.737305
0.293500	9085.071289
0.294000	9090.151367
0.294500	9095.232422
0.295000	9100.312500
0.295500	9105.645508
0.296000	9110.471680
0.296500	9115.551758
0.297000	9120.630859
0.297500	9125.711914
0.298000	9130.538086
0.298500	9135.618164
