0.000000	0.174170
0.000500	0.174170
0.001000	0.174170
0.001500	0.174170
0.002000	0.174170
0.002500	0.174170
0.003000	0.174180
0.003500	0.174180
0.004000	0.174180
0.004500	0.174180
0.005000	0.174180
0.005500	0.174180
0.006000	0.174190
0.006500	0.174190
0.007000	0.174190
0.007500	0.174190
0.008000	0.174190
0.008500	0.174190
0.009000	0.174190
0.009500	0.174190
0.010000	0.174200
0.010500	0.174200
0.011000	0.174200
0.011500	0.174200
0.012000	0.174200
0.012500	0.174200
0.013000	0.174210
0.013500	0.174210
0.014000	0.174210
0.014500	0.174210
0.015000	0.174210
0.015500	0.174220
0.016000	0.174220
0.016500	0.174220
0.017000	0.174230
0.017500	0.174240
0.018000	0.174240
0.018500	0.174250
0.019000	0.174260
0.019500	0.174270
0.020000	0.174280
0.020500	0.174300
0.021000	0.174310
0.021500	0.174320
0.022000	0.174340
0.022500	0.174350
0.023000	0.174370
0.023500	0.174380
0.024000	0.174390
0.024500	0.174410
0.025000	0.174420
0.025500	0.174440
0.026000	0.174450
0.026500	0.174470
0.027000	0.174480
0.027500	0.174500
0.028000	0.174510
0.028500	0.174530
0.029000	0.174550
0.029500	0.174570
0.030000	0.174590
0.030500	0.174610
0.031000	0.174630
0.031500	0.174650
0.032000	0.174670
0.032500	0.174690
0.033000	0.174710
0.033500	0.174730
0.034000	0.174750
0.034500	0.174770
0.035000	0.174790
0.035500	0.174810
0.036000	0.174830
0.036500	0.174850
0.037000	0.174880
0.037500	0.174900
0.038000	0.174920
0.038500	0.174940
0.039000	0.174970
0.039500	0.174990
0.040000	0.175020
0.040500	0.175040
0.041000	0.175060
0.041500	0.175080
0.042000	0.175110
0.042500	0.175130
0.043000	0.175160
0.043500	0.175180
0.044000	0.175210
0.044500	0.175230
0.045000	0.175260
0.045500	0.175290
0.046000	0.175320
0.046500	0.175360
0.047000	0.175390
0.047500	0.175430
0.048000	0.175480
0.048500	0.175520
0.049000	0.175570
0.049500	0.175630
0.050000	0.175680
0.050500	0.175740
0.051000	0.175810
0.051500	0.175870
0.052000	0.175940
0.052500	0.176020
0.053000	0.176100
0.053500	0.176180
0.054000	0.176270
0.054500	0.176370
0.055000	0.176480
0.055500	0.176590
0.056000	0.176720
0.056500	0.176840
0.057000	0.176980
0.057500	0.177130
0.058000	0.177290
0.058500	0.177470
0.059000	0.177650
0.059500	0.177860
0.060000	0.178070
0.060500	0.178310
0.061000	0.178560
0.061500	0.178830
0.062000	0.179120
0.062500	0.179430
0.063000	0.179750
0.063500	0.180090
0.064000	0.180450
0.064500	0.180830
0.065000	0.181220
0.065500	0.181620
0.066000	0.182040
0.066500	0.182470
0.067000	0.182900
0.067500	0.183340
0.068000	0.183780
0.068500	0.184220
0.069000	0.184650
0.069500	0.185070
0.070000	0.185480
0.070500	0.185870
0.071000	0.186240
0.071500	0.186580
0.072000	0.186900
0.072500	0.187200
0.073000	0.187460
0.073500	0.187700
0.074000	0.187910
0.074500	0.188090
0.075000	0.188230
0.075500	0.188340
0.076000	0.188420
0.076500	0.188450
0.077000	0.188450
0.077500	0.188400
0.078000	0.188310
0.078500	0.188170
0.079000	0.187990
0.079500	0.187760
0.080000	0.187480
0.080500	0.187150
0.081000	0.186780
0.081500	0.186350
0.082000	0.185870
0.082500	0.185340
0.083000	0.184750
0.083500	0.184100
0.084000	0.183400
0.084500	0.182640
0.085000	0.181810
0.085500	0.180920
0.086000	0.179970
0.086500	0.178960
0.087000	0.177870
0.087500	0.176720
0.088000	0.175490
0.088500	0.174190
0.089000	0.172820
0.089500	0.171380
0.090000	0.169860
0.090500	0.168260
0.091000	0.166600
0.091500	0.164860
0.092000	0.163040
0.092500	0.161160
0.093000	0.159210
0.093500	0.157180
0.094000	0.155080
0.094500	0.152920
0.095000	0.150670
0.095500	0.148350
0.096000	0.145950
0.096500	0.143460
0.097000	0.140890
0.097500	0.138240
0.098000	0.135510
0.098500	0.132710
0.099000	0.129830
0.099500	0.126890
0.100000	0.123900
0.100500	0.120870
0.101000	0.117810
0.101500	0.114740
0.102000	0.111690
0.102500	0.108650
0.103000	0.105670
0.103500	0.102770
0.104000	0.099963
0.104500	0.097301
0.105000	0.094835
0.105500	0.092615
0.106000	0.090690
0.106500	0.089094
0.107000	0.087837
0.107500	0.086904
0.108000	0.086267
0.108500	0.085893
0.109000	0.085753
0.109500	0.085816
0.110000	0.086053
0.110500	0.086436
0.111000	0.086938
0.111500	0.087538
0.112000	0.088219
0.112500	0.088977
0.113000	0.089812
0.113500	0.090731
0.114000	0.091742
0.114500	0.092855
0.115000	0.094077
0.115500	0.095414
0.116000	0.096877
0.116500	0.098475
0.117000	0.100220
0.117500	0.102130
0.118000	0.104220
0.118500	0.106490
0.119000	0.108930
0.119500	0.111560
0.120000	0.114340
0.120500	0.117260
0.121000	0.120300
0.121500	0.123450
0.122000	0.126670
0.122500	0.129950
0.123000	0.133280
0.123500	0.136630
0.124000	0.139980
0.124500	0.143320
0.125000	0.146640
0.125500	0.149920
0.126000	0.153150
0.126500	0.156320
0.127000	0.159420
0.127500	0.162440
0.128000	0.165370
0.128500	0.168200
0.129000	0.170930
0.129500	0.173540
0.130000	0.176040
0.130500	0.178420
0.131000	0.180700
0.131500	0.182880
0.132000	0.184960
0.132500	0.186960
0.133000	0.188870
0.133500	0.190700
0.134000	0.192440
0.134500	0.194110
0.135000	0.195690
0.135500	0.197190
0.136000	0.198610
0.136500	0.199950
0.137000	0.201200
0.137500	0.202370
0.138000	0.203460
0.138500	0.204460
0.139000	0.205370
0.139500	0.206210
0.140000	0.206970
0.140500	0.207650
0.141000	0.208250
0.141500	0.208760
0.142000	0.209200
0.142500	0.209550
0.143000	0.209820
0.143500	0.210010
0.144000	0.210120
0.144500	0.210160
0.145000	0.210130
0.145500	0.210030
0.146000	0.209860
0.146500	0.209620
0.147000	0.209320
0.147500	0.208950
0.148000	0.208520
0.148500	0.208040
0.149000	0.207510
0.149500	0.206920
0.150000	0.206290
0.150500	0.205620
0.151000	0.204920
0.151500	0.204190
0.152000	0.203430
0.152500	0.202640
0.153000	0.201840
0.153500	0.201010
0.154000	0.200160
0.154500	0.199280
0.155000	0.198380
0.155500	0.197450
0.156000	0.196480
0.156500	0.195480
0.157000	0.194450
0.157500	0.193390
0.158000	0.192290
0.158500	0.191160
0.159000	0.190000
0.159500	0.188810
0.160000	0.187600
0.160500	0.186360
0.161000	0.185100
0.161500	0.183820
0.162000	0.182530
0.162500	0.181230
0.163000	0.179920
0.163500	0.178600
0.164000	0.177280
0.164500	0.175950
0.165000	0.174630
0.165500	0.173300
0.166000	0.171980
0.166500	0.170660
0.167000	0.169350
0.167500	0.168030
0.168000	0.166720
0.168500	0.165410
0.169000	0.164110
0.169500	0.162820
0.170000	0.161540
0.170500	0.160270
0.171000	0.159010
0.171500	0.157780
0.172000	0.156560
0.172500	0.155360
0.173000	0.154180
0.173500	0.153030
0.174000	0.151900
0.174500	0.150800
0.175000	0.149740
0.175500	0.148710
0.176000	0.147720
0.176500	0.146770
0.177000	0.145860
0.177500	0.144990
0.178000	0.144180
0.178500	0.143410
0.179000	0.142700
0.179500	0.142040
0.180000	0.141440
0.180500	0.140890
0.181000	0.140400
0.181500	0.139970
0.182000	0.139590
0.182500	0.139260
0.183000	0.139000
0.183500	0.138790
0.184000	0.138630
0.184500	0.138530
0.185000	0.138490
0.185500	0.138510
0.186000	0.138580
0.186500	0.138710
0.187000	0.138880
0.187500	0.139100
0.188000	0.139360
0.188500	0.139650
0.189000	0.139980
0.189500	0.140330
0.190000	0.140710
0.190500	0.141100
0.191000	0.141500
0.191500	0.141900
0.192000	0.142290
0.192500	0.142680
0.193000	0.143050
0.193500	0.143390
0.194000	0.143710
0.194500	0.143990
0.195000	0.144230
0.195500	0.144440
0.196000	0.144600
0.196500	0.144720
0.197000	0.144800
0.197500	0.144830
0.198000	0.144820
0.198500	0.144760
0.199000	0.144660
0.199500	0.144500
0.200000	0.144300
0.200500	0.144040
0.201000	0.143730
0.201500	0.143370
0.202000	0.142960
0.202500	0.142490
0.203000	0.141980
0.203500	0.141410
0.204000	0.140810
0.204500	0.140170
0.205000	0.139490
0.205500	0.138790
0.206000	0.138070
0.206500	0.137330
0.207000	0.136590
0.207500	0.135860
0.208000	0.135120
0.208500	0.134400
0.209000	0.133690
0.209500	0.133000
0.210000	0.132340
0.210500	0.131710
0.211000	0.131100
0.211500	0.130530
0.212000	0.129980
0.212500	0.129460
0.213000	0.128970
0.213500	0.128500
0.214000	0.128050
0.214500	0.127630
0.215000	0.127220
0.215500	0.126830
0.216000	0.126460
0.216500	0.126110
0.217000	0.125780
0.217500	0.125480
0.218000	0.125200
0.218500	0.124940
0.219000	0.124720
0.219500	0.124520
0.220000	0.124350
0.220500	0.124220
0.221000	0.124110
0.221500	0.124040
0.222000	0.123980
0.222500	0.123940
0.223000	0.123920
0.223500	0.123910
0.224000	0.123890
0.224500	0.123870
0.225000	0.123830
0.225500	0.123760
0.226000	0.123660
0.226500	0.123500
0.227000	0.123290
0.227500	0.123020
0.228000	0.122670
0.228500	0.122240
0.229000	0.121730
0.229500	0.121140
0.230000	0.120460
0.230500	0.119690
0.231000	0.118850
0.231500	0.117920
0.232000	0.116920
0.232500	0.115850
0.233000	0.114720
0.233500	0.113530
0.234000	0.112300
0.234500	0.111040
0.235000	0.109740
0.235500	0.108430
0.236000	0.107100
0.236500	0.105770
0.237000	0.104440
0.237500	0.103110
0.238000	0.101790
0.238500	0.100470
0.239000	0.099160
0.239500	0.097854
0.240000	0.096555
0.240500	0.095266
0.241000	0.093986
0.241500	0.092719
0.242000	0.091467
0.242500	0.090232
0.243000	0.089018
0.243500	0.087826
0.244000	0.086659
0.244500	0.085521
0.245000	0.084414
0.245500	0.083341
0.246000	0.082306
0.246500	0.081311
0.247000	0.080359
0.247500	0.079450
0.248000	0.078585
0.248500	0.077765
0.249000	0.076987
0.249500	0.076247
0.250000	0.075540
0.250500	0.074863
0.251000	0.074209
0.251500	0.073572
0.252000	0.072945
0.252500	0.072323
0.253000	0.071701
0.253500	0.071075
0.254000	0.070442
0.254500	0.069797
0.255000	0.069142
0.255500	0.068475
0.256000	0.067797
0.256500	0.067110
0.257000	0.066414
0.257500	0.065714
0.258000	0.065010
0.258500	0.064306
0.259000	0.063604
0.259500	0.062908
0.260000	0.062220
0.260500	0.061542
0.261000	0.060877
0.261500	0.060225
0.262000	0.059588
0.262500	0.058965
0.263000	0.058357
0.263500	0.057763
0.264000	0.057182
0.264500	0.056614
0.265000	0.056058
0.265500	0.055513
0.266000	0.054980
0.266500	0.054456
0.267000	0.053941
0.267500	0.053434
0.268000	0.052934
0.268500	0.052440
0.269000	0.051950
0.269500	0.051462
0.270000	0.050975
0.270500	0.050487
0.271000	0.049995
0.271500	0.049499
0.272000	0.048996
0.272500	0.048485
0.273000	0.047967
0.273500	0.047441
0.274000	0.046909
0.274500	0.046373
0.275000	0.045833
0.275500	0.045293
0.276000	0.044752
0.276500	0.044215
0.277000	0.043682
0.277500	0.043156
0.278000	0.042638
0.278500	0.042129
0.279000	0.041632
0.279500	0.041147
0.280000	0.040677
0.280500	0.040221
0.281000	0.039781
0.281500	0.039357
0.282000	0.038949
0.282500	0.038557
0.283000	0.038181
0.283500	0.037821
0.284000	0.037477
0.284500	0.037150
0.285000	0.036840
0.285500	0.036549
0.286000	0.036275
0.286500	0.036019
0.287000	0.035782
0.287500	0.035562
0.288000	0.035360
0.288500	0.035173
0.289000	0.035001
0.289500	0.034843
0.290000	0.034697
0.290500	0.034562
0.291000	0.034437
0.291500	0.034320
0.292000	0.034211
0.292500	0.034109
0.293000	0.034013
0.293500	0.033922
0.294000	0.033837
0.294500	0.033756
0.295000	0.033679
0.295500	0.033605
0.296000	0.033535
0.296500	0.033468
0.297000	0.033406
0.297500	0.033347
0.298000	0.033292
0.298500	0.033242
