0.000000	0.326060
0.000500	0.326060
0.001000	0.326060
0.001500	0.326060
0.002000	0.326060
0.002500	0.326060
0.003000	0.326060
0.003500	0.326060
0.004000	0.326060
0.004500	0.326340
0.005000	0.326970
0.005500	0.327510
0.006000	0.327950
0.006500	0.328330
0.007000	0.328630
0.007500	0.328800
0.008000	0.328850
0.008500	0.328800
0.009000	0.328640
0.009500	0.328130
0.010000	0.327230
0.010500	0.326300
0.011000	0.325690
0.011500	0.325700
0.012000	0.325890
0.012500	0.326110
0.013000	0.326340
0.013500	0.326550
0.014000	0.326720
0.014500	0.326890
0.015000	0.327060
0.015500	0.327210
0.016000	0.327320
0.016500	0.327300
0.017000	0.327130
0.017500	0.326900
0.018000	0.326700
0.018500	0.326620
0.019000	0.326650
0.019500	0.326730
0.020000	0.326800
0.020500	0.326830
0.021000	0.326770
0.021500	0.326680
0.022000	0.326560
0.022500	0.326420
0.023000	0.326270
0.023500	0.326080
0.024000	0.325830
0.024500	0.325560
0.025000	0.325310
0.025500	0.325140
0.026000	0.325240
0.026500	0.325550
0.027000	0.325900
0.027500	0.326090
0.028000	0.325970
0.028500	0.325620
0.029000	0.325170
0.029500	0.324750
0.030000	0.324510
0.030500	0.324460
0.031000	0.324490
0.031500	0.324540
0.032000	0.324570
0.032500	0.324520
0.033000	0.324300
0.033500	0.323980
0.034000	0.323650
0.034500	0.323400
0.035000	0.323420
0.035500	0.323880
0.036000	0.324550
0.036500	0.325170
0.037000	0.325480
0.037500	0.325340
0.038000	0.324930
0.038500	0.324450
0.039000	0.324070
0.039500	0.323980
0.040000	0.324240
0.040500	0.324690
0.041000	0.325150
0.041500	0.325460
0.042000	0.325420
0.042500	0.325030
0.043000	0.324490
0.043500	0.324050
0.044000	0.323920
0.044500	0.324210
0.045000	0.324710
0.045500	0.325270
0.046000	0.325720
0.046500	0.325890
0.047000	0.325910
0.047500	0.325900
0.048000	0.325860
0.048500	0.325790
0.049000	0.325660
0.049500	0.325440
0.050000	0.325180
0.050500	0.324970
0.051000	0.324870
0.051500	0.325060
0.052000	0.325510
0.052500	0.326040
0.053000	0.326480
0.053500	0.326630
0.054000	0.326670
0.054500	0.326710
0.055000	0.326740
0.055500	0.326780
0.056000	0.326810
0.056500	0.326840
0.057000	0.326880
0.057500	0.326910
0.058000	0.326950
0.058500	0.327350
0.059000	0.328270
0.059500	0.329430
0.060000	0.330520
0.060500	0.331260
0.061000	0.331760
0.061500	0.332190
0.062000	0.332610
0.062500	0.333080
0.063000	0.333660
0.063500	0.334310
0.064000	0.335050
0.064500	0.335890
0.065000	0.336860
0.065500	0.338150
0.066000	0.339790
0.066500	0.341560
0.067000	0.343230
0.067500	0.344570
0.068000	0.345710
0.068500	0.346740
0.069000	0.347650
0.069500	0.348430
0.070000	0.349060
0.070500	0.349590
0.071000	0.350000
0.071500	0.350310
0.072000	0.350530
0.072500	0.350700
0.073000	0.350820
0.073500	0.350800
0.074000	0.350550
0.074500	0.350000
0.075000	0.349320
0.075500	0.348630
0.076000	0.347930
0.076500	0.347230
0.077000	0.346520
0.077500	0.345810
0.078000	0.345100
0.078500	0.344390
0.079000	0.343670
0.079500	0.342950
0.080000	0.342190
0.080500	0.341350
0.081000	0.340400
0.081500	0.339300
0.082000	0.338040
0.082500	0.336670
0.083000	0.335240
0.083500	0.333770
0.084000	0.332320
0.084500	0.330860
0.085000	0.329380
0.085500	0.327870
0.086000	0.326310
0.086500	0.324670
0.087000	0.322920
0.087500	0.321100
0.088000	0.319230
0.088500	0.317350
0.089000	0.315390
0.089500	0.313330
0.090000	0.311210
0.090500	0.309070
0.091000	0.306940
0.091500	0.304740
0.092000	0.302290
0.092500	0.299400
0.093000	0.295890
0.093500	0.291630
0.094000	0.286730
0.094500	0.281370
0.095000	0.275720
0.095500	0.269950
0.096000	0.264180
0.096500	0.258400
0.097000	0.252580
0.097500	0.246710
0.098000	0.240770
0.098500	0.234800
0.099000	0.228830
0.099500	0.222860
0.100000	0.216890
0.100500	0.210860
0.101000	0.204760
0.101500	0.198650
0.102000	0.192580
0.102500	0.186660
0.103000	0.182100
0.103500	0.179030
0.104000	0.176930
0.104500	0.175260
0.105000	0.173530
0.105500	0.171790
0.106000	0.170400
0.106500	0.169760
0.107000	0.170240
0.107500	0.171420
0.108000	0.172590
0.108500	0.173770
0.109000	0.174950
0.109500	0.176120
0.110000	0.177300
0.110500	0.178470
0.111000	0.179650
0.111500	0.180820
0.112000	0.182150
0.112500	0.184220
0.113000	0.187030
0.113500	0.190540
0.114000	0.194680
0.114500	0.199190
0.115000	0.203840
0.115500	0.208660
0.116000	0.213660
0.116500	0.218830
0.117000	0.224080
0.117500	0.229320
0.118000	0.234570
0.118500	0.239810
0.119000	0.245040
0.119500	0.250260
0.120000	0.255470
0.120500	0.260680
0.121000	0.265910
0.121500	0.271360
0.122000	0.277290
0.122500	0.283400
0.123000	0.289340
0.123500	0.294810
0.124000	0.299980
0.124500	0.305040
0.125000	0.310000
0.125500	0.314880
0.126000	0.319680
0.126500	0.324420
0.127000	0.329130
0.127500	0.333850
0.128000	0.338610
0.128500	0.343510
0.129000	0.348620
0.129500	0.353790
0.130000	0.358870
0.130500	0.363720
0.131000	0.368190
0.131500	0.372340
0.132000	0.376290
0.132500	0.380170
0.133000	0.384050
0.133500	0.387850
0.134000	0.391470
0.134500	0.394800
0.135000	0.397760
0.135500	0.400100
0.136000	0.401680
0.136500	0.402930
0.137000	0.404290
0.137500	0.406180
0.138000	0.408650
0.138500	0.411370
0.139000	0.414030
0.139500	0.416320
0.140000	0.418040
0.140500	0.419490
0.141000	0.420740
0.141500	0.421830
0.142000	0.422780
0.142500	0.423640
0.143000	0.424440
0.143500	0.425160
0.144000	0.425780
0.144500	0.426290
0.145000	0.426660
0.145500	0.426880
0.146000	0.426960
0.146500	0.426900
0.147000	0.426690
0.147500	0.426370
0.148000	0.425890
0.148500	0.425180
0.149000	0.424210
0.149500	0.423020
0.150000	0.421780
0.150500	0.420520
0.151000	0.419230
0.151500	0.417900
0.152000	0.416560
0.152500	0.415220
0.153000	0.413870
0.153500	0.412510
0.154000	0.411140
0.154500	0.409740
0.155000	0.408290
0.155500	0.406770
0.156000	0.405150
0.156500	0.403340
0.157000	0.401240
0.157500	0.399020
0.158000	0.396850
0.158500	0.394900
0.159000	0.393090
0.159500	0.391310
0.160000	0.389540
0.160500	0.387740
0.161000	0.385870
0.161500	0.383870
0.162000	0.381830
0.162500	0.379850
0.163000	0.378020
0.163500	0.376350
0.164000	0.374680
0.164500	0.373020
0.165000	0.371360
0.165500	0.369690
0.166000	0.368030
0.166500	0.366370
0.167000	0.364700
0.167500	0.363040
0.168000	0.361350
0.168500	0.359440
0.169000	0.357370
0.169500	0.355280
0.170000	0.353310
0.170500	0.351500
0.171000	0.349760
0.171500	0.348080
0.172000	0.346480
0.172500	0.344940
0.173000	0.343480
0.173500	0.342070
0.174000	0.340720
0.174500	0.339420
0.175000	0.338170
0.175500	0.336990
0.176000	0.335870
0.176500	0.334810
0.177000	0.333790
0.177500	0.332780
0.178000	0.331830
0.178500	0.331030
0.179000	0.330510
0.179500	0.330340
0.180000	0.330380
0.180500	0.330510
0.181000	0.330680
0.181500	0.330870
0.182000	0.331040
0.182500	0.331120
0.183000	0.331210
0.183500	0.331420
0.184000	0.331900
0.184500	0.332690
0.185000	0.333670
0.185500	0.334770
0.186000	0.335890
0.186500	0.336980
0.187000	0.338000
0.187500	0.339000
0.188000	0.340050
0.188500	0.341210
0.189000	0.342560
0.189500	0.344160
0.190000	0.345930
0.190500	0.347770
0.191000	0.349560
0.191500	0.351300
0.192000	0.353130
0.192500	0.354900
0.193000	0.356450
0.193500	0.357640
0.194000	0.358420
0.194500	0.358930
0.195000	0.359310
0.195500	0.359720
0.196000	0.360270
0.196500	0.360930
0.197000	0.361610
0.197500	0.362240
0.198000	0.362750
0.198500	0.363040
0.199000	0.363040
0.199500	0.362860
0.200000	0.362600
0.200500	0.362370
0.201000	0.362200
0.201500	0.362030
0.202000	0.361800
0.202500	0.361470
0.203000	0.360970
0.203500	0.360180
0.204000	0.359210
0.204500	0.358200
0.205000	0.357300
0.205500	0.356550
0.206000	0.355810
0.206500	0.355120
0.207000	0.354540
0.207500	0.354110
0.208000	0.353850
0.208500	0.353700
0.209000	0.353590
0.209500	0.353460
0.210000	0.353230
0.210500	0.352890
0.211000	0.352500
0.211500	0.352160
0.212000	0.351940
0.212500	0.351920
0.213000	0.352060
0.213500	0.352280
0.214000	0.352500
0.214500	0.352630
0.215000	0.352610
0.215500	0.352490
0.216000	0.352410
0.216500	0.352470
0.217000	0.352780
0.217500	0.353300
0.218000	0.353980
0.218500	0.354750
0.219000	0.355570
0.219500	0.356390
0.220000	0.357210
0.220500	0.358040
0.221000	0.358870
0.221500	0.359700
0.222000	0.360650
0.222500	0.361650
0.223000	0.362620
0.223500	0.363440
0.224000	0.363950
0.224500	0.363690
0.225000	0.362840
0.225500	0.361720
0.226000	0.360640
0.226500	0.359800
0.227000	0.359020
0.227500	0.358160
0.228000	0.357120
0.228500	0.355760
0.229000	0.354060
0.229500	0.352130
0.230000	0.350120
0.230500	0.348160
0.231000	0.346380
0.231500	0.344720
0.232000	0.343080
0.232500	0.341410
0.233000	0.339620
0.233500	0.337700
0.234000	0.335690
0.234500	0.333620
0.235000	0.331520
0.235500	0.329410
0.236000	0.327200
0.236500	0.324920
0.237000	0.322670
0.237500	0.320540
0.238000	0.318640
0.238500	0.316870
0.239000	0.315150
0.239500	0.313450
0.240000	0.311720
0.240500	0.309950
0.241000	0.308170
0.241500	0.306380
0.242000	0.304570
0.242500	0.302750
0.243000	0.300550
0.243500	0.298040
0.244000	0.295560
0.244500	0.293440
0.245000	0.291910
0.245500	0.290710
0.246000	0.289730
0.246500	0.288880
0.247000	0.288090
0.247500	0.287310
0.248000	0.286570
0.248500	0.285900
0.249000	0.285280
0.249500	0.284750
0.250000	0.284700
0.250500	0.285050
0.251000	0.285460
0.251500	0.285550
0.252000	0.284930
0.252500	0.283430
0.253000	0.281550
0.253500	0.279800
0.254000	0.278720
0.254500	0.278430
0.255000	0.278300
0.255500	0.278210
0.256000	0.278070
0.256500	0.277800
0.257000	0.277440
0.257500	0.277040
0.258000	0.276640
0.258500	0.276280
0.259000	0.276030
0.259500	0.276080
0.260000	0.276250
0.260500	0.276330
0.261000	0.276100
0.261500	0.275350
0.262000	0.274180
0.262500	0.272850
0.263000	0.271640
0.263500	0.270770
0.264000	0.270060
0.264500	0.269440
0.265000	0.268920
0.265500	0.268500
0.266000	0.268260
0.266500	0.268480
0.267000	0.268930
0.267500	0.269370
0.268000	0.269520
0.268500	0.269320
0.269000	0.268760
0.269500	0.267680
0.270000	0.265950
0.270500	0.263410
0.271000	0.260010
0.271500	0.256100
0.272000	0.252060
0.272500	0.248270
0.273000	0.244850
0.273500	0.241170
0.274000	0.237740
0.274500	0.235220
0.275000	0.234260
0.275500	0.234380
0.276000	0.234630
0.276500	0.234920
0.277000	0.235200
0.277500	0.235400
0.278000	0.235580
0.278500	0.235760
0.279000	0.235920
0.279500	0.236070
0.280000	0.236070
0.280500	0.235760
0.281000	0.235330
0.281500	0.234970
0.282000	0.234880
0.282500	0.235130
0.283000	0.235600
0.283500	0.236110
0.284000	0.236510
0.284500	0.236650
0.285000	0.236510
0.285500	0.236230
0.286000	0.235980
0.286500	0.235890
0.287000	0.236150
0.287500	0.236700
0.288000	0.237360
0.288500	0.237920
0.289000	0.238180
0.289500	0.238050
0.290000	0.237710
0.290500	0.237370
0.291000	0.237230
0.291500	0.237410
0.292000	0.237670
0.292500	0.238010
0.293000	0.238450
0.293500	0.239020
0.294000	0.239700
0.294500	0.240410
0.295000	0.241130
0.295500	0.241840
0.296000	0.242520
0.296500	0.243180
0.297000	0.243830
0.297500	0.244460
0.298000	0.245060
0.298500	0.245600
0.299000	0.245910
0.299500	0.246100
0.300000	0.246310
0.300500	0.246670
0.301000	0.247310
0.301500	0.248150
0.302000	0.249020
0.302500	0.249790
0.303000	0.250300
0.303500	0.250620
0.304000	0.250850
0.304500	0.251060
0.305000	0.251320
0.305500	0.251730
0.306000	0.252380
0.306500	0.253110
0.307000	0.253740
0.307500	0.254070
0.308000	0.253860
0.308500	0.253160
0.309000	0.252290
0.309500	0.251540
0.310000	0.251160
0.310500	0.250920
0.311000	0.250750
0.311500	0.250660
0.312000	0.250700
0.312500	0.250960
0.313000	0.251510
0.313500	0.252160
0.314000	0.252690
0.314500	0.252890
0.315000	0.252820
0.315500	0.252680
0.316000	0.252490
0.316500	0.252250
0.317000	0.251980
0.317500	0.251630
0.318000	0.251230
0.318500	0.250850
0.319000	0.250560
0.319500	0.250500
0.320000	0.250770
0.320500	0.251130
0.321000	0.251380
0.321500	0.251310
0.322000	0.251080
0.322500	0.250830
0.323000	0.250580
0.323500	0.250330
0.324000	0.250070
0.324500	0.249800
0.325000	0.249530
0.325500	0.249250
0.326000	0.248960
0.326500	0.248520
0.327000	0.247760
0.327500	0.246870
0.328000	0.246070
0.328500	0.245550
0.329000	0.245290
0.329500	0.245170
0.330000	0.245180
0.330500	0.245290
0.331000	0.245490
0.331500	0.245900
0.332000	0.246390
0.332500	0.246840
0.333000	0.247120
0.333500	0.247030
0.334000	0.246610
0.334500	0.246150
0.335000	0.245900
0.335500	0.246120
0.336000	0.246640
0.336500	0.247270
0.337000	0.247900
0.337500	0.248390
0.338000	0.248720
0.338500	0.249030
0.339000	0.249300
0.339500	0.249550
0.340000	0.249750
0.340500	0.249850
0.341000	0.249840
0.341500	0.249810
0.342000	0.249820
0.342500	0.250000
0.343000	0.250550
0.343500	0.251290
0.344000	0.251980
0.344500	0.252390
0.345000	0.252430
0.345500	0.252380
0.346000	0.252260
0.346500	0.252090
0.347000	0.251900
0.347500	0.251620
0.348000	0.251290
0.348500	0.250960
0.349000	0.250700
0.349500	0.250620
0.350000	0.250900
0.350500	0.251370
0.351000	0.251820
0.351500	0.252060
0.352000	0.251930
0.352500	0.251540
0.353000	0.251080
0.353500	0.250750
0.354000	0.250730
0.354500	0.250870
0.355000	0.251060
0.355500	0.251280
0.356000	0.251520
0.356500	0.251810
0.357000	0.252200
0.357500	0.252610
0.358000	0.252940
0.358500	0.253110
0.359000	0.253040
0.359500	0.252780
0.360000	0.252450
0.360500	0.252170
0.361000	0.252020
0.361500	0.251940
0.362000	0.251870
0.362500	0.251780
0.363000	0.251670
0.363500	0.251510
0.364000	0.251340
0.364500	0.251170
0.365000	0.251010
0.365500	0.250840
0.366000	0.250670
0.366500	0.250510
0.367000	0.250340
0.367500	0.250170
0.368000	0.249990
0.368500	0.249740
0.369000	0.249440
0.369500	0.249090
0.370000	0.248720
0.370500	0.248250
0.371000	0.247550
0.371500	0.246790
0.372000	0.246150
0.372500	0.245820
0.373000	0.245700
0.373500	0.245680
0.374000	0.245710
0.374500	0.245780
0.375000	0.245840
0.375500	0.245930
0.376000	0.246050
0.376500	0.246200
0.377000	0.246380
0.377500	0.246770
0.378000	0.247580
0.378500	0.248510
0.379000	0.249270
0.379500	0.249540
0.380000	0.249410
0.380500	0.249110
0.381000	0.248780
0.381500	0.248590
0.382000	0.248620
0.382500	0.248670
0.383000	0.248720
0.383500	0.248780
0.384000	0.248830
0.384500	0.248880
0.385000	0.248930
0.385500	0.248970
0.386000	0.249020
0.386500	0.249050
0.387000	0.248830
0.387500	0.248410
0.388000	0.248010
0.388500	0.247860
0.389000	0.248060
0.389500	0.248320
0.390000	0.248590
0.390500	0.248870
0.391000	0.249150
0.391500	0.249430
0.392000	0.249720
0.392500	0.250010
0.393000	0.250300
0.393500	0.250490
0.394000	0.249920
0.394500	0.248860
0.395000	0.247800
0.395500	0.247230
0.396000	0.247440
0.396500	0.248100
0.397000	0.248910
0.397500	0.249580
0.398000	0.249840
0.398500	0.249750
0.399000	0.249610
0.399500	0.249460
0.400000	0.249340
0.400500	0.249290
0.401000	0.249250
0.401500	0.249240
0.402000	0.249270
0.402500	0.249350
0.403000	0.249590
0.403500	0.250100
0.404000	0.250730
0.404500	0.251340
0.405000	0.251770
0.405500	0.252040
0.406000	0.252180
0.406500	0.252190
0.407000	0.252090
0.407500	0.251760
0.408000	0.250890
0.408500	0.249770
0.409000	0.248740
0.409500	0.248160
0.410000	0.248180
0.410500	0.248540
0.411000	0.248930
0.411500	0.249040
0.412000	0.248700
0.412500	0.248260
0.413000	0.247800
0.413500	0.247310
0.414000	0.246810
0.414500	0.246240
0.415000	0.245600
0.415500	0.244950
0.416000	0.244340
0.416500	0.243840
0.417000	0.243910
0.417500	0.244660
0.418000	0.245630
0.418500	0.246350
0.419000	0.246420
0.419500	0.246190
0.420000	0.245880
0.420500	0.245600
0.421000	0.245420
0.421500	0.245410
0.422000	0.245410
0.422500	0.245430
0.423000	0.245460
0.423500	0.245510
0.424000	0.245580
0.424500	0.245680
0.425000	0.245780
0.425500	0.245870
0.426000	0.245940
0.426500	0.245940
0.427000	0.245870
0.427500	0.245740
0.428000	0.245580
0.428500	0.245180
0.429000	0.244270
0.429500	0.243190
0.430000	0.242330
0.430500	0.242030
0.431000	0.242140
0.431500	0.242440
0.432000	0.242870
0.432500	0.243370
0.433000	0.243900
0.433500	0.244670
0.434000	0.245560
0.434500	0.246390
0.435000	0.246980
0.435500	0.246870
0.436000	0.245810
0.436500	0.244380
0.437000	0.243230
0.437500	0.242940
0.438000	0.243140
0.438500	0.243410
0.439000	0.243670
0.439500	0.243850
0.440000	0.243910
0.440500	0.243960
0.441000	0.244010
0.441500	0.244050
0.442000	0.244080
0.442500	0.244100
0.443000	0.244120
0.443500	0.244130
0.444000	0.244140
0.444500	0.244160
0.445000	0.244220
0.445500	0.244330
0.446000	0.244470
0.446500	0.244620
0.447000	0.244870
0.447500	0.245540
0.448000	0.246380
0.448500	0.247090
0.449000	0.247370
0.449500	0.247070
0.450000	0.246360
0.450500	0.245490
0.451000	0.244710
0.451500	0.244220
0.452000	0.243850
0.452500	0.243580
0.453000	0.243440
0.453500	0.243500
0.454000	0.243910
0.454500	0.245000
0.455000	0.246440
0.455500	0.247820
0.456000	0.248730
0.456500	0.249190
0.457000	0.249480
0.457500	0.249610
0.458000	0.249570
0.458500	0.249330
0.459000	0.248660
0.459500	0.247740
0.460000	0.246830
0.460500	0.246210
0.461000	0.246160
0.461500	0.246740
0.462000	0.247570
0.462500	0.248250
0.463000	0.248360
0.463500	0.247940
0.464000	0.247370
0.464500	0.246770
0.465000	0.246250
0.465500	0.245900
0.466000	0.245610
0.466500	0.245360
0.467000	0.245170
0.467500	0.245060
0.468000	0.245180
0.468500	0.245650
0.469000	0.246200
0.469500	0.246560
0.470000	0.246460
0.470500	0.246160
0.471000	0.245840
0.471500	0.245510
0.472000	0.245180
0.472500	0.244870
0.473000	0.244560
0.473500	0.244270
0.474000	0.243980
0.474500	0.243700
0.475000	0.243830
0.475500	0.244890
0.476000	0.246300
0.476500	0.247460
0.477000	0.247810
0.477500	0.247430
0.478000	0.246740
0.478500	0.246030
0.479000	0.245580
0.479500	0.245560
0.480000	0.245740
0.480500	0.245970
0.481000	0.246150
0.481500	0.246170
0.482000	0.245990
0.482500	0.245720
0.483000	0.245430
0.483500	0.245150
0.484000	0.244920
0.484500	0.244780
0.485000	0.244720
0.485500	0.244720
0.486000	0.244770
0.486500	0.245040
0.487000	0.246130
0.487500	0.247650
0.488000	0.249110
0.488500	0.250010
0.489000	0.249840
0.489500	0.248670
0.490000	0.247170
0.490500	0.246000
0.491000	0.245800
0.491500	0.246370
0.492000	0.247220
0.492500	0.248040
0.493000	0.248550
0.493500	0.248580
0.494000	0.248540
0.494500	0.248450
0.495000	0.248330
0.495500	0.248150
0.496000	0.247900
0.496500	0.247570
0.497000	0.247230
0.497500	0.246940
0.498000	0.246770
0.498500	0.246800
0.499000	0.247000
0.499500	0.247350
0.500000	0.247800
0.500500	0.248320
0.501000	0.248920
0.501500	0.249620
0.502000	0.250410
