0.000000	0.002077
0.000500	0.006014
0.001000	0.009448
0.001500	0.012693
0.002000	0.016341
0.002500	0.020094
0.003000	0.023631
0.003500	0.027184
0.004000	0.030809
0.004500	0.034736
0.005000	0.038944
0.005500	0.043079
0.006000	0.046718
0.006500	0.049779
0.007000	0.053025
0.007500	0.056402
0.008000	0.059397
0.008500	0.062304
0.009000	0.065302
0.009500	0.068755
0.010000	0.072580
0.010500	0.076413
0.011000	0.079788
0.011500	0.082551
0.012000	0.085364
0.012500	0.088147
0.013000	0.090759
0.013500	0.092781
0.014000	0.094672
0.014500	0.097172
0.015000	0.099555
0.015500	0.101800
0.016000	0.103960
0.016500	0.105670
0.017000	0.107290
0.017500	0.109360
0.018000	0.111570
0.018500	0.113500
0.019000	0.115300
0.019500	0.116800
0.020000	0.117850
0.020500	0.118720
0.021000	0.119240
0.021500	0.119300
0.022000	0.119520
0.022500	0.119930
0.023000	0.120430
0.023500	0.120880
0.024000	0.121000
0.024500	0.120980
0.025000	0.120850
0.025500	0.120580
0.026000	0.119930
0.026500	0.118890
0.027000	0.117570
0.027500	0.116080
0.028000	0.114760
0.028500	0.113650
0.029000	0.112520
0.029500	0.111170
0.030000	0.109830
0.030500	0.108540
0.031000	0.107040
0.031500	0.105090
0.032000	0.102520
0.032500	0.099885
0.033000	0.097670
0.033500	0.095764
0.034000	0.093992
0.034500	0.092133
0.035000	0.090047
0.035500	0.087875
0.036000	0.085506
0.036500	0.082554
0.037000	0.078992
0.037500	0.074959
0.038000	0.071013
0.038500	0.067707
0.039000	0.064926
0.039500	0.062152
0.040000	0.059217
0.040500	0.056402
0.041000	0.053878
0.041500	0.051354
0.042000	0.048416
0.042500	0.044963
0.043000	0.041314
0.043500	0.037916
0.044000	0.034745
0.044500	0.031306
0.045000	0.027683
0.045500	0.024556
0.046000	0.022158
0.046500	0.019946
0.047000	0.017346
0.047500	0.014390
0.048000	0.011440
0.048500	0.008577
0.049000	0.006050
0.049500	0.004032
0.050000	0.002014
0.050500	0.000157
0.051000	-0.001192
0.051500	-0.002172
0.052000	-0.003256
0.052500	-0.004613
0.053000	-0.006264
0.053500	-0.007985
0.054000	-0.009445
0.054500	-0.010623
0.055000	-0.011624
0.055500	-0.012384
0.056000	-0.012544
0.056500	-0.011876
0.057000	-0.010068
0.057500	-0.007428
0.058000	-0.003971
0.058500	0.000839
0.059000	0.007162
0.059500	0.015216
0.060000	0.024748
0.060500	0.035031
0.061000	0.046034
0.061500	0.057853
0.062000	0.070518
0.062500	0.083808
0.063000	0.097378
0.063500	0.111110
0.064000	0.125050
0.064500	0.139690
0.065000	0.154980
0.065500	0.170810
0.066000	0.187130
0.066500	0.204660
0.067000	0.223750
0.067500	0.244370
0.068000	0.266730
0.068500	0.290130
0.069000	0.314850
0.069500	0.341520
0.070000	0.369580
0.070500	0.398560
0.071000	0.428960
0.071500	0.460990
0.072000	0.494790
0.072500	0.530500
0.073000	0.568080
0.073500	0.607560
0.074000	0.648530
0.074500	0.691480
0.075000	0.736430
0.075500	0.782940
0.076000	0.831010
0.076500	0.880270
0.077000	0.930730
0.077500	0.982400
0.078000	1.034600
0.078500	1.086500
0.079000	1.138200
0.079500	1.189300
0.080000	1.239800
0.080500	1.289400
0.081000	1.337600
0.081500	1.384100
0.082000	1.429600
0.082500	1.474900
0.083000	1.520800
0.083500	1.567600
0.084000	1.615600
0.084500	1.665300
0.085000	1.717100
0.085500	1.770600
0.086000	1.825200
0.086500	1.880500
0.087000	1.937200
0.087500	1.996200
0.088000	2.056600
0.088500	2.118800
0.089000	2.183800
0.089500	2.251100
0.090000	2.320500
0.090500	2.391500
0.091000	2.463700
0.091500	2.536600
0.092000	2.609700
0.092500	2.681900
0.093000	2.753300
0.093500	2.824300
0.094000	2.894200
0.094500	2.962800
0.095000	3.030600
0.095500	3.098800
0.096000	3.167600
0.096500	3.236300
0.097000	3.304900
0.097500	3.372000
0.098000	3.436300
0.098500	3.498600
0.099000	3.557100
0.099500	3.606700
0.100000	3.645500
0.100500	3.674900
0.101000	3.694600
0.101500	3.704700
0.102000	3.708600
0.102500	3.710200
0.103000	3.710500
0.103500	3.710300
0.104000	3.709300
0.104500	3.704400
0.105000	3.692500
0.105500	3.672300
0.106000	3.643400
0.106500	3.605500
0.107000	3.558500
0.107500	3.501600
0.108000	3.434000
0.108500	3.357900
0.109000	3.274900
0.109500	3.184700
0.110000	3.089000
0.110500	2.991400
0.111000	2.894300
0.111500	2.797700
0.112000	2.701800
0.112500	2.607600
0.113000	2.514100
0.113500	2.419700
0.114000	2.322900
0.114500	2.221400
0.115000	2.113400
0.115500	1.997600
0.116000	1.878100
0.116500	1.759600
0.117000	1.646300
0.117500	1.539500
0.118000	1.437200
0.118500	1.342300
0.119000	1.255500
0.119500	1.176100
0.120000	1.101500
0.120500	1.032500
0.121000	0.971730
0.121500	0.916990
0.122000	0.865540
0.122500	0.815990
0.123000	0.768750
0.123500	0.723880
0.124000	0.680700
0.124500	0.640340
0.125000	0.604830
0.125500	0.573930
0.126000	0.546160
0.126500	0.522040
0.127000	0.503100
0.127500	0.489160
0.128000	0.478320
0.128500	0.470070
0.129000	0.464930
0.129500	0.462910
0.130000	0.461840
0.130500	0.459680
0.131000	0.457770
0.131500	0.456630
0.132000	0.454920
0.132500	0.452750
0.133000	0.451140
0.133500	0.450690
0.134000	0.450720
0.134500	0.450230
0.135000	0.449670
0.135500	0.449610
0.136000	0.449650
0.136500	0.449140
0.137000	0.448210
0.137500	0.447980
0.138000	0.448570
0.138500	0.448860
0.139000	0.448030
0.139500	0.447010
0.140000	0.446250
0.140500	0.443890
0.141000	0.439040
0.141500	0.432160
0.142000	0.424060
0.142500	0.414940
0.143000	0.403650
0.143500	0.390050
0.144000	0.374410
0.144500	0.356380
0.145000	0.335810
0.145500	0.311610
0.146000	0.282760
0.146500	0.249460
0.147000	0.211690
0.147500	0.169400
0.148000	0.123030
0.148500	0.073440
0.149000	0.021111
0.149500	-0.034475
0.150000	-0.093738
0.150500	-0.154980
0.151000	-0.215990
0.151500	-0.275460
0.152000	-0.332160
0.152500	-0.384870
0.153000	-0.432400
0.153500	-0.474200
0.154000	-0.510710
0.154500	-0.542920
0.155000	-0.571860
0.155500	-0.599010
0.156000	-0.627370
0.156500	-0.659510
0.157000	-0.696620
0.157500	-0.739920
0.158000	-0.789680
0.158500	-0.844390
0.159000	-0.900980
0.159500	-0.955860
0.160000	-1.005500
0.160500	-1.045900
0.161000	-1.074500
0.161500	-1.091600
0.162000	-1.098400
0.162500	-1.097600
0.163000	-1.091800
0.163500	-1.083500
0.164000	-1.073900
0.164500	-1.061100
0.165000	-1.040800
0.165500	-1.010200
0.166000	-0.968900
0.166500	-0.918800
0.167000	-0.863390
0.167500	-0.806240
0.168000	-0.751200
0.168500	-0.701060
0.169000	-0.656740
0.169500	-0.618790
0.170000	-0.587570
0.170500	-0.563040
0.171000	-0.544480
0.171500	-0.530670
0.172000	-0.521560
0.172500	-0.517140
0.173000	-0.515660
0.173500	-0.516320
0.174000	-0.518720
0.174500	-0.521410
0.175000	-0.523420
0.175500	-0.524180
0.176000	-0.523300
0.176500	-0.520860
0.177000	-0.517090
0.177500	-0.512370
0.178000	-0.507430
0.178500	-0.502930
0.179000	-0.499450
0.179500	-0.497370
0.180000	-0.496560
0.180500	-0.496360
0.181000	-0.494990
0.181500	-0.492370
0.182000	-0.488950
0.182500	-0.483950
0.183000	-0.477550
0.183500	-0.469700
0.184000	-0.460420
0.184500	-0.449740
0.185000	-0.438080
0.185500	-0.426560
0.186000	-0.415980
0.186500	-0.406360
0.187000	-0.397080
0.187500	-0.387950
0.188000	-0.378680
0.188500	-0.368570
0.189000	-0.356980
0.189500	-0.344230
0.190000	-0.331750
0.190500	-0.320520
0.191000	-0.311840
0.191500	-0.306660
0.192000	-0.305440
0.192500	-0.308170
0.193000	-0.314190
0.193500	-0.322870
0.194000	-0.332450
0.194500	-0.340590
0.195000	-0.345960
0.195500	-0.348170
0.196000	-0.347600
0.196500	-0.345050
0.197000	-0.341330
0.197500	-0.336940
0.198000	-0.332420
0.198500	-0.328000
0.199000	-0.323410
0.199500	-0.318150
0.200000	-0.311830
0.200500	-0.304550
0.201000	-0.296650
0.201500	-0.288780
0.202000	-0.281590
0.202500	-0.275360
0.203000	-0.270000
0.203500	-0.265140
0.204000	-0.261170
0.204500	-0.258820
0.205000	-0.256510
0.205500	-0.253700
0.206000	-0.251390
0.206500	-0.250160
0.207000	-0.250880
0.207500	-0.253200
0.208000	-0.256880
0.208500	-0.261430
0.209000	-0.266610
0.209500	-0.272720
0.210000	-0.279560
0.210500	-0.286250
0.211000	-0.291790
0.211500	-0.294950
0.212000	-0.294410
0.212500	-0.289110
0.213000	-0.277650
0.213500	-0.259890
0.214000	-0.236890
0.214500	-0.210810
0.215000	-0.183990
0.215500	-0.158270
0.216000	-0.135420
0.216500	-0.116700
0.217000	-0.102020
0.217500	-0.090481
0.218000	-0.081274
0.218500	-0.073795
0.219000	-0.067958
0.219500	-0.063769
0.220000	-0.061555
0.220500	-0.062082
0.221000	-0.065551
0.221500	-0.071934
0.222000	-0.081935
0.222500	-0.094964
0.223000	-0.109890
0.223500	-0.126230
0.224000	-0.143260
0.224500	-0.160940
0.225000	-0.179230
0.225500	-0.197960
0.226000	-0.216890
0.226500	-0.235730
0.227000	-0.254730
0.227500	-0.273600
0.228000	-0.291470
0.228500	-0.309250
0.229000	-0.327560
0.229500	-0.346010
0.230000	-0.364870
0.230500	-0.384290
0.231000	-0.404450
0.231500	-0.425590
0.232000	-0.447380
0.232500	-0.469970
0.233000	-0.493420
0.233500	-0.517400
0.234000	-0.541680
0.234500	-0.565690
0.235000	-0.588890
0.235500	-0.611260
0.236000	-0.632870
0.236500	-0.653280
0.237000	-0.672370
0.237500	-0.690600
0.238000	-0.708730
0.238500	-0.726960
0.239000	-0.745310
0.239500	-0.763140
0.240000	-0.780220
0.240500	-0.796440
0.241000	-0.811370
0.241500	-0.824540
0.242000	-0.835690
0.242500	-0.845260
0.243000	-0.852950
0.243500	-0.858620
0.244000	-0.862480
0.244500	-0.863920
0.245000	-0.861900
0.245500	-0.856130
0.246000	-0.846450
0.246500	-0.832990
0.247000	-0.816280
0.247500	-0.796710
0.248000	-0.775750
0.248500	-0.755740
0.249000	-0.738120
0.249500	-0.724450
0.250000	-0.715830
0.250500	-0.712240
0.251000	-0.712380
0.251500	-0.713720
0.252000	-0.714240
0.252500	-0.712030
0.253000	-0.705080
0.253500	-0.692620
0.254000	-0.676030
0.254500	-0.656100
0.255000	-0.633390
0.255500	-0.609700
0.256000	-0.586730
0.256500	-0.566030
0.257000	-0.548110
0.257500	-0.532820
0.258000	-0.519380
0.258500	-0.507290
0.259000	-0.495920
0.259500	-0.484450
0.260000	-0.472860
0.260500	-0.460680
0.261000	-0.447410
0.261500	-0.432630
0.262000	-0.416890
0.262500	-0.400470
0.263000	-0.382370
0.263500	-0.362190
0.264000	-0.340770
0.264500	-0.319170
0.265000	-0.297310
0.265500	-0.274860
0.266000	-0.252320
0.266500	-0.230460
0.267000	-0.209730
0.267500	-0.190580
0.268000	-0.172670
0.268500	-0.156050
0.269000	-0.140710
0.269500	-0.126390
0.270000	-0.113070
0.270500	-0.101460
0.271000	-0.091733
0.271500	-0.083546
0.272000	-0.077489
0.272500	-0.073715
0.273000	-0.072290
0.273500	-0.071980
0.274000	-0.071575
0.274500	-0.070162
0.275000	-0.067416
0.275500	-0.063568
0.276000	-0.058760
0.276500	-0.053591
0.277000	-0.048892
0.277500	-0.045749
0.278000	-0.045012
0.278500	-0.046586
0.279000	-0.049872
0.279500	-0.054226
0.280000	-0.058989
0.280500	-0.063264
0.281000	-0.065991
0.281500	-0.066472
0.282000	-0.064328
0.282500	-0.060225
0.283000	-0.054245
0.283500	-0.046765
0.284000	-0.038406
0.284500	-0.029189
0.285000	-0.019680
0.285500	-0.010128
0.286000	-0.000908
0.286500	0.008079
0.287000	0.017238
0.287500	0.026752
0.288000	0.037259
0.288500	0.048748
0.289000	0.060754
0.289500	0.072682
0.290000	0.084100
0.290500	0.094329
0.291000	0.102660
0.291500	0.109270
0.292000	0.114170
0.292500	0.118210
0.293000	0.121660
0.293500	0.123650
0.294000	0.123820
0.294500	0.121570
0.295000	0.117440
0.295500	0.111770
0.296000	0.103870
0.296500	0.093841
0.297000	0.082129
0.297500	0.069182
0.298000	0.055798
0.298500	0.042397
