0.000000	-0.119020
0.000500	-0.119020
0.001000	-0.119020
0.001500	-0.119020
0.002000	-0.119020
0.002500	-0.119020
0.003000	-0.119020
0.003500	-0.119020
0.004000	-0.119020
0.004500	-0.119060
0.005000	-0.119140
0.005500	-0.119210
0.006000	-0.119260
0.006500	-0.119290
0.007000	-0.119300
0.007500	-0.119300
0.008000	-0.119300
0.008500	-0.119290
0.009000	-0.119290
0.009500	-0.119280
0.010000	-0.119270
0.010500	-0.119250
0.011000	-0.119240
0.011500	-0.119240
0.012000	-0.119270
0.012500	-0.119330
0.013000	-0.119390
0.013500	-0.119440
0.014000	-0.119430
0.014500	-0.119280
0.015000	-0.119070
0.015500	-0.118870
0.016000	-0.118790
0.016500	-0.118890
0.017000	-0.119140
0.017500	-0.119430
0.018000	-0.119640
0.018500	-0.119670
0.019000	-0.119600
0.019500	-0.119510
0.020000	-0.119420
0.020500	-0.119350
0.021000	-0.119300
0.021500	-0.119250
0.022000	-0.119210
0.022500	-0.119180
0.023000	-0.119150
0.023500	-0.119160
0.024000	-0.119220
0.024500	-0.119300
0.025000	-0.119360
0.025500	-0.119380
0.026000	-0.119260
0.026500	-0.119060
0.027000	-0.118860
0.027500	-0.118750
0.028000	-0.118780
0.028500	-0.118870
0.029000	-0.118980
0.029500	-0.119080
0.030000	-0.119150
0.030500	-0.119200
0.031000	-0.119240
0.031500	-0.119290
0.032000	-0.119320
0.032500	-0.119330
0.033000	-0.119330
0.033500	-0.119320
0.034000	-0.119300
0.034500	-0.119290
0.035000	-0.119300
0.035500	-0.119310
0.036000	-0.119330
0.036500	-0.119350
0.037000	-0.119350
0.037500	-0.119320
0.038000	-0.119260
0.038500	-0.119180
0.039000	-0.119110
0.039500	-0.119060
0.040000	-0.119040
0.040500	-0.119040
0.041000	-0.119050
0.041500	-0.119080
0.042000	-0.119130
0.042500	-0.119230
0.043000	-0.119340
0.043500	-0.119450
0.044000	-0.119540
0.044500	-0.119590
0.045000	-0.119630
0.045500	-0.119650
0.046000	-0.119650
0.046500	-0.119640
0.047000	-0.119560
0.047500	-0.119440
0.048000	-0.119330
0.048500	-0.119250
0.049000	-0.119250
0.049500	-0.119270
0.050000	-0.119290
0.050500	-0.119320
0.051000	-0.119360
0.051500	-0.119410
0.052000	-0.119470
0.052500	-0.119540
0.053000	-0.119590
0.053500	-0.119610
0.054000	-0.119520
0.054500	-0.119350
0.055000	-0.119150
0.055500	-0.119010
0.056000	-0.118960
0.056500	-0.118920
0.057000	-0.118880
0.057500	-0.118840
0.058000	-0.118800
0.058500	-0.118770
0.059000	-0.118740
0.059500	-0.118710
0.060000	-0.118680
0.060500	-0.118630
0.061000	-0.118450
0.061500	-0.118140
0.062000	-0.117740
0.062500	-0.117320
0.063000	-0.116920
0.063500	-0.116520
0.064000	-0.116110
0.064500	-0.115690
0.065000	-0.115230
0.065500	-0.114740
0.066000	-0.114240
0.066500	-0.113740
0.067000	-0.113250
0.067500	-0.112770
0.068000	-0.112300
0.068500	-0.111840
0.069000	-0.111370
0.069500	-0.110910
0.070000	-0.110440
0.070500	-0.109960
0.071000	-0.109490
0.071500	-0.109050
0.072000	-0.108680
0.072500	-0.108360
0.073000	-0.108050
0.073500	-0.107760
0.074000	-0.107470
0.074500	-0.107180
0.075000	-0.106870
0.075500	-0.106560
0.076000	-0.106250
0.076500	-0.105950
0.077000	-0.105670
0.077500	-0.105480
0.078000	-0.105340
0.078500	-0.105200
0.079000	-0.104990
0.079500	-0.104710
0.080000	-0.104430
0.080500	-0.104120
0.081000	-0.103810
0.081500	-0.103490
0.082000	-0.103140
0.082500	-0.102760
0.083000	-0.102380
0.083500	-0.102060
0.084000	-0.101790
0.084500	-0.101580
0.085000	-0.101380
0.085500	-0.101190
0.086000	-0.100980
0.086500	-0.100740
0.087000	-0.100490
0.087500	-0.100240
0.088000	-0.099995
0.088500	-0.099759
0.089000	-0.099547
0.089500	-0.099362
0.090000	-0.099195
0.090500	-0.099041
0.091000	-0.098897
0.091500	-0.098782
0.092000	-0.098729
0.092500	-0.098769
0.093000	-0.098935
0.093500	-0.099185
0.094000	-0.099453
0.094500	-0.099732
0.095000	-0.100020
0.095500	-0.100300
0.096000	-0.100580
0.096500	-0.100850
0.097000	-0.101140
0.097500	-0.101470
0.098000	-0.101870
0.098500	-0.102410
0.099000	-0.103040
0.099500	-0.103680
0.100000	-0.104260
0.100500	-0.104780
0.101000	-0.105300
0.101500	-0.105810
0.102000	-0.106320
0.102500	-0.106820
0.103000	-0.107270
0.103500	-0.107690
0.104000	-0.108110
0.104500	-0.108560
0.105000	-0.109100
0.105500	-0.109750
0.106000	-0.110500
0.106500	-0.111320
0.107000	-0.112190
0.107500	-0.113080
0.108000	-0.114010
0.108500	-0.114970
0.109000	-0.115970
0.109500	-0.117000
0.110000	-0.118040
0.110500	-0.119120
0.111000	-0.120270
0.111500	-0.121530
0.112000	-0.122910
0.112500	-0.124330
0.113000	-0.125770
0.113500	-0.127230
0.114000	-0.128680
0.114500	-0.130160
0.115000	-0.131660
0.115500	-0.133160
0.116000	-0.134640
0.116500	-0.136060
0.117000	-0.137210
0.117500	-0.138090
0.118000	-0.138800
0.118500	-0.139450
0.119000	-0.140130
0.119500	-0.140790
0.120000	-0.141400
0.120500	-0.141930
0.121000	-0.142340
0.121500	-0.142600
0.122000	-0.142760
0.122500	-0.142830
0.123000	-0.142820
0.123500	-0.142770
0.124000	-0.142710
0.124500	-0.142630
0.125000	-0.142460
0.125500	-0.142160
0.126000	-0.141710
0.126500	-0.141200
0.127000	-0.140660
0.127500	-0.140120
0.128000	-0.139610
0.128500	-0.139140
0.129000	-0.138670
0.129500	-0.138210
0.130000	-0.137760
0.130500	-0.137320
0.131000	-0.136910
0.131500	-0.136520
0.132000	-0.136130
0.132500	-0.135720
0.133000	-0.135280
0.133500	-0.134780
0.134000	-0.134270
0.134500	-0.133760
0.135000	-0.133260
0.135500	-0.132800
0.136000	-0.132360
0.136500	-0.131930
0.137000	-0.131520
0.137500	-0.131140
0.138000	-0.130800
0.138500	-0.130500
0.139000	-0.130230
0.139500	-0.130000
0.140000	-0.129800
0.140500	-0.129620
0.141000	-0.129480
0.141500	-0.129370
0.142000	-0.129290
0.142500	-0.129260
0.143000	-0.129300
0.143500	-0.129350
0.144000	-0.129360
0.144500	-0.129300
0.145000	-0.129190
0.145500	-0.129090
0.146000	-0.128980
0.146500	-0.128870
0.147000	-0.128760
0.147500	-0.128640
0.148000	-0.128520
0.148500	-0.128410
0.149000	-0.128300
0.149500	-0.128280
0.150000	-0.128470
0.150500	-0.128740
0.151000	-0.128940
0.151500	-0.128940
0.152000	-0.128840
0.152500	-0.128740
0.153000	-0.128630
0.153500	-0.128530
0.154000	-0.128440
0.154500	-0.128350
0.155000	-0.128260
0.155500	-0.128180
0.156000	-0.128090
0.156500	-0.128040
0.157000	-0.128050
0.157500	-0.128070
0.158000	-0.128050
0.158500	-0.127940
0.159000	-0.127640
0.159500	-0.127220
0.160000	-0.126740
0.160500	-0.126310
0.161000	-0.125990
0.161500	-0.125730
0.162000	-0.125500
0.162500	-0.125240
0.163000	-0.124940
0.163500	-0.124580
0.164000	-0.124210
0.164500	-0.123830
0.165000	-0.123440
0.165500	-0.123050
0.166000	-0.122670
0.166500	-0.122280
0.167000	-0.121880
0.167500	-0.121450
0.168000	-0.120980
0.168500	-0.120450
0.169000	-0.119890
0.169500	-0.119330
0.170000	-0.118780
0.170500	-0.118260
0.171000	-0.117740
0.171500	-0.117230
0.172000	-0.116710
0.172500	-0.116190
0.173000	-0.115650
0.173500	-0.115090
0.174000	-0.114540
0.174500	-0.114030
0.175000	-0.113560
0.175500	-0.113190
0.176000	-0.112890
0.176500	-0.112600
0.177000	-0.112300
0.177500	-0.111940
0.178000	-0.111570
0.178500	-0.111200
0.179000	-0.110840
0.179500	-0.110530
0.180000	-0.110270
0.180500	-0.110050
0.181000	-0.109870
0.181500	-0.109700
0.182000	-0.109540
0.182500	-0.109380
0.183000	-0.109220
0.183500	-0.109060
0.184000	-0.108900
0.184500	-0.108740
0.185000	-0.108560
0.185500	-0.108390
0.186000	-0.108230
0.186500	-0.108090
0.187000	-0.107950
0.187500	-0.107820
0.188000	-0.107700
0.188500	-0.107570
0.189000	-0.107440
0.189500	-0.107310
0.190000	-0.107180
0.190500	-0.107050
0.191000	-0.106920
0.191500	-0.106800
0.192000	-0.106680
0.192500	-0.106560
0.193000	-0.106440
0.193500	-0.106310
0.194000	-0.106150
0.194500	-0.105970
0.195000	-0.105780
0.195500	-0.105600
0.196000	-0.105430
0.196500	-0.105280
0.197000	-0.105130
0.197500	-0.104990
0.198000	-0.104860
0.198500	-0.104750
0.199000	-0.104660
0.199500	-0.104590
0.200000	-0.104510
0.200500	-0.104420
0.201000	-0.104300
0.201500	-0.104170
0.202000	-0.104020
0.202500	-0.103850
0.203000	-0.103660
0.203500	-0.103450
0.204000	-0.103210
0.204500	-0.102960
0.205000	-0.102700
0.205500	-0.102430
0.206000	-0.102140
0.206500	-0.101840
0.207000	-0.101540
0.207500	-0.101260
0.208000	-0.101000
0.208500	-0.100770
0.209000	-0.100570
0.209500	-0.100390
0.210000	-0.100220
0.210500	-0.100090
0.211000	-0.100010
0.211500	-0.099993
0.212000	-0.100040
0.212500	-0.100160
0.213000	-0.100330
0.213500	-0.100520
0.214000	-0.100690
0.214500	-0.100810
0.215000	-0.100900
0.215500	-0.100990
0.216000	-0.101080
0.216500	-0.101170
0.217000	-0.101270
0.217500	-0.101370
0.218000	-0.101480
0.218500	-0.101590
0.219000	-0.101710
0.219500	-0.101860
0.220000	-0.102120
0.220500	-0.102450
0.221000	-0.102860
0.221500	-0.103330
0.222000	-0.103910
0.222500	-0.104590
0.223000	-0.105280
0.223500	-0.105900
0.224000	-0.106400
0.224500	-0.106830
0.225000	-0.107230
0.225500	-0.107640
0.226000	-0.108090
0.226500	-0.108570
0.227000	-0.109070
0.227500	-0.109580
0.228000	-0.110110
0.228500	-0.110670
0.229000	-0.111270
0.229500	-0.111890
0.230000	-0.112540
0.230500	-0.113220
0.231000	-0.113920
0.231500	-0.114680
0.232000	-0.115470
0.232500	-0.116260
0.233000	-0.117010
0.233500	-0.117720
0.234000	-0.118400
0.234500	-0.119040
0.235000	-0.119630
0.235500	-0.120180
0.236000	-0.120690
0.236500	-0.121140
0.237000	-0.121540
0.237500	-0.121870
0.238000	-0.122120
0.238500	-0.122350
0.239000	-0.122580
0.239500	-0.122810
0.240000	-0.123030
0.240500	-0.123260
0.241000	-0.123480
0.241500	-0.123700
0.242000	-0.123920
0.242500	-0.124140
0.243000	-0.124340
0.243500	-0.124500
0.244000	-0.124630
0.244500	-0.124720
0.245000	-0.124750
0.245500	-0.124770
0.246000	-0.124790
0.246500	-0.124800
0.247000	-0.124820
0.247500	-0.124850
0.248000	-0.124880
0.248500	-0.124910
0.249000	-0.124940
0.249500	-0.124980
0.250000	-0.125090
0.250500	-0.125250
0.251000	-0.125400
0.251500	-0.125490
0.252000	-0.125470
0.252500	-0.125400
0.253000	-0.125310
0.253500	-0.125210
0.254000	-0.125130
0.254500	-0.125090
0.255000	-0.125050
0.255500	-0.125010
0.256000	-0.124980
0.256500	-0.124930
0.257000	-0.124830
0.257500	-0.124680
0.258000	-0.124550
0.258500	-0.124460
0.259000	-0.124480
0.259500	-0.124620
0.260000	-0.124820
0.260500	-0.125010
0.261000	-0.125140
0.261500	-0.125200
0.262000	-0.125250
0.262500	-0.125290
0.263000	-0.125360
0.263500	-0.125450
0.264000	-0.125560
0.264500	-0.125680
0.265000	-0.125800
0.265500	-0.125920
0.266000	-0.126010
0.266500	-0.126090
0.267000	-0.126160
0.267500	-0.126240
0.268000	-0.126320
0.268500	-0.126460
0.269000	-0.126640
0.269500	-0.126840
0.270000	-0.127010
0.270500	-0.127120
0.271000	-0.127180
0.271500	-0.127220
0.272000	-0.127240
0.272500	-0.127250
0.273000	-0.127230
0.273500	-0.127160
0.274000	-0.127070
0.274500	-0.127010
0.275000	-0.127020
0.275500	-0.127120
0.276000	-0.127250
0.276500	-0.127390
0.277000	-0.127510
0.277500	-0.127610
0.278000	-0.127700
0.278500	-0.127780
0.279000	-0.127870
0.279500	-0.127960
0.280000	-0.128050
0.280500	-0.128150
0.281000	-0.128240
0.281500	-0.128330
0.282000	-0.128420
0.282500	-0.128470
0.283000	-0.128470
0.283500	-0.128430
0.284000	-0.128380
0.284500	-0.128330
0.285000	-0.128240
0.285500	-0.128140
0.286000	-0.128040
0.286500	-0.127960
0.287000	-0.127930
0.287500	-0.127940
0.288000	-0.127970
0.288500	-0.127980
0.289000	-0.127960
0.289500	-0.127890
0.290000	-0.127800
0.290500	-0.127700
0.291000	-0.127620
0.291500	-0.127580
0.292000	-0.127580
0.292500	-0.127610
0.293000	-0.127670
0.293500	-0.127770
0.294000	-0.127920
0.294500	-0.128150
0.295000	-0.128400
0.295500	-0.128620
0.296000	-0.128730
0.296500	-0.128790
0.297000	-0.128850
0.297500	-0.128910
0.298000	-0.128950
0.298500	-0.129000
0.299000	-0.129040
0.299500	-0.129080
0.300000	-0.129120
0.300500	-0.129160
0.301000	-0.129200
0.301500	-0.129250
0.302000	-0.129270
0.302500	-0.129260
0.303000	-0.129190
0.303500	-0.129070
0.304000	-0.128930
0.304500	-0.128790
0.305000	-0.128650
0.305500	-0.128520
0.306000	-0.128410
0.306500	-0.128290
0.307000	-0.128180
0.307500	-0.128060
0.308000	-0.127910
0.308500	-0.127720
0.309000	-0.127530
0.309500	-0.127370
0.310000	-0.127270
0.310500	-0.127210
0.311000	-0.127170
0.311500	-0.127130
0.312000	-0.127080
0.312500	-0.127000
0.313000	-0.126930
0.313500	-0.126850
0.314000	-0.126770
0.314500	-0.126700
0.315000	-0.126630
0.315500	-0.126570
0.316000	-0.126530
0.316500	-0.126480
0.317000	-0.126440
0.317500	-0.126420
0.318000	-0.126410
0.318500	-0.126410
0.319000	-0.126420
0.319500	-0.126450
0.320000	-0.126520
0.320500	-0.126610
0.321000	-0.126680
0.321500	-0.126700
0.322000	-0.126690
0.322500	-0.126650
0.323000	-0.126590
0.323500	-0.126500
0.324000	-0.126390
0.324500	-0.126270
0.325000	-0.126140
0.325500	-0.126010
0.326000	-0.125890
0.326500	-0.125790
0.327000	-0.125690
0.327500	-0.125600
0.328000	-0.125510
0.328500	-0.125450
0.329000	-0.125400
0.329500	-0.125360
0.330000	-0.125330
0.330500	-0.125310
0.331000	-0.125290
0.331500	-0.125290
0.332000	-0.125300
0.332500	-0.125310
0.333000	-0.125300
0.333500	-0.125170
0.334000	-0.124900
0.334500	-0.124600
0.335000	-0.124390
0.335500	-0.124360
0.336000	-0.124380
0.336500	-0.124420
0.337000	-0.124470
0.337500	-0.124530
0.338000	-0.124610
0.338500	-0.124720
0.339000	-0.124820
0.339500	-0.124900
0.340000	-0.124910
0.340500	-0.124860
0.341000	-0.124800
0.341500	-0.124720
0.342000	-0.124640
0.342500	-0.124560
0.343000	-0.124470
0.343500	-0.124390
0.344000	-0.124310
0.344500	-0.124230
0.345000	-0.124150
0.345500	-0.124060
0.346000	-0.123970
0.346500	-0.123880
0.347000	-0.123800
0.347500	-0.123820
0.348000	-0.123910
0.348500	-0.124030
0.349000	-0.124120
0.349500	-0.124140
0.350000	-0.124140
0.350500	-0.124120
0.351000	-0.124090
0.351500	-0.124050
0.352000	-0.123970
0.352500	-0.123830
0.353000	-0.123690
0.353500	-0.123580
0.354000	-0.123560
0.354500	-0.123580
0.355000	-0.123620
0.355500	-0.123660
0.356000	-0.123710
0.356500	-0.123760
0.357000	-0.123830
0.357500	-0.123900
0.358000	-0.123950
0.358500	-0.123960
0.359000	-0.123930
0.359500	-0.123880
0.360000	-0.123820
0.360500	-0.123760
0.361000	-0.123700
0.361500	-0.123640
0.362000	-0.123590
0.362500	-0.123530
0.363000	-0.123470
0.363500	-0.123410
0.364000	-0.123350
0.364500	-0.123290
0.365000	-0.123220
0.365500	-0.123160
0.366000	-0.123140
0.366500	-0.123170
0.367000	-0.123210
0.367500	-0.123240
0.368000	-0.123220
0.368500	-0.123180
0.369000	-0.123140
0.369500	-0.123100
0.370000	-0.123050
0.370500	-0.123010
0.371000	-0.122960
0.371500	-0.122900
0.372000	-0.122850
0.372500	-0.122810
0.373000	-0.122780
0.373500	-0.122780
0.374000	-0.122810
0.374500	-0.122870
0.375000	-0.122960
0.375500	-0.123080
0.376000	-0.123220
0.376500	-0.123360
0.377000	-0.123500
0.377500	-0.123620
0.378000	-0.123740
0.378500	-0.123840
0.379000	-0.123910
0.379500	-0.123920
0.380000	-0.123810
0.380500	-0.123600
0.381000	-0.123360
0.381500	-0.123160
0.382000	-0.123040
0.382500	-0.122940
0.383000	-0.122840
0.383500	-0.122750
0.384000	-0.122680
0.384500	-0.122620
0.385000	-0.122560
0.385500	-0.122520
0.386000	-0.122480
0.386500	-0.122460
0.387000	-0.122450
0.387500	-0.122450
0.388000	-0.122470
0.388500	-0.122490
0.389000	-0.122540
0.389500	-0.122600
0.390000	-0.122660
0.390500	-0.122740
0.391000	-0.122810
0.391500	-0.122900
0.392000	-0.123010
0.392500	-0.123130
0.393000	-0.123230
0.393500	-0.123280
0.394000	-0.123120
0.394500	-0.122840
0.395000	-0.122570
0.395500	-0.122420
0.396000	-0.122430
0.396500	-0.122440
0.397000	-0.122470
0.397500	-0.122490
0.398000	-0.122520
0.398500	-0.122560
0.399000	-0.122600
0.399500	-0.122630
0.400000	-0.122670
0.400500	-0.122700
0.401000	-0.122730
0.401500	-0.122740
0.402000	-0.122750
0.402500	-0.122760
0.403000	-0.122730
0.403500	-0.122640
0.404000	-0.122530
0.404500	-0.122440
0.405000	-0.122410
0.405500	-0.122440
0.406000	-0.122490
0.406500	-0.122550
0.407000	-0.122600
0.407500	-0.122620
0.408000	-0.122620
0.408500	-0.122610
0.409000	-0.122590
0.409500	-0.122540
0.410000	-0.122440
0.410500	-0.122280
0.411000	-0.122100
0.411500	-0.121970
0.412000	-0.121920
0.412500	-0.121920
0.413000	-0.121930
0.413500	-0.121940
0.414000	-0.121920
0.414500	-0.121860
0.415000	-0.121790
0.415500	-0.121720
0.416000	-0.121650
0.416500	-0.121600
0.417000	-0.121570
0.417500	-0.121560
0.418000	-0.121550
0.418500	-0.121560
0.419000	-0.121580
0.419500	-0.121620
0.420000	-0.121690
0.420500	-0.121760
0.421000	-0.121800
0.421500	-0.121820
0.422000	-0.121820
0.422500	-0.121820
0.423000	-0.121800
0.423500	-0.121760
0.424000	-0.121710
0.424500	-0.121650
0.425000	-0.121590
0.425500	-0.121540
0.426000	-0.121500
0.426500	-0.121460
0.427000	-0.121430
0.427500	-0.121400
0.428000	-0.121360
0.428500	-0.121320
0.429000	-0.121270
0.429500	-0.121220
0.430000	-0.121180
0.430500	-0.121150
0.431000	-0.121150
0.431500	-0.121170
0.432000	-0.121210
0.432500	-0.121240
0.433000	-0.121240
0.433500	-0.121230
0.434000	-0.121210
0.434500	-0.121200
0.435000	-0.121190
0.435500	-0.121180
0.436000	-0.121190
0.436500	-0.121190
0.437000	-0.121200
0.437500	-0.121220
0.438000	-0.121260
0.438500	-0.121310
0.439000	-0.121370
0.439500	-0.121420
0.440000	-0.121440
0.440500	-0.121440
0.441000	-0.121430
0.441500	-0.121400
0.442000	-0.121360
0.442500	-0.121290
0.443000	-0.121170
0.443500	-0.121030
0.444000	-0.120940
0.444500	-0.120930
0.445000	-0.120960
0.445500	-0.120980
0.446000	-0.121010
0.446500	-0.121040
0.447000	-0.121080
0.447500	-0.121110
0.448000	-0.121140
0.448500	-0.121170
0.449000	-0.121200
0.449500	-0.121190
0.450000	-0.121110
0.450500	-0.121020
0.451000	-0.120940
0.451500	-0.120920
0.452000	-0.120900
0.452500	-0.120890
0.453000	-0.120880
0.453500	-0.120860
0.454000	-0.120850
0.454500	-0.120850
0.455000	-0.120840
0.455500	-0.120830
0.456000	-0.120820
0.456500	-0.120770
0.457000	-0.120680
0.457500	-0.120590
0.458000	-0.120530
0.458500	-0.120540
0.459000	-0.120570
0.459500	-0.120600
0.460000	-0.120630
0.460500	-0.120670
0.461000	-0.120700
0.461500	-0.120740
0.462000	-0.120770
0.462500	-0.120810
0.463000	-0.120840
0.463500	-0.120770
0.464000	-0.120550
0.464500	-0.120280
0.465000	-0.120050
0.465500	-0.119970
0.466000	-0.119970
0.466500	-0.120010
0.467000	-0.120040
0.467500	-0.120020
0.468000	-0.119930
0.468500	-0.119810
0.469000	-0.119680
0.469500	-0.119570
0.470000	-0.119480
0.470500	-0.119440
0.471000	-0.119430
0.471500	-0.119420
0.472000	-0.119390
0.472500	-0.119320
0.473000	-0.119170
0.473500	-0.118980
0.474000	-0.118800
0.474500	-0.118680
0.475000	-0.118660
0.475500	-0.118690
0.476000	-0.118720
0.476500	-0.118750
0.477000	-0.118740
0.477500	-0.118700
0.478000	-0.118640
0.478500	-0.118580
0.479000	-0.118560
0.479500	-0.118590
0.480000	-0.118620
0.480500	-0.118660
0.481000	-0.118690
0.481500	-0.118730
0.482000	-0.118770
0.482500	-0.118810
0.483000	-0.118850
0.483500	-0.118890
0.484000	-0.118930
0.484500	-0.118880
0.485000	-0.118770
0.485500	-0.118650
0.486000	-0.118560
0.486500	-0.118580
0.487000	-0.118670
0.487500	-0.118800
0.488000	-0.118930
0.488500	-0.118990
0.489000	-0.118990
0.489500	-0.118970
0.490000	-0.118940
0.490500	-0.118900
0.491000	-0.118840
0.491500	-0.118740
0.492000	-0.118610
0.492500	-0.118490
0.493000	-0.118420
0.493500	-0.118420
0.494000	-0.118460
0.494500	-0.118520
0.495000	-0.118580
0.495500	-0.118630
0.496000	-0.118660
0.496500	-0.118680
0.497000	-0.118700
0.497500	-0.118710
0.498000	-0.118710
0.498500	-0.118610
0.499000	-0.118430
0.499500	-0.118230
0.500000	-0.118070
0.500500	-0.118000
0.501000	-0.117960
0.501500	-0.117960
0.502000	-0.118000
