0.000000	-0.090084
0.000500	-0.090082
0.001000	-0.090078
0.001500	-0.090072
0.002000	-0.090064
0.002500	-0.090054
0.003000	-0.090043
0.003500	-0.090029
0.004000	-0.090013
0.004500	-0.089996
0.005000	-0.089976
0.005500	-0.089954
0.006000	-0.089930
0.006500	-0.089905
0.007000	-0.089877
0.007500	-0.089848
0.008000	-0.089817
0.008500	-0.089784
0.009000	-0.089750
0.009500	-0.089714
0.010000	-0.089676
0.010500	-0.089636
0.011000	-0.089595
0.011500	-0.089551
0.012000	-0.089506
0.012500	-0.089460
0.013000	-0.089412
0.013500	-0.089363
0.014000	-0.089313
0.014500	-0.089262
0.015000	-0.089209
0.015500	-0.089155
0.016000	-0.089100
0.016500	-0.089044
0.017000	-0.088987
0.017500	-0.088929
0.018000	-0.088870
0.018500	-0.088810
0.019000	-0.088749
0.019500	-0.088687
0.020000	-0.088624
0.020500	-0.088561
0.021000	-0.088497
0.021500	-0.088432
0.022000	-0.088368
0.022500	-0.088303
0.023000	-0.088238
0.023500	-0.088173
0.024000	-0.088107
0.024500	-0.088042
0.025000	-0.087976
0.025500	-0.087910
0.026000	-0.087845
0.026500	-0.087779
0.027000	-0.087714
0.027500	-0.087650
0.028000	-0.087587
0.028500	-0.087524
0.029000	-0.087461
0.029500	-0.087399
0.030000	-0.087338
0.030500	-0.087277
0.031000	-0.087217
0.031500	-0.087157
0.032000	-0.087099
0.032500	-0.087041
0.033000	-0.086985
0.033500	-0.086930
0.034000	-0.086875
0.034500	-0.086822
0.035000	-0.086769
0.035500	-0.086718
0.036000	-0.086667
0.036500	-0.086618
0.037000	-0.086570
0.037500	-0.086524
0.038000	-0.086480
0.038500	-0.086438
0.039000	-0.086397
0.039500	-0.086358
0.040000	-0.086320
0.040500	-0.086284
0.041000	-0.086248
0.041500	-0.086215
0.042000	-0.086182
0.042500	-0.086151
0.043000	-0.086122
0.043500	-0.086095
0.044000	-0.086069
0.044500	-0.086045
0.045000	-0.086023
0.045500	-0.086002
0.046000	-0.085983
0.046500	-0.085965
0.047000	-0.085949
0.047500	-0.085933
0.048000	-0.085920
0.048500	-0.085907
0.049000	-0.085896
0.049500	-0.085886
0.050000	-0.085877
0.050500	-0.085869
0.051000	-0.085862
0.051500	-0.085855
0.052000	-0.085849
0.052500	-0.085843
0.053000	-0.085838
0.053500	-0.085833
0.054000	-0.085828
0.054500	-0.085824
0.055000	-0.085820
0.055500	-0.085816
0.056000	-0.085812
0.056500	-0.085807
0.057000	-0.085801
0.057500	-0.085794
0.058000	-0.085784
0.058500	-0.085772
0.059000	-0.085757
0.059500	-0.085739
0.060000	-0.085715
0.060500	-0.085687
0.061000	-0.085652
0.061500	-0.085612
0.062000	-0.085566
0.062500	-0.085513
0.063000	-0.085452
0.063500	-0.085385
0.064000	-0.085311
0.064500	-0.085230
0.065000	-0.085141
0.065500	-0.085044
0.066000	-0.084940
0.066500	-0.084827
0.067000	-0.084706
0.067500	-0.084575
0.068000	-0.084435
0.068500	-0.084283
0.069000	-0.084120
0.069500	-0.083945
0.070000	-0.083757
0.070500	-0.083555
0.071000	-0.083340
0.071500	-0.083110
0.072000	-0.082864
0.072500	-0.082603
0.073000	-0.082324
0.073500	-0.082028
0.074000	-0.081713
0.074500	-0.081378
0.075000	-0.081023
0.075500	-0.080647
0.076000	-0.080248
0.076500	-0.079826
0.077000	-0.079380
0.077500	-0.078910
0.078000	-0.078415
0.078500	-0.077894
0.079000	-0.077349
0.079500	-0.076778
0.080000	-0.076181
0.080500	-0.075560
0.081000	-0.074914
0.081500	-0.074244
0.082000	-0.073551
0.082500	-0.072835
0.083000	-0.072095
0.083500	-0.071331
0.084000	-0.070544
0.084500	-0.069731
0.085000	-0.068892
0.085500	-0.068026
0.086000	-0.067133
0.086500	-0.066212
0.087000	-0.065262
0.087500	-0.064282
0.088000	-0.063272
0.088500	-0.062231
0.089000	-0.061158
0.089500	-0.060051
0.090000	-0.058909
0.090500	-0.057731
0.091000	-0.056517
0.091500	-0.055266
0.092000	-0.053977
0.092500	-0.052651
0.093000	-0.051289
0.093500	-0.049890
0.094000	-0.048455
0.094500	-0.046985
0.095000	-0.045480
0.095500	-0.043941
0.096000	-0.042366
0.096500	-0.040757
0.097000	-0.039113
0.097500	-0.037434
0.098000	-0.035721
0.098500	-0.033975
0.099000	-0.032198
0.099500	-0.030394
0.100000	-0.028567
0.100500	-0.026723
0.101000	-0.024869
0.101500	-0.023008
0.102000	-0.021147
0.102500	-0.019286
0.103000	-0.017427
0.103500	-0.015570
0.104000	-0.013715
0.104500	-0.011863
0.105000	-0.010018
0.105500	-0.008183
0.106000	-0.006366
0.106500	-0.004570
0.107000	-0.002803
0.107500	-0.001072
0.108000	0.000617
0.108500	0.002256
0.109000	0.003838
0.109500	0.005358
0.110000	0.006811
0.110500	0.008196
0.111000	0.009512
0.111500	0.010761
0.112000	0.011943
0.112500	0.013059
0.113000	0.014109
0.113500	0.015090
0.114000	0.016001
0.114500	0.016836
0.115000	0.017592
0.115500	0.018262
0.116000	0.018844
0.116500	0.019334
0.117000	0.019735
0.117500	0.020050
0.118000	0.020282
0.118500	0.020438
0.119000	0.020523
0.119500	0.020540
0.120000	0.020493
0.120500	0.020388
0.121000	0.020227
0.121500	0.020015
0.122000	0.019752
0.122500	0.019443
0.123000	0.019087
0.123500	0.018686
0.124000	0.018241
0.124500	0.017755
0.125000	0.017231
0.125500	0.016671
0.126000	0.016078
0.126500	0.015456
0.127000	0.014810
0.127500	0.014143
0.128000	0.013459
0.128500	0.012760
0.129000	0.012051
0.129500	0.011334
0.130000	0.010610
0.130500	0.009880
0.131000	0.009143
0.131500	0.008401
0.132000	0.007652
0.132500	0.006896
0.133000	0.006133
0.133500	0.005364
0.134000	0.004589
0.134500	0.003808
0.135000	0.003020
0.135500	0.002227
0.136000	0.001428
0.136500	0.000623
0.137000	-0.000187
0.137500	-0.001002
0.138000	-0.001820
0.138500	-0.002641
0.139000	-0.003464
0.139500	-0.004290
0.140000	-0.005119
0.140500	-0.005953
0.141000	-0.006793
0.141500	-0.007641
0.142000	-0.008499
0.142500	-0.009368
0.143000	-0.010251
0.143500	-0.011152
0.144000	-0.012071
0.144500	-0.013014
0.145000	-0.013982
0.145500	-0.014981
0.146000	-0.016015
0.146500	-0.017090
0.147000	-0.018213
0.147500	-0.019391
0.148000	-0.020629
0.148500	-0.021934
0.149000	-0.023310
0.149500	-0.024762
0.150000	-0.026295
0.150500	-0.027912
0.151000	-0.029615
0.151500	-0.031403
0.152000	-0.033271
0.152500	-0.035213
0.153000	-0.037222
0.153500	-0.039292
0.154000	-0.041414
0.154500	-0.043583
0.155000	-0.045791
0.155500	-0.048036
0.156000	-0.050317
0.156500	-0.052637
0.157000	-0.055001
0.157500	-0.057416
0.158000	-0.059888
0.158500	-0.062420
0.159000	-0.065013
0.159500	-0.067660
0.160000	-0.070353
0.160500	-0.073082
0.161000	-0.075836
0.161500	-0.078603
0.162000	-0.081374
0.162500	-0.084139
0.163000	-0.086888
0.163500	-0.089615
0.164000	-0.092314
0.164500	-0.094979
0.165000	-0.097599
0.165500	-0.100160
0.166000	-0.102650
0.166500	-0.105050
0.167000	-0.107340
0.167500	-0.109500
0.168000	-0.111540
0.168500	-0.113440
0.169000	-0.115210
0.169500	-0.116830
0.170000	-0.118330
0.170500	-0.119710
0.171000	-0.120980
0.171500	-0.122160
0.172000	-0.123240
0.172500	-0.124260
0.173000	-0.125210
0.173500	-0.126110
0.174000	-0.126950
0.174500	-0.127750
0.175000	-0.128510
0.175500	-0.129220
0.176000	-0.129890
0.176500	-0.130510
0.177000	-0.131080
0.177500	-0.131620
0.178000	-0.132110
0.178500	-0.132550
0.179000	-0.132960
0.179500	-0.133330
0.180000	-0.133670
0.180500	-0.133970
0.181000	-0.134240
0.181500	-0.134480
0.182000	-0.134690
0.182500	-0.134860
0.183000	-0.135010
0.183500	-0.135120
0.184000	-0.135200
0.184500	-0.135250
0.185000	-0.135280
0.185500	-0.135280
0.186000	-0.135250
0.186500	-0.135210
0.187000	-0.135160
0.187500	-0.135100
0.188000	-0.135040
0.188500	-0.134980
0.189000	-0.134920
0.189500	-0.134860
0.190000	-0.134810
0.190500	-0.134760
0.191000	-0.134710
0.191500	-0.134670
0.192000	-0.134640
0.192500	-0.134630
0.193000	-0.134620
0.193500	-0.134630
0.194000	-0.134660
0.194500	-0.134690
0.195000	-0.134740
0.195500	-0.134790
0.196000	-0.134840
0.196500	-0.134890
0.197000	-0.134950
0.197500	-0.135010
0.198000	-0.135070
0.198500	-0.135130
0.199000	-0.135190
0.199500	-0.135250
0.200000	-0.135320
0.200500	-0.135390
0.201000	-0.135460
0.201500	-0.135540
0.202000	-0.135610
0.202500	-0.135700
0.203000	-0.135780
0.203500	-0.135870
0.204000	-0.135960
0.204500	-0.136070
0.205000	-0.136170
0.205500	-0.136290
0.206000	-0.136410
0.206500	-0.136530
0.207000	-0.136660
0.207500	-0.136790
0.208000	-0.136930
0.208500	-0.137070
0.209000	-0.137220
0.209500	-0.137370
0.210000	-0.137520
0.210500	-0.137670
0.211000	-0.137820
0.211500	-0.137960
0.212000	-0.138100
0.212500	-0.138220
0.213000	-0.138320
0.213500	-0.138400
0.214000	-0.138450
0.214500	-0.138480
0.215000	-0.138480
0.215500	-0.138450
0.216000	-0.138390
0.216500	-0.138320
0.217000	-0.138230
0.217500	-0.138130
0.218000	-0.138020
0.218500	-0.137910
0.219000	-0.137780
0.219500	-0.137660
0.220000	-0.137530
0.220500	-0.137400
0.221000	-0.137270
0.221500	-0.137150
0.222000	-0.137040
0.222500	-0.136950
0.223000	-0.136870
0.223500	-0.136800
0.224000	-0.136760
0.224500	-0.136730
0.225000	-0.136720
0.225500	-0.136730
0.226000	-0.136760
0.226500	-0.136810
0.227000	-0.136880
0.227500	-0.136970
0.228000	-0.137090
0.228500	-0.137240
0.229000	-0.137410
0.229500	-0.137610
0.230000	-0.137840
0.230500	-0.138090
0.231000	-0.138370
0.231500	-0.138680
0.232000	-0.139010
0.232500	-0.139370
0.233000	-0.139740
0.233500	-0.140140
0.234000	-0.140560
0.234500	-0.140990
0.235000	-0.141440
0.235500	-0.141910
0.236000	-0.142390
0.236500	-0.142890
0.237000	-0.143420
0.237500	-0.143960
0.238000	-0.144510
0.238500	-0.145090
0.239000	-0.145690
0.239500	-0.146310
0.240000	-0.146950
0.240500	-0.147610
0.241000	-0.148290
0.241500	-0.148990
0.242000	-0.149700
0.242500	-0.150430
0.243000	-0.151170
0.243500	-0.151930
0.244000	-0.152700
0.244500	-0.153490
0.245000	-0.154280
0.245500	-0.155080
0.246000	-0.155880
0.246500	-0.156690
0.247000	-0.157490
0.247500	-0.158290
0.248000	-0.159080
0.248500	-0.159870
0.249000	-0.160660
0.249500	-0.161460
0.250000	-0.162260
0.250500	-0.163070
0.251000	-0.163900
0.251500	-0.164740
0.252000	-0.165580
0.252500	-0.166430
0.253000	-0.167280
0.253500	-0.168130
0.254000	-0.168960
0.254500	-0.169780
0.255000	-0.170590
0.255500	-0.171370
0.256000	-0.172140
0.256500	-0.172890
0.257000	-0.173630
0.257500	-0.174360
0.258000	-0.175070
0.258500	-0.175770
0.259000	-0.176470
0.259500	-0.177150
0.260000	-0.177830
0.260500	-0.178490
0.261000	-0.179150
0.261500	-0.179790
0.262000	-0.180410
0.262500	-0.181020
0.263000	-0.181620
0.263500	-0.182200
0.264000	-0.182760
0.264500	-0.183300
0.265000	-0.183830
0.265500	-0.184330
0.266000	-0.184820
0.266500	-0.185290
0.267000	-0.185750
0.267500	-0.186180
0.268000	-0.186610
0.268500	-0.187020
0.269000	-0.187420
0.269500	-0.187810
0.270000	-0.188190
0.270500	-0.188560
0.271000	-0.188930
0.271500	-0.189290
0.272000	-0.189650
0.272500	-0.190000
0.273000	-0.190360
0.273500	-0.190710
0.274000	-0.191070
0.274500	-0.191420
0.275000	-0.191770
0.275500	-0.192110
0.276000	-0.192450
0.276500	-0.192790
0.277000	-0.193120
0.277500	-0.193450
0.278000	-0.193780
0.278500	-0.194100
0.279000	-0.194430
0.279500	-0.194750
0.280000	-0.195080
0.280500	-0.195400
0.281000	-0.195720
0.281500	-0.196050
0.282000	-0.196370
0.282500	-0.196680
0.283000	-0.196990
0.283500	-0.197290
0.284000	-0.197590
0.284500	-0.197870
0.285000	-0.198160
0.285500	-0.198430
0.286000	-0.198700
0.286500	-0.198960
0.287000	-0.199210
0.287500	-0.199450
0.288000	-0.199690
0.288500	-0.199910
0.289000	-0.200130
0.289500	-0.200340
0.290000	-0.200540
0.290500	-0.200730
0.291000	-0.200910
0.291500	-0.201090
0.292000	-0.201270
0.292500	-0.201440
0.293000	-0.201620
0.293500	-0.201790
0.294000	-0.201960
0.294500	-0.202140
0.295000	-0.202320
0.295500	-0.202510
0.296000	-0.202700
0.296500	-0.202900
0.297000	-0.203120
0.297500	-0.203350
0.298000	-0.203590
0.298500	-0.203840
