0.000000	8.306600
0.000500	7.443200
0.001000	6.291600
0.001500	6.690400
0.002000	7.901900
0.002500	7.108500
0.003000	7.041500
0.003500	7.167400
0.004000	7.332800
0.004500	8.375500
0.005000	8.457900
0.005500	8.083000
0.006000	6.472000
0.006500	5.770200
0.007000	7.213300
0.007500	6.296800
0.008000	5.682100
0.008500	5.944900
0.009000	6.050000
0.009500	7.760000
0.010000	7.541700
0.010500	7.790600
0.011000	5.708200
0.011500	5.342300
0.012000	5.911000
0.012500	5.221600
0.013000	5.226400
0.013500	2.861400
0.014000	4.701500
0.014500	5.300300
0.015000	4.229200
0.015500	4.758200
0.016000	3.881400
0.016500	2.937200
0.017000	3.565000
0.017500	4.711300
0.018000	4.148400
0.018500	3.560700
0.019000	3.649200
0.019500	2.312800
0.020000	1.912100
0.020500	1.559000
0.021000	0.505840
0.021500	-0.236980
0.022000	1.106800
0.022500	0.547780
0.023000	1.432600
0.023500	0.385090
0.024000	0.066060
0.024500	-0.145120
0.025000	-0.363180
0.025500	-0.701770
0.026000	-1.911500
0.026500	-2.267700
0.027000	-3.004100
0.027500	-2.950600
0.028000	-2.333200
0.028500	-2.100700
0.029000	-2.434400
0.029500	-2.949400
0.030000	-2.397000
0.030500	-2.762600
0.031000	-3.242200
0.031500	-4.546600
0.032000	-5.746600
0.032500	-4.800000
0.033000	-4.059300
0.033500	-3.564800
0.034000	-3.520600
0.034500	-3.915500
0.035000	-4.428700
0.035500	-4.262000
0.036000	-5.212800
0.036500	-6.596600
0.037000	-7.651300
0.037500	-8.480100
0.038000	-7.303000
0.038500	-5.921200
0.039000	-5.203800
0.039500	-5.889300
0.040000	-5.852700
0.040500	-5.409200
0.041000	-4.684100
0.041500	-5.411300
0.042000	-6.342800
0.042500	-7.468300
0.043000	-7.127500
0.043500	-6.464700
0.044000	-6.220800
0.044500	-7.533800
0.045000	-6.959400
0.045500	-5.549000
0.046000	-4.041100
0.046500	-4.806800
0.047000	-5.595600
0.047500	-6.226500
0.048000	-5.575500
0.048500	-5.876700
0.049000	-4.231500
0.049500	-3.840300
0.050000	-4.232100
0.050500	-3.194100
0.051000	-2.200500
0.051500	-1.720300
0.052000	-2.614700
0.052500	-2.816600
0.053000	-3.785900
0.053500	-3.099400
0.054000	-2.738200
0.054500	-1.976400
0.055000	-2.025700
0.055500	-1.015800
0.056000	0.377240
0.056500	2.295500
0.057000	4.937000
0.057500	5.623200
0.058000	8.203900
0.058500	11.036000
0.059000	14.254000
0.059500	17.962000
0.060000	20.167999
0.060500	20.962999
0.061000	23.049999
0.061500	24.223000
0.062000	26.438000
0.062500	26.722000
0.063000	27.554001
0.063500	27.386000
0.064000	28.350000
0.064500	30.212000
0.065000	30.964001
0.065500	32.333000
0.066000	32.981998
0.066500	37.113998
0.067000	39.245998
0.067500	43.245998
0.068000	46.194000
0.068500	47.412998
0.069000	51.441002
0.069500	55.264000
0.070000	56.959999
0.070500	58.949001
0.071000	62.681000
0.071500	65.419998
0.072000	69.776001
0.072500	73.057999
0.073000	77.285004
0.073500	80.633003
0.074000	83.226997
0.074500	88.599998
0.075000	91.188004
0.075500	94.871002
0.076000	97.389000
0.076500	99.639000
0.077000	102.220001
0.077500	104.449997
0.078000	104.330002
0.078500	103.330002
0.079000	103.320000
0.079500	101.320000
0.080000	100.330002
0.080500	98.351997
0.081000	94.209999
0.081500	91.847000
0.082000	90.344002
0.082500	90.786003
0.083000	92.782997
0.083500	94.490997
0.084000	97.269997
0.084500	101.690002
0.085000	105.570000
0.085500	108.410004
0.086000	109.919998
0.086500	111.379997
0.087000	115.379997
0.087500	120.639999
0.088000	121.110001
0.088500	127.559998
0.089000	132.279999
0.089500	136.949997
0.090000	140.610001
0.090500	143.649994
0.091000	144.929993
0.091500	146.729996
0.092000	145.759995
0.092500	143.070007
0.093000	142.360001
0.093500	141.630005
0.094000	138.229996
0.094500	135.960007
0.095000	135.110001
0.095500	137.850006
0.096000	137.470001
0.096500	137.199997
0.097000	137.220001
0.097500	131.009995
0.098000	126.540001
0.098500	122.559998
0.099000	111.459999
0.099500	87.046997
0.100000	68.007004
0.100500	49.374001
0.101000	29.459000
0.101500	11.256000
0.102000	4.344500
0.102500	1.768000
0.103000	-0.369940
0.103500	-0.490650
0.104000	-3.509400
0.104500	-15.992000
0.105000	-31.610001
0.105500	-49.257999
0.106000	-66.439003
0.106500	-85.162003
0.107000	-102.620003
0.107500	-125.150002
0.108000	-145.199997
0.108500	-159.279999
0.109000	-172.729996
0.109500	-187.899994
0.110000	-195.220001
0.110500	-194.979996
0.111000	-193.500000
0.111500	-192.990005
0.112000	-190.509995
0.112500	-186.429993
0.113000	-187.490005
0.113500	-190.029999
0.114000	-197.130005
0.114500	-208.919998
0.115000	-223.080002
0.115500	-240.029999
0.116000	-238.020004
0.116500	-236.190002
0.117000	-216.740005
0.117500	-210.679993
0.118000	-198.229996
0.118500	-181.619995
0.119000	-165.330002
0.119500	-152.240005
0.120000	-146.300003
0.120500	-129.520004
0.121000	-113.750000
0.121500	-105.230003
0.122000	-100.589996
0.122500	-97.591003
0.123000	-91.374001
0.123500	-88.103996
0.124000	-84.599998
0.124500	-76.852997
0.125000	-65.197998
0.125500	-58.383999
0.126000	-52.692001
0.126500	-43.825001
0.127000	-31.915001
0.127500	-23.858999
0.128000	-19.483000
0.128500	-13.503000
0.129000	-7.068200
0.129500	-1.031500
0.130000	-3.245200
0.130500	-5.404400
0.131000	-2.214900
0.131500	-2.364600
0.132000	-4.474000
0.132500	-4.200700
0.133000	-2.223500
0.133500	0.434570
0.134000	-0.344710
0.134500	-1.602000
0.135000	-0.638550
0.135500	0.386960
0.136000	-0.194260
0.136500	-1.864800
0.137000	-1.858300
0.137500	0.934940
0.138000	1.437900
0.138500	-0.304190
0.139000	-3.009200
0.139500	-1.075900
0.140000	-1.946300
0.140500	-7.490100
0.141000	-11.905000
0.141500	-15.633000
0.142000	-16.756001
0.142500	-19.733999
0.143000	-25.400999
0.143500	-29.014000
0.144000	-33.537998
0.144500	-38.573002
0.145000	-43.717999
0.145500	-53.074001
0.146000	-62.342999
0.146500	-70.872002
0.147000	-80.204002
0.147500	-88.957001
0.148000	-96.492996
0.148500	-101.879997
0.149000	-107.430000
0.149500	-114.910004
0.150000	-122.139999
0.150500	-122.830002
0.151000	-121.220001
0.151500	-116.629997
0.152000	-110.169998
0.152500	-100.660004
0.153000	-89.486000
0.153500	-77.712997
0.154000	-68.313004
0.154500	-60.529999
0.155000	-55.214001
0.155500	-53.391998
0.156000	-60.056999
0.156500	-68.498001
0.157000	-79.939003
0.157500	-93.287003
0.158000	-105.739998
0.158500	-113.099998
0.159000	-113.260002
0.159500	-106.230003
0.160000	-92.163002
0.160500	-69.473000
0.161000	-45.188000
0.161500	-22.954000
0.162000	-4.401000
0.162500	7.789500
0.163000	15.372000
0.163500	17.829000
0.164000	20.377001
0.164500	30.968000
0.165000	50.255001
0.165500	72.108002
0.166000	93.031998
0.166500	107.339996
0.167000	114.290001
0.167500	114.320000
0.168000	105.849998
0.168500	94.714996
0.169000	82.563004
0.169500	69.217003
0.170000	55.679001
0.170500	42.438000
0.171000	31.802000
0.171500	23.427999
0.172000	13.015000
0.172500	4.690500
0.173000	1.212600
0.173500	-3.855400
0.174000	-5.744600
0.174500	-5.013400
0.175000	-3.006400
0.175500	-0.060743
0.176000	3.600200
0.176500	6.138600
0.177000	8.944000
0.177500	9.921600
0.178000	9.855200
0.178500	8.136500
0.179000	5.787500
0.179500	2.553200
0.180000	0.665090
0.180500	0.139960
0.181000	5.340400
0.181500	5.140400
0.182000	8.540600
0.182500	11.445000
0.183000	14.180000
0.183500	17.231001
0.184000	19.882999
0.184500	22.802999
0.185000	23.843000
0.185500	22.233999
0.186000	20.125000
0.186500	18.340000
0.187000	18.759001
0.187500	17.778000
0.188000	19.302000
0.188500	21.122000
0.189000	25.268999
0.189500	25.712999
0.190000	24.209999
0.190500	20.688000
0.191000	14.039000
0.191500	6.693600
0.192000	-1.794400
0.192500	-9.136900
0.193000	-14.949000
0.193500	-19.753000
0.194000	-18.580000
0.194500	-13.973000
0.195000	-7.508100
0.195500	-1.325400
0.196000	3.580800
0.196500	6.614400
0.197000	8.281500
0.197500	9.274600
0.198000	8.786200
0.198500	8.920300
0.199000	9.437600
0.199500	11.576000
0.200000	13.738000
0.200500	15.364000
0.201000	16.243999
0.201500	15.216000
0.202000	13.575000
0.202500	11.312000
0.203000	10.156000
0.203500	9.277700
0.204000	6.582500
0.204500	2.845300
0.205000	6.367600
0.205500	4.874000
0.206000	4.360800
0.206500	0.584960
0.207000	-3.476000
0.207500	-5.794300
0.208000	-8.917400
0.208500	-9.292600
0.209000	-11.445000
0.209500	-13.000000
0.210000	-14.362000
0.210500	-12.377000
0.211000	-9.800500
0.211500	-2.825700
0.212000	4.985500
0.212500	16.231001
0.213000	29.606001
0.213500	41.424999
0.214000	50.573002
0.214500	53.727001
0.215000	53.548000
0.215500	49.355000
0.216000	42.055000
0.216500	32.806000
0.217000	25.931000
0.217500	20.212000
0.218000	16.617001
0.218500	13.300000
0.219000	10.046000
0.219500	6.710600
0.220000	2.146400
0.220500	-4.255200
0.221000	-9.621100
0.221500	-15.911000
0.222000	-24.091999
0.222500	-28.028000
0.223000	-31.672001
0.223500	-33.673000
0.224000	-34.464001
0.224500	-36.252998
0.225000	-36.931999
0.225500	-37.973000
0.226000	-37.728001
0.226500	-37.643002
0.227000	-38.358002
0.227500	-37.103001
0.228000	-34.389999
0.228500	-36.738998
0.229000	-36.488998
0.229500	-37.306999
0.230000	-38.160999
0.230500	-39.508999
0.231000	-41.143002
0.231500	-43.388000
0.232000	-43.780998
0.232500	-46.598999
0.233000	-47.173000
0.233500	-48.758999
0.234000	-48.381001
0.234500	-47.650002
0.235000	-45.152000
0.235500	-44.306000
0.236000	-42.120998
0.236500	-39.523998
0.237000	-36.834999
0.237500	-36.090000
0.238000	-36.452999
0.238500	-36.445000
0.239000	-36.973000
0.239500	-34.353001
0.240000	-33.960999
0.240500	-30.909000
0.241000	-28.796000
0.241500	-23.910999
0.242000	-20.694000
0.242500	-17.568001
0.243000	-13.199000
0.243500	-9.484700
0.244000	-5.948100
0.244500	0.184820
0.245000	7.893100
0.245500	15.209000
0.246000	23.496000
0.246500	30.326000
0.247000	36.519001
0.247500	41.787998
0.248000	42.035000
0.248500	38.021000
0.249000	32.438999
0.249500	22.236000
0.250000	12.233000
0.250500	2.134800
0.251000	-2.687500
0.251500	-2.658100
0.252000	0.553430
0.252500	8.293500
0.253000	19.521000
0.253500	30.297001
0.254000	36.074001
0.254500	43.629002
0.255000	47.219002
0.255500	47.537998
0.256000	44.351002
0.256500	38.445999
0.257000	33.228001
0.257500	27.931000
0.258000	25.836000
0.258500	22.548000
0.259000	22.934999
0.259500	22.919001
0.260000	23.448999
0.260500	25.278999
0.261000	27.796000
0.261500	31.330999
0.262000	31.618999
0.262500	34.070000
0.263000	38.301998
0.263500	42.446999
0.264000	43.230999
0.264500	43.151001
0.265000	44.291000
0.265500	45.533001
0.266000	44.604000
0.266500	42.853001
0.267000	40.040001
0.267500	36.569000
0.268000	35.095001
0.268500	31.382999
0.269000	29.982000
0.269500	27.268000
0.270000	26.014999
0.270500	20.422001
0.271000	18.497000
0.271500	14.248000
0.272000	9.981800
0.272500	5.115600
0.273000	0.582740
0.273500	0.657550
0.274000	0.963240
0.274500	4.687600
0.275000	6.297500
0.275500	9.091900
0.276000	10.141000
0.276500	10.535000
0.277000	8.262000
0.277500	4.310300
0.278000	-1.362400
0.278500	-4.933600
0.279000	-8.209200
0.279500	-9.206500
0.280000	-9.848800
0.280500	-7.250500
0.281000	-3.655100
0.281500	1.730900
0.282000	6.844000
0.282500	9.567200
0.283000	14.355000
0.283500	15.563000
0.284000	17.872000
0.284500	18.996000
0.285000	19.042999
0.285500	19.162001
0.286000	17.721001
0.286500	18.225000
0.287000	18.413000
0.287500	19.641001
0.288000	22.388000
0.288500	23.569000
0.289000	24.454000
0.289500	23.257000
0.290000	22.417000
0.290500	18.497999
0.291000	14.833000
0.291500	11.597000
0.292000	8.006800
0.292500	8.160700
0.293000	5.612900
0.293500	2.383300
0.294000	-1.721100
0.294500	-7.283300
0.295000	-9.237200
0.295500	-13.454000
0.296000	-18.118999
0.296500	-22.007000
0.297000	-24.841999
0.297500	-26.948000
0.298000	-26.587000
0.298500	-27.018000
