0.000000	-0.000346
0.000500	-0.001307
0.001000	-0.001566
0.001500	-0.001343
0.002000	-0.001566
0.002500	-0.001847
0.003000	-0.002257
0.003500	-0.002610
0.004000	-0.002894
0.004500	-0.003020
0.005000	-0.003143
0.005500	-0.003413
0.006000	-0.003661
0.006500	-0.004090
0.007000	-0.004450
0.007500	-0.004896
0.008000	-0.005433
0.008500	-0.005540
0.009000	-0.005793
0.009500	-0.006610
0.010000	-0.007279
0.010500	-0.007463
0.011000	-0.008014
0.011500	-0.008993
0.012000	-0.009501
0.012500	-0.009288
0.013000	-0.008961
0.013500	-0.008622
0.014000	-0.008197
0.014500	-0.008306
0.015000	-0.008622
0.015500	-0.008745
0.016000	-0.009162
0.016500	-0.010595
0.017000	-0.012409
0.017500	-0.013817
0.018000	-0.015178
0.018500	-0.016834
0.019000	-0.019124
0.019500	-0.021176
0.020000	-0.022503
0.020500	-0.023710
0.021000	-0.024689
0.021500	-0.025151
0.022000	-0.025146
0.022500	-0.024855
0.023000	-0.024560
0.023500	-0.024005
0.024000	-0.023364
0.024500	-0.022969
0.025000	-0.022849
0.025500	-0.023271
0.026000	-0.024269
0.026500	-0.025204
0.027000	-0.025893
0.027500	-0.026915
0.028000	-0.028588
0.028500	-0.030710
0.029000	-0.032394
0.029500	-0.033653
0.030000	-0.034831
0.030500	-0.035591
0.031000	-0.035987
0.031500	-0.036376
0.032000	-0.037186
0.032500	-0.037855
0.033000	-0.038093
0.033500	-0.038806
0.034000	-0.040018
0.034500	-0.040897
0.035000	-0.041264
0.035500	-0.041750
0.036000	-0.042593
0.036500	-0.043579
0.037000	-0.044440
0.037500	-0.045139
0.038000	-0.045538
0.038500	-0.045585
0.039000	-0.045285
0.039500	-0.045102
0.040000	-0.044645
0.040500	-0.043777
0.041000	-0.042636
0.041500	-0.041231
0.042000	-0.039778
0.042500	-0.038035
0.043000	-0.036746
0.043500	-0.035734
0.044000	-0.034762
0.044500	-0.034514
0.045000	-0.034928
0.045500	-0.035673
0.046000	-0.036994
0.046500	-0.038684
0.047000	-0.040670
0.047500	-0.042689
0.048000	-0.044036
0.048500	-0.045329
0.049000	-0.046949
0.049500	-0.048601
0.050000	-0.050035
0.050500	-0.051082
0.051000	-0.051964
0.051500	-0.052767
0.052000	-0.053775
0.052500	-0.055704
0.053000	-0.058387
0.053500	-0.061569
0.054000	-0.065273
0.054500	-0.069263
0.055000	-0.073748
0.055500	-0.078737
0.056000	-0.084962
0.056500	-0.092483
0.057000	-0.101268
0.057500	-0.112287
0.058000	-0.126303
0.058500	-0.143475
0.059000	-0.163799
0.059500	-0.187553
0.060000	-0.214059
0.060500	-0.243188
0.061000	-0.273846
0.061500	-0.304842
0.062000	-0.336707
0.062500	-0.369425
0.063000	-0.402384
0.063500	-0.435456
0.064000	-0.468577
0.064500	-0.501214
0.065000	-0.532661
0.065500	-0.562546
0.066000	-0.590082
0.066500	-0.613965
0.067000	-0.634049
0.067500	-0.649982
0.068000	-0.660604
0.068500	-0.665834
0.069000	-0.666027
0.069500	-0.660781
0.070000	-0.650513
0.070500	-0.636898
0.071000	-0.621802
0.071500	-0.606385
0.072000	-0.592045
0.072500	-0.579637
0.073000	-0.569032
0.073500	-0.558732
0.074000	-0.548046
0.074500	-0.536909
0.075000	-0.524035
0.075500	-0.508311
0.076000	-0.489402
0.076500	-0.467531
0.077000	-0.442441
0.077500	-0.414052
0.078000	-0.383008
0.078500	-0.349920
0.079000	-0.315480
0.079500	-0.279527
0.080000	-0.242448
0.080500	-0.204306
0.081000	-0.164732
0.081500	-0.124700
0.082000	-0.083364
0.082500	-0.040026
0.083000	0.005137
0.083500	0.051956
0.084000	0.099673
0.084500	0.147461
0.085000	0.194151
0.085500	0.240388
0.086000	0.287509
0.086500	0.334985
0.087000	0.383700
0.087500	0.434104
0.088000	0.485523
0.088500	0.538519
0.089000	0.592995
0.089500	0.650288
0.090000	0.712360
0.090500	0.779212
0.091000	0.850313
0.091500	0.926049
0.092000	1.007852
0.092500	1.095464
0.093000	1.189418
0.093500	1.291499
0.094000	1.402382
0.094500	1.523276
0.095000	1.654889
0.095500	1.797155
0.096000	1.949237
0.096500	2.108884
0.097000	2.272716
0.097500	2.437674
0.098000	2.600378
0.098500	2.757611
0.099000	2.907441
0.099500	3.046327
0.100000	3.170729
0.100500	3.277912
0.101000	3.365460
0.101500	3.431765
0.102000	3.475378
0.102500	3.492599
0.103000	3.479885
0.103500	3.433536
0.104000	3.337458
0.104500	3.153510
0.105000	2.863345
0.105500	2.471792
0.106000	1.996552
0.106500	1.491540
0.107000	1.023334
0.107500	0.637107
0.108000	0.349228
0.108500	0.151863
0.109000	0.033257
0.109500	-0.012406
0.110000	0.012892
0.110500	0.106009
0.111000	0.255532
0.111500	0.442457
0.112000	0.641694
0.112500	0.826591
0.113000	0.976405
0.113500	1.080626
0.114000	1.136873
0.114500	1.146368
0.115000	1.112523
0.115500	1.038043
0.116000	0.920448
0.116500	0.756134
0.117000	0.545906
0.117500	0.294156
0.118000	0.011099
0.118500	-0.287364
0.119000	-0.585270
0.119500	-0.868161
0.120000	-1.124819
0.120500	-1.347890
0.121000	-1.535411
0.121500	-1.689167
0.122000	-1.810673
0.122500	-1.901440
0.123000	-1.962434
0.123500	-1.994138
0.124000	-1.995908
0.124500	-1.970159
0.125000	-1.920430
0.125500	-1.850746
0.126000	-1.764002
0.126500	-1.662774
0.127000	-1.548463
0.127500	-1.420777
0.128000	-1.279879
0.128500	-1.126718
0.129000	-0.965816
0.129500	-0.804173
0.130000	-0.648936
0.130500	-0.506203
0.131000	-0.378469
0.131500	-0.265960
0.132000	-0.165891
0.132500	-0.074130
0.133000	0.012032
0.133500	0.094045
0.134000	0.172296
0.134500	0.248177
0.135000	0.323253
0.135500	0.399278
0.136000	0.478233
0.136500	0.560100
0.137000	0.643786
0.137500	0.727601
0.138000	0.809275
0.138500	0.886169
0.139000	0.957849
0.139500	1.025828
0.140000	1.090878
0.140500	1.155074
0.141000	1.219207
0.141500	1.282969
0.142000	1.345556
0.142500	1.403960
0.143000	1.455668
0.143500	1.499426
0.144000	1.535990
0.144500	1.567211
0.145000	1.594506
0.145500	1.618839
0.146000	1.640082
0.146500	1.657785
0.147000	1.670982
0.147500	1.680155
0.148000	1.685305
0.148500	1.686110
0.149000	1.682569
0.149500	1.675166
0.150000	1.662935
0.150500	1.644589
0.151000	1.619644
0.151500	1.588793
0.152000	1.553999
0.152500	1.517418
0.153000	1.481787
0.153500	1.450067
0.154000	1.424302
0.154500	1.405183
0.155000	1.392758
0.155500	1.387206
0.156000	1.389057
0.156500	1.397023
0.157000	1.409431
0.157500	1.425654
0.158000	1.444257
0.158500	1.463216
0.159000	1.481900
0.159500	1.499587
0.160000	1.515149
0.160500	1.528120
0.161000	1.537728
0.161500	1.543586
0.162000	1.545179
0.162500	1.543667
0.163000	1.540657
0.163500	1.535717
0.164000	1.530438
0.164500	1.525449
0.165000	1.520090
0.165500	1.514827
0.166000	1.510128
0.166500	1.506282
0.167000	1.502838
0.167500	1.498589
0.168000	1.491765
0.168500	1.481964
0.169000	1.469025
0.169500	1.451725
0.170000	1.430675
0.170500	1.407371
0.171000	1.382105
0.171500	1.354424
0.172000	1.325504
0.172500	1.295232
0.173000	1.261935
0.173500	1.224550
0.174000	1.181741
0.174500	1.132463
0.175000	1.078019
0.175500	1.020292
0.176000	0.959861
0.176500	0.896710
0.177000	0.830599
0.177500	0.761268
0.178000	0.687914
0.178500	0.610617
0.179000	0.530794
0.179500	0.449667
0.180000	0.368636
0.180500	0.289006
0.181000	0.211049
0.181500	0.135244
0.182000	0.061237
0.182500	-0.012140
0.183000	-0.086108
0.183500	-0.160893
0.184000	-0.236348
0.184500	-0.312100
0.185000	-0.387256
0.185500	-0.459532
0.186000	-0.527157
0.186500	-0.589406
0.187000	-0.644558
0.187500	-0.691551
0.188000	-0.729950
0.188500	-0.759916
0.189000	-0.781320
0.189500	-0.793793
0.190000	-0.797446
0.190500	-0.791443
0.191000	-0.775462
0.191500	-0.749632
0.192000	-0.713567
0.192500	-0.667862
0.193000	-0.612935
0.193500	-0.550911
0.194000	-0.484911
0.194500	-0.416901
0.195000	-0.348584
0.195500	-0.280847
0.196000	-0.216006
0.196500	-0.153041
0.197000	-0.090788
0.197500	-0.030896
0.198000	0.026359
0.198500	0.080387
0.199000	0.131702
0.199500	0.181856
0.200000	0.232695
0.200500	0.285820
0.201000	0.341004
0.201500	0.396977
0.202000	0.451550
0.202500	0.501970
0.203000	0.546871
0.203500	0.585769
0.204000	0.618664
0.204500	0.644784
0.205000	0.663404
0.205500	0.674106
0.206000	0.675973
0.206500	0.668167
0.207000	0.650754
0.207500	0.624763
0.208000	0.591080
0.208500	0.550605
0.209000	0.503596
0.209500	0.450520
0.210000	0.393082
0.210500	0.333376
0.211000	0.274007
0.211500	0.217953
0.212000	0.168337
0.212500	0.127681
0.213000	0.096256
0.213500	0.073277
0.214000	0.057875
0.214500	0.048210
0.215000	0.043047
0.215500	0.041737
0.216000	0.044778
0.216500	0.052907
0.217000	0.065890
0.217500	0.084347
0.218000	0.107593
0.218500	0.133344
0.219000	0.160392
0.219500	0.188342
0.220000	0.217358
0.220500	0.247855
0.221000	0.280267
0.221500	0.316365
0.222000	0.357065
0.222500	0.403237
0.223000	0.454173
0.223500	0.508810
0.224000	0.569338
0.224500	0.637799
0.225000	0.716013
0.225500	0.805782
0.226000	0.907622
0.226500	1.021032
0.227000	1.143375
0.227500	1.271092
0.228000	1.401626
0.228500	1.533850
0.229000	1.666637
0.229500	1.798925
0.230000	1.929925
0.230500	2.059317
0.231000	2.185489
0.231500	2.306834
0.232000	2.420936
0.232500	2.526348
0.233000	2.622265
0.233500	2.705951
0.234000	2.775475
0.234500	2.830997
0.235000	2.872840
0.235500	2.900682
0.236000	2.916131
0.236500	2.921603
0.237000	2.919994
0.237500	2.914200
0.238000	2.905832
0.238500	2.895693
0.239000	2.884588
0.239500	2.870909
0.240000	2.854172
0.240500	2.833411
0.241000	2.807340
0.241500	2.776119
0.242000	2.740874
0.242500	2.702410
0.243000	2.661533
0.243500	2.618403
0.244000	2.573180
0.244500	2.525865
0.245000	2.475493
0.245500	2.421580
0.246000	2.363804
0.246500	2.302006
0.247000	2.236666
0.247500	2.168591
0.248000	2.098585
0.248500	2.028739
0.249000	1.961629
0.249500	1.899348
0.250000	1.843664
0.250500	1.795545
0.251000	1.756277
0.251500	1.726021
0.252000	1.705100
0.252500	1.692869
0.253000	1.689007
0.253500	1.693513
0.254000	1.704939
0.254500	1.720067
0.255000	1.736643
0.255500	1.753702
0.256000	1.768508
0.256500	1.780095
0.257000	1.788303
0.257500	1.792648
0.258000	1.793292
0.258500	1.790073
0.259000	1.781544
0.259500	1.766899
0.260000	1.746299
0.260500	1.721032
0.261000	1.692386
0.261500	1.660843
0.262000	1.628334
0.262500	1.596083
0.263000	1.564508
0.263500	1.534526
0.264000	1.505236
0.264500	1.475286
0.265000	1.445304
0.265500	1.415820
0.266000	1.386788
0.266500	1.358817
0.267000	1.331780
0.267500	1.305323
0.268000	1.280201
0.268500	1.257187
0.269000	1.236234
0.269500	1.217903
0.270000	1.202035
0.270500	1.188661
0.271000	1.178458
0.271500	1.171490
0.272000	1.166855
0.272500	1.163733
0.273000	1.161206
0.273500	1.157666
0.274000	1.152129
0.274500	1.144759
0.275000	1.134797
0.275500	1.121343
0.276000	1.104976
0.276500	1.085631
0.277000	1.063857
0.277500	1.039878
0.278000	1.013066
0.278500	0.983374
0.279000	0.950752
0.279500	0.916360
0.280000	0.880794
0.280500	0.844825
0.281000	0.810063
0.281500	0.777007
0.282000	0.746269
0.282500	0.717928
0.283000	0.690441
0.283500	0.662889
0.284000	0.635353
0.284500	0.607769
0.285000	0.579267
0.285500	0.550251
0.286000	0.522329
0.286500	0.495839
0.287000	0.471248
0.287500	0.448122
0.288000	0.427039
0.288500	0.408339
0.289000	0.391457
0.289500	0.376570
0.290000	0.364372
0.290500	0.354941
0.291000	0.347892
0.291500	0.343112
0.292000	0.339588
0.292500	0.336401
0.293000	0.333730
0.293500	0.331219
0.294000	0.328515
0.294500	0.326504
0.295000	0.325474
0.295500	0.325281
0.296000	0.325474
0.296500	0.325490
0.297000	0.324927
0.297500	0.324766
0.298000	0.325522
0.298500	0.327019
