0.000000	0.000069
0.000500	0.000069
0.001000	0.000069
0.001500	0.000069
0.002000	0.000069
0.002500	0.000069
0.003000	0.000069
0.003500	0.000069
0.004000	0.000069
0.004500	-0.000103
0.005000	-0.000504
0.005500	-0.000863
0.006000	-0.001183
0.006500	-0.001469
0.007000	-0.001718
0.007500	-0.001913
0.008000	-0.002061
0.008500	-0.002170
0.009000	-0.002247
0.009500	-0.002207
0.010000	-0.002033
0.010500	-0.001837
0.011000	-0.001729
0.011500	-0.001814
0.012000	-0.002078
0.012500	-0.002437
0.013000	-0.002808
0.013500	-0.003110
0.014000	-0.003293
0.014500	-0.003431
0.015000	-0.003530
0.015500	-0.003584
0.016000	-0.003588
0.016500	-0.003481
0.017000	-0.003254
0.017500	-0.002980
0.018000	-0.002732
0.018500	-0.002585
0.019000	-0.002658
0.019500	-0.002889
0.020000	-0.003151
0.020500	-0.003318
0.021000	-0.003147
0.021500	-0.002306
0.022000	-0.001228
0.022500	-0.000413
0.023000	-0.000360
0.023500	-0.000906
0.024000	-0.001524
0.024500	-0.002171
0.025000	-0.002803
0.025500	-0.003381
0.026000	-0.003939
0.026500	-0.004493
0.027000	-0.005025
0.027500	-0.005518
0.028000	-0.005916
0.028500	-0.006084
0.029000	-0.006065
0.029500	-0.005920
0.030000	-0.005714
0.030500	-0.005371
0.031000	-0.004869
0.031500	-0.004346
0.032000	-0.003940
0.032500	-0.003782
0.033000	-0.003760
0.033500	-0.003779
0.034000	-0.003835
0.034500	-0.003926
0.035000	-0.004048
0.035500	-0.004198
0.036000	-0.004358
0.036500	-0.004512
0.037000	-0.004641
0.037500	-0.004717
0.038000	-0.004733
0.038500	-0.004708
0.039000	-0.004660
0.039500	-0.004601
0.040000	-0.004331
0.040500	-0.003873
0.041000	-0.003381
0.041500	-0.003010
0.042000	-0.003024
0.042500	-0.003755
0.043000	-0.004802
0.043500	-0.005698
0.044000	-0.005978
0.044500	-0.005573
0.045000	-0.004871
0.045500	-0.004090
0.046000	-0.003448
0.046500	-0.003152
0.047000	-0.003018
0.047500	-0.002902
0.048000	-0.002811
0.048500	-0.002748
0.049000	-0.002749
0.049500	-0.002879
0.050000	-0.003030
0.050500	-0.003078
0.051000	-0.002898
0.051500	-0.002512
0.052000	-0.002052
0.052500	-0.001557
0.053000	-0.001070
0.053500	-0.000628
0.054000	-0.000216
0.054500	0.000191
0.055000	0.000599
0.055500	0.001014
0.056000	0.001447
0.056500	0.001922
0.057000	0.002434
0.057500	0.002973
0.058000	0.003533
0.058500	0.004199
0.059000	0.005005
0.059500	0.005864
0.060000	0.006690
0.060500	0.007398
0.061000	0.007966
0.061500	0.008419
0.062000	0.008773
0.062500	0.009043
0.063000	0.009173
0.063500	0.008980
0.064000	0.008647
0.064500	0.008395
0.065000	0.008443
0.065500	0.008838
0.066000	0.009405
0.066500	0.010028
0.067000	0.010592
0.067500	0.010987
0.068000	0.011273
0.068500	0.011506
0.069000	0.011680
0.069500	0.011791
0.070000	0.011787
0.070500	0.011542
0.071000	0.011182
0.071500	0.010859
0.072000	0.010724
0.072500	0.010985
0.073000	0.011573
0.073500	0.012216
0.074000	0.012646
0.074500	0.012607
0.075000	0.012337
0.075500	0.012037
0.076000	0.011732
0.076500	0.011442
0.077000	0.011181
0.077500	0.010930
0.078000	0.010688
0.078500	0.010456
0.079000	0.010239
0.079500	0.010221
0.080000	0.010480
0.080500	0.010856
0.081000	0.011190
0.081500	0.011316
0.082000	0.010950
0.082500	0.010237
0.083000	0.009482
0.083500	0.008993
0.084000	0.009143
0.084500	0.010159
0.085000	0.011553
0.085500	0.012786
0.086000	0.013319
0.086500	0.013082
0.087000	0.012523
0.087500	0.011884
0.088000	0.011406
0.088500	0.011321
0.089000	0.011526
0.089500	0.011830
0.090000	0.012137
0.090500	0.012349
0.091000	0.012402
0.091500	0.012359
0.092000	0.012212
0.092500	0.011937
0.093000	0.011513
0.093500	0.010718
0.094000	0.009537
0.094500	0.008257
0.095000	0.007163
0.095500	0.006529
0.096000	0.006119
0.096500	0.005752
0.097000	0.005436
0.097500	0.005178
0.098000	0.004976
0.098500	0.004787
0.099000	0.004606
0.099500	0.004428
0.100000	0.004250
0.100500	0.004092
0.101000	0.003971
0.101500	0.003879
0.102000	0.003808
0.102500	0.003809
0.103000	0.005434
0.103500	0.008473
0.104000	0.011684
0.104500	0.013826
0.105000	0.013814
0.105500	0.012037
0.106000	0.009562
0.106500	0.007451
0.107000	0.006764
0.107500	0.007153
0.108000	0.007559
0.108500	0.007969
0.109000	0.008372
0.109500	0.008757
0.110000	0.009111
0.110500	0.009449
0.111000	0.009792
0.111500	0.010162
0.112000	0.010909
0.112500	0.013050
0.113000	0.015951
0.113500	0.018809
0.114000	0.020823
0.114500	0.021923
0.115000	0.022705
0.115500	0.023361
0.116000	0.024082
0.116500	0.025072
0.117000	0.026746
0.117500	0.028893
0.118000	0.031048
0.118500	0.032744
0.119000	0.033092
0.119500	0.030741
0.120000	0.027008
0.120500	0.023454
0.121000	0.021638
0.121500	0.022183
0.122000	0.023574
0.122500	0.025205
0.123000	0.026515
0.123500	0.026959
0.124000	0.026723
0.124500	0.026254
0.125000	0.025817
0.125500	0.025679
0.126000	0.026029
0.126500	0.026675
0.127000	0.027528
0.127500	0.028523
0.128000	0.029597
0.128500	0.031023
0.129000	0.033189
0.129500	0.035616
0.130000	0.037795
0.130500	0.039172
0.131000	0.038056
0.131500	0.035043
0.132000	0.031781
0.132500	0.029917
0.133000	0.030661
0.133500	0.032841
0.134000	0.035598
0.134500	0.038204
0.135000	0.039930
0.135500	0.040417
0.136000	0.040315
0.136500	0.040054
0.137000	0.040053
0.137500	0.040734
0.138000	0.042522
0.138500	0.044959
0.139000	0.047330
0.139500	0.048920
0.140000	0.049222
0.140500	0.048820
0.141000	0.048136
0.141500	0.047527
0.142000	0.047350
0.142500	0.047655
0.143000	0.047990
0.143500	0.048367
0.144000	0.048815
0.144500	0.049360
0.145000	0.049941
0.145500	0.050543
0.146000	0.051198
0.146500	0.051936
0.147000	0.052779
0.147500	0.053700
0.148000	0.054674
0.148500	0.055682
0.149000	0.056700
0.149500	0.057816
0.150000	0.059134
0.150500	0.060456
0.151000	0.061575
0.151500	0.062292
0.152000	0.062687
0.152500	0.062919
0.153000	0.063079
0.153500	0.063256
0.154000	0.063523
0.154500	0.063812
0.155000	0.064119
0.155500	0.064474
0.156000	0.064906
0.156500	0.065719
0.157000	0.067271
0.157500	0.069161
0.158000	0.070969
0.158500	0.072292
0.159000	0.073356
0.159500	0.074358
0.160000	0.075267
0.160500	0.076054
0.161000	0.076697
0.161500	0.077259
0.162000	0.077746
0.162500	0.078137
0.163000	0.078417
0.163500	0.078589
0.164000	0.078695
0.164500	0.078742
0.165000	0.078735
0.165500	0.078675
0.166000	0.078467
0.166500	0.078149
0.167000	0.077835
0.167500	0.077640
0.168000	0.077667
0.168500	0.077878
0.169000	0.078190
0.169500	0.078528
0.170000	0.078821
0.170500	0.079111
0.171000	0.079483
0.171500	0.079733
0.172000	0.079646
0.172500	0.079012
0.173000	0.077870
0.173500	0.076414
0.174000	0.074797
0.174500	0.073172
0.175000	0.071657
0.175500	0.070085
0.176000	0.068454
0.176500	0.066834
0.177000	0.065289
0.177500	0.066547
0.178000	0.073935
0.178500	0.083600
0.179000	0.091490
0.179500	0.093699
0.180000	0.092098
0.180500	0.089386
0.181000	0.086504
0.181500	0.084394
0.182000	0.083853
0.182500	0.084068
0.183000	0.084439
0.183500	0.084617
0.184000	0.084249
0.184500	0.083317
0.185000	0.082327
0.185500	0.081259
0.186000	0.080075
0.186500	0.078737
0.187000	0.077313
0.187500	0.075861
0.188000	0.074405
0.188500	0.072972
0.189000	0.071588
0.189500	0.070291
0.190000	0.069049
0.190500	0.067819
0.191000	0.066556
0.191500	0.064896
0.192000	0.062493
0.192500	0.059955
0.193000	0.057910
0.193500	0.056979
0.194000	0.057240
0.194500	0.058220
0.195000	0.059477
0.195500	0.060567
0.196000	0.061119
0.196500	0.061488
0.197000	0.061762
0.197500	0.061891
0.198000	0.061824
0.198500	0.061196
0.199000	0.059637
0.199500	0.057677
0.200000	0.055868
0.200500	0.054762
0.201000	0.054831
0.201500	0.055709
0.202000	0.056688
0.202500	0.057065
0.203000	0.056242
0.203500	0.054841
0.204000	0.053267
0.204500	0.051733
0.205000	0.050449
0.205500	0.049449
0.206000	0.048459
0.206500	0.047471
0.207000	0.046485
0.207500	0.045501
0.208000	0.044519
0.208500	0.043538
0.209000	0.042564
0.209500	0.041599
0.210000	0.040690
0.210500	0.040171
0.211000	0.039983
0.211500	0.039962
0.212000	0.039947
0.212500	0.039978
0.213000	0.040285
0.213500	0.040670
0.214000	0.040919
0.214500	0.040800
0.215000	0.039712
0.215500	0.037881
0.216000	0.035900
0.216500	0.034365
0.217000	0.033755
0.217500	0.033414
0.218000	0.033134
0.218500	0.032930
0.219000	0.032816
0.219500	0.032787
0.220000	0.032789
0.220500	0.032796
0.221000	0.032782
0.221500	0.032720
0.222000	0.032565
0.222500	0.032347
0.223000	0.032122
0.223500	0.031945
0.224000	0.031878
0.224500	0.031987
0.225000	0.032206
0.225500	0.032443
0.226000	0.032610
0.226500	0.032566
0.227000	0.032277
0.227500	0.031948
0.228000	0.031787
0.228500	0.031995
0.229000	0.032519
0.229500	0.033202
0.230000	0.033946
0.230500	0.034654
0.231000	0.035242
0.231500	0.035782
0.232000	0.036284
0.232500	0.036734
0.233000	0.037114
0.233500	0.037226
0.234000	0.036848
0.234500	0.036258
0.235000	0.035748
0.235500	0.035613
0.236000	0.036051
0.236500	0.036810
0.237000	0.037538
0.237500	0.037886
0.238000	0.037577
0.238500	0.037075
0.239000	0.036546
0.239500	0.036013
0.240000	0.035498
0.240500	0.034994
0.241000	0.034472
0.241500	0.033971
0.242000	0.033530
0.242500	0.033199
0.243000	0.033285
0.243500	0.033746
0.244000	0.034352
0.244500	0.034873
0.245000	0.035139
0.245500	0.035302
0.246000	0.035437
0.246500	0.035595
0.247000	0.035832
0.247500	0.036209
0.248000	0.036752
0.248500	0.037432
0.249000	0.038216
0.249500	0.039081
0.250000	0.040151
0.250500	0.041383
0.251000	0.042630
0.251500	0.043747
0.252000	0.044633
0.252500	0.045392
0.253000	0.046030
0.253500	0.046537
0.254000	0.046902
0.254500	0.047137
0.255000	0.047283
0.255500	0.047334
0.256000	0.047284
0.256500	0.047125
0.257000	0.046885
0.257500	0.046592
0.258000	0.046258
0.258500	0.045901
0.259000	0.045476
0.259500	0.044835
0.260000	0.044118
0.260500	0.043499
0.261000	0.043151
0.261500	0.043224
0.262000	0.043677
0.262500	0.044398
0.263000	0.045272
0.263500	0.046203
0.264000	0.047246
0.264500	0.048359
0.265000	0.049462
0.265500	0.050477
0.266000	0.051351
0.266500	0.052131
0.267000	0.052793
0.267500	0.053304
0.268000	0.053633
0.268500	0.053677
0.269000	0.053480
0.269500	0.053225
0.270000	0.053095
0.270500	0.053243
0.271000	0.053510
0.271500	0.053809
0.272000	0.054110
0.272500	0.054384
0.273000	0.054602
0.273500	0.054773
0.274000	0.054904
0.274500	0.055004
0.275000	0.055081
0.275500	0.054852
0.276000	0.054216
0.276500	0.053454
0.277000	0.052848
0.277500	0.052718
0.278000	0.053445
0.278500	0.054661
0.279000	0.055862
0.279500	0.056546
0.280000	0.056300
0.280500	0.055348
0.281000	0.054194
0.281500	0.053344
0.282000	0.053287
0.282500	0.053827
0.283000	0.054579
0.283500	0.055337
0.284000	0.055898
0.284500	0.056100
0.285000	0.056215
0.285500	0.056326
0.286000	0.056429
0.286500	0.056519
0.287000	0.056598
0.287500	0.056674
0.288000	0.056748
0.288500	0.056820
0.289000	0.056889
0.289500	0.056922
0.290000	0.056911
0.290500	0.056868
0.291000	0.056802
0.291500	0.056619
0.292000	0.056002
0.292500	0.055164
0.293000	0.054371
0.293500	0.053889
0.294000	0.053928
0.294500	0.054354
0.295000	0.054905
0.295500	0.055318
0.296000	0.055341
0.296500	0.055145
0.297000	0.054913
0.297500	0.054682
0.298000	0.054490
0.298500	0.054368
0.299000	0.054296
0.299500	0.054235
0.300000	0.054146
0.300500	0.053990
0.301000	0.053739
0.301500	0.053420
0.302000	0.053076
0.302500	0.052749
0.303000	0.052477
0.303500	0.052225
0.304000	0.051995
0.304500	0.051801
0.305000	0.051655
0.305500	0.051586
0.306000	0.051628
0.306500	0.051729
0.307000	0.051830
0.307500	0.051871
0.308000	0.051849
0.308500	0.051797
0.309000	0.051711
0.309500	0.051589
0.310000	0.051406
0.310500	0.051026
0.311000	0.050536
0.311500	0.050076
0.312000	0.049786
0.312500	0.049695
0.313000	0.049633
0.313500	0.049595
0.314000	0.049578
0.314500	0.049583
0.315000	0.049599
0.315500	0.049618
0.316000	0.049638
0.316500	0.049662
0.317000	0.049690
0.317500	0.049738
0.318000	0.049801
0.318500	0.049866
0.319000	0.049921
0.319500	0.049809
0.320000	0.049378
0.320500	0.048904
0.321000	0.048675
0.321500	0.048964
0.322000	0.049481
0.322500	0.050006
0.323000	0.050535
0.323500	0.051062
0.324000	0.051585
0.324500	0.052107
0.325000	0.052627
0.325500	0.053144
0.326000	0.053656
0.326500	0.053478
0.327000	0.051700
0.327500	0.049207
0.328000	0.046929
0.328500	0.045761
0.329000	0.045177
0.329500	0.044697
0.330000	0.044347
0.330500	0.044151
0.331000	0.044173
0.331500	0.044485
0.332000	0.044864
0.332500	0.045065
0.333000	0.044839
0.333500	0.044290
0.334000	0.043701
0.334500	0.043098
0.335000	0.042506
0.335500	0.041947
0.336000	0.041401
0.336500	0.040863
0.337000	0.040335
0.337500	0.039818
0.338000	0.039456
0.338500	0.039433
0.339000	0.039555
0.339500	0.039617
0.340000	0.039416
0.340500	0.038679
0.341000	0.037512
0.341500	0.036281
0.342000	0.035349
0.342500	0.035006
0.343000	0.034811
0.343500	0.034618
0.344000	0.034426
0.344500	0.034238
0.345000	0.034050
0.345500	0.033862
0.346000	0.033675
0.346500	0.033489
0.347000	0.033307
0.347500	0.033183
0.348000	0.033118
0.348500	0.033087
0.349000	0.033061
0.349500	0.033053
0.350000	0.033177
0.350500	0.033361
0.351000	0.033517
0.351500	0.033555
0.352000	0.033244
0.352500	0.032424
0.353000	0.031401
0.353500	0.030492
0.354000	0.030004
0.354500	0.029784
0.355000	0.029630
0.355500	0.029479
0.356000	0.029273
0.356500	0.028958
0.357000	0.028557
0.357500	0.028123
0.358000	0.027711
0.358500	0.027374
0.359000	0.027251
0.359500	0.027343
0.360000	0.027500
0.360500	0.027570
0.361000	0.027398
0.361500	0.026891
0.362000	0.026206
0.362500	0.025533
0.363000	0.025061
0.363500	0.024937
0.364000	0.025043
0.364500	0.025246
0.365000	0.025424
0.365500	0.025455
0.366000	0.025274
0.366500	0.024970
0.367000	0.024647
0.367500	0.024411
0.368000	0.024374
0.368500	0.024630
0.369000	0.025042
0.369500	0.025437
0.370000	0.025646
0.370500	0.025569
0.371000	0.025334
0.371500	0.025042
0.372000	0.024794
0.372500	0.024688
0.373000	0.024781
0.373500	0.024985
0.374000	0.025188
0.374500	0.025279
0.375000	0.025140
0.375500	0.024744
0.376000	0.024224
0.376500	0.023723
0.377000	0.023383
0.377500	0.023298
0.378000	0.023375
0.378500	0.023506
0.379000	0.023582
0.379500	0.023497
0.380000	0.023165
0.380500	0.022694
0.381000	0.022237
0.381500	0.021949
0.382000	0.021924
0.382500	0.021994
0.383000	0.022120
0.383500	0.022282
0.384000	0.022465
0.384500	0.022695
0.385000	0.022985
0.385500	0.023291
0.386000	0.023572
0.386500	0.023776
0.387000	0.023638
0.387500	0.023214
0.388000	0.022732
0.388500	0.022417
0.389000	0.022533
0.389500	0.023205
0.390000	0.024097
0.390500	0.024842
0.391000	0.025073
0.391500	0.024781
0.392000	0.024296
0.392500	0.023758
0.393000	0.023307
0.393500	0.023060
0.394000	0.022897
0.394500	0.022779
0.395000	0.022711
0.395500	0.022697
0.396000	0.022838
0.396500	0.023248
0.397000	0.023772
0.397500	0.024249
0.398000	0.024518
0.398500	0.024252
0.399000	0.023487
0.399500	0.022611
0.400000	0.022008
0.400500	0.022043
0.401000	0.022659
0.401500	0.023533
0.402000	0.024355
0.402500	0.024813
0.403000	0.024822
0.403500	0.024743
0.404000	0.024643
0.404500	0.024580
0.405000	0.024609
0.405500	0.024676
0.406000	0.024757
0.406500	0.024867
0.407000	0.025024
0.407500	0.025254
0.408000	0.025588
0.408500	0.025978
0.409000	0.026369
0.409500	0.026708
0.410000	0.026963
0.410500	0.027142
0.411000	0.027249
0.411500	0.027288
0.412000	0.027140
0.412500	0.026458
0.413000	0.025552
0.413500	0.024798
0.414000	0.024571
0.414500	0.024755
0.415000	0.024976
0.415500	0.025229
0.416000	0.025505
0.416500	0.025797
0.417000	0.026160
0.417500	0.026586
0.418000	0.026978
0.418500	0.027238
0.419000	0.027286
0.419500	0.027231
0.420000	0.027131
0.420500	0.027014
0.421000	0.026906
0.421500	0.026828
0.422000	0.026765
0.422500	0.026708
0.423000	0.026648
0.423500	0.026578
0.424000	0.026109
0.424500	0.025152
0.425000	0.024148
0.425500	0.023539
0.426000	0.023677
0.426500	0.024023
0.427000	0.024388
0.427500	0.024755
0.428000	0.025108
0.428500	0.025443
0.429000	0.025777
0.429500	0.026110
0.430000	0.026439
0.430500	0.026762
0.431000	0.027029
0.431500	0.027232
0.432000	0.027385
0.432500	0.027506
0.433000	0.027587
0.433500	0.027457
0.434000	0.027183
0.434500	0.026895
0.435000	0.026720
0.435500	0.026838
0.436000	0.027289
0.436500	0.027854
0.437000	0.028306
0.437500	0.028418
0.438000	0.028021
0.438500	0.027311
0.439000	0.026571
0.439500	0.026084
0.440000	0.026060
0.440500	0.026294
0.441000	0.026617
0.441500	0.026885
0.442000	0.026951
0.442500	0.026795
0.443000	0.026611
0.443500	0.026406
0.444000	0.026180
0.444500	0.025931
0.445000	0.025581
0.445500	0.025174
0.446000	0.024813
0.446500	0.024603
0.447000	0.024607
0.447500	0.024703
0.448000	0.024849
0.448500	0.025017
0.449000	0.025181
0.449500	0.025366
0.450000	0.025582
0.450500	0.025782
0.451000	0.025919
0.451500	0.025947
0.452000	0.025881
0.452500	0.025760
0.453000	0.025620
0.453500	0.025495
0.454000	0.025413
0.454500	0.025349
0.455000	0.025287
0.455500	0.025214
0.456000	0.025116
0.456500	0.024980
0.457000	0.024816
0.457500	0.024640
0.458000	0.024473
0.458500	0.024331
0.459000	0.024201
0.459500	0.024075
0.460000	0.023951
0.460500	0.023823
0.461000	0.023688
0.461500	0.023540
0.462000	0.023379
0.462500	0.023206
0.463000	0.023020
0.463500	0.022765
0.464000	0.022421
0.464500	0.022040
0.465000	0.021673
0.465500	0.021366
0.466000	0.021102
0.466500	0.020890
0.467000	0.020754
0.467500	0.020715
0.468000	0.020852
0.468500	0.021220
0.469000	0.021691
0.469500	0.022135
0.470000	0.022426
0.470500	0.022649
0.471000	0.022843
0.471500	0.022959
0.472000	0.022948
0.472500	0.022774
0.473000	0.022508
0.473500	0.022185
0.474000	0.021818
0.474500	0.021422
0.475000	0.021002
0.475500	0.020559
0.476000	0.020107
0.476500	0.019659
0.477000	0.019231
0.477500	0.018861
0.478000	0.018557
0.478500	0.018312
0.479000	0.018118
0.479500	0.018104
0.480000	0.018671
0.480500	0.019533
0.481000	0.020331
0.481500	0.020707
0.482000	0.020487
0.482500	0.019985
0.483000	0.019399
0.483500	0.018918
0.484000	0.018721
0.484500	0.018653
0.485000	0.018593
0.485500	0.018550
0.486000	0.018531
0.486500	0.018542
0.487000	0.018573
0.487500	0.018612
0.488000	0.018646
0.488500	0.018664
0.489000	0.018627
0.489500	0.018506
0.490000	0.018350
0.490500	0.018213
0.491000	0.018148
0.491500	0.018282
0.492000	0.018552
0.492500	0.018816
0.493000	0.018932
0.493500	0.018809
0.494000	0.018589
0.494500	0.018330
0.495000	0.018072
0.495500	0.017853
0.496000	0.017670
0.496500	0.017500
0.497000	0.017354
0.497500	0.017243
0.498000	0.017182
0.498500	0.017354
0.499000	0.017726
0.499500	0.018146
0.500000	0.018461
0.500500	0.018571
0.501000	0.018598
0.501500	0.018556
0.502000	0.018439
