0.000000	8072.119629
0.000500	8072.119629
0.001000	8072.119629
0.001500	8072.119629
0.002000	8072.119629
0.002500	8072.119629
0.003000	8072.119629
0.003500	8072.119629
0.004000	8072.119629
0.004500	8071.866211
0.005000	8071.611328
0.005500	8071.357910
0.006000	8071.357910
0.006500	8071.611328
0.007000	8072.119629
0.007500	8073.135254
0.008000	8074.406738
0.008500	8075.675781
0.009000	8076.183105
0.009500	8076.437988
0.010000	8075.930664
0.010500	8075.675781
0.011000	8075.675781
0.011500	8076.183105
0.012000	8076.692383
0.012500	8077.454590
0.013000	8077.961914
0.013500	8078.724121
0.014000	8079.231445
0.014500	8079.993164
0.015000	8080.501465
0.015500	8081.263672
0.016000	8081.771973
0.016500	8082.025391
0.017000	8081.771973
0.017500	8081.263672
0.018000	8080.756348
0.018500	8080.501465
0.019000	8081.009766
0.019500	8082.025391
0.020000	8083.041992
0.020500	8083.549316
0.021000	8083.549316
0.021500	8082.025391
0.022000	8079.740723
0.022500	8078.216797
0.023000	8077.707520
0.023500	8078.978516
0.024000	8080.756348
0.024500	8082.787598
0.025000	8084.565918
0.025500	8085.835449
0.026000	8086.852051
0.026500	8087.614258
0.027000	8088.375977
0.027500	8088.883301
0.028000	8088.883301
0.028500	8088.630859
0.029000	8088.375977
0.029500	8088.375977
0.030000	8088.121582
0.030500	8088.121582
0.031000	8087.868652
0.031500	8087.868652
0.032000	8087.614258
0.032500	8087.614258
0.033000	8087.868652
0.033500	8088.375977
0.034000	8089.138184
0.034500	8089.645508
0.035000	8090.153809
0.035500	8090.662109
0.036000	8090.915527
0.036500	8091.169434
0.037000	8091.423828
0.037500	8091.677734
0.038000	8091.931152
0.038500	8092.186035
0.039000	8092.186035
0.039500	8092.186035
0.040000	8091.677734
0.040500	8091.169434
0.041000	8090.407227
0.041500	8090.153809
0.042000	8090.407227
0.042500	8090.662109
0.043000	8091.169434
0.043500	8091.423828
0.044000	8091.677734
0.044500	8092.186035
0.045000	8092.439453
0.045500	8092.693359
0.046000	8093.201660
0.046500	8093.456055
0.047000	8093.456055
0.047500	8092.947754
0.048000	8092.693359
0.048500	8092.186035
0.049000	8092.186035
0.049500	8092.693359
0.050000	8093.201660
0.050500	8093.709961
0.051000	8093.963867
0.051500	8093.456055
0.052000	8092.439453
0.052500	8091.169434
0.053000	8090.153809
0.053500	8089.645508
0.054000	8089.645508
0.054500	8090.153809
0.055000	8090.407227
0.055500	8090.153809
0.056000	8089.391602
0.056500	8088.375977
0.057000	8087.106934
0.057500	8085.835449
0.058000	8084.819824
0.058500	8084.057617
0.059000	8083.295898
0.059500	8082.787598
0.060000	8082.025391
0.060500	8081.009766
0.061000	8079.740723
0.061500	8078.724121
0.062000	8077.454590
0.062500	8076.183105
0.063000	8075.168457
0.063500	8074.151855
0.064000	8073.135254
0.064500	8072.119629
0.065000	8071.104004
0.065500	8069.580078
0.066000	8067.292969
0.066500	8065.007324
0.067000	8062.721191
0.067500	8061.198242
0.068000	8059.927734
0.068500	8058.657715
0.069000	8057.388184
0.069500	8056.118164
0.070000	8054.847656
0.070500	8053.578613
0.071000	8052.308105
0.071500	8051.037598
0.072000	8049.513672
0.072500	8047.736328
0.073000	8045.450195
0.073500	8043.164062
0.074000	8040.623535
0.074500	8038.592285
0.075000	8036.560059
0.075500	8034.781250
0.076000	8032.750000
0.076500	8030.717773
0.077000	8028.432129
0.077500	8026.145996
0.078000	8023.351562
0.078500	8020.557617
0.079000	8017.509277
0.079500	8014.461426
0.080000	8011.413574
0.080500	8008.111816
0.081000	8005.063965
0.081500	8002.016113
0.082000	7999.221680
0.082500	7996.681641
0.083000	7993.887695
0.083500	7991.093750
0.084000	7988.299805
0.084500	7985.505859
0.085000	7982.711914
0.085500	7979.664062
0.086000	7976.615723
0.086500	7973.059570
0.087000	7969.249512
0.087500	7964.931641
0.088000	7960.614258
0.088500	7956.295410
0.089000	7951.724121
0.089500	7947.406250
0.090000	7942.833984
0.090500	7938.262207
0.091000	7933.436035
0.091500	7928.102051
0.092000	7922.259766
0.092500	7915.656250
0.093000	7908.543457
0.093500	7900.161621
0.094000	7890.002441
0.094500	7879.587891
0.095000	7869.681152
0.095500	7862.062012
0.096000	7854.950195
0.096500	7847.837891
0.097000	7840.979980
0.097500	7834.121582
0.098000	7827.009766
0.098500	7820.151855
0.099000	7813.040039
0.099500	7806.181641
0.100000	7799.324219
0.100500	7792.466309
0.101000	7785.861816
0.101500	7779.257812
0.102000	7772.907715
0.102500	7766.049805
0.103000	7757.921875
0.103500	7748.777832
0.104000	7739.380371
0.104500	7730.743652
0.105000	7724.140137
0.105500	7719.313965
0.106000	7714.996094
0.106500	7710.169922
0.107000	7704.073730
0.107500	7696.961914
0.108000	7689.595703
0.108500	7682.483887
0.109000	7675.118652
0.109500	7668.006348
0.110000	7660.893555
0.110500	7653.781250
0.111000	7646.669434
0.111500	7639.557617
0.112000	7631.937988
0.112500	7623.301758
0.113000	7614.157715
0.113500	7605.013672
0.114000	7596.631348
0.114500	7588.757324
0.115000	7581.138184
0.115500	7573.771973
0.116000	7566.406250
0.116500	7559.040039
0.117000	7551.673828
0.117500	7544.307617
0.118000	7537.195801
0.118500	7530.337891
0.119000	7523.987793
0.119500	7519.161621
0.120000	7514.843262
0.120500	7510.780273
0.121000	7505.954102
0.121500	7500.366211
0.122000	7494.523926
0.122500	7488.428223
0.123000	7482.078125
0.123500	7475.219727
0.124000	7467.600098
0.124500	7459.726074
0.125000	7451.597656
0.125500	7443.978516
0.126000	7436.866211
0.126500	7430.262207
0.127000	7423.912109
0.127500	7417.562012
0.128000	7410.958008
0.128500	7403.083984
0.129000	7394.193848
0.129500	7384.541992
0.130000	7375.397461
0.130500	7367.523438
0.131000	7361.173828
0.131500	7355.840332
0.132000	7350.506348
0.132500	7344.410156
0.133000	7336.790039
0.133500	7327.899902
0.134000	7318.501953
0.134500	7309.357422
0.135000	7301.483398
0.135500	7294.880371
0.136000	7288.530273
0.136500	7281.926270
0.137000	7275.576172
0.137500	7268.971680
0.138000	7262.114258
0.138500	7255.256348
0.139000	7248.397949
0.139500	7242.556152
0.140000	7237.476074
0.140500	7232.395508
0.141000	7227.569824
0.141500	7222.743652
0.142000	7217.918457
0.142500	7213.092285
0.143000	7208.012207
0.143500	7203.186035
0.144000	7198.359863
0.144500	7193.533691
0.145000	7188.708008
0.145500	7184.390137
0.146000	7180.326172
0.146500	7176.261719
0.147000	7172.197754
0.147500	7168.387695
0.148000	7164.578125
0.148500	7161.275879
0.149000	7157.719727
0.149500	7154.671875
0.150000	7151.623535
0.150500	7148.830566
0.151000	7146.290527
0.151500	7144.257324
0.152000	7142.225586
0.152500	7140.447754
0.153000	7138.416504
0.153500	7136.638184
0.154000	7134.859375
0.154500	7132.828125
0.155000	7131.050293
0.155500	7129.271484
0.156000	7127.240234
0.156500	7125.716309
0.157000	7124.192383
0.157500	7122.921875
0.158000	7122.160156
0.158500	7121.397949
0.159000	7120.890137
0.159500	7120.636230
0.160000	7120.381348
0.160500	7120.381348
0.161000	7120.636230
0.161500	7120.636230
0.162000	7120.890137
0.162500	7121.397949
0.163000	7121.906250
0.163500	7122.668457
0.164000	7123.430176
0.164500	7124.700195
0.165000	7125.716309
0.165500	7126.985840
0.166000	7128.256348
0.166500	7129.526367
0.167000	7131.050293
0.167500	7132.828125
0.168000	7134.859375
0.168500	7136.892090
0.169000	7138.923828
0.169500	7141.209473
0.170000	7143.495605
0.170500	7145.781738
0.171000	7148.068359
0.171500	7150.354492
0.172000	7152.893555
0.172500	7155.433594
0.173000	7158.228027
0.173500	7161.021484
0.174000	7164.069824
0.174500	7167.118164
0.175000	7170.166016
0.175500	7173.468262
0.176000	7177.023926
0.176500	7180.580078
0.177000	7183.881836
0.177500	7186.167969
0.178000	7187.437988
0.178500	7188.200195
0.179000	7189.724121
0.179500	7192.771973
0.180000	7196.581543
0.180500	7200.392090
0.181000	7204.456543
0.181500	7208.519531
0.182000	7212.583496
0.182500	7216.647461
0.183000	7220.711914
0.183500	7224.775879
0.184000	7229.093750
0.184500	7233.411621
0.185000	7237.729980
0.185500	7242.301758
0.186000	7246.874023
0.186500	7251.699707
0.187000	7256.525879
0.187500	7261.352051
0.188000	7266.431641
0.188500	7271.257324
0.189000	7276.592285
0.189500	7281.671387
0.190000	7286.752441
0.190500	7292.085449
0.191000	7297.166504
0.191500	7302.245605
0.192000	7307.580078
0.192500	7312.659668
0.193000	7317.739746
0.193500	7322.312012
0.194000	7326.629883
0.194500	7331.202148
0.195000	7335.520020
0.195500	7340.092285
0.196000	7344.410156
0.196500	7348.981445
0.197000	7353.554199
0.197500	7357.871582
0.198000	7362.443359
0.198500	7367.016113
0.199000	7371.587891
0.199500	7376.414062
0.200000	7380.985840
0.200500	7385.557617
0.201000	7390.129883
0.201500	7394.702148
0.202000	7399.019531
0.202500	7403.592285
0.203000	7407.909668
0.203500	7412.481934
0.204000	7417.307617
0.204500	7421.880371
0.205000	7426.452148
0.205500	7430.769531
0.206000	7435.088379
0.206500	7439.659668
0.207000	7443.978516
0.207500	7448.295410
0.208000	7452.613770
0.208500	7456.931641
0.209000	7460.995605
0.209500	7465.313965
0.210000	7469.631836
0.210500	7474.965820
0.211000	7480.807617
0.211500	7486.649902
0.212000	7491.983887
0.212500	7495.793457
0.213000	7498.587891
0.213500	7500.874023
0.214000	7503.668457
0.214500	7507.224121
0.215000	7511.795410
0.215500	7516.368164
0.216000	7520.939941
0.216500	7525.511719
0.217000	7529.575684
0.217500	7533.385742
0.218000	7537.195801
0.218500	7541.005859
0.219000	7544.562012
0.219500	7548.118164
0.220000	7551.166016
0.220500	7554.468262
0.221000	7557.770020
0.221500	7561.326172
0.222000	7565.135742
0.222500	7568.945801
0.223000	7572.756348
0.223500	7576.566406
0.224000	7580.121582
0.224500	7583.678223
0.225000	7587.233398
0.225500	7590.790039
0.226000	7594.345703
0.226500	7598.409668
0.227000	7602.473633
0.227500	7606.791992
0.228000	7611.109863
0.228500	7615.173828
0.229000	7618.729980
0.229500	7622.540039
0.230000	7626.095703
0.230500	7629.906250
0.231000	7633.969727
0.231500	7638.033691
0.232000	7642.352051
0.232500	7646.669434
0.233000	7650.988281
0.233500	7655.559570
0.234000	7660.131348
0.234500	7664.957520
0.235000	7669.530273
0.235500	7674.102051
0.236000	7677.911621
0.236500	7681.213867
0.237000	7684.516113
0.237500	7688.071777
0.238000	7692.390137
0.238500	7696.707520
0.239000	7701.280273
0.239500	7705.852051
0.240000	7710.169922
0.240500	7714.742188
0.241000	7719.313965
0.241500	7723.631348
0.242000	7728.204102
0.242500	7732.521484
0.243000	7736.585449
0.243500	7740.649902
0.244000	7744.459473
0.244500	7748.523926
0.245000	7752.587891
0.245500	7756.651855
0.246000	7760.715820
0.246500	7765.033691
0.247000	7769.097656
0.247500	7772.907715
0.248000	7776.971680
0.248500	7780.781738
0.249000	7784.337891
0.249500	7787.893555
0.250000	7791.450195
0.250500	7795.006348
0.251000	7798.562012
0.251500	7802.118164
0.252000	7805.419434
0.252500	7808.976074
0.253000	7812.278320
0.253500	7815.833496
0.254000	7819.135742
0.254500	7822.692383
0.255000	7825.993652
0.255500	7829.295410
0.256000	7832.597656
0.256500	7835.899902
0.257000	7838.693848
0.257500	7840.979980
0.258000	7843.011719
0.258500	7845.297852
0.259000	7848.092285
0.259500	7851.393555
0.260000	7854.695801
0.260500	7857.743652
0.261000	7860.283691
0.261500	7862.315918
0.262000	7864.348145
0.262500	7866.125977
0.263000	7868.157715
0.263500	7870.189941
0.264000	7872.222168
0.264500	7874.254395
0.265000	7876.286133
0.265500	7878.318359
0.266000	7880.604492
0.266500	7882.635742
0.267000	7884.921387
0.267500	7886.954102
0.268000	7888.985840
0.268500	7891.271484
0.269000	7893.557617
0.269500	7895.589844
0.270000	7897.875977
0.270500	7899.907715
0.271000	7901.431641
0.271500	7902.956543
0.272000	7904.225586
0.272500	7905.750000
0.273000	7907.527832
0.273500	7909.559570
0.274000	7911.845703
0.274500	7913.877930
0.275000	7915.909668
0.275500	7917.941895
0.276000	7919.719727
0.276500	7921.243652
0.277000	7922.768066
0.277500	7924.038086
0.278000	7924.291992
0.278500	7923.783691
0.279000	7923.275879
0.279500	7923.530273
0.280000	7925.054199
0.280500	7927.085938
0.281000	7929.625977
0.281500	7931.657715
0.282000	7932.928223
0.282500	7933.689941
0.283000	7934.706055
0.283500	7935.721680
0.284000	7936.483887
0.284500	7937.245605
0.285000	7938.262207
0.285500	7939.023926
0.286000	7939.786133
0.286500	7940.547852
0.287000	7941.056152
0.287500	7941.563965
0.288000	7942.071777
0.288500	7942.580078
0.289000	7943.087891
0.289500	7943.342285
0.290000	7943.850098
0.290500	7944.357422
0.291000	7944.866211
0.291500	7945.119141
0.292000	7945.374023
0.292500	7945.627930
0.293000	7945.627930
0.293500	7945.881348
0.294000	7946.390137
0.294500	7947.152344
0.295000	7947.914062
0.295500	7948.676270
0.296000	7949.183594
0.296500	7949.437988
0.297000	7948.930176
0.297500	7948.676270
0.298000	7948.676270
0.298500	7949.183594
0.299000	7949.945312
0.299500	7951.216309
0.300000	7952.231445
0.300500	7952.740234
0.301000	7952.993164
0.301500	7952.993164
0.302000	7953.247559
0.302500	7953.501953
0.303000	7953.501953
0.303500	7953.501953
0.304000	7953.501953
0.304500	7953.756348
0.305000	7953.756348
0.305500	7954.009766
0.306000	7954.009766
0.306500	7954.264160
0.307000	7954.518555
0.307500	7954.518555
0.308000	7954.771484
0.308500	7955.026367
0.309000	7955.026367
0.309500	7955.280273
0.310000	7955.533691
0.310500	7956.295410
0.311000	7957.312012
0.311500	7958.328125
0.312000	7959.090332
0.312500	7959.090332
0.313000	7959.090332
0.313500	7959.090332
0.314000	7958.835449
0.314500	7959.090332
0.315000	7959.343262
0.315500	7959.597656
0.316000	7959.852051
0.316500	7960.106445
0.317000	7960.614258
0.317500	7961.375977
0.318000	7962.137695
0.318500	7962.645508
0.319000	7963.407715
0.319500	7964.169434
0.320000	7964.931641
0.320500	7965.440430
0.321000	7965.693359
0.321500	7965.185547
0.322000	7964.423828
0.322500	7963.407715
0.323000	7962.645508
0.323500	7961.630371
0.324000	7960.868164
0.324500	7959.852051
0.325000	7959.090332
0.325500	7958.328125
0.326000	7957.566406
0.326500	7958.073730
0.327000	7961.883789
0.327500	7966.709473
0.328000	7970.773926
0.328500	7971.535645
0.329000	7971.028320
0.329500	7970.519531
0.330000	7970.011719
0.330500	7969.504395
0.331000	7968.742188
0.331500	7968.233398
0.332000	7967.471680
0.332500	7966.963867
0.333000	7966.456543
0.333500	7966.202148
0.334000	7966.709473
0.334500	7967.218262
0.335000	7967.471680
0.335500	7967.725586
0.336000	7967.725586
0.336500	7967.471680
0.337000	7967.471680
0.337500	7967.471680
0.338000	7967.725586
0.338500	7967.980469
0.339000	7967.980469
0.339500	7968.233398
0.340000	7968.487793
0.340500	7968.742188
0.341000	7969.249512
0.341500	7969.757324
0.342000	7970.011719
0.342500	7970.266113
0.343000	7970.266113
0.343500	7970.266113
0.344000	7970.011719
0.344500	7969.757324
0.345000	7969.504395
0.345500	7968.995605
0.346000	7968.487793
0.346500	7967.980469
0.347000	7967.725586
0.347500	7967.471680
0.348000	7967.218262
0.348500	7966.963867
0.349000	7966.709473
0.349500	7966.456543
0.350000	7965.693359
0.350500	7964.931641
0.351000	7964.169434
0.351500	7963.916504
0.352000	7964.169434
0.352500	7964.423828
0.353000	7965.185547
0.353500	7965.693359
0.354000	7965.947754
0.354500	7966.456543
0.355000	7966.709473
0.355500	7966.963867
0.356000	7967.218262
0.356500	7967.471680
0.357000	7967.725586
0.357500	7967.725586
0.358000	7967.980469
0.358500	7967.980469
0.359000	7967.725586
0.359500	7966.963867
0.360000	7966.202148
0.360500	7965.693359
0.361000	7965.440430
0.361500	7965.693359
0.362000	7966.202148
0.362500	7966.709473
0.363000	7966.963867
0.363500	7966.963867
0.364000	7966.963867
0.364500	7966.963867
0.365000	7966.963867
0.365500	7966.963867
0.366000	7966.709473
0.366500	7966.709473
0.367000	7966.456543
0.367500	7966.202148
0.368000	7965.947754
0.368500	7965.693359
0.369000	7965.185547
0.369500	7964.678223
0.370000	7964.423828
0.370500	7964.423828
0.371000	7964.678223
0.371500	7965.185547
0.372000	7965.693359
0.372500	7965.693359
0.373000	7965.947754
0.373500	7965.947754
0.374000	7966.202148
0.374500	7966.202148
0.375000	7966.202148
0.375500	7966.456543
0.376000	7966.456543
0.376500	7966.456543
0.377000	7966.709473
0.377500	7966.709473
0.378000	7966.456543
0.378500	7966.202148
0.379000	7966.202148
0.379500	7965.947754
0.380000	7965.947754
0.380500	7965.947754
0.381000	7965.947754
0.381500	7965.947754
0.382000	7965.947754
0.382500	7965.185547
0.383000	7964.678223
0.383500	7963.916504
0.384000	7963.661621
0.384500	7963.661621
0.385000	7963.661621
0.385500	7963.661621
0.386000	7963.916504
0.386500	7963.916504
0.387000	7963.916504
0.387500	7963.661621
0.388000	7963.661621
0.388500	7963.407715
0.389000	7962.899902
0.389500	7961.630371
0.390000	7959.852051
0.390500	7958.328125
0.391000	7957.566406
0.391500	7957.819336
0.392000	7958.835449
0.392500	7959.852051
0.393000	7960.614258
0.393500	7960.359375
0.394000	7960.106445
0.394500	7959.597656
0.395000	7959.343262
0.395500	7959.090332
0.396000	7958.835449
0.396500	7958.581543
0.397000	7958.328125
0.397500	7958.073730
0.398000	7957.819336
0.398500	7957.819336
0.399000	7957.819336
0.399500	7957.566406
0.400000	7957.566406
0.400500	7957.312012
0.401000	7957.057617
0.401500	7956.804199
0.402000	7956.550293
0.402500	7956.295410
0.403000	7956.295410
0.403500	7956.042480
0.404000	7956.042480
0.404500	7956.042480
0.405000	7956.042480
0.405500	7956.295410
0.406000	7956.804199
0.406500	7957.057617
0.407000	7957.566406
0.407500	7957.566406
0.408000	7957.819336
0.408500	7957.819336
0.409000	7957.566406
0.409500	7957.566406
0.410000	7957.057617
0.410500	7956.295410
0.411000	7955.280273
0.411500	7954.771484
0.412000	7954.771484
0.412500	7955.533691
0.413000	7956.295410
0.413500	7957.312012
0.414000	7957.566406
0.414500	7957.819336
0.415000	7957.566406
0.415500	7957.566406
0.416000	7957.566406
0.416500	7957.312012
0.417000	7957.057617
0.417500	7956.804199
0.418000	7956.550293
0.418500	7956.295410
0.419000	7956.042480
0.419500	7955.788086
0.420000	7955.533691
0.420500	7955.280273
0.421000	7955.280273
0.421500	7955.026367
0.422000	7954.771484
0.422500	7954.771484
0.423000	7954.771484
0.423500	7954.771484
0.424000	7955.280273
0.424500	7956.042480
0.425000	7957.057617
0.425500	7957.819336
0.426000	7958.073730
0.426500	7958.328125
0.427000	7958.581543
0.427500	7958.835449
0.428000	7958.835449
0.428500	7958.835449
0.429000	7958.835449
0.429500	7958.835449
0.430000	7958.835449
0.430500	7958.581543
0.431000	7958.328125
0.431500	7958.328125
0.432000	7958.073730
0.432500	7957.819336
0.433000	7957.566406
0.433500	7958.073730
0.434000	7958.835449
0.434500	7959.852051
0.435000	7960.359375
0.435500	7960.106445
0.436000	7958.581543
0.436500	7957.057617
0.437000	7955.788086
0.437500	7955.280273
0.438000	7956.042480
0.438500	7957.312012
0.439000	7958.328125
0.439500	7959.090332
0.440000	7958.835449
0.440500	7958.581543
0.441000	7958.328125
0.441500	7957.819336
0.442000	7957.566406
0.442500	7957.312012
0.443000	7957.057617
0.443500	7956.804199
0.444000	7956.550293
0.444500	7956.295410
0.445000	7956.295410
0.445500	7956.804199
0.446000	7957.312012
0.446500	7957.566406
0.447000	7957.819336
0.447500	7957.819336
0.448000	7957.566406
0.448500	7957.566406
0.449000	7957.312012
0.449500	7957.057617
0.450000	7956.804199
0.450500	7956.550293
0.451000	7956.295410
0.451500	7955.788086
0.452000	7955.533691
0.452500	7955.026367
0.453000	7954.518555
0.453500	7954.009766
0.454000	7953.756348
0.454500	7953.501953
0.455000	7953.501953
0.455500	7953.756348
0.456000	7954.009766
0.456500	7954.264160
0.457000	7954.518555
0.457500	7955.026367
0.458000	7955.280273
0.458500	7955.788086
0.459000	7956.295410
0.459500	7956.550293
0.460000	7957.057617
0.460500	7957.566406
0.461000	7958.073730
0.461500	7958.328125
0.462000	7958.835449
0.462500	7959.343262
0.463000	7959.852051
0.463500	7959.852051
0.464000	7959.343262
0.464500	7958.835449
0.465000	7958.328125
0.465500	7958.581543
0.466000	7958.835449
0.466500	7959.597656
0.467000	7960.106445
0.467500	7960.359375
0.468000	7960.614258
0.468500	7960.868164
0.469000	7961.121582
0.469500	7961.375977
0.470000	7961.630371
0.470500	7961.883789
0.471000	7962.137695
0.471500	7962.645508
0.472000	7962.899902
0.472500	7963.154297
0.473000	7962.899902
0.473500	7962.645508
0.474000	7962.392090
0.474500	7962.392090
0.475000	7962.392090
0.475500	7962.899902
0.476000	7963.154297
0.476500	7963.407715
0.477000	7963.661621
0.477500	7963.661621
0.478000	7963.916504
0.478500	7963.916504
0.479000	7963.661621
0.479500	7963.661621
0.480000	7963.154297
0.480500	7962.645508
0.481000	7962.137695
0.481500	7961.883789
0.482000	7961.630371
0.482500	7961.883789
0.483000	7961.883789
0.483500	7961.883789
0.484000	7961.883789
0.484500	7961.883789
0.485000	7961.630371
0.485500	7961.375977
0.486000	7961.121582
0.486500	7961.121582
0.487000	7961.630371
0.487500	7962.392090
0.488000	7963.154297
0.488500	7963.154297
0.489000	7962.392090
0.489500	7961.883789
0.490000	7961.375977
0.490500	7960.614258
0.491000	7960.106445
0.491500	7959.343262
0.492000	7958.835449
0.492500	7958.328125
0.493000	7957.566406
0.493500	7957.312012
0.494000	7957.566406
0.494500	7958.328125
0.495000	7959.090332
0.495500	7959.597656
0.496000	7960.106445
0.496500	7960.359375
0.497000	7960.868164
0.497500	7961.121582
0.498000	7961.121582
0.498500	7960.868164
0.499000	7960.359375
0.499500	7959.852051
0.500000	7959.343262
0.500500	7959.343262
0.501000	7959.090332
0.501500	7959.090332
0.502000	7959.343262
