0.000000	-0.119150
0.000500	-0.119150
0.001000	-0.119150
0.001500	-0.119150
0.002000	-0.119150
0.002500	-0.119150
0.003000	-0.119140
0.003500	-0.119140
0.004000	-0.119140
0.004500	-0.119140
0.005000	-0.119140
0.005500	-0.119140
0.006000	-0.119140
0.006500	-0.119140
0.007000	-0.119130
0.007500	-0.119130
0.008000	-0.119130
0.008500	-0.119130
0.009000	-0.119130
0.009500	-0.119130
0.010000	-0.119130
0.010500	-0.119130
0.011000	-0.119120
0.011500	-0.119120
0.012000	-0.119120
0.012500	-0.119120
0.013000	-0.119120
0.013500	-0.119120
0.014000	-0.119110
0.014500	-0.119110
0.015000	-0.119110
0.015500	-0.119100
0.016000	-0.119100
0.016500	-0.119090
0.017000	-0.119090
0.017500	-0.119090
0.018000	-0.119080
0.018500	-0.119080
0.019000	-0.119070
0.019500	-0.119060
0.020000	-0.119060
0.020500	-0.119050
0.021000	-0.119040
0.021500	-0.119030
0.022000	-0.119020
0.022500	-0.119020
0.023000	-0.119010
0.023500	-0.119000
0.024000	-0.118990
0.024500	-0.118980
0.025000	-0.118970
0.025500	-0.118960
0.026000	-0.118950
0.026500	-0.118940
0.027000	-0.118930
0.027500	-0.118920
0.028000	-0.118910
0.028500	-0.118900
0.029000	-0.118890
0.029500	-0.118880
0.030000	-0.118870
0.030500	-0.118860
0.031000	-0.118850
0.031500	-0.118840
0.032000	-0.118830
0.032500	-0.118820
0.033000	-0.118810
0.033500	-0.118800
0.034000	-0.118800
0.034500	-0.118790
0.035000	-0.118780
0.035500	-0.118770
0.036000	-0.118760
0.036500	-0.118750
0.037000	-0.118740
0.037500	-0.118740
0.038000	-0.118730
0.038500	-0.118720
0.039000	-0.118710
0.039500	-0.118700
0.040000	-0.118690
0.040500	-0.118680
0.041000	-0.118670
0.041500	-0.118660
0.042000	-0.118650
0.042500	-0.118640
0.043000	-0.118620
0.043500	-0.118610
0.044000	-0.118590
0.044500	-0.118570
0.045000	-0.118550
0.045500	-0.118530
0.046000	-0.118500
0.046500	-0.118470
0.047000	-0.118440
0.047500	-0.118410
0.048000	-0.118370
0.048500	-0.118330
0.049000	-0.118290
0.049500	-0.118240
0.050000	-0.118190
0.050500	-0.118130
0.051000	-0.118070
0.051500	-0.118000
0.052000	-0.117930
0.052500	-0.117850
0.053000	-0.117760
0.053500	-0.117660
0.054000	-0.117550
0.054500	-0.117440
0.055000	-0.117320
0.055500	-0.117180
0.056000	-0.117030
0.056500	-0.116870
0.057000	-0.116700
0.057500	-0.116520
0.058000	-0.116320
0.058500	-0.116110
0.059000	-0.115890
0.059500	-0.115660
0.060000	-0.115410
0.060500	-0.115160
0.061000	-0.114890
0.061500	-0.114610
0.062000	-0.114310
0.062500	-0.113990
0.063000	-0.113660
0.063500	-0.113320
0.064000	-0.112950
0.064500	-0.112560
0.065000	-0.112150
0.065500	-0.111710
0.066000	-0.111260
0.066500	-0.110780
0.067000	-0.110280
0.067500	-0.109750
0.068000	-0.109200
0.068500	-0.108640
0.069000	-0.108050
0.069500	-0.107440
0.070000	-0.106810
0.070500	-0.106160
0.071000	-0.105480
0.071500	-0.104800
0.072000	-0.104090
0.072500	-0.103370
0.073000	-0.102630
0.073500	-0.101870
0.074000	-0.101100
0.074500	-0.100310
0.075000	-0.099507
0.075500	-0.098684
0.076000	-0.097844
0.076500	-0.096985
0.077000	-0.096107
0.077500	-0.095212
0.078000	-0.094300
0.078500	-0.093372
0.079000	-0.092430
0.079500	-0.091476
0.080000	-0.090512
0.080500	-0.089541
0.081000	-0.088566
0.081500	-0.087589
0.082000	-0.086614
0.082500	-0.085643
0.083000	-0.084679
0.083500	-0.083724
0.084000	-0.082782
0.084500	-0.081854
0.085000	-0.080943
0.085500	-0.080048
0.086000	-0.079172
0.086500	-0.078314
0.087000	-0.077474
0.087500	-0.076651
0.088000	-0.075844
0.088500	-0.075052
0.089000	-0.074276
0.089500	-0.073516
0.090000	-0.072773
0.090500	-0.072047
0.091000	-0.071342
0.091500	-0.070658
0.092000	-0.070000
0.092500	-0.069368
0.093000	-0.068764
0.093500	-0.068191
0.094000	-0.067649
0.094500	-0.067140
0.095000	-0.066663
0.095500	-0.066220
0.096000	-0.065811
0.096500	-0.065435
0.097000	-0.065093
0.097500	-0.064784
0.098000	-0.064509
0.098500	-0.064265
0.099000	-0.064052
0.099500	-0.063866
0.100000	-0.063704
0.100500	-0.063563
0.101000	-0.063437
0.101500	-0.063322
0.102000	-0.063210
0.102500	-0.063095
0.103000	-0.062972
0.103500	-0.062834
0.104000	-0.062679
0.104500	-0.062509
0.105000	-0.062330
0.105500	-0.062149
0.106000	-0.061970
0.106500	-0.061788
0.107000	-0.061593
0.107500	-0.061376
0.108000	-0.061138
0.108500	-0.060895
0.109000	-0.060677
0.109500	-0.060518
0.110000	-0.060452
0.110500	-0.060505
0.111000	-0.060698
0.111500	-0.061043
0.112000	-0.061543
0.112500	-0.062196
0.113000	-0.062991
0.113500	-0.063908
0.114000	-0.064926
0.114500	-0.066018
0.115000	-0.067157
0.115500	-0.068318
0.116000	-0.069474
0.116500	-0.070605
0.117000	-0.071689
0.117500	-0.072706
0.118000	-0.073639
0.118500	-0.074471
0.119000	-0.075190
0.119500	-0.075786
0.120000	-0.076255
0.120500	-0.076595
0.121000	-0.076805
0.121500	-0.076890
0.122000	-0.076852
0.122500	-0.076697
0.123000	-0.076431
0.123500	-0.076062
0.124000	-0.075594
0.124500	-0.075034
0.125000	-0.074384
0.125500	-0.073647
0.126000	-0.072824
0.126500	-0.071915
0.127000	-0.070920
0.127500	-0.069842
0.128000	-0.068685
0.128500	-0.067455
0.129000	-0.066161
0.129500	-0.064811
0.130000	-0.063417
0.130500	-0.061988
0.131000	-0.060533
0.131500	-0.059060
0.132000	-0.057574
0.132500	-0.056082
0.133000	-0.054586
0.133500	-0.053087
0.134000	-0.051588
0.134500	-0.050087
0.135000	-0.048585
0.135500	-0.047081
0.136000	-0.045575
0.136500	-0.044066
0.137000	-0.042557
0.137500	-0.041048
0.138000	-0.039543
0.138500	-0.038041
0.139000	-0.036544
0.139500	-0.035054
0.140000	-0.033570
0.140500	-0.032094
0.141000	-0.030626
0.141500	-0.029169
0.142000	-0.027724
0.142500	-0.026294
0.143000	-0.024879
0.143500	-0.023479
0.144000	-0.022093
0.144500	-0.020720
0.145000	-0.019357
0.145500	-0.018004
0.146000	-0.016657
0.146500	-0.015315
0.147000	-0.013975
0.147500	-0.012636
0.148000	-0.011298
0.148500	-0.009960
0.149000	-0.008622
0.149500	-0.007286
0.150000	-0.005954
0.150500	-0.004625
0.151000	-0.003303
0.151500	-0.001987
0.152000	-0.000676
0.152500	0.000629
0.153000	0.001930
0.153500	0.003229
0.154000	0.004528
0.154500	0.005830
0.155000	0.007136
0.155500	0.008449
0.156000	0.009772
0.156500	0.011108
0.157000	0.012460
0.157500	0.013831
0.158000	0.015223
0.158500	0.016639
0.159000	0.018081
0.159500	0.019552
0.160000	0.021052
0.160500	0.022582
0.161000	0.024144
0.161500	0.025737
0.162000	0.027362
0.162500	0.029017
0.163000	0.030702
0.163500	0.032417
0.164000	0.034162
0.164500	0.035935
0.165000	0.037736
0.165500	0.039563
0.166000	0.041416
0.166500	0.043293
0.167000	0.045191
0.167500	0.047108
0.168000	0.049042
0.168500	0.050991
0.169000	0.052950
0.169500	0.054917
0.170000	0.056888
0.170500	0.058862
0.171000	0.060835
0.171500	0.062804
0.172000	0.064767
0.172500	0.066722
0.173000	0.068667
0.173500	0.070599
0.174000	0.072517
0.174500	0.074419
0.175000	0.076304
0.175500	0.078171
0.176000	0.080021
0.176500	0.081852
0.177000	0.083665
0.177500	0.085462
0.178000	0.087242
0.178500	0.089007
0.179000	0.090757
0.179500	0.092490
0.180000	0.094208
0.180500	0.095910
0.181000	0.097595
0.181500	0.099263
0.182000	0.100910
0.182500	0.102550
0.183000	0.104170
0.183500	0.105770
0.184000	0.107360
0.184500	0.108930
0.185000	0.110500
0.185500	0.112040
0.186000	0.113580
0.186500	0.115110
0.187000	0.116630
0.187500	0.118140
0.188000	0.119640
0.188500	0.121140
0.189000	0.122630
0.189500	0.124110
0.190000	0.125580
0.190500	0.127050
0.191000	0.128520
0.191500	0.129980
0.192000	0.131440
0.192500	0.132910
0.193000	0.134380
0.193500	0.135860
0.194000	0.137360
0.194500	0.138860
0.195000	0.140380
0.195500	0.141910
0.196000	0.143450
0.196500	0.145000
0.197000	0.146570
0.197500	0.148140
0.198000	0.149730
0.198500	0.151320
0.199000	0.152910
0.199500	0.154520
0.200000	0.156130
0.200500	0.157740
0.201000	0.159360
0.201500	0.161000
0.202000	0.162630
0.202500	0.164290
0.203000	0.165950
0.203500	0.167630
0.204000	0.169320
0.204500	0.171020
0.205000	0.172740
0.205500	0.174450
0.206000	0.176170
0.206500	0.177900
0.207000	0.179620
0.207500	0.181350
0.208000	0.183060
0.208500	0.184780
0.209000	0.186490
0.209500	0.188200
0.210000	0.189890
0.210500	0.191580
0.211000	0.193270
0.211500	0.194940
0.212000	0.196600
0.212500	0.198250
0.213000	0.199890
0.213500	0.201510
0.214000	0.203100
0.214500	0.204670
0.215000	0.206220
0.215500	0.207730
0.216000	0.209210
0.216500	0.210660
0.217000	0.212070
0.217500	0.213440
0.218000	0.214790
0.218500	0.216100
0.219000	0.217380
0.219500	0.218630
0.220000	0.219860
0.220500	0.221060
0.221000	0.222230
0.221500	0.223390
0.222000	0.224510
0.222500	0.225610
0.223000	0.226690
0.223500	0.227730
0.224000	0.228750
0.224500	0.229730
0.225000	0.230690
0.225500	0.231620
0.226000	0.232520
0.226500	0.233400
0.227000	0.234250
0.227500	0.235070
0.228000	0.235870
0.228500	0.236650
0.229000	0.237420
0.229500	0.238170
0.230000	0.238910
0.230500	0.239640
0.231000	0.240360
0.231500	0.241090
0.232000	0.241810
0.232500	0.242530
0.233000	0.243260
0.233500	0.243990
0.234000	0.244740
0.234500	0.245490
0.235000	0.246260
0.235500	0.247040
0.236000	0.247830
0.236500	0.248630
0.237000	0.249440
0.237500	0.250260
0.238000	0.251100
0.238500	0.251940
0.239000	0.252800
0.239500	0.253680
0.240000	0.254560
0.240500	0.255460
0.241000	0.256380
0.241500	0.257300
0.242000	0.258240
0.242500	0.259190
0.243000	0.260170
0.243500	0.261150
0.244000	0.262160
0.244500	0.263190
0.245000	0.264240
0.245500	0.265310
0.246000	0.266400
0.246500	0.267520
0.247000	0.268660
0.247500	0.269820
0.248000	0.271000
0.248500	0.272200
0.249000	0.273420
0.249500	0.274650
0.250000	0.275900
0.250500	0.277170
0.251000	0.278450
0.251500	0.279740
0.252000	0.281050
0.252500	0.282360
0.253000	0.283690
0.253500	0.285020
0.254000	0.286370
0.254500	0.287710
0.255000	0.289060
0.255500	0.290420
0.256000	0.291770
0.256500	0.293120
0.257000	0.294470
0.257500	0.295810
0.258000	0.297140
0.258500	0.298460
0.259000	0.299770
0.259500	0.301070
0.260000	0.302350
0.260500	0.303630
0.261000	0.304880
0.261500	0.306130
0.262000	0.307360
0.262500	0.308590
0.263000	0.309800
0.263500	0.311000
0.264000	0.312200
0.264500	0.313390
0.265000	0.314570
0.265500	0.315740
0.266000	0.316910
0.266500	0.318070
0.267000	0.319230
0.267500	0.320380
0.268000	0.321530
0.268500	0.322670
0.269000	0.323800
0.269500	0.324930
0.270000	0.326050
0.270500	0.327160
0.271000	0.328280
0.271500	0.329390
0.272000	0.330500
0.272500	0.331620
0.273000	0.332740
0.273500	0.333860
0.274000	0.334990
0.274500	0.336130
0.275000	0.337270
0.275500	0.338430
0.276000	0.339580
0.276500	0.340750
0.277000	0.341920
0.277500	0.343090
0.278000	0.344270
0.278500	0.345460
0.279000	0.346650
0.279500	0.347850
0.280000	0.349050
0.280500	0.350250
0.281000	0.351460
0.281500	0.352680
0.282000	0.353900
0.282500	0.355120
0.283000	0.356340
0.283500	0.357580
0.284000	0.358810
0.284500	0.360050
0.285000	0.361290
0.285500	0.362530
0.286000	0.363780
0.286500	0.365020
0.287000	0.366270
0.287500	0.367510
0.288000	0.368760
0.288500	0.370000
0.289000	0.371250
0.289500	0.372490
0.290000	0.373720
0.290500	0.374960
0.291000	0.376190
0.291500	0.377420
0.292000	0.378640
0.292500	0.379860
0.293000	0.381070
0.293500	0.382280
0.294000	0.383480
0.294500	0.384680
0.295000	0.385880
0.295500	0.387070
0.296000	0.388260
0.296500	0.389440
0.297000	0.390620
0.297500	0.391800
0.298000	0.392980
0.298500	0.394160
