0.000000	0.082552
0.000500	0.082552
0.001000	0.082551
0.001500	0.082551
0.002000	0.082549
0.002500	0.082548
0.003000	0.082547
0.003500	0.082546
0.004000	0.082545
0.004500	0.082543
0.005000	0.082542
0.005500	0.082540
0.006000	0.082539
0.006500	0.082537
0.007000	0.082536
0.007500	0.082535
0.008000	0.082534
0.008500	0.082533
0.009000	0.082532
0.009500	0.082531
0.010000	0.082530
0.010500	0.082529
0.011000	0.082528
0.011500	0.082528
0.012000	0.082527
0.012500	0.082526
0.013000	0.082526
0.013500	0.082526
0.014000	0.082526
0.014500	0.082527
0.015000	0.082527
0.015500	0.082528
0.016000	0.082529
0.016500	0.082529
0.017000	0.082528
0.017500	0.082527
0.018000	0.082525
0.018500	0.082522
0.019000	0.082518
0.019500	0.082514
0.020000	0.082508
0.020500	0.082501
0.021000	0.082493
0.021500	0.082485
0.022000	0.082476
0.022500	0.082466
0.023000	0.082457
0.023500	0.082447
0.024000	0.082438
0.024500	0.082429
0.025000	0.082420
0.025500	0.082411
0.026000	0.082402
0.026500	0.082394
0.027000	0.082385
0.027500	0.082376
0.028000	0.082366
0.028500	0.082357
0.029000	0.082347
0.029500	0.082337
0.030000	0.082327
0.030500	0.082317
0.031000	0.082307
0.031500	0.082298
0.032000	0.082288
0.032500	0.082279
0.033000	0.082271
0.033500	0.082262
0.034000	0.082254
0.034500	0.082246
0.035000	0.082238
0.035500	0.082230
0.036000	0.082222
0.036500	0.082214
0.037000	0.082206
0.037500	0.082197
0.038000	0.082189
0.038500	0.082180
0.039000	0.082171
0.039500	0.082162
0.040000	0.082153
0.040500	0.082144
0.041000	0.082136
0.041500	0.082128
0.042000	0.082120
0.042500	0.082112
0.043000	0.082105
0.043500	0.082099
0.044000	0.082093
0.044500	0.082087
0.045000	0.082081
0.045500	0.082075
0.046000	0.082068
0.046500	0.082061
0.047000	0.082053
0.047500	0.082045
0.048000	0.082035
0.048500	0.082026
0.049000	0.082016
0.049500	0.082005
0.050000	0.081995
0.050500	0.081985
0.051000	0.081975
0.051500	0.081966
0.052000	0.081958
0.052500	0.081952
0.053000	0.081947
0.053500	0.081943
0.054000	0.081941
0.054500	0.081942
0.055000	0.081945
0.055500	0.081951
0.056000	0.081960
0.056500	0.081972
0.057000	0.081988
0.057500	0.082007
0.058000	0.082029
0.058500	0.082052
0.059000	0.082077
0.059500	0.082102
0.060000	0.082127
0.060500	0.082149
0.061000	0.082168
0.061500	0.082184
0.062000	0.082196
0.062500	0.082203
0.063000	0.082206
0.063500	0.082203
0.064000	0.082195
0.064500	0.082181
0.065000	0.082160
0.065500	0.082131
0.066000	0.082094
0.066500	0.082049
0.067000	0.081996
0.067500	0.081934
0.068000	0.081863
0.068500	0.081784
0.069000	0.081696
0.069500	0.081600
0.070000	0.081497
0.070500	0.081388
0.071000	0.081273
0.071500	0.081152
0.072000	0.081024
0.072500	0.080887
0.073000	0.080741
0.073500	0.080583
0.074000	0.080412
0.074500	0.080224
0.075000	0.080020
0.075500	0.079796
0.076000	0.079551
0.076500	0.079283
0.077000	0.078991
0.077500	0.078673
0.078000	0.078328
0.078500	0.077955
0.079000	0.077555
0.079500	0.077125
0.080000	0.076668
0.080500	0.076184
0.081000	0.075676
0.081500	0.075144
0.082000	0.074594
0.082500	0.074029
0.083000	0.073455
0.083500	0.072877
0.084000	0.072302
0.084500	0.071734
0.085000	0.071180
0.085500	0.070643
0.086000	0.070130
0.086500	0.069646
0.087000	0.069196
0.087500	0.068787
0.088000	0.068426
0.088500	0.068117
0.089000	0.067866
0.089500	0.067679
0.090000	0.067560
0.090500	0.067516
0.091000	0.067550
0.091500	0.067667
0.092000	0.067869
0.092500	0.068158
0.093000	0.068538
0.093500	0.069008
0.094000	0.069570
0.094500	0.070224
0.095000	0.070969
0.095500	0.071804
0.096000	0.072730
0.096500	0.073744
0.097000	0.074844
0.097500	0.076026
0.098000	0.077282
0.098500	0.078607
0.099000	0.079993
0.099500	0.081432
0.100000	0.082916
0.100500	0.084435
0.101000	0.085979
0.101500	0.087538
0.102000	0.089103
0.102500	0.090663
0.103000	0.092208
0.103500	0.093728
0.104000	0.095210
0.104500	0.096626
0.105000	0.097932
0.105500	0.099076
0.106000	0.100000
0.106500	0.100670
0.107000	0.101070
0.107500	0.101210
0.108000	0.101110
0.108500	0.100800
0.109000	0.100320
0.109500	0.099681
0.110000	0.098910
0.110500	0.098045
0.111000	0.097126
0.111500	0.096195
0.112000	0.095286
0.112500	0.094428
0.113000	0.093636
0.113500	0.092921
0.114000	0.092288
0.114500	0.091744
0.115000	0.091295
0.115500	0.090951
0.116000	0.090721
0.116500	0.090610
0.117000	0.090617
0.117500	0.090734
0.118000	0.090949
0.118500	0.091247
0.119000	0.091611
0.119500	0.092026
0.120000	0.092472
0.120500	0.092933
0.121000	0.093386
0.121500	0.093811
0.122000	0.094182
0.122500	0.094477
0.123000	0.094675
0.123500	0.094758
0.124000	0.094716
0.124500	0.094540
0.125000	0.094227
0.125500	0.093775
0.126000	0.093185
0.126500	0.092458
0.127000	0.091598
0.127500	0.090611
0.128000	0.089506
0.128500	0.088297
0.129000	0.086999
0.129500	0.085627
0.130000	0.084197
0.130500	0.082720
0.131000	0.081204
0.131500	0.079658
0.132000	0.078087
0.132500	0.076498
0.133000	0.074896
0.133500	0.073283
0.134000	0.071662
0.134500	0.070034
0.135000	0.068400
0.135500	0.066762
0.136000	0.065123
0.136500	0.063488
0.137000	0.061863
0.137500	0.060255
0.138000	0.058671
0.138500	0.057115
0.139000	0.055591
0.139500	0.054102
0.140000	0.052652
0.140500	0.051245
0.141000	0.049886
0.141500	0.048580
0.142000	0.047333
0.142500	0.046149
0.143000	0.045031
0.143500	0.043979
0.144000	0.042994
0.144500	0.042077
0.145000	0.041228
0.145500	0.040448
0.146000	0.039738
0.146500	0.039099
0.147000	0.038528
0.147500	0.038024
0.148000	0.037584
0.148500	0.037206
0.149000	0.036886
0.149500	0.036623
0.150000	0.036415
0.150500	0.036256
0.151000	0.036143
0.151500	0.036071
0.152000	0.036033
0.152500	0.036024
0.153000	0.036038
0.153500	0.036070
0.154000	0.036118
0.154500	0.036178
0.155000	0.036247
0.155500	0.036325
0.156000	0.036412
0.156500	0.036507
0.157000	0.036611
0.157500	0.036726
0.158000	0.036852
0.158500	0.036990
0.159000	0.037140
0.159500	0.037301
0.160000	0.037472
0.160500	0.037653
0.161000	0.037844
0.161500	0.038042
0.162000	0.038247
0.162500	0.038457
0.163000	0.038674
0.163500	0.038896
0.164000	0.039126
0.164500	0.039366
0.165000	0.039617
0.165500	0.039881
0.166000	0.040159
0.166500	0.040452
0.167000	0.040761
0.167500	0.041085
0.168000	0.041424
0.168500	0.041778
0.169000	0.042146
0.169500	0.042528
0.170000	0.042924
0.170500	0.043334
0.171000	0.043758
0.171500	0.044200
0.172000	0.044660
0.172500	0.045141
0.173000	0.045644
0.173500	0.046170
0.174000	0.046716
0.174500	0.047279
0.175000	0.047856
0.175500	0.048443
0.176000	0.049037
0.176500	0.049635
0.177000	0.050234
0.177500	0.050832
0.178000	0.051425
0.178500	0.052007
0.179000	0.052574
0.179500	0.053122
0.180000	0.053648
0.180500	0.054147
0.181000	0.054619
0.181500	0.055060
0.182000	0.055471
0.182500	0.055849
0.183000	0.056193
0.183500	0.056501
0.184000	0.056771
0.184500	0.057001
0.185000	0.057191
0.185500	0.057339
0.186000	0.057444
0.186500	0.057508
0.187000	0.057529
0.187500	0.057510
0.188000	0.057452
0.188500	0.057357
0.189000	0.057227
0.189500	0.057065
0.190000	0.056874
0.190500	0.056658
0.191000	0.056419
0.191500	0.056162
0.192000	0.055892
0.192500	0.055614
0.193000	0.055331
0.193500	0.055048
0.194000	0.054770
0.194500	0.054498
0.195000	0.054234
0.195500	0.053981
0.196000	0.053740
0.196500	0.053512
0.197000	0.053298
0.197500	0.053098
0.198000	0.052912
0.198500	0.052739
0.199000	0.052581
0.199500	0.052435
0.200000	0.052304
0.200500	0.052191
0.201000	0.052096
0.201500	0.052024
0.202000	0.051976
0.202500	0.051951
0.203000	0.051948
0.203500	0.051965
0.204000	0.051998
0.204500	0.052049
0.205000	0.052114
0.205500	0.052195
0.206000	0.052289
0.206500	0.052394
0.207000	0.052507
0.207500	0.052625
0.208000	0.052747
0.208500	0.052869
0.209000	0.052989
0.209500	0.053105
0.210000	0.053212
0.210500	0.053307
0.211000	0.053388
0.211500	0.053452
0.212000	0.053497
0.212500	0.053524
0.213000	0.053534
0.213500	0.053527
0.214000	0.053506
0.214500	0.053470
0.215000	0.053420
0.215500	0.053358
0.216000	0.053283
0.216500	0.053200
0.217000	0.053112
0.217500	0.053024
0.218000	0.052940
0.218500	0.052866
0.219000	0.052805
0.219500	0.052760
0.220000	0.052733
0.220500	0.052723
0.221000	0.052731
0.221500	0.052758
0.222000	0.052802
0.222500	0.052865
0.223000	0.052944
0.223500	0.053036
0.224000	0.053138
0.224500	0.053248
0.225000	0.053362
0.225500	0.053479
0.226000	0.053601
0.226500	0.053726
0.227000	0.053857
0.227500	0.053991
0.228000	0.054128
0.228500	0.054265
0.229000	0.054402
0.229500	0.054538
0.230000	0.054674
0.230500	0.054815
0.231000	0.054963
0.231500	0.055123
0.232000	0.055298
0.232500	0.055492
0.233000	0.055709
0.233500	0.055951
0.234000	0.056220
0.234500	0.056515
0.235000	0.056838
0.235500	0.057188
0.236000	0.057563
0.236500	0.057962
0.237000	0.058383
0.237500	0.058823
0.238000	0.059281
0.238500	0.059754
0.239000	0.060239
0.239500	0.060735
0.240000	0.061237
0.240500	0.061743
0.241000	0.062249
0.241500	0.062753
0.242000	0.063251
0.242500	0.063744
0.243000	0.064231
0.243500	0.064712
0.244000	0.065188
0.244500	0.065661
0.245000	0.066130
0.245500	0.066595
0.246000	0.067057
0.246500	0.067513
0.247000	0.067962
0.247500	0.068400
0.248000	0.068827
0.248500	0.069237
0.249000	0.069628
0.249500	0.069999
0.250000	0.070346
0.250500	0.070670
0.251000	0.070968
0.251500	0.071241
0.252000	0.071490
0.252500	0.071715
0.253000	0.071918
0.253500	0.072102
0.254000	0.072270
0.254500	0.072427
0.255000	0.072575
0.255500	0.072718
0.256000	0.072857
0.256500	0.072995
0.257000	0.073134
0.257500	0.073277
0.258000	0.073425
0.258500	0.073580
0.259000	0.073745
0.259500	0.073919
0.260000	0.074101
0.260500	0.074291
0.261000	0.074487
0.261500	0.074688
0.262000	0.074894
0.262500	0.075104
0.263000	0.075319
0.263500	0.075537
0.264000	0.075759
0.264500	0.075983
0.265000	0.076210
0.265500	0.076437
0.266000	0.076665
0.266500	0.076891
0.267000	0.077117
0.267500	0.077341
0.268000	0.077563
0.268500	0.077781
0.269000	0.077997
0.269500	0.078208
0.270000	0.078415
0.270500	0.078616
0.271000	0.078813
0.271500	0.079004
0.272000	0.079190
0.272500	0.079372
0.273000	0.079550
0.273500	0.079726
0.274000	0.079900
0.274500	0.080075
0.275000	0.080251
0.275500	0.080430
0.276000	0.080612
0.276500	0.080798
0.277000	0.080990
0.277500	0.081189
0.278000	0.081394
0.278500	0.081605
0.279000	0.081822
0.279500	0.082043
0.280000	0.082268
0.280500	0.082495
0.281000	0.082723
0.281500	0.082952
0.282000	0.083183
0.282500	0.083414
0.283000	0.083647
0.283500	0.083880
0.284000	0.084112
0.284500	0.084343
0.285000	0.084571
0.285500	0.084794
0.286000	0.085014
0.286500	0.085231
0.287000	0.085444
0.287500	0.085654
0.288000	0.085861
0.288500	0.086066
0.289000	0.086269
0.289500	0.086470
0.290000	0.086670
0.290500	0.086867
0.291000	0.087064
0.291500	0.087261
0.292000	0.087458
0.292500	0.087655
0.293000	0.087852
0.293500	0.088049
0.294000	0.088245
0.294500	0.088440
0.295000	0.088633
0.295500	0.088825
0.296000	0.089017
0.296500	0.089207
0.297000	0.089395
0.297500	0.089581
0.298000	0.089764
0.298500	0.089944
