0.000000	0.973990
0.000500	0.973990
0.001000	0.973990
0.001500	0.973990
0.002000	0.973990
0.002500	0.973990
0.003000	0.973990
0.003500	0.973990
0.004000	0.973990
0.004500	0.973990
0.005000	0.973990
0.005500	0.973990
0.006000	0.973990
0.006500	0.973990
0.007000	0.973990
0.007500	0.973990
0.008000	0.973990
0.008500	0.973990
0.009000	0.973990
0.009500	0.973990
0.010000	0.973990
0.010500	0.973990
0.011000	0.973990
0.011500	0.973990
0.012000	0.973990
0.012500	0.973990
0.013000	0.973990
0.013500	0.973990
0.014000	0.973990
0.014500	0.973990
0.015000	0.973990
0.015500	0.973990
0.016000	0.973990
0.016500	0.973990
0.017000	0.973990
0.017500	0.973990
0.018000	0.973990
0.018500	0.973990
0.019000	0.973990
0.019500	0.973980
0.020000	0.973980
0.020500	0.973980
0.021000	0.973980
0.021500	0.973980
0.022000	0.973980
0.022500	0.973980
0.023000	0.973980
0.023500	0.973980
0.024000	0.973980
0.024500	0.973980
0.025000	0.973980
0.025500	0.973980
0.026000	0.973980
0.026500	0.973980
0.027000	0.973970
0.027500	0.973970
0.028000	0.973970
0.028500	0.973970
0.029000	0.973970
0.029500	0.973970
0.030000	0.973970
0.030500	0.973970
0.031000	0.973960
0.031500	0.973960
0.032000	0.973960
0.032500	0.973960
0.033000	0.973960
0.033500	0.973950
0.034000	0.973950
0.034500	0.973950
0.035000	0.973950
0.035500	0.973950
0.036000	0.973950
0.036500	0.973940
0.037000	0.973940
0.037500	0.973940
0.038000	0.973940
0.038500	0.973930
0.039000	0.973930
0.039500	0.973930
0.040000	0.973930
0.040500	0.973920
0.041000	0.973920
0.041500	0.973920
0.042000	0.973920
0.042500	0.973920
0.043000	0.973910
0.043500	0.973910
0.044000	0.973910
0.044500	0.973910
0.045000	0.973910
0.045500	0.973900
0.046000	0.973900
0.046500	0.973900
0.047000	0.973900
0.047500	0.973900
0.048000	0.973890
0.048500	0.973890
0.049000	0.973890
0.049500	0.973880
0.050000	0.973880
0.050500	0.973880
0.051000	0.973870
0.051500	0.973870
0.052000	0.973870
0.052500	0.973860
0.053000	0.973860
0.053500	0.973860
0.054000	0.973860
0.054500	0.973850
0.055000	0.973850
0.055500	0.973840
0.056000	0.973840
0.056500	0.973830
0.057000	0.973820
0.057500	0.973820
0.058000	0.973810
0.058500	0.973800
0.059000	0.973790
0.059500	0.973780
0.060000	0.973770
0.060500	0.973750
0.061000	0.973740
0.061500	0.973720
0.062000	0.973700
0.062500	0.973680
0.063000	0.973660
0.063500	0.973640
0.064000	0.973610
0.064500	0.973590
0.065000	0.973570
0.065500	0.973540
0.066000	0.973520
0.066500	0.973500
0.067000	0.973480
0.067500	0.973460
0.068000	0.973450
0.068500	0.973430
0.069000	0.973420
0.069500	0.973420
0.070000	0.973420
0.070500	0.973430
0.071000	0.973440
0.071500	0.973460
0.072000	0.973480
0.072500	0.973510
0.073000	0.973550
0.073500	0.973600
0.074000	0.973650
0.074500	0.973720
0.075000	0.973790
0.075500	0.973870
0.076000	0.973960
0.076500	0.974060
0.077000	0.974170
0.077500	0.974300
0.078000	0.974430
0.078500	0.974570
0.079000	0.974730
0.079500	0.974900
0.080000	0.975080
0.080500	0.975270
0.081000	0.975470
0.081500	0.975680
0.082000	0.975900
0.082500	0.976130
0.083000	0.976370
0.083500	0.976620
0.084000	0.976880
0.084500	0.977140
0.085000	0.977410
0.085500	0.977680
0.086000	0.977970
0.086500	0.978260
0.087000	0.978560
0.087500	0.978860
0.088000	0.979170
0.088500	0.979480
0.089000	0.979800
0.089500	0.980130
0.090000	0.980450
0.090500	0.980780
0.091000	0.981120
0.091500	0.981450
0.092000	0.981790
0.092500	0.982120
0.093000	0.982460
0.093500	0.982790
0.094000	0.983120
0.094500	0.983450
0.095000	0.983780
0.095500	0.984100
0.096000	0.984420
0.096500	0.984730
0.097000	0.985040
0.097500	0.985350
0.098000	0.985650
0.098500	0.985940
0.099000	0.986230
0.099500	0.986500
0.100000	0.986770
0.100500	0.987030
0.101000	0.987270
0.101500	0.987500
0.102000	0.987720
0.102500	0.987920
0.103000	0.988110
0.103500	0.988280
0.104000	0.988440
0.104500	0.988580
0.105000	0.988700
0.105500	0.988810
0.106000	0.988910
0.106500	0.988990
0.107000	0.989080
0.107500	0.989160
0.108000	0.989240
0.108500	0.989320
0.109000	0.989390
0.109500	0.989460
0.110000	0.989520
0.110500	0.989570
0.111000	0.989610
0.111500	0.989620
0.112000	0.989620
0.112500	0.989590
0.113000	0.989540
0.113500	0.989470
0.114000	0.989370
0.114500	0.989240
0.115000	0.989090
0.115500	0.988920
0.116000	0.988710
0.116500	0.988490
0.117000	0.988230
0.117500	0.987950
0.118000	0.987650
0.118500	0.987310
0.119000	0.986960
0.119500	0.986580
0.120000	0.986190
0.120500	0.985770
0.121000	0.985350
0.121500	0.984910
0.122000	0.984470
0.122500	0.984020
0.123000	0.983580
0.123500	0.983140
0.124000	0.982710
0.124500	0.982290
0.125000	0.981880
0.125500	0.981480
0.126000	0.981100
0.126500	0.980740
0.127000	0.980390
0.127500	0.980060
0.128000	0.979760
0.128500	0.979470
0.129000	0.979200
0.129500	0.978950
0.130000	0.978720
0.130500	0.978510
0.131000	0.978310
0.131500	0.978120
0.132000	0.977950
0.132500	0.977780
0.133000	0.977620
0.133500	0.977470
0.134000	0.977330
0.134500	0.977200
0.135000	0.977070
0.135500	0.976950
0.136000	0.976850
0.136500	0.976750
0.137000	0.976670
0.137500	0.976590
0.138000	0.976520
0.138500	0.976470
0.139000	0.976420
0.139500	0.976380
0.140000	0.976350
0.140500	0.976330
0.141000	0.976320
0.141500	0.976320
0.142000	0.976330
0.142500	0.976360
0.143000	0.976390
0.143500	0.976430
0.144000	0.976480
0.144500	0.976540
0.145000	0.976610
0.145500	0.976690
0.146000	0.976780
0.146500	0.976880
0.147000	0.976990
0.147500	0.977110
0.148000	0.977230
0.148500	0.977360
0.149000	0.977500
0.149500	0.977640
0.150000	0.977790
0.150500	0.977950
0.151000	0.978110
0.151500	0.978260
0.152000	0.978430
0.152500	0.978590
0.153000	0.978750
0.153500	0.978920
0.154000	0.979090
0.154500	0.979260
0.155000	0.979430
0.155500	0.979600
0.156000	0.979780
0.156500	0.979960
0.157000	0.980150
0.157500	0.980340
0.158000	0.980530
0.158500	0.980720
0.159000	0.980910
0.159500	0.981110
0.160000	0.981310
0.160500	0.981500
0.161000	0.981690
0.161500	0.981890
0.162000	0.982070
0.162500	0.982260
0.163000	0.982440
0.163500	0.982620
0.164000	0.982790
0.164500	0.982950
0.165000	0.983110
0.165500	0.983260
0.166000	0.983410
0.166500	0.983550
0.167000	0.983680
0.167500	0.983800
0.168000	0.983910
0.168500	0.984020
0.169000	0.984120
0.169500	0.984210
0.170000	0.984290
0.170500	0.984360
0.171000	0.984430
0.171500	0.984480
0.172000	0.984530
0.172500	0.984570
0.173000	0.984600
0.173500	0.984620
0.174000	0.984620
0.174500	0.984620
0.175000	0.984610
0.175500	0.984600
0.176000	0.984570
0.176500	0.984530
0.177000	0.984480
0.177500	0.984420
0.178000	0.984360
0.178500	0.984280
0.179000	0.984190
0.179500	0.984100
0.180000	0.983990
0.180500	0.983880
0.181000	0.983760
0.181500	0.983630
0.182000	0.983490
0.182500	0.983350
0.183000	0.983190
0.183500	0.983040
0.184000	0.982870
0.184500	0.982700
0.185000	0.982520
0.185500	0.982330
0.186000	0.982140
0.186500	0.981940
0.187000	0.981730
0.187500	0.981520
0.188000	0.981310
0.188500	0.981090
0.189000	0.980860
0.189500	0.980640
0.190000	0.980410
0.190500	0.980170
0.191000	0.979940
0.191500	0.979700
0.192000	0.979470
0.192500	0.979230
0.193000	0.978990
0.193500	0.978750
0.194000	0.978510
0.194500	0.978270
0.195000	0.978030
0.195500	0.977800
0.196000	0.977560
0.196500	0.977330
0.197000	0.977090
0.197500	0.976860
0.198000	0.976630
0.198500	0.976410
0.199000	0.976180
0.199500	0.975960
0.200000	0.975740
0.200500	0.975520
0.201000	0.975310
0.201500	0.975100
0.202000	0.974890
0.202500	0.974680
0.203000	0.974480
0.203500	0.974270
0.204000	0.974060
0.204500	0.973860
0.205000	0.973650
0.205500	0.973440
0.206000	0.973220
0.206500	0.973010
0.207000	0.972790
0.207500	0.972570
0.208000	0.972340
0.208500	0.972110
0.209000	0.971880
0.209500	0.971630
0.210000	0.971390
0.210500	0.971140
0.211000	0.970880
0.211500	0.970620
0.212000	0.970360
0.212500	0.970090
0.213000	0.969820
0.213500	0.969550
0.214000	0.969270
0.214500	0.969000
0.215000	0.968730
0.215500	0.968460
0.216000	0.968190
0.216500	0.967930
0.217000	0.967670
0.217500	0.967410
0.218000	0.967150
0.218500	0.966900
0.219000	0.966650
0.219500	0.966390
0.220000	0.966140
0.220500	0.965880
0.221000	0.965620
0.221500	0.965360
0.222000	0.965110
0.222500	0.964850
0.223000	0.964600
0.223500	0.964350
0.224000	0.964110
0.224500	0.963870
0.225000	0.963640
0.225500	0.963420
0.226000	0.963210
0.226500	0.963010
0.227000	0.962820
0.227500	0.962650
0.228000	0.962490
0.228500	0.962350
0.229000	0.962210
0.229500	0.962100
0.230000	0.961990
0.230500	0.961890
0.231000	0.961810
0.231500	0.961740
0.232000	0.961670
0.232500	0.961600
0.233000	0.961540
0.233500	0.961480
0.234000	0.961420
0.234500	0.961360
0.235000	0.961290
0.235500	0.961220
0.236000	0.961140
0.236500	0.961060
0.237000	0.960970
0.237500	0.960870
0.238000	0.960770
0.238500	0.960660
0.239000	0.960540
0.239500	0.960410
0.240000	0.960270
0.240500	0.960130
0.241000	0.959980
0.241500	0.959820
0.242000	0.959660
0.242500	0.959490
0.243000	0.959300
0.243500	0.959110
0.244000	0.958910
0.244500	0.958700
0.245000	0.958480
0.245500	0.958240
0.246000	0.958000
0.246500	0.957740
0.247000	0.957470
0.247500	0.957190
0.248000	0.956890
0.248500	0.956590
0.249000	0.956280
0.249500	0.955960
0.250000	0.955630
0.250500	0.955290
0.251000	0.954950
0.251500	0.954600
0.252000	0.954240
0.252500	0.953890
0.253000	0.953520
0.253500	0.953160
0.254000	0.952790
0.254500	0.952420
0.255000	0.952050
0.255500	0.951670
0.256000	0.951300
0.256500	0.950920
0.257000	0.950540
0.257500	0.950160
0.258000	0.949780
0.258500	0.949410
0.259000	0.949030
0.259500	0.948650
0.260000	0.948270
0.260500	0.947890
0.261000	0.947520
0.261500	0.947140
0.262000	0.946770
0.262500	0.946390
0.263000	0.946020
0.263500	0.945640
0.264000	0.945260
0.264500	0.944890
0.265000	0.944510
0.265500	0.944130
0.266000	0.943750
0.266500	0.943370
0.267000	0.942990
0.267500	0.942610
0.268000	0.942230
0.268500	0.941850
0.269000	0.941470
0.269500	0.941090
0.270000	0.940720
0.270500	0.940340
0.271000	0.939960
0.271500	0.939580
0.272000	0.939200
0.272500	0.938820
0.273000	0.938430
0.273500	0.938050
0.274000	0.937650
0.274500	0.937260
0.275000	0.936860
0.275500	0.936460
0.276000	0.936050
0.276500	0.935630
0.277000	0.935210
0.277500	0.934790
0.278000	0.934360
0.278500	0.933930
0.279000	0.933490
0.279500	0.933050
0.280000	0.932600
0.280500	0.932150
0.281000	0.931690
0.281500	0.931230
0.282000	0.930760
0.282500	0.930290
0.283000	0.929820
0.283500	0.929340
0.284000	0.928860
0.284500	0.928370
0.285000	0.927880
0.285500	0.927390
0.286000	0.926890
0.286500	0.926390
0.287000	0.925890
0.287500	0.925380
0.288000	0.924880
0.288500	0.924370
0.289000	0.923860
0.289500	0.923340
0.290000	0.922830
0.290500	0.922320
0.291000	0.921800
0.291500	0.921280
0.292000	0.920770
0.292500	0.920250
0.293000	0.919730
0.293500	0.919220
0.294000	0.918700
0.294500	0.918180
0.295000	0.917670
0.295500	0.917150
0.296000	0.916630
0.296500	0.916110
0.297000	0.915590
0.297500	0.915070
0.298000	0.914550
0.298500	0.914030
