0.000000	-0.044615
0.000500	-0.044614
0.001000	-0.044612
0.001500	-0.044609
0.002000	-0.044605
0.002500	-0.044601
0.003000	-0.044595
0.003500	-0.044588
0.004000	-0.044581
0.004500	-0.044572
0.005000	-0.044563
0.005500	-0.044552
0.006000	-0.044541
0.006500	-0.044528
0.007000	-0.044515
0.007500	-0.044501
0.008000	-0.044486
0.008500	-0.044470
0.009000	-0.044454
0.009500	-0.044437
0.010000	-0.044418
0.010500	-0.044399
0.011000	-0.044379
0.011500	-0.044358
0.012000	-0.044337
0.012500	-0.044315
0.013000	-0.044292
0.013500	-0.044268
0.014000	-0.044244
0.014500	-0.044219
0.015000	-0.044194
0.015500	-0.044168
0.016000	-0.044142
0.016500	-0.044115
0.017000	-0.044088
0.017500	-0.044060
0.018000	-0.044032
0.018500	-0.044003
0.019000	-0.043974
0.019500	-0.043944
0.020000	-0.043914
0.020500	-0.043884
0.021000	-0.043853
0.021500	-0.043823
0.022000	-0.043792
0.022500	-0.043761
0.023000	-0.043730
0.023500	-0.043699
0.024000	-0.043668
0.024500	-0.043637
0.025000	-0.043606
0.025500	-0.043575
0.026000	-0.043544
0.026500	-0.043513
0.027000	-0.043483
0.027500	-0.043453
0.028000	-0.043423
0.028500	-0.043393
0.029000	-0.043364
0.029500	-0.043335
0.030000	-0.043307
0.030500	-0.043278
0.031000	-0.043251
0.031500	-0.043223
0.032000	-0.043196
0.032500	-0.043170
0.033000	-0.043144
0.033500	-0.043119
0.034000	-0.043094
0.034500	-0.043070
0.035000	-0.043046
0.035500	-0.043023
0.036000	-0.043000
0.036500	-0.042978
0.037000	-0.042957
0.037500	-0.042936
0.038000	-0.042917
0.038500	-0.042898
0.039000	-0.042881
0.039500	-0.042864
0.040000	-0.042847
0.040500	-0.042832
0.041000	-0.042817
0.041500	-0.042803
0.042000	-0.042789
0.042500	-0.042777
0.043000	-0.042765
0.043500	-0.042754
0.044000	-0.042744
0.044500	-0.042734
0.045000	-0.042726
0.045500	-0.042718
0.046000	-0.042712
0.046500	-0.042705
0.047000	-0.042700
0.047500	-0.042695
0.048000	-0.042690
0.048500	-0.042687
0.049000	-0.042684
0.049500	-0.042682
0.050000	-0.042680
0.050500	-0.042679
0.051000	-0.042678
0.051500	-0.042677
0.052000	-0.042677
0.052500	-0.042677
0.053000	-0.042677
0.053500	-0.042678
0.054000	-0.042679
0.054500	-0.042680
0.055000	-0.042681
0.055500	-0.042683
0.056000	-0.042684
0.056500	-0.042686
0.057000	-0.042687
0.057500	-0.042687
0.058000	-0.042687
0.058500	-0.042685
0.059000	-0.042682
0.059500	-0.042677
0.060000	-0.042671
0.060500	-0.042661
0.061000	-0.042649
0.061500	-0.042634
0.062000	-0.042616
0.062500	-0.042595
0.063000	-0.042571
0.063500	-0.042543
0.064000	-0.042511
0.064500	-0.042477
0.065000	-0.042438
0.065500	-0.042396
0.066000	-0.042349
0.066500	-0.042299
0.067000	-0.042244
0.067500	-0.042185
0.068000	-0.042120
0.068500	-0.042050
0.069000	-0.041974
0.069500	-0.041892
0.070000	-0.041803
0.070500	-0.041708
0.071000	-0.041605
0.071500	-0.041495
0.072000	-0.041376
0.072500	-0.041250
0.073000	-0.041114
0.073500	-0.040970
0.074000	-0.040815
0.074500	-0.040651
0.075000	-0.040476
0.075500	-0.040290
0.076000	-0.040092
0.076500	-0.039883
0.077000	-0.039661
0.077500	-0.039427
0.078000	-0.039180
0.078500	-0.038920
0.079000	-0.038648
0.079500	-0.038363
0.080000	-0.038065
0.080500	-0.037754
0.081000	-0.037431
0.081500	-0.037097
0.082000	-0.036750
0.082500	-0.036393
0.083000	-0.036023
0.083500	-0.035642
0.084000	-0.035249
0.084500	-0.034844
0.085000	-0.034425
0.085500	-0.033993
0.086000	-0.033548
0.086500	-0.033088
0.087000	-0.032615
0.087500	-0.032127
0.088000	-0.031623
0.088500	-0.031104
0.089000	-0.030569
0.089500	-0.030018
0.090000	-0.029449
0.090500	-0.028862
0.091000	-0.028257
0.091500	-0.027634
0.092000	-0.026992
0.092500	-0.026332
0.093000	-0.025654
0.093500	-0.024958
0.094000	-0.024245
0.094500	-0.023514
0.095000	-0.022765
0.095500	-0.022000
0.096000	-0.021218
0.096500	-0.020419
0.097000	-0.019602
0.097500	-0.018769
0.098000	-0.017919
0.098500	-0.017054
0.099000	-0.016174
0.099500	-0.015280
0.100000	-0.014376
0.100500	-0.013464
0.101000	-0.012547
0.101500	-0.011627
0.102000	-0.010706
0.102500	-0.009786
0.103000	-0.008867
0.103500	-0.007950
0.104000	-0.007033
0.104500	-0.006119
0.105000	-0.005208
0.105500	-0.004302
0.106000	-0.003405
0.106500	-0.002518
0.107000	-0.001645
0.107500	-0.000788
0.108000	0.000050
0.108500	0.000866
0.109000	0.001658
0.109500	0.002423
0.110000	0.003159
0.110500	0.003867
0.111000	0.004546
0.111500	0.005196
0.112000	0.005819
0.112500	0.006414
0.113000	0.006981
0.113500	0.007521
0.114000	0.008033
0.114500	0.008516
0.115000	0.008967
0.115500	0.009386
0.116000	0.009770
0.116500	0.010119
0.117000	0.010435
0.117500	0.010719
0.118000	0.010973
0.118500	0.011199
0.119000	0.011399
0.119500	0.011576
0.120000	0.011732
0.120500	0.011868
0.121000	0.011987
0.121500	0.012089
0.122000	0.012176
0.122500	0.012250
0.123000	0.012311
0.123500	0.012359
0.124000	0.012396
0.124500	0.012421
0.125000	0.012437
0.125500	0.012445
0.126000	0.012445
0.126500	0.012440
0.127000	0.012430
0.127500	0.012417
0.128000	0.012403
0.128500	0.012389
0.129000	0.012375
0.129500	0.012363
0.130000	0.012353
0.130500	0.012345
0.131000	0.012340
0.131500	0.012337
0.132000	0.012336
0.132500	0.012337
0.133000	0.012340
0.133500	0.012345
0.134000	0.012352
0.134500	0.012362
0.135000	0.012373
0.135500	0.012387
0.136000	0.012402
0.136500	0.012419
0.137000	0.012438
0.137500	0.012459
0.138000	0.012483
0.138500	0.012509
0.139000	0.012537
0.139500	0.012567
0.140000	0.012600
0.140500	0.012634
0.141000	0.012670
0.141500	0.012706
0.142000	0.012742
0.142500	0.012778
0.143000	0.012812
0.143500	0.012845
0.144000	0.012875
0.144500	0.012902
0.145000	0.012924
0.145500	0.012941
0.146000	0.012952
0.146500	0.012954
0.147000	0.012947
0.147500	0.012928
0.148000	0.012896
0.148500	0.012850
0.149000	0.012789
0.149500	0.012712
0.150000	0.012617
0.150500	0.012504
0.151000	0.012373
0.151500	0.012224
0.152000	0.012058
0.152500	0.011876
0.153000	0.011681
0.153500	0.011474
0.154000	0.011257
0.154500	0.011032
0.155000	0.010799
0.155500	0.010560
0.156000	0.010315
0.156500	0.010062
0.157000	0.009801
0.157500	0.009530
0.158000	0.009246
0.158500	0.008947
0.159000	0.008635
0.159500	0.008308
0.160000	0.007968
0.160500	0.007617
0.161000	0.007257
0.161500	0.006891
0.162000	0.006521
0.162500	0.006148
0.163000	0.005775
0.163500	0.005401
0.164000	0.005027
0.164500	0.004654
0.165000	0.004281
0.165500	0.003912
0.166000	0.003550
0.166500	0.003197
0.167000	0.002855
0.167500	0.002526
0.168000	0.002211
0.168500	0.001908
0.169000	0.001617
0.169500	0.001337
0.170000	0.001064
0.170500	0.000798
0.171000	0.000535
0.171500	0.000273
0.172000	0.000011
0.172500	-0.000253
0.173000	-0.000521
0.173500	-0.000793
0.174000	-0.001069
0.174500	-0.001351
0.175000	-0.001637
0.175500	-0.001926
0.176000	-0.002219
0.176500	-0.002514
0.177000	-0.002810
0.177500	-0.003109
0.178000	-0.003409
0.178500	-0.003711
0.179000	-0.004015
0.179500	-0.004322
0.180000	-0.004632
0.180500	-0.004946
0.181000	-0.005262
0.181500	-0.005581
0.182000	-0.005903
0.182500	-0.006227
0.183000	-0.006552
0.183500	-0.006878
0.184000	-0.007205
0.184500	-0.007531
0.185000	-0.007857
0.185500	-0.008183
0.186000	-0.008508
0.186500	-0.008834
0.187000	-0.009160
0.187500	-0.009487
0.188000	-0.009815
0.188500	-0.010144
0.189000	-0.010473
0.189500	-0.010801
0.190000	-0.011127
0.190500	-0.011451
0.191000	-0.011773
0.191500	-0.012094
0.192000	-0.012413
0.192500	-0.012733
0.193000	-0.013053
0.193500	-0.013374
0.194000	-0.013697
0.194500	-0.014022
0.195000	-0.014347
0.195500	-0.014674
0.196000	-0.015000
0.196500	-0.015327
0.197000	-0.015653
0.197500	-0.015978
0.198000	-0.016304
0.198500	-0.016629
0.199000	-0.016955
0.199500	-0.017281
0.200000	-0.017607
0.200500	-0.017934
0.201000	-0.018260
0.201500	-0.018587
0.202000	-0.018913
0.202500	-0.019240
0.203000	-0.019566
0.203500	-0.019892
0.204000	-0.020219
0.204500	-0.020546
0.205000	-0.020873
0.205500	-0.021200
0.206000	-0.021526
0.206500	-0.021852
0.207000	-0.022177
0.207500	-0.022500
0.208000	-0.022822
0.208500	-0.023143
0.209000	-0.023461
0.209500	-0.023777
0.210000	-0.024090
0.210500	-0.024399
0.211000	-0.024705
0.211500	-0.025004
0.212000	-0.025298
0.212500	-0.025584
0.213000	-0.025861
0.213500	-0.026127
0.214000	-0.026381
0.214500	-0.026623
0.215000	-0.026853
0.215500	-0.027071
0.216000	-0.027278
0.216500	-0.027475
0.217000	-0.027664
0.217500	-0.027845
0.218000	-0.028020
0.218500	-0.028190
0.219000	-0.028354
0.219500	-0.028514
0.220000	-0.028670
0.220500	-0.028823
0.221000	-0.028975
0.221500	-0.029126
0.222000	-0.029277
0.222500	-0.029430
0.223000	-0.029585
0.223500	-0.029742
0.224000	-0.029903
0.224500	-0.030066
0.225000	-0.030232
0.225500	-0.030401
0.226000	-0.030574
0.226500	-0.030751
0.227000	-0.030932
0.227500	-0.031118
0.228000	-0.031309
0.228500	-0.031505
0.229000	-0.031706
0.229500	-0.031913
0.230000	-0.032127
0.230500	-0.032346
0.231000	-0.032571
0.231500	-0.032801
0.232000	-0.033038
0.232500	-0.033280
0.233000	-0.033527
0.233500	-0.033779
0.234000	-0.034036
0.234500	-0.034298
0.235000	-0.034564
0.235500	-0.034834
0.236000	-0.035109
0.236500	-0.035389
0.237000	-0.035673
0.237500	-0.035962
0.238000	-0.036255
0.238500	-0.036554
0.239000	-0.036857
0.239500	-0.037166
0.240000	-0.037479
0.240500	-0.037798
0.241000	-0.038120
0.241500	-0.038447
0.242000	-0.038778
0.242500	-0.039112
0.243000	-0.039449
0.243500	-0.039789
0.244000	-0.040132
0.244500	-0.040477
0.245000	-0.040823
0.245500	-0.041170
0.246000	-0.041516
0.246500	-0.041859
0.247000	-0.042201
0.247500	-0.042539
0.248000	-0.042874
0.248500	-0.043208
0.249000	-0.043540
0.249500	-0.043872
0.250000	-0.044207
0.250500	-0.044545
0.251000	-0.044887
0.251500	-0.045234
0.252000	-0.045586
0.252500	-0.045941
0.253000	-0.046298
0.253500	-0.046654
0.254000	-0.047009
0.254500	-0.047360
0.255000	-0.047708
0.255500	-0.048052
0.256000	-0.048391
0.256500	-0.048726
0.257000	-0.049058
0.257500	-0.049387
0.258000	-0.049714
0.258500	-0.050039
0.259000	-0.050363
0.259500	-0.050686
0.260000	-0.051007
0.260500	-0.051326
0.261000	-0.051643
0.261500	-0.051957
0.262000	-0.052267
0.262500	-0.052574
0.263000	-0.052876
0.263500	-0.053173
0.264000	-0.053465
0.264500	-0.053751
0.265000	-0.054031
0.265500	-0.054305
0.266000	-0.054572
0.266500	-0.054834
0.267000	-0.055090
0.267500	-0.055341
0.268000	-0.055587
0.268500	-0.055830
0.269000	-0.056068
0.269500	-0.056304
0.270000	-0.056536
0.270500	-0.056767
0.271000	-0.056996
0.271500	-0.057224
0.272000	-0.057452
0.272500	-0.057679
0.273000	-0.057908
0.273500	-0.058138
0.274000	-0.058368
0.274500	-0.058599
0.275000	-0.058829
0.275500	-0.059059
0.276000	-0.059288
0.276500	-0.059515
0.277000	-0.059741
0.277500	-0.059965
0.278000	-0.060189
0.278500	-0.060412
0.279000	-0.060635
0.279500	-0.060858
0.280000	-0.061080
0.280500	-0.061302
0.281000	-0.061523
0.281500	-0.061742
0.282000	-0.061958
0.282500	-0.062171
0.283000	-0.062381
0.283500	-0.062586
0.284000	-0.062786
0.284500	-0.062981
0.285000	-0.063170
0.285500	-0.063354
0.286000	-0.063533
0.286500	-0.063706
0.287000	-0.063873
0.287500	-0.064035
0.288000	-0.064191
0.288500	-0.064341
0.289000	-0.064485
0.289500	-0.064622
0.290000	-0.064754
0.290500	-0.064880
0.291000	-0.065000
0.291500	-0.065115
0.292000	-0.065226
0.292500	-0.065333
0.293000	-0.065436
0.293500	-0.065535
0.294000	-0.065631
0.294500	-0.065724
0.295000	-0.065814
0.295500	-0.065901
0.296000	-0.065987
0.296500	-0.066070
0.297000	-0.066152
0.297500	-0.066233
0.298000	-0.066313
0.298500	-0.066391
