0.000000	0.500910
0.000500	0.500910
0.001000	0.500910
0.001500	0.500910
0.002000	0.500910
0.002500	0.500910
0.003000	0.500910
0.003500	0.500910
0.004000	0.500910
0.004500	0.366230
0.005000	0.050528
0.005500	-0.213640
0.006000	-0.399330
0.006500	-0.479630
0.007000	-0.450890
0.007500	-0.394960
0.008000	-0.324820
0.008500	-0.243920
0.009000	-0.155720
0.009500	-0.053841
0.010000	0.062028
0.010500	0.179330
0.011000	0.285490
0.011500	0.355630
0.012000	0.291140
0.012500	0.132630
0.013000	-0.046360
0.013500	-0.172300
0.014000	-0.167950
0.014500	-0.013575
0.015000	0.208530
0.015500	0.410130
0.016000	0.502980
0.016500	0.364840
0.017000	0.030453
0.017500	-0.352950
0.018000	-0.638130
0.018500	-0.681050
0.019000	-0.497630
0.019500	-0.208240
0.020000	0.091800
0.020500	0.307140
0.021000	0.380800
0.021500	0.415510
0.022000	0.425090
0.022500	0.408800
0.023000	0.365950
0.023500	0.252890
0.024000	0.062879
0.024500	-0.149470
0.025000	-0.329560
0.025500	-0.418410
0.026000	-0.267360
0.026500	0.061137
0.027000	0.412300
0.027500	0.631380
0.028000	0.583200
0.028500	0.317320
0.029000	-0.029995
0.029500	-0.323460
0.030000	-0.427790
0.030500	-0.359890
0.031000	-0.250200
0.031500	-0.133670
0.032000	-0.045250
0.032500	-0.018042
0.033000	-0.017205
0.033500	-0.017072
0.034000	-0.018132
0.034500	-0.020871
0.035000	-0.026144
0.035500	-0.034836
0.036000	-0.045055
0.036500	-0.054680
0.037000	-0.061587
0.037500	-0.018184
0.038000	0.089688
0.038500	0.214000
0.039000	0.306720
0.039500	0.320400
0.040000	0.247120
0.040500	0.126530
0.041000	-0.001603
0.041500	-0.097506
0.042000	-0.137920
0.042500	-0.168060
0.043000	-0.194420
0.043500	-0.217200
0.044000	-0.236640
0.044500	-0.250220
0.045000	-0.256020
0.045500	-0.255170
0.046000	-0.248810
0.046500	-0.234320
0.047000	-0.111030
0.047500	0.101740
0.048000	0.315960
0.048500	0.443550
0.049000	0.419710
0.049500	0.307060
0.050000	0.153820
0.050500	0.001309
0.051000	-0.109140
0.051500	-0.178130
0.052000	-0.231730
0.052500	-0.266840
0.053000	-0.280330
0.053500	-0.264230
0.054000	-0.086351
0.054500	0.217260
0.055000	0.518790
0.055500	0.690390
0.056000	0.654980
0.056500	0.557140
0.057000	0.437420
0.057500	0.317800
0.058000	0.220270
0.058500	0.140990
0.059000	0.067462
0.059500	0.008685
0.060000	-0.026342
0.060500	-0.022589
0.061000	0.190550
0.061500	0.579040
0.062000	0.995650
0.062500	1.293100
0.063000	1.387500
0.063500	1.453700
0.064000	1.515100
0.064500	1.571000
0.065000	1.620400
0.065500	1.669900
0.066000	1.722100
0.066500	1.770400
0.067000	1.808400
0.067500	1.829400
0.068000	1.830900
0.068500	1.819600
0.069000	1.803200
0.069500	1.789600
0.070000	1.786400
0.070500	1.793800
0.071000	1.805000
0.071500	1.813100
0.072000	1.811300
0.072500	1.753400
0.073000	1.625100
0.073500	1.466800
0.074000	1.319000
0.074500	1.221800
0.075000	1.188300
0.075500	1.191900
0.076000	1.203400
0.076500	1.193800
0.077000	1.111500
0.077500	0.889400
0.078000	0.614360
0.078500	0.386620
0.079000	0.306420
0.079500	0.406910
0.080000	0.611170
0.080500	0.854390
0.081000	1.071700
0.081500	1.201200
0.082000	1.284800
0.082500	1.355500
0.083000	1.407600
0.083500	1.435500
0.084000	1.420900
0.084500	1.330200
0.085000	1.207400
0.085500	1.103300
0.086000	1.069000
0.086500	1.136800
0.087000	1.273000
0.087500	1.429700
0.088000	1.559000
0.088500	1.614900
0.089000	1.630800
0.089500	1.630300
0.090000	1.606700
0.090500	1.553100
0.091000	1.467300
0.091500	1.364700
0.092000	1.250900
0.092500	1.129600
0.093000	1.004700
0.093500	0.858750
0.094000	0.684690
0.094500	0.502050
0.095000	0.330330
0.095500	0.193840
0.096000	0.236730
0.096500	0.427630
0.097000	0.642750
0.097500	0.758340
0.098000	0.665890
0.098500	0.401600
0.099000	0.070186
0.099500	-0.224350
0.100000	-0.378020
0.100500	-0.399710
0.101000	-0.384040
0.101500	-0.355610
0.102000	-0.339010
0.102500	-0.357370
0.103000	-0.388440
0.103500	-0.436280
0.104000	-0.528310
0.104500	-0.691940
0.105000	-0.972000
0.105500	-1.417800
0.106000	-1.951500
0.106500	-2.484000
0.107000	-2.926800
0.107500	-3.294200
0.108000	-3.652200
0.108500	-3.988700
0.109000	-4.292000
0.109500	-4.549700
0.110000	-4.747000
0.110500	-4.904900
0.111000	-5.055400
0.111500	-5.230700
0.112000	-5.459500
0.112500	-5.736800
0.113000	-6.038100
0.113500	-6.339200
0.114000	-6.615600
0.114500	-6.851500
0.115000	-7.032400
0.115500	-7.135900
0.116000	-7.139600
0.116500	-7.015200
0.117000	-6.585500
0.117500	-5.917900
0.118000	-5.202400
0.118500	-4.628800
0.119000	-4.316200
0.119500	-4.071700
0.120000	-3.843200
0.120500	-3.604600
0.121000	-3.329500
0.121500	-2.998000
0.122000	-2.628800
0.122500	-2.254500
0.123000	-1.908000
0.123500	-1.621800
0.124000	-1.402200
0.124500	-1.222800
0.125000	-1.056500
0.125500	-0.876310
0.126000	-0.645630
0.126500	-0.335770
0.127000	-0.002404
0.127500	0.292100
0.128000	0.485400
0.128500	0.520960
0.129000	0.421350
0.129500	0.258700
0.130000	0.105690
0.130500	0.031961
0.131000	-0.004877
0.131500	-0.037629
0.132000	-0.057560
0.132500	-0.055933
0.133000	-0.021544
0.133500	0.051212
0.134000	0.141870
0.134500	0.228040
0.135000	0.287330
0.135500	0.314300
0.136000	0.330430
0.136500	0.330670
0.137000	0.309050
0.137500	0.259860
0.138000	0.190240
0.138500	0.111530
0.139000	0.031873
0.139500	-0.040601
0.140000	-0.100690
0.140500	-0.156120
0.141000	-0.208810
0.141500	-0.259600
0.142000	-0.309340
0.142500	-0.356810
0.143000	-0.395460
0.143500	-0.420230
0.144000	-0.426120
0.144500	-0.406120
0.145000	-0.301380
0.145500	-0.122960
0.146000	0.079910
0.146500	0.257950
0.147000	0.376710
0.147500	0.469020
0.148000	0.540750
0.148500	0.592540
0.149000	0.625010
0.149500	0.580280
0.150000	0.393580
0.150500	0.163630
0.151000	-0.006454
0.151500	-0.016157
0.152000	0.116650
0.152500	0.317580
0.153000	0.536760
0.153500	0.724340
0.154000	0.838150
0.154500	0.916240
0.155000	0.974610
0.155500	1.015100
0.156000	1.039500
0.156500	1.000300
0.157000	0.840640
0.157500	0.638010
0.158000	0.473600
0.158500	0.432570
0.159000	0.668880
0.159500	1.108200
0.160000	1.586000
0.160500	1.938100
0.161000	2.016600
0.161500	1.898500
0.162000	1.704100
0.162500	1.531900
0.163000	1.480400
0.163500	1.573500
0.164000	1.693300
0.164500	1.818200
0.165000	1.930200
0.165500	2.012000
0.166000	2.073800
0.166500	2.129700
0.167000	2.185100
0.167500	2.245800
0.168000	2.320700
0.168500	2.435700
0.169000	2.570800
0.169500	2.696500
0.170000	2.783000
0.170500	2.803700
0.171000	2.767300
0.171500	2.703800
0.172000	2.643100
0.172500	2.615100
0.173000	2.631300
0.173500	2.671500
0.174000	2.712200
0.174500	2.730400
0.175000	2.694400
0.175500	2.535800
0.176000	2.301000
0.176500	2.060400
0.177000	1.884200
0.177500	1.820100
0.178000	1.826500
0.178500	1.852200
0.179000	1.846500
0.179500	1.759800
0.180000	1.590900
0.180500	1.380900
0.181000	1.166800
0.181500	0.985160
0.182000	0.865290
0.182500	0.764160
0.183000	0.673340
0.183500	0.599610
0.184000	0.549740
0.184500	0.522210
0.185000	0.500640
0.185500	0.480130
0.186000	0.456250
0.186500	0.424780
0.187000	0.389690
0.187500	0.354320
0.188000	0.319000
0.188500	0.284060
0.189000	0.249810
0.189500	0.216230
0.190000	0.183090
0.190500	0.150190
0.191000	0.117290
0.191500	0.085642
0.192000	0.058400
0.192500	0.036150
0.193000	0.019389
0.193500	0.010598
0.194000	0.065392
0.194500	0.177250
0.195000	0.303240
0.195500	0.400450
0.196000	0.433520
0.196500	0.444200
0.197000	0.448160
0.197500	0.446630
0.198000	0.440840
0.198500	0.424690
0.199000	0.391710
0.199500	0.356310
0.200000	0.333470
0.200500	0.338160
0.201000	0.387290
0.201500	0.473070
0.202000	0.573410
0.202500	0.666240
0.203000	0.732310
0.203500	0.784300
0.204000	0.831420
0.204500	0.878140
0.205000	0.928910
0.205500	1.005700
0.206000	1.127400
0.206500	1.259600
0.207000	1.366700
0.207500	1.412900
0.208000	1.378900
0.208500	1.281100
0.209000	1.137800
0.209500	0.966800
0.210000	0.785810
0.210500	0.602100
0.211000	0.416920
0.211500	0.231790
0.212000	0.048234
0.212500	-0.139100
0.213000	-0.334690
0.213500	-0.522240
0.214000	-0.684950
0.214500	-0.804720
0.215000	-0.836060
0.215500	-0.792210
0.216000	-0.712930
0.216500	-0.637980
0.217000	-0.595110
0.217500	-0.519260
0.218000	-0.440840
0.218500	-0.418390
0.219000	-0.510420
0.219500	-0.717780
0.220000	-0.944470
0.220500	-1.180000
0.221000	-1.417200
0.221500	-1.648800
0.222000	-1.877200
0.222500	-2.105000
0.223000	-2.331800
0.223500	-2.557500
0.224000	-2.736700
0.224500	-2.533900
0.225000	-2.078000
0.225500	-1.614100
0.226000	-1.386900
0.226500	-1.487800
0.227000	-1.680500
0.227500	-1.898100
0.228000	-2.081400
0.228500	-2.173500
0.229000	-2.211200
0.229500	-2.236500
0.230000	-2.261000
0.230500	-2.295900
0.231000	-2.357800
0.231500	-2.484200
0.232000	-2.638300
0.232500	-2.767600
0.233000	-2.820100
0.233500	-2.768800
0.234000	-2.652500
0.234500	-2.491100
0.235000	-2.303100
0.235500	-2.106800
0.236000	-1.902700
0.236500	-1.691200
0.237000	-1.478700
0.237500	-1.271800
0.238000	-1.077000
0.238500	-0.900760
0.239000	-0.744250
0.239500	-0.607950
0.240000	-0.492310
0.240500	-0.449110
0.241000	-0.537130
0.241500	-0.672580
0.242000	-0.767870
0.242500	-0.738080
0.243000	-0.612060
0.243500	-0.450920
0.244000	-0.285760
0.244500	-0.147680
0.245000	-0.053165
0.245500	0.035003
0.246000	0.111050
0.246500	0.163210
0.247000	0.179750
0.247500	0.157470
0.248000	0.112750
0.248500	0.053651
0.249000	-0.012188
0.249500	-0.078108
0.250000	-0.166460
0.250500	-0.274780
0.251000	-0.383390
0.251500	-0.472610
0.252000	-0.477810
0.252500	-0.258790
0.253000	0.077468
0.253500	0.399970
0.254000	0.577740
0.254500	0.559830
0.255000	0.472860
0.255500	0.360870
0.256000	0.264060
0.256500	0.222380
0.257000	0.249910
0.257500	0.315060
0.258000	0.381990
0.258500	0.414840
0.259000	0.343860
0.259500	0.066086
0.260000	-0.304460
0.260500	-0.634190
0.261000	-0.789510
0.261500	-0.714130
0.262000	-0.508680
0.262500	-0.274870
0.263000	-0.114430
0.263500	-0.113880
0.264000	-0.191270
0.264500	-0.290130
0.265000	-0.380310
0.265500	-0.431610
0.266000	-0.428780
0.266500	-0.416640
0.267000	-0.402900
0.267500	-0.389520
0.268000	-0.378450
0.268500	-0.374900
0.269000	-0.378430
0.269500	-0.382470
0.270000	-0.380480
0.270500	-0.351590
0.271000	-0.182690
0.271500	0.091528
0.272000	0.399510
0.272500	0.669740
0.273000	0.850820
0.273500	0.982560
0.274000	1.067500
0.274500	1.100900
0.275000	1.078300
0.275500	0.835720
0.276000	0.346820
0.276500	-0.187230
0.277000	-0.565200
0.277500	-0.622920
0.278000	-0.573990
0.278500	-0.508000
0.279000	-0.444390
0.279500	-0.402600
0.280000	-0.387610
0.280500	-0.376810
0.281000	-0.366290
0.281500	-0.352840
0.282000	-0.333180
0.282500	-0.302040
0.283000	-0.260350
0.283500	-0.211550
0.284000	-0.159060
0.284500	-0.098189
0.285000	0.029636
0.285500	0.201260
0.286000	0.372810
0.286500	0.500420
0.287000	0.497520
0.287500	0.315300
0.288000	0.060020
0.288500	-0.158380
0.289000	-0.229040
0.289500	-0.072598
0.290000	0.210700
0.290500	0.479400
0.291000	0.592050
0.291500	0.467120
0.292000	0.278830
0.292500	0.070048
0.293000	-0.138660
0.293500	-0.326740
0.294000	-0.496000
0.294500	-0.670790
0.295000	-0.829720
0.295500	-0.949960
0.296000	-1.006800
0.296500	-0.935890
0.297000	-0.766640
0.297500	-0.569090
0.298000	-0.413280
0.298500	-0.342070
0.299000	-0.284740
0.299500	-0.233240
0.300000	-0.189800
0.300500	-0.156670
0.301000	-0.145670
0.301500	-0.155690
0.302000	-0.169550
0.302500	-0.170120
0.303000	-0.136430
0.303500	-0.034511
0.304000	0.108790
0.304500	0.254770
0.305000	0.364700
0.305500	0.408130
0.306000	0.406660
0.306500	0.385280
0.307000	0.366970
0.307500	0.374700
0.308000	0.435950
0.308500	0.538710
0.309000	0.646720
0.309500	0.723730
0.310000	0.730500
0.310500	0.634260
0.311000	0.481620
0.311500	0.331580
0.312000	0.243180
0.312500	0.237180
0.313000	0.254230
0.313500	0.278310
0.314000	0.295300
0.314500	0.291070
0.315000	0.263180
0.315500	0.224100
0.316000	0.182090
0.316500	0.145420
0.317000	0.124880
0.317500	0.142340
0.318000	0.183480
0.318500	0.226460
0.319000	0.249460
0.319500	0.192360
0.320000	0.014537
0.320500	-0.197500
0.321000	-0.354100
0.321500	-0.367820
0.322000	-0.254660
0.322500	-0.082989
0.323000	0.099393
0.323500	0.244680
0.324000	0.325570
0.324500	0.396730
0.325000	0.460910
0.325500	0.512870
0.326000	0.547390
0.326500	0.565110
0.327000	0.573150
0.327500	0.567000
0.328000	0.541820
0.328500	0.492830
0.329000	0.421840
0.329500	0.337740
0.330000	0.249200
0.330500	0.164870
0.331000	0.092800
0.331500	0.034361
0.332000	-0.012765
0.332500	-0.050905
0.333000	-0.082387
0.333500	0.030437
0.334000	0.328370
0.334500	0.663820
0.335000	0.889200
0.335500	0.871160
0.336000	0.668240
0.336500	0.378840
0.337000	0.082925
0.337500	-0.139520
0.338000	-0.267160
0.338500	-0.377390
0.339000	-0.460690
0.339500	-0.504310
0.340000	-0.495530
0.340500	-0.377390
0.341000	-0.155960
0.341500	0.086993
0.342000	0.269690
0.342500	0.320810
0.343000	0.292290
0.343500	0.232870
0.344000	0.174610
0.344500	0.149590
0.345000	0.184370
0.345500	0.264240
0.346000	0.355740
0.346500	0.425300
0.347000	0.437650
0.347500	0.330420
0.348000	0.143520
0.348500	-0.044100
0.349000	-0.153470
0.349500	-0.140900
0.350000	-0.106740
0.350500	-0.066115
0.351000	-0.020601
0.351500	0.028227
0.352000	0.083912
0.352500	0.150880
0.353000	0.219450
0.353500	0.279570
0.354000	0.318530
0.354500	0.256680
0.355000	0.107260
0.355500	-0.066352
0.356000	-0.200780
0.356500	-0.255410
0.357000	-0.285740
0.357500	-0.296430
0.358000	-0.283610
0.358500	-0.243390
0.359000	-0.149500
0.359500	-0.008113
0.360000	0.135950
0.360500	0.237900
0.361000	0.262210
0.361500	0.265060
0.362000	0.266080
0.362500	0.266820
0.363000	0.268790
0.363500	0.273290
0.364000	0.279670
0.364500	0.286720
0.365000	0.293240
0.365500	0.298040
0.366000	0.252730
0.366500	0.144800
0.367000	0.026835
0.367500	-0.048582
0.368000	-0.037983
0.368500	0.007037
0.369000	0.061630
0.369500	0.117850
0.370000	0.167760
0.370500	0.210240
0.371000	0.253050
0.371500	0.291610
0.372000	0.320920
0.372500	0.335240
0.373000	0.310360
0.373500	0.247580
0.374000	0.161970
0.374500	0.068612
0.375000	-0.024871
0.375500	-0.135980
0.376000	-0.257360
0.376500	-0.378450
0.377000	-0.488700
0.377500	-0.569650
0.378000	-0.604530
0.378500	-0.600710
0.379000	-0.566200
0.379500	-0.503160
0.380000	-0.260130
0.380500	0.124260
0.381000	0.503050
0.381500	0.729260
0.382000	0.715610
0.382500	0.634290
0.383000	0.533290
0.383500	0.438660
0.384000	0.376470
0.384500	0.342520
0.385000	0.312190
0.385500	0.280950
0.386000	0.244250
0.386500	0.197840
0.387000	0.147690
0.387500	0.096820
0.388000	0.043862
0.388500	-0.012553
0.389000	-0.072828
0.389500	-0.133770
0.390000	-0.194880
0.390500	-0.256060
0.391000	-0.317180
0.391500	-0.378720
0.392000	-0.440920
0.392500	-0.503330
0.393000	-0.565490
0.393500	-0.588300
0.394000	-0.284530
0.394500	0.229490
0.395000	0.737490
0.395500	1.023200
0.396000	0.933720
0.396500	0.587920
0.397000	0.149060
0.397500	-0.221060
0.398000	-0.360630
0.398500	-0.302330
0.399000	-0.208010
0.399500	-0.109520
0.400000	-0.038713
0.400500	-0.023092
0.401000	-0.039180
0.401500	-0.065763
0.402000	-0.088674
0.402500	-0.093745
0.403000	-0.052619
0.403500	0.049004
0.404000	0.172610
0.404500	0.278450
0.405000	0.324420
0.405500	0.226300
0.406000	0.028864
0.406500	-0.171130
0.407000	-0.276900
0.407500	-0.224620
0.408000	-0.106840
0.408500	0.035675
0.409000	0.173440
0.409500	0.276980
0.410000	0.348900
0.410500	0.409080
0.411000	0.453940
0.411500	0.479890
0.412000	0.461160
0.412500	0.333580
0.413000	0.153550
0.413500	-0.010735
0.414000	-0.091110
0.414500	-0.036117
0.415000	0.113660
0.415500	0.288380
0.416000	0.418170
0.416500	0.433190
0.417000	0.357460
0.417500	0.268140
0.418000	0.175050
0.418500	0.088029
0.419000	0.014270
0.419500	-0.060771
0.420000	-0.133380
0.420500	-0.193960
0.421000	-0.232890
0.421500	-0.232890
0.422000	-0.171200
0.422500	-0.076620
0.423000	0.017508
0.423500	0.077842
0.424000	0.110410
0.424500	0.141420
0.425000	0.167810
0.425500	0.186500
0.426000	0.194860
0.426500	0.195910
0.427000	0.193360
0.427500	0.190280
0.428000	0.189750
0.428500	0.197800
0.429000	0.217660
0.429500	0.241620
0.430000	0.261740
0.430500	0.268130
0.431000	0.203000
0.431500	0.079793
0.432000	-0.050797
0.432500	-0.138080
0.433000	-0.141130
0.433500	-0.116780
0.434000	-0.086062
0.434500	-0.051235
0.435000	-0.014549
0.435500	0.025405
0.436000	0.072371
0.436500	0.121450
0.437000	0.167490
0.437500	0.201700
0.438000	0.121160
0.438500	-0.053231
0.439000	-0.232070
0.439500	-0.325970
0.440000	-0.280460
0.440500	-0.193690
0.441000	-0.092096
0.441500	0.010696
0.442000	0.101050
0.442500	0.175260
0.443000	0.245070
0.443500	0.306440
0.444000	0.354750
0.444500	0.381980
0.445000	0.291000
0.445500	0.099432
0.446000	-0.111010
0.446500	-0.258620
0.447000	-0.291710
0.447500	-0.288340
0.448000	-0.262600
0.448500	-0.217450
0.449000	-0.155850
0.449500	-0.043662
0.450000	0.118210
0.450500	0.274200
0.451000	0.368750
0.451500	0.355940
0.452000	0.292000
0.452500	0.208280
0.453000	0.118620
0.453500	0.036867
0.454000	-0.028242
0.454500	-0.088697
0.455000	-0.143970
0.455500	-0.191580
0.456000	-0.229020
0.456500	-0.170110
0.457000	0.007341
0.457500	0.209870
0.458000	0.343990
0.458500	0.333940
0.459000	0.281320
0.459500	0.222480
0.460000	0.159630
0.460500	0.095019
0.461000	0.028523
0.461500	-0.045895
0.462000	-0.123910
0.462500	-0.200050
0.463000	-0.268870
0.463500	-0.175090
0.464000	0.132640
0.464500	0.503880
0.465000	0.788190
0.465500	0.842120
0.466000	0.668240
0.466500	0.385550
0.467000	0.113430
0.467500	-0.028701
0.468000	0.019193
0.468500	0.156570
0.469000	0.319780
0.469500	0.447690
0.470000	0.480060
0.470500	0.410700
0.471000	0.287710
0.471500	0.156250
0.472000	0.061455
0.472500	0.052251
0.473000	0.169280
0.473500	0.353200
0.474000	0.529010
0.474500	0.621730
0.475000	0.555840
0.475500	0.347360
0.476000	0.090541
0.476500	-0.119230
0.477000	-0.187960
0.477500	-0.107200
0.478000	0.046007
0.478500	0.199390
0.479000	0.280700
0.479500	0.238210
0.480000	0.130000
0.480500	-0.002657
0.481000	-0.124790
0.481500	-0.201410
0.482000	-0.222110
0.482500	-0.222990
0.483000	-0.208130
0.483500	-0.180310
0.484000	-0.140650
0.484500	-0.046185
0.485000	0.093525
0.485500	0.238400
0.486000	0.348360
0.486500	0.354260
0.487000	0.164040
0.487500	-0.121340
0.488000	-0.383750
0.488500	-0.505070
0.489000	-0.424590
0.489500	-0.242570
0.490000	-0.028261
0.490500	0.151440
0.491000	0.232720
0.491500	0.265620
0.492000	0.287090
0.492500	0.290890
0.493000	0.270820
0.493500	0.218370
0.494000	0.130690
0.494500	0.029499
0.495000	-0.061673
0.495500	-0.119300
0.496000	-0.137470
0.496500	-0.130430
0.497000	-0.104830
0.497500	-0.067309
0.498000	-0.022794
0.498500	0.071173
0.499000	0.207090
0.499500	0.346580
0.500000	0.451230
0.500500	0.480580
0.501000	0.411620
0.501500	0.259700
0.502000	0.042580
