0.000000	-0.278980
0.000500	-0.278980
0.001000	-0.278980
0.001500	-0.278980
0.002000	-0.278980
0.002500	-0.278980
0.003000	-0.278980
0.003500	-0.278980
0.004000	-0.278980
0.004500	-0.279060
0.005000	-0.279250
0.005500	-0.279400
0.006000	-0.279490
0.006500	-0.279520
0.007000	-0.279470
0.007500	-0.279370
0.008000	-0.279260
0.008500	-0.279140
0.009000	-0.279060
0.009500	-0.279010
0.010000	-0.278970
0.010500	-0.278940
0.011000	-0.278930
0.011500	-0.278930
0.012000	-0.279050
0.012500	-0.279240
0.013000	-0.279450
0.013500	-0.279610
0.014000	-0.279600
0.014500	-0.279280
0.015000	-0.278810
0.015500	-0.278390
0.016000	-0.278220
0.016500	-0.278440
0.017000	-0.278940
0.017500	-0.279500
0.018000	-0.279920
0.018500	-0.280020
0.019000	-0.279920
0.019500	-0.279770
0.020000	-0.279610
0.020500	-0.279510
0.021000	-0.279500
0.021500	-0.279530
0.022000	-0.279570
0.022500	-0.279590
0.023000	-0.279560
0.023500	-0.279480
0.024000	-0.279390
0.024500	-0.279280
0.025000	-0.279150
0.025500	-0.279020
0.026000	-0.278850
0.026500	-0.278660
0.027000	-0.278460
0.027500	-0.278300
0.028000	-0.278210
0.028500	-0.278200
0.029000	-0.278250
0.029500	-0.278330
0.030000	-0.278420
0.030500	-0.278550
0.031000	-0.278740
0.031500	-0.278950
0.032000	-0.279120
0.032500	-0.279220
0.033000	-0.279160
0.033500	-0.278980
0.034000	-0.278780
0.034500	-0.278650
0.035000	-0.278670
0.035500	-0.278850
0.036000	-0.279080
0.036500	-0.279270
0.037000	-0.279340
0.037500	-0.279240
0.038000	-0.279040
0.038500	-0.278820
0.039000	-0.278640
0.039500	-0.278570
0.040000	-0.278570
0.040500	-0.278600
0.041000	-0.278650
0.041500	-0.278750
0.042000	-0.278900
0.042500	-0.279100
0.043000	-0.279320
0.043500	-0.279530
0.044000	-0.279710
0.044500	-0.279840
0.045000	-0.279950
0.045500	-0.280020
0.046000	-0.280050
0.046500	-0.280040
0.047000	-0.279940
0.047500	-0.279790
0.048000	-0.279630
0.048500	-0.279500
0.049000	-0.279430
0.049500	-0.279400
0.050000	-0.279390
0.050500	-0.279400
0.051000	-0.279430
0.051500	-0.279550
0.052000	-0.279790
0.052500	-0.280050
0.053000	-0.280250
0.053500	-0.280290
0.054000	-0.280160
0.054500	-0.279920
0.055000	-0.279660
0.055500	-0.279470
0.056000	-0.279390
0.056500	-0.279340
0.057000	-0.279310
0.057500	-0.279300
0.058000	-0.279290
0.058500	-0.279360
0.059000	-0.279520
0.059500	-0.279690
0.060000	-0.279780
0.060500	-0.279700
0.061000	-0.279400
0.061500	-0.278930
0.062000	-0.278340
0.062500	-0.277670
0.063000	-0.276990
0.063500	-0.276290
0.064000	-0.275590
0.064500	-0.274900
0.065000	-0.274220
0.065500	-0.273560
0.066000	-0.272920
0.066500	-0.272270
0.067000	-0.271620
0.067500	-0.270940
0.068000	-0.270230
0.068500	-0.269500
0.069000	-0.268750
0.069500	-0.267990
0.070000	-0.267230
0.070500	-0.266420
0.071000	-0.265600
0.071500	-0.264790
0.072000	-0.263990
0.072500	-0.263310
0.073000	-0.262720
0.073500	-0.262150
0.074000	-0.261510
0.074500	-0.260720
0.075000	-0.259830
0.075500	-0.258920
0.076000	-0.258000
0.076500	-0.257100
0.077000	-0.256230
0.077500	-0.255360
0.078000	-0.254490
0.078500	-0.253630
0.079000	-0.252760
0.079500	-0.251890
0.080000	-0.251000
0.080500	-0.250120
0.081000	-0.249230
0.081500	-0.248320
0.082000	-0.247250
0.082500	-0.246040
0.083000	-0.244830
0.083500	-0.243760
0.084000	-0.242910
0.084500	-0.242140
0.085000	-0.241430
0.085500	-0.240760
0.086000	-0.240100
0.086500	-0.239460
0.087000	-0.238830
0.087500	-0.238210
0.088000	-0.237610
0.088500	-0.237030
0.089000	-0.236490
0.089500	-0.235990
0.090000	-0.235550
0.090500	-0.235190
0.091000	-0.234900
0.091500	-0.234680
0.092000	-0.234510
0.092500	-0.234360
0.093000	-0.234230
0.093500	-0.234120
0.094000	-0.234020
0.094500	-0.233950
0.095000	-0.233890
0.095500	-0.233860
0.096000	-0.233880
0.096500	-0.233990
0.097000	-0.234190
0.097500	-0.234480
0.098000	-0.234910
0.098500	-0.235560
0.099000	-0.236320
0.099500	-0.237060
0.100000	-0.237650
0.100500	-0.238050
0.101000	-0.238340
0.101500	-0.238610
0.102000	-0.238920
0.102500	-0.239340
0.103000	-0.239880
0.103500	-0.240520
0.104000	-0.241260
0.104500	-0.242090
0.105000	-0.243020
0.105500	-0.244100
0.106000	-0.245340
0.106500	-0.246750
0.107000	-0.248330
0.107500	-0.250060
0.108000	-0.251910
0.108500	-0.253840
0.109000	-0.255830
0.109500	-0.257850
0.110000	-0.259900
0.110500	-0.262020
0.111000	-0.264270
0.111500	-0.266710
0.112000	-0.269410
0.112500	-0.272460
0.113000	-0.275780
0.113500	-0.279270
0.114000	-0.282810
0.114500	-0.286530
0.115000	-0.290480
0.115500	-0.294460
0.116000	-0.298260
0.116500	-0.301690
0.117000	-0.304750
0.117500	-0.307580
0.118000	-0.310240
0.118500	-0.312780
0.119000	-0.315280
0.119500	-0.317700
0.120000	-0.320030
0.120500	-0.322240
0.121000	-0.324300
0.121500	-0.326150
0.122000	-0.327730
0.122500	-0.329070
0.123000	-0.330210
0.123500	-0.331180
0.124000	-0.332060
0.124500	-0.332770
0.125000	-0.333230
0.125500	-0.333320
0.126000	-0.333010
0.126500	-0.332610
0.127000	-0.332170
0.127500	-0.331750
0.128000	-0.331360
0.128500	-0.331030
0.129000	-0.330710
0.129500	-0.330390
0.130000	-0.330070
0.130500	-0.329730
0.131000	-0.329350
0.131500	-0.328930
0.132000	-0.328450
0.132500	-0.327900
0.133000	-0.327270
0.133500	-0.326440
0.134000	-0.325470
0.134500	-0.324410
0.135000	-0.323310
0.135500	-0.322100
0.136000	-0.320660
0.136500	-0.319180
0.137000	-0.317880
0.137500	-0.316960
0.138000	-0.316290
0.138500	-0.315710
0.139000	-0.315190
0.139500	-0.314700
0.140000	-0.314210
0.140500	-0.313720
0.141000	-0.313250
0.141500	-0.312820
0.142000	-0.312460
0.142500	-0.312260
0.143000	-0.312290
0.143500	-0.312420
0.144000	-0.312480
0.144500	-0.312340
0.145000	-0.312100
0.145500	-0.311840
0.146000	-0.311560
0.146500	-0.311280
0.147000	-0.310990
0.147500	-0.310660
0.148000	-0.310310
0.148500	-0.309970
0.149000	-0.309660
0.149500	-0.309590
0.150000	-0.309970
0.150500	-0.310510
0.151000	-0.310910
0.151500	-0.310860
0.152000	-0.310510
0.152500	-0.310080
0.153000	-0.309630
0.153500	-0.309230
0.154000	-0.308940
0.154500	-0.308720
0.155000	-0.308520
0.155500	-0.308330
0.156000	-0.308090
0.156500	-0.307800
0.157000	-0.307450
0.157500	-0.307000
0.158000	-0.306400
0.158500	-0.305620
0.159000	-0.304610
0.159500	-0.303450
0.160000	-0.302250
0.160500	-0.301120
0.161000	-0.300150
0.161500	-0.299260
0.162000	-0.298390
0.162500	-0.297500
0.163000	-0.296570
0.163500	-0.295580
0.164000	-0.294580
0.164500	-0.293570
0.165000	-0.292560
0.165500	-0.291570
0.166000	-0.290620
0.166500	-0.289720
0.167000	-0.288800
0.167500	-0.287830
0.168000	-0.286740
0.168500	-0.285450
0.169000	-0.284040
0.169500	-0.282590
0.170000	-0.281210
0.170500	-0.279930
0.171000	-0.278670
0.171500	-0.277420
0.172000	-0.276170
0.172500	-0.274930
0.173000	-0.273660
0.173500	-0.272410
0.174000	-0.271220
0.174500	-0.270150
0.175000	-0.269250
0.175500	-0.268510
0.176000	-0.267870
0.176500	-0.267260
0.177000	-0.266620
0.177500	-0.265860
0.178000	-0.265020
0.178500	-0.264190
0.179000	-0.263480
0.179500	-0.262980
0.180000	-0.262600
0.180500	-0.262260
0.181000	-0.261930
0.181500	-0.261620
0.182000	-0.261290
0.182500	-0.260950
0.183000	-0.260620
0.183500	-0.260290
0.184000	-0.259980
0.184500	-0.259700
0.185000	-0.259490
0.185500	-0.259330
0.186000	-0.259190
0.186500	-0.259060
0.187000	-0.258920
0.187500	-0.258790
0.188000	-0.258680
0.188500	-0.258600
0.189000	-0.258540
0.189500	-0.258520
0.190000	-0.258520
0.190500	-0.258530
0.191000	-0.258530
0.191500	-0.258500
0.192000	-0.258470
0.192500	-0.258420
0.193000	-0.258330
0.193500	-0.258200
0.194000	-0.257910
0.194500	-0.257470
0.195000	-0.257000
0.195500	-0.256590
0.196000	-0.256340
0.196500	-0.256130
0.197000	-0.255930
0.197500	-0.255730
0.198000	-0.255520
0.198500	-0.255300
0.199000	-0.255080
0.199500	-0.254860
0.200000	-0.254640
0.200500	-0.254420
0.201000	-0.254190
0.201500	-0.253940
0.202000	-0.253630
0.202500	-0.253240
0.203000	-0.252720
0.203500	-0.252020
0.204000	-0.251180
0.204500	-0.250330
0.205000	-0.249540
0.205500	-0.248860
0.206000	-0.248190
0.206500	-0.247540
0.207000	-0.246910
0.207500	-0.246310
0.208000	-0.245750
0.208500	-0.245250
0.209000	-0.244770
0.209500	-0.244320
0.210000	-0.243870
0.210500	-0.243440
0.211000	-0.243080
0.211500	-0.242800
0.212000	-0.242640
0.212500	-0.242690
0.213000	-0.243000
0.213500	-0.243410
0.214000	-0.243800
0.214500	-0.244010
0.215000	-0.244060
0.215500	-0.244050
0.216000	-0.244050
0.216500	-0.244090
0.217000	-0.244240
0.217500	-0.244500
0.218000	-0.244850
0.218500	-0.245260
0.219000	-0.245710
0.219500	-0.246210
0.220000	-0.246830
0.220500	-0.247550
0.221000	-0.248400
0.221500	-0.249400
0.222000	-0.250740
0.222500	-0.252360
0.223000	-0.254010
0.223500	-0.255470
0.224000	-0.256550
0.224500	-0.257500
0.225000	-0.258410
0.225500	-0.259280
0.226000	-0.260120
0.226500	-0.260900
0.227000	-0.261650
0.227500	-0.262390
0.228000	-0.263140
0.228500	-0.263950
0.229000	-0.264820
0.229500	-0.265760
0.230000	-0.266750
0.230500	-0.267810
0.231000	-0.268930
0.231500	-0.270200
0.232000	-0.271550
0.232500	-0.272920
0.233000	-0.274210
0.233500	-0.275380
0.234000	-0.276480
0.234500	-0.277510
0.235000	-0.278440
0.235500	-0.279250
0.236000	-0.279940
0.236500	-0.280530
0.237000	-0.281040
0.237500	-0.281480
0.238000	-0.281850
0.238500	-0.282210
0.239000	-0.282530
0.239500	-0.282790
0.240000	-0.282970
0.240500	-0.283070
0.241000	-0.283160
0.241500	-0.283210
0.242000	-0.283240
0.242500	-0.283230
0.243000	-0.283210
0.243500	-0.283190
0.244000	-0.283150
0.244500	-0.283110
0.245000	-0.283040
0.245500	-0.282970
0.246000	-0.282900
0.246500	-0.282830
0.247000	-0.282760
0.247500	-0.282690
0.248000	-0.282610
0.248500	-0.282530
0.249000	-0.282450
0.249500	-0.282380
0.250000	-0.282550
0.250500	-0.282930
0.251000	-0.283320
0.251500	-0.283540
0.252000	-0.283440
0.252500	-0.283080
0.253000	-0.282620
0.253500	-0.282160
0.254000	-0.281830
0.254500	-0.281690
0.255000	-0.281620
0.255500	-0.281570
0.256000	-0.281500
0.256500	-0.281350
0.257000	-0.281040
0.257500	-0.280620
0.258000	-0.280200
0.258500	-0.279920
0.259000	-0.279870
0.259500	-0.280060
0.260000	-0.280350
0.260500	-0.280630
0.261000	-0.280740
0.261500	-0.280690
0.262000	-0.280580
0.262500	-0.280470
0.263000	-0.280410
0.263500	-0.280450
0.264000	-0.280530
0.264500	-0.280620
0.265000	-0.280740
0.265500	-0.280880
0.266000	-0.281050
0.266500	-0.281240
0.267000	-0.281440
0.267500	-0.281640
0.268000	-0.281840
0.268500	-0.282110
0.269000	-0.282450
0.269500	-0.282770
0.270000	-0.282970
0.270500	-0.282970
0.271000	-0.282760
0.271500	-0.282430
0.272000	-0.282050
0.272500	-0.281700
0.273000	-0.281410
0.273500	-0.281040
0.274000	-0.280690
0.274500	-0.280470
0.275000	-0.280490
0.275500	-0.280690
0.276000	-0.280900
0.276500	-0.281110
0.277000	-0.281330
0.277500	-0.281530
0.278000	-0.281740
0.278500	-0.281940
0.279000	-0.282150
0.279500	-0.282350
0.280000	-0.282550
0.280500	-0.282730
0.281000	-0.282890
0.281500	-0.283010
0.282000	-0.283090
0.282500	-0.283110
0.283000	-0.283080
0.283500	-0.283020
0.284000	-0.282930
0.284500	-0.282840
0.285000	-0.282730
0.285500	-0.282590
0.286000	-0.282470
0.286500	-0.282380
0.287000	-0.282340
0.287500	-0.282330
0.288000	-0.282340
0.288500	-0.282350
0.289000	-0.282320
0.289500	-0.282270
0.290000	-0.282200
0.290500	-0.282120
0.291000	-0.282050
0.291500	-0.282000
0.292000	-0.282000
0.292500	-0.282030
0.293000	-0.282120
0.293500	-0.282260
0.294000	-0.282550
0.294500	-0.283080
0.295000	-0.283700
0.295500	-0.284230
0.296000	-0.284530
0.296500	-0.284720
0.297000	-0.284900
0.297500	-0.285080
0.298000	-0.285250
0.298500	-0.285420
0.299000	-0.285590
0.299500	-0.285750
0.300000	-0.285920
0.300500	-0.286080
0.301000	-0.286250
0.301500	-0.286410
0.302000	-0.286570
0.302500	-0.286730
0.303000	-0.286850
0.303500	-0.286700
0.304000	-0.286340
0.304500	-0.285910
0.305000	-0.285540
0.305500	-0.285330
0.306000	-0.285190
0.306500	-0.285070
0.307000	-0.284930
0.307500	-0.284730
0.308000	-0.284360
0.308500	-0.283830
0.309000	-0.283280
0.309500	-0.282820
0.310000	-0.282590
0.310500	-0.282430
0.311000	-0.282300
0.311500	-0.282190
0.312000	-0.282100
0.312500	-0.282030
0.313000	-0.281980
0.313500	-0.281940
0.314000	-0.281890
0.314500	-0.281810
0.315000	-0.281650
0.315500	-0.281390
0.316000	-0.281130
0.316500	-0.280930
0.317000	-0.280870
0.317500	-0.280880
0.318000	-0.280920
0.318500	-0.280970
0.319000	-0.281040
0.319500	-0.281110
0.320000	-0.281210
0.320500	-0.281310
0.321000	-0.281400
0.321500	-0.281450
0.322000	-0.281440
0.322500	-0.281350
0.323000	-0.281200
0.323500	-0.280980
0.324000	-0.280700
0.324500	-0.280410
0.325000	-0.280110
0.325500	-0.279810
0.326000	-0.279520
0.326500	-0.279240
0.327000	-0.278950
0.327500	-0.278680
0.328000	-0.278410
0.328500	-0.278150
0.329000	-0.277970
0.329500	-0.277870
0.330000	-0.277820
0.330500	-0.277780
0.331000	-0.277750
0.331500	-0.277810
0.332000	-0.277910
0.332500	-0.278000
0.333000	-0.278010
0.333500	-0.277730
0.334000	-0.277120
0.334500	-0.276460
0.335000	-0.276010
0.335500	-0.276010
0.336000	-0.276220
0.336500	-0.276490
0.337000	-0.276770
0.337500	-0.276980
0.338000	-0.277130
0.338500	-0.277290
0.339000	-0.277430
0.339500	-0.277520
0.340000	-0.277500
0.340500	-0.277410
0.341000	-0.277310
0.341500	-0.277190
0.342000	-0.277060
0.342500	-0.276920
0.343000	-0.276780
0.343500	-0.276630
0.344000	-0.276490
0.344500	-0.276350
0.345000	-0.276210
0.345500	-0.276060
0.346000	-0.275910
0.346500	-0.275760
0.347000	-0.275630
0.347500	-0.275650
0.348000	-0.275830
0.348500	-0.276070
0.349000	-0.276270
0.349500	-0.276360
0.350000	-0.276420
0.350500	-0.276450
0.351000	-0.276440
0.351500	-0.276400
0.352000	-0.276210
0.352500	-0.275760
0.353000	-0.275240
0.353500	-0.274820
0.354000	-0.274690
0.354500	-0.274720
0.355000	-0.274790
0.355500	-0.274880
0.356000	-0.275000
0.356500	-0.275160
0.357000	-0.275390
0.357500	-0.275640
0.358000	-0.275810
0.358500	-0.275810
0.359000	-0.275690
0.359500	-0.275560
0.360000	-0.275420
0.360500	-0.275280
0.361000	-0.275150
0.361500	-0.275030
0.362000	-0.274910
0.362500	-0.274780
0.363000	-0.274660
0.363500	-0.274530
0.364000	-0.274380
0.364500	-0.274230
0.365000	-0.274090
0.365500	-0.273950
0.366000	-0.273890
0.366500	-0.273920
0.367000	-0.273960
0.367500	-0.273960
0.368000	-0.273860
0.368500	-0.273710
0.369000	-0.273560
0.369500	-0.273410
0.370000	-0.273250
0.370500	-0.273080
0.371000	-0.272910
0.371500	-0.272720
0.372000	-0.272550
0.372500	-0.272400
0.373000	-0.272350
0.373500	-0.272410
0.374000	-0.272560
0.374500	-0.272780
0.375000	-0.273060
0.375500	-0.273360
0.376000	-0.273680
0.376500	-0.274000
0.377000	-0.274310
0.377500	-0.274610
0.378000	-0.274900
0.378500	-0.275170
0.379000	-0.275400
0.379500	-0.275530
0.380000	-0.275330
0.380500	-0.274830
0.381000	-0.274240
0.381500	-0.273770
0.382000	-0.273520
0.382500	-0.273310
0.383000	-0.273110
0.383500	-0.272950
0.384000	-0.272830
0.384500	-0.272750
0.385000	-0.272680
0.385500	-0.272610
0.386000	-0.272550
0.386500	-0.272490
0.387000	-0.272400
0.387500	-0.272310
0.388000	-0.272260
0.388500	-0.272290
0.389000	-0.272420
0.389500	-0.272590
0.390000	-0.272760
0.390500	-0.272940
0.391000	-0.273110
0.391500	-0.273280
0.392000	-0.273440
0.392500	-0.273610
0.393000	-0.273770
0.393500	-0.273880
0.394000	-0.273590
0.394500	-0.273030
0.395000	-0.272440
0.395500	-0.272090
0.396000	-0.272030
0.396500	-0.272010
0.397000	-0.272010
0.397500	-0.272050
0.398000	-0.272130
0.398500	-0.272250
0.399000	-0.272400
0.399500	-0.272550
0.400000	-0.272660
0.400500	-0.272720
0.401000	-0.272760
0.401500	-0.272790
0.402000	-0.272810
0.402500	-0.272820
0.403000	-0.272810
0.403500	-0.272790
0.404000	-0.272770
0.404500	-0.272750
0.405000	-0.272740
0.405500	-0.272780
0.406000	-0.272840
0.406500	-0.272910
0.407000	-0.272960
0.407500	-0.272970
0.408000	-0.272920
0.408500	-0.272830
0.409000	-0.272680
0.409500	-0.272490
0.410000	-0.272230
0.410500	-0.271920
0.411000	-0.271600
0.411500	-0.271320
0.412000	-0.271100
0.412500	-0.270900
0.413000	-0.270700
0.413500	-0.270510
0.414000	-0.270320
0.414500	-0.270120
0.415000	-0.269930
0.415500	-0.269760
0.416000	-0.269610
0.416500	-0.269500
0.417000	-0.269510
0.417500	-0.269670
0.418000	-0.269880
0.418500	-0.270060
0.419000	-0.270130
0.419500	-0.270160
0.420000	-0.270190
0.420500	-0.270220
0.421000	-0.270240
0.421500	-0.270260
0.422000	-0.270280
0.422500	-0.270300
0.423000	-0.270300
0.423500	-0.270280
0.424000	-0.270210
0.424500	-0.270100
0.425000	-0.269970
0.425500	-0.269850
0.426000	-0.269760
0.426500	-0.269690
0.427000	-0.269630
0.427500	-0.269570
0.428000	-0.269490
0.428500	-0.269350
0.429000	-0.269070
0.429500	-0.268750
0.430000	-0.268520
0.430500	-0.268450
0.431000	-0.268500
0.431500	-0.268570
0.432000	-0.268660
0.432500	-0.268770
0.433000	-0.268880
0.433500	-0.269000
0.434000	-0.269140
0.434500	-0.269270
0.435000	-0.269370
0.435500	-0.269400
0.436000	-0.269310
0.436500	-0.269180
0.437000	-0.269080
0.437500	-0.269070
0.438000	-0.269130
0.438500	-0.269210
0.439000	-0.269290
0.439500	-0.269360
0.440000	-0.269400
0.440500	-0.269440
0.441000	-0.269450
0.441500	-0.269460
0.442000	-0.269430
0.442500	-0.269350
0.443000	-0.269150
0.443500	-0.268910
0.444000	-0.268680
0.444500	-0.268540
0.445000	-0.268470
0.445500	-0.268440
0.446000	-0.268440
0.446500	-0.268470
0.447000	-0.268560
0.447500	-0.268800
0.448000	-0.269090
0.448500	-0.269320
0.449000	-0.269380
0.449500	-0.269250
0.450000	-0.269020
0.450500	-0.268760
0.451000	-0.268530
0.451500	-0.268380
0.452000	-0.268240
0.452500	-0.268120
0.453000	-0.268030
0.453500	-0.267970
0.454000	-0.267980
0.454500	-0.268090
0.455000	-0.268230
0.455500	-0.268350
0.456000	-0.268400
0.456500	-0.268380
0.457000	-0.268340
0.457500	-0.268300
0.458000	-0.268270
0.458500	-0.268260
0.459000	-0.268260
0.459500	-0.268270
0.460000	-0.268290
0.460500	-0.268310
0.461000	-0.268350
0.461500	-0.268480
0.462000	-0.268640
0.462500	-0.268790
0.463000	-0.268850
0.463500	-0.268610
0.464000	-0.268060
0.464500	-0.267430
0.465000	-0.266930
0.465500	-0.266750
0.466000	-0.266700
0.466500	-0.266680
0.467000	-0.266640
0.467500	-0.266570
0.468000	-0.266460
0.468500	-0.266340
0.469000	-0.266220
0.469500	-0.266090
0.470000	-0.265950
0.470500	-0.265790
0.471000	-0.265610
0.471500	-0.265400
0.472000	-0.265200
0.472500	-0.264970
0.473000	-0.264610
0.473500	-0.264170
0.474000	-0.263750
0.474500	-0.263440
0.475000	-0.263380
0.475500	-0.263590
0.476000	-0.263900
0.476500	-0.264160
0.477000	-0.264210
0.477500	-0.264080
0.478000	-0.263890
0.478500	-0.263720
0.479000	-0.263620
0.479500	-0.263660
0.480000	-0.263720
0.480500	-0.263800
0.481000	-0.263870
0.481500	-0.263930
0.482000	-0.263970
0.482500	-0.264000
0.483000	-0.264030
0.483500	-0.264050
0.484000	-0.264060
0.484500	-0.263970
0.485000	-0.263780
0.485500	-0.263570
0.486000	-0.263430
0.486500	-0.263480
0.487000	-0.263900
0.487500	-0.264490
0.488000	-0.265010
0.488500	-0.265230
0.489000	-0.265070
0.489500	-0.264830
0.490000	-0.264550
0.490500	-0.264290
0.491000	-0.264100
0.491500	-0.263930
0.492000	-0.263770
0.492500	-0.263640
0.493000	-0.263570
0.493500	-0.263570
0.494000	-0.263670
0.494500	-0.263820
0.495000	-0.263980
0.495500	-0.264080
0.496000	-0.264130
0.496500	-0.264150
0.497000	-0.264140
0.497500	-0.264100
0.498000	-0.264020
0.498500	-0.263770
0.499000	-0.263390
0.499500	-0.262970
0.500000	-0.262650
0.500500	-0.262500
0.501000	-0.262470
0.501500	-0.262530
0.502000	-0.262670
