0.000000	-0.000187
0.000500	-0.000370
0.001000	-0.000553
0.001500	-0.000565
0.002000	-0.000645
0.002500	-0.000691
0.003000	-0.000737
0.003500	-0.000748
0.004000	-0.000692
0.004500	-0.000977
0.005000	-0.001400
0.005500	-0.001652
0.006000	-0.001869
0.006500	-0.002395
0.007000	-0.003092
0.007500	-0.003892
0.008000	-0.005000
0.008500	-0.006349
0.009000	-0.007697
0.009500	-0.009011
0.010000	-0.010634
0.010500	-0.012359
0.011000	-0.014085
0.011500	-0.015570
0.012000	-0.016885
0.012500	-0.018301
0.013000	-0.019547
0.013500	-0.020621
0.014000	-0.021626
0.014500	-0.022668
0.015000	-0.023604
0.015500	-0.024747
0.016000	-0.026163
0.016500	-0.027478
0.017000	-0.029169
0.017500	-0.031443
0.018000	-0.033922
0.018500	-0.036574
0.019000	-0.039567
0.019500	-0.042767
0.020000	-0.045829
0.020500	-0.048993
0.021000	-0.052296
0.021500	-0.055392
0.022000	-0.058728
0.022500	-0.062134
0.023000	-0.065608
0.023500	-0.069047
0.024000	-0.072280
0.024500	-0.075789
0.025000	-0.079434
0.025500	-0.083147
0.026000	-0.086963
0.026500	-0.090986
0.027000	-0.095178
0.027500	-0.099338
0.028000	-0.103497
0.028500	-0.108067
0.029000	-0.112809
0.029500	-0.117482
0.030000	-0.122362
0.030500	-0.127446
0.031000	-0.132771
0.031500	-0.138267
0.032000	-0.144105
0.032500	-0.150184
0.033000	-0.156365
0.033500	-0.162962
0.034000	-0.170027
0.034500	-0.177784
0.035000	-0.186137
0.035500	-0.195020
0.036000	-0.204869
0.036500	-0.215749
0.037000	-0.227545
0.037500	-0.240549
0.038000	-0.254952
0.038500	-0.270917
0.039000	-0.288604
0.039500	-0.307787
0.040000	-0.328467
0.040500	-0.350917
0.041000	-0.375412
0.041500	-0.402256
0.042000	-0.431449
0.042500	-0.463234
0.043000	-0.498028
0.043500	-0.535847
0.044000	-0.576885
0.044500	-0.621158
0.045000	-0.668908
0.045500	-0.720278
0.046000	-0.775269
0.046500	-0.833930
0.047000	-0.896147
0.047500	-0.962178
0.048000	-1.032088
0.048500	-1.106022
0.049000	-1.184123
0.049500	-1.266473
0.050000	-1.352831
0.050500	-1.443405
0.051000	-1.538259
0.051500	-1.637508
0.052000	-1.741793
0.052500	-1.850906
0.053000	-1.964526
0.053500	-2.082974
0.054000	-2.206572
0.054500	-2.335319
0.055000	-2.469538
0.055500	-2.608907
0.056000	-2.753266
0.056500	-2.902613
0.057000	-3.057271
0.057500	-3.216435
0.058000	-3.380588
0.058500	-3.549087
0.059000	-3.721930
0.059500	-3.899601
0.060000	-4.081940
0.060500	-4.268624
0.061000	-4.459332
0.061500	-4.653740
0.062000	-4.851689
0.062500	-5.052697
0.063000	-5.256117
0.063500	-5.461792
0.064000	-5.669236
0.064500	-5.878612
0.065000	-6.089597
0.065500	-6.302030
0.066000	-6.515429
0.066500	-6.730116
0.067000	-6.945767
0.067500	-7.162868
0.068000	-7.381578
0.068500	-7.601897
0.069000	-7.824309
0.069500	-8.048973
0.070000	-8.275890
0.070500	-8.505544
0.071000	-8.738577
0.071500	-8.974668
0.072000	-9.214782
0.072500	-9.458758
0.073000	-9.706275
0.073500	-9.957334
0.074000	-10.211771
0.074500	-10.469427
0.075000	-10.729657
0.075500	-10.992142
0.076000	-11.256718
0.076500	-11.523064
0.077000	-11.790859
0.077500	-12.059620
0.078000	-12.329345
0.078500	-12.599554
0.079000	-12.870085
0.079500	-13.140455
0.080000	-13.410180
0.080500	-13.678458
0.081000	-13.945127
0.081500	-14.210346
0.082000	-14.473635
0.082500	-14.734832
0.083000	-14.994098
0.083500	-15.251109
0.084000	-15.506512
0.084500	-15.760788
0.085000	-16.014259
0.085500	-16.267248
0.086000	-16.519917
0.086500	-16.772583
0.087000	-17.025251
0.087500	-17.277918
0.088000	-17.532194
0.088500	-17.784861
0.089000	-18.039137
0.089500	-18.293413
0.090000	-18.547689
0.090500	-18.803576
0.091000	-19.059462
0.091500	-19.316956
0.092000	-19.572842
0.092500	-19.830336
0.093000	-20.087831
0.093500	-20.346935
0.094000	-20.604431
0.094500	-20.863535
0.095000	-21.121031
0.095500	-21.378527
0.096000	-21.634411
0.096500	-21.890297
0.097000	-22.144573
0.097500	-22.398849
0.098000	-22.653126
0.098500	-22.905792
0.099000	-23.156851
0.099500	-23.407909
0.100000	-23.657356
0.100500	-23.906805
0.101000	-24.154644
0.101500	-24.402483
0.102000	-24.650322
0.102500	-24.898161
0.103000	-25.146000
0.103500	-25.393839
0.104000	-25.641678
0.104500	-25.891125
0.105000	-26.138966
0.105500	-26.388412
0.106000	-26.637861
0.106500	-26.888920
0.107000	-27.138369
0.107500	-27.389423
0.108000	-27.640482
0.108500	-27.889931
0.109000	-28.139381
0.109500	-28.388826
0.110000	-28.638277
0.110500	-28.887726
0.111000	-29.137173
0.111500	-29.385014
0.112000	-29.632851
0.112500	-29.879082
0.113000	-30.125311
0.113500	-30.371540
0.114000	-30.617769
0.114500	-30.862391
0.115000	-31.107012
0.115500	-31.351631
0.116000	-31.596251
0.116500	-31.839262
0.117000	-32.083885
0.117500	-32.326893
0.118000	-32.571514
0.118500	-32.814522
0.119000	-33.057537
0.119500	-33.302158
0.120000	-33.545166
0.120500	-33.789787
0.121000	-34.032795
0.121500	-34.277416
0.122000	-34.522038
0.122500	-34.766659
0.123000	-35.011276
0.123500	-35.259117
0.124000	-35.505348
0.124500	-35.753185
0.125000	-36.002636
0.125500	-36.252083
0.126000	-36.501530
0.126500	-36.750980
0.127000	-37.002037
0.127500	-37.251484
0.128000	-37.500935
0.128500	-37.750385
0.129000	-37.999828
0.129500	-38.249279
0.130000	-38.498730
0.130500	-38.746567
0.131000	-38.992798
0.131500	-39.239025
0.132000	-39.485256
0.132500	-39.728268
0.133000	-39.972885
0.133500	-40.215897
0.134000	-40.457298
0.134500	-40.700310
0.135000	-40.943321
0.135500	-41.186329
0.136000	-41.429344
0.136500	-41.672352
0.137000	-41.915363
0.137500	-42.158375
0.138000	-42.402996
0.138500	-42.646008
0.139000	-42.889019
0.139500	-43.132030
0.140000	-43.376648
0.140500	-43.619659
0.141000	-43.862671
0.141500	-44.107292
0.142000	-44.350304
0.142500	-44.593311
0.143000	-44.834713
0.143500	-45.076118
0.144000	-45.315910
0.144500	-45.554092
0.145000	-45.790665
0.145500	-46.027241
0.146000	-46.260593
0.146500	-46.492340
0.147000	-46.720867
0.147500	-46.949394
0.148000	-47.174702
0.148500	-47.398399
0.149000	-47.620491
0.149500	-47.839359
0.150000	-48.058231
0.150500	-48.273884
0.151000	-48.487926
0.151500	-48.700359
0.152000	-48.911182
0.152500	-49.120396
0.153000	-49.326393
0.153500	-49.532391
0.154000	-49.735165
0.154500	-49.937946
0.155000	-50.139114
0.155500	-50.337063
0.156000	-50.535011
0.156500	-50.731354
0.157000	-50.926079
0.157500	-51.117596
0.158000	-51.309105
0.158500	-51.499008
0.159000	-51.687302
0.159500	-51.875595
0.160000	-52.060669
0.160500	-52.245747
0.161000	-52.429207
0.161500	-52.609455
0.162000	-52.789700
0.162500	-52.966728
0.163000	-53.143757
0.163500	-53.319176
0.164000	-53.492981
0.164500	-53.666794
0.165000	-53.837383
0.165500	-54.007973
0.166000	-54.176960
0.166500	-54.344330
0.167000	-54.510090
0.167500	-54.674244
0.168000	-54.838398
0.168500	-54.999329
0.169000	-55.158653
0.169500	-55.317982
0.170000	-55.474091
0.170500	-55.630196
0.171000	-55.783081
0.171500	-55.935970
0.172000	-56.085636
0.172500	-56.235310
0.173000	-56.381760
0.173500	-56.528210
0.174000	-56.671440
0.174500	-56.813061
0.175000	-56.953075
0.175500	-57.089867
0.176000	-57.225052
0.176500	-57.358627
0.177000	-57.490597
0.177500	-57.619347
0.178000	-57.746483
0.178500	-57.872009
0.179000	-57.995930
0.179500	-58.116631
0.180000	-58.235725
0.180500	-58.354813
0.181000	-58.470688
0.181500	-58.586559
0.182000	-58.700821
0.182500	-58.815090
0.183000	-58.926132
0.183500	-59.037174
0.184000	-59.146610
0.184500	-59.252831
0.185000	-59.359043
0.185500	-59.463654
0.186000	-59.566650
0.186500	-59.666431
0.187000	-59.764603
0.187500	-59.861156
0.188000	-59.954506
0.188500	-60.046234
0.189000	-60.136360
0.189500	-60.223263
0.190000	-60.306946
0.190500	-60.390636
0.191000	-60.471104
0.191500	-60.549961
0.192000	-60.627209
0.192500	-60.702850
0.193000	-60.775269
0.193500	-60.847683
0.194000	-60.916893
0.194500	-60.982876
0.195000	-61.048851
0.195500	-61.111618
0.196000	-61.171162
0.196500	-61.229103
0.197000	-61.285431
0.197500	-61.340149
0.198000	-61.390038
0.198500	-61.439922
0.199000	-61.486599
0.199500	-61.533268
0.200000	-61.576721
0.200500	-61.616951
0.201000	-61.657188
0.201500	-61.694202
0.202000	-61.729607
0.202500	-61.761791
0.203000	-61.792374
0.203500	-61.821342
0.204000	-61.847092
0.204500	-61.871231
0.205000	-61.892151
0.205500	-61.911465
0.206000	-61.929165
0.206500	-61.943653
0.207000	-61.956528
0.207500	-61.969402
0.208000	-61.979057
0.208500	-61.987099
0.209000	-61.993542
0.209500	-61.998367
0.210000	-61.999981
0.210500	-61.998367
0.211000	-61.995148
0.211500	-61.991932
0.212000	-61.985493
0.212500	-61.977451
0.213000	-61.969402
0.213500	-61.959743
0.214000	-61.951694
0.214500	-61.943653
0.215000	-61.933998
0.215500	-61.925949
0.216000	-61.917900
0.216500	-61.909859
0.217000	-61.903416
0.217500	-61.895370
0.218000	-61.888935
0.218500	-61.882496
0.219000	-61.876060
0.219500	-61.869621
0.220000	-61.864796
0.220500	-61.861572
0.221000	-61.856747
0.221500	-61.851917
0.222000	-61.847092
0.222500	-61.842258
0.223000	-61.835827
0.223500	-61.830994
0.224000	-61.824558
0.224500	-61.818119
0.225000	-61.813293
0.225500	-61.808464
0.226000	-61.803638
0.226500	-61.798813
0.227000	-61.795589
0.227500	-61.792374
0.228000	-61.790764
0.228500	-61.787548
0.229000	-61.787548
0.229500	-61.785931
0.230000	-61.785931
0.230500	-61.785931
0.231000	-61.785931
0.231500	-61.787548
0.232000	-61.789154
0.232500	-61.789154
0.233000	-61.789154
0.233500	-61.789154
0.234000	-61.785931
0.234500	-61.784325
0.235000	-61.779499
0.235500	-61.776283
0.236000	-61.771450
0.236500	-61.768234
0.237000	-61.763401
0.237500	-61.760185
0.238000	-61.755360
0.238500	-61.752136
0.239000	-61.747311
0.239500	-61.745701
0.240000	-61.744095
0.240500	-61.737656
0.241000	-61.731220
0.241500	-61.724781
0.242000	-61.718342
0.242500	-61.710297
0.243000	-61.703857
0.243500	-61.695808
0.244000	-61.689377
0.244500	-61.681328
0.245000	-61.673279
0.245500	-61.666843
0.246000	-61.660404
0.246500	-61.653973
0.247000	-61.649139
0.247500	-61.642704
0.248000	-61.637875
0.248500	-61.633049
0.249000	-61.628216
0.249500	-61.621784
0.250000	-61.616951
0.250500	-61.608910
0.251000	-61.600861
0.251500	-61.592812
0.252000	-61.584763
0.252500	-61.576721
0.253000	-61.568672
0.253500	-61.562233
0.254000	-61.555801
0.254500	-61.549358
0.255000	-61.544533
0.255500	-61.541317
0.256000	-61.536488
0.256500	-61.533268
0.257000	-61.530052
0.257500	-61.525219
0.258000	-61.522003
0.258500	-61.517174
0.259000	-61.512348
0.259500	-61.507523
0.260000	-61.502689
0.260500	-61.496258
0.261000	-61.491425
0.261500	-61.486599
0.262000	-61.481766
0.262500	-61.476944
0.263000	-61.473724
0.263500	-61.468895
0.264000	-61.467285
0.264500	-61.464069
0.265000	-61.460846
0.265500	-61.459236
0.266000	-61.456020
0.266500	-61.452805
0.267000	-61.449581
0.267500	-61.446362
0.268000	-61.443146
0.268500	-61.438316
0.269000	-61.433491
0.269500	-61.428658
0.270000	-61.425442
0.270500	-61.420616
0.271000	-61.417393
0.271500	-61.414177
0.272000	-61.412567
0.272500	-61.410957
0.273000	-61.409351
0.273500	-61.406128
0.274000	-61.404518
0.274500	-61.401302
0.275000	-61.398087
0.275500	-61.393253
0.276000	-61.388428
0.276500	-61.383595
0.277000	-61.377163
0.277500	-61.370724
0.278000	-61.364288
0.278500	-61.356239
0.279000	-61.349800
0.279500	-61.340149
0.280000	-61.332100
0.280500	-61.324051
0.281000	-61.316006
0.281500	-61.307961
0.282000	-61.301521
0.282500	-61.295090
0.283000	-61.288647
0.283500	-61.282207
0.284000	-61.275776
0.284500	-61.267727
0.285000	-61.259678
0.285500	-61.250019
0.286000	-61.240368
0.286500	-61.230713
0.287000	-61.221054
0.287500	-61.211399
0.288000	-61.201740
0.288500	-61.192085
0.289000	-61.184044
0.289500	-61.174385
0.290000	-61.166336
0.290500	-61.156681
0.291000	-61.148632
0.291500	-61.138981
0.292000	-61.130932
0.292500	-61.121277
0.293000	-61.113228
0.293500	-61.105186
0.294000	-61.098747
0.294500	-61.090698
0.295000	-61.084263
0.295500	-61.077824
0.296000	-61.071388
0.296500	-61.064949
0.297000	-61.058510
0.297500	-61.052074
0.298000	-61.045635
0.298500	-61.039200
