0.000000	-977.646057
0.000500	-977.646057
0.001000	-977.646057
0.001500	-977.646057
0.002000	-977.620544
0.002500	-977.620544
0.003000	-977.620544
0.003500	-977.595154
0.004000	-977.569763
0.004500	-977.569763
0.005000	-977.544373
0.005500	-977.518982
0.006000	-977.493652
0.006500	-977.468262
0.007000	-977.442749
0.007500	-977.417358
0.008000	-977.366577
0.008500	-977.341187
0.009000	-977.315857
0.009500	-977.264954
0.010000	-977.239563
0.010500	-977.188782
0.011000	-977.138062
0.011500	-977.112671
0.012000	-977.061768
0.012500	-977.010986
0.013000	-976.960266
0.013500	-976.909363
0.014000	-976.858582
0.014500	-976.807861
0.015000	-976.731567
0.015500	-976.680786
0.016000	-976.604614
0.016500	-976.553711
0.017000	-976.477600
0.017500	-976.426819
0.018000	-976.350525
0.018500	-976.274414
0.019000	-976.198120
0.019500	-976.122009
0.020000	-976.045715
0.020500	-975.969543
0.021000	-975.893433
0.021500	-975.817139
0.022000	-975.741028
0.022500	-975.664734
0.023000	-975.588623
0.023500	-975.486938
0.024000	-975.410828
0.024500	-975.334534
0.025000	-975.233032
0.025500	-975.156738
0.026000	-975.080627
0.026500	-974.978943
0.027000	-974.902832
0.027500	-974.801147
0.028000	-974.725037
0.028500	-974.623352
0.029000	-974.521790
0.029500	-974.445496
0.030000	-974.343994
0.030500	-974.242371
0.031000	-974.166199
0.031500	-974.064575
0.032000	-973.963013
0.032500	-973.861389
0.033000	-973.785217
0.033500	-973.683594
0.034000	-973.582031
0.034500	-973.480408
0.035000	-973.378784
0.035500	-973.302612
0.036000	-973.200989
0.036500	-973.099426
0.037000	-972.997803
0.037500	-972.896240
0.038000	-972.820007
0.038500	-972.718445
0.039000	-972.616821
0.039500	-972.515137
0.040000	-972.438965
0.040500	-972.337341
0.041000	-972.235779
0.041500	-972.134155
0.042000	-972.057983
0.042500	-971.956360
0.043000	-971.880188
0.043500	-971.778564
0.044000	-971.677002
0.044500	-971.600769
0.045000	-971.499207
0.045500	-971.422974
0.046000	-971.321411
0.046500	-971.245178
0.047000	-971.143616
0.047500	-971.067383
0.048000	-970.965820
0.048500	-970.889587
0.049000	-970.788025
0.049500	-970.686401
0.050000	-970.610229
0.050500	-970.508606
0.051000	-970.432373
0.051500	-970.330750
0.052000	-970.229187
0.052500	-970.152954
0.053000	-970.051392
0.053500	-969.949768
0.054000	-969.848145
0.054500	-969.771973
0.055000	-969.670349
0.055500	-969.568787
0.056000	-969.467163
0.056500	-969.365601
0.057000	-969.238586
0.057500	-969.136963
0.058000	-969.035400
0.058500	-968.908386
0.059000	-968.806763
0.059500	-968.679810
0.060000	-968.578186
0.060500	-968.451172
0.061000	-968.324219
0.061500	-968.222534
0.062000	-968.095520
0.062500	-967.968628
0.063000	-967.841553
0.063500	-967.714539
0.064000	-967.587646
0.064500	-967.460632
0.065000	-967.333557
0.065500	-967.206543
0.066000	-967.079651
0.066500	-966.927246
0.067000	-966.800171
0.067500	-966.673157
0.068000	-966.546265
0.068500	-966.393799
0.069000	-966.266785
0.069500	-966.139709
0.070000	-965.987305
0.070500	-965.860413
0.071000	-965.733398
0.071500	-965.606323
0.072000	-965.453918
0.072500	-965.327026
0.073000	-965.200012
0.073500	-965.072998
0.074000	-964.946045
0.074500	-964.819031
0.075000	-964.717407
0.075500	-964.590454
0.076000	-964.463440
0.076500	-964.361816
0.077000	-964.234802
0.077500	-964.107788
0.078000	-964.006165
0.078500	-963.904602
0.079000	-963.777588
0.079500	-963.675964
0.080000	-963.574402
0.080500	-963.472778
0.081000	-963.371216
0.081500	-963.269592
0.082000	-963.167969
0.082500	-963.066406
0.083000	-962.990173
0.083500	-962.888611
0.084000	-962.812378
0.084500	-962.710815
0.085000	-962.634583
0.085500	-962.558411
0.086000	-962.482239
0.086500	-962.406006
0.087000	-962.355225
0.087500	-962.278992
0.088000	-962.228149
0.088500	-962.177368
0.089000	-962.126587
0.089500	-962.101135
0.090000	-962.075745
0.090500	-962.050354
0.091000	-962.050354
0.091500	-962.024963
0.092000	-962.050354
0.092500	-962.050354
0.093000	-962.075745
0.093500	-962.101135
0.094000	-962.151978
0.094500	-962.202759
0.095000	-962.278992
0.095500	-962.355225
0.096000	-962.456787
0.096500	-962.558411
0.097000	-962.685425
0.097500	-962.812378
0.098000	-962.964783
0.098500	-963.142578
0.099000	-963.320374
0.099500	-963.523560
0.100000	-963.726807
0.100500	-963.929993
0.101000	-964.158569
0.101500	-964.387207
0.102000	-964.641235
0.102500	-964.869812
0.103000	-965.123840
0.103500	-965.352417
0.104000	-965.606323
0.104500	-965.860413
0.105000	-966.114319
0.105500	-966.368408
0.106000	-966.622375
0.106500	-966.876465
0.107000	-967.130432
0.107500	-967.384338
0.108000	-967.663757
0.108500	-967.917725
0.109000	-968.197144
0.109500	-968.502075
0.110000	-968.781372
0.110500	-969.086182
0.111000	-969.390991
0.111500	-969.721191
0.112000	-970.025940
0.112500	-970.356140
0.113000	-970.686401
0.113500	-971.016602
0.114000	-971.346802
0.114500	-971.677002
0.115000	-972.032593
0.115500	-972.362793
0.116000	-972.718445
0.116500	-973.074036
0.117000	-973.429626
0.117500	-973.785217
0.118000	-974.140808
0.118500	-974.521790
0.119000	-974.877441
0.119500	-975.233032
0.120000	-975.614014
0.120500	-975.994934
0.121000	-976.375916
0.121500	-976.757080
0.122000	-977.138062
0.122500	-977.518982
0.123000	-977.925354
0.123500	-978.331726
0.124000	-978.738159
0.124500	-979.169983
0.125000	-979.576416
0.125500	-980.008179
0.126000	-980.439941
0.126500	-980.897217
0.127000	-981.328979
0.127500	-981.786194
0.128000	-982.268799
0.128500	-982.725952
0.129000	-983.208618
0.129500	-983.691223
0.130000	-984.199219
0.130500	-984.707214
0.131000	-985.215149
0.131500	-985.748535
0.132000	-986.282043
0.132500	-986.840820
0.133000	-987.374207
0.133500	-987.932983
0.134000	-988.517151
0.134500	-989.101440
0.135000	-989.685608
0.135500	-990.269775
0.136000	-990.879395
0.136500	-991.463623
0.137000	-992.073181
0.137500	-992.708191
0.138000	-993.317749
0.138500	-993.952820
0.139000	-994.587830
0.139500	-995.222717
0.140000	-995.857849
0.140500	-996.518250
0.141000	-997.178528
0.141500	-997.838989
0.142000	-998.499390
0.142500	-999.185181
0.143000	-999.871033
0.143500	-1000.556702
0.144000	-1001.242493
0.144500	-1001.928345
0.145000	-1002.639526
0.145500	-1003.350708
0.146000	-1004.061951
0.146500	-1004.773132
0.147000	-1005.484314
0.147500	-1006.221069
0.148000	-1006.932251
0.148500	-1007.643433
0.149000	-1008.380066
0.149500	-1009.116638
0.150000	-1009.827759
0.150500	-1010.564331
0.151000	-1011.275513
0.151500	-1012.012146
0.152000	-1012.723328
0.152500	-1013.434509
0.153000	-1014.145752
0.153500	-1014.857056
0.154000	-1015.568237
0.154500	-1016.279480
0.155000	-1016.990662
0.155500	-1017.676453
0.156000	-1018.387695
0.156500	-1019.073364
0.157000	-1019.784546
0.157500	-1020.470398
0.158000	-1021.181580
0.158500	-1021.867371
0.159000	-1022.553223
0.159500	-1023.239014
0.160000	-1023.899414
0.160500	-1024.585205
0.161000	-1025.245605
0.161500	-1025.906006
0.162000	-1026.566406
0.162500	-1027.252197
0.163000	-1027.912598
0.163500	-1028.572876
0.164000	-1029.258789
0.164500	-1029.944580
0.165000	-1030.604980
0.165500	-1031.290771
0.166000	-1031.976562
0.166500	-1032.687744
0.167000	-1033.373535
0.167500	-1034.084839
0.168000	-1034.796021
0.168500	-1035.507202
0.169000	-1036.218384
0.169500	-1036.929565
0.170000	-1037.615479
0.170500	-1038.326660
0.171000	-1039.037842
0.171500	-1039.723511
0.172000	-1040.434814
0.172500	-1041.120483
0.173000	-1041.806396
0.173500	-1042.492188
0.174000	-1043.152588
0.174500	-1043.838379
0.175000	-1044.498779
0.175500	-1045.159058
0.176000	-1045.819580
0.176500	-1046.480103
0.177000	-1047.114990
0.177500	-1047.750000
0.178000	-1048.385010
0.178500	-1049.019897
0.179000	-1049.629517
0.179500	-1050.239258
0.180000	-1050.823364
0.180500	-1051.407593
0.181000	-1051.991821
0.181500	-1052.575928
0.182000	-1053.109375
0.182500	-1053.668213
0.183000	-1054.201660
0.183500	-1054.709595
0.184000	-1055.217529
0.184500	-1055.725586
0.185000	-1056.208130
0.185500	-1056.665405
0.186000	-1057.122559
0.186500	-1057.579712
0.187000	-1058.011475
0.187500	-1058.417969
0.188000	-1058.824463
0.188500	-1059.230835
0.189000	-1059.611816
0.189500	-1059.967407
0.190000	-1060.348389
0.190500	-1060.703979
0.191000	-1061.034180
0.191500	-1061.364380
0.192000	-1061.694580
0.192500	-1061.999390
0.193000	-1062.278809
0.193500	-1062.583618
0.194000	-1062.837646
0.194500	-1063.091675
0.195000	-1063.320190
0.195500	-1063.548828
0.196000	-1063.752075
0.196500	-1063.929810
0.197000	-1064.107666
0.197500	-1064.260010
0.198000	-1064.412354
0.198500	-1064.514038
0.199000	-1064.615601
0.199500	-1064.717163
0.200000	-1064.767944
0.200500	-1064.818848
0.201000	-1064.869507
0.201500	-1064.869507
0.202000	-1064.894897
0.202500	-1064.869507
0.203000	-1064.844238
0.203500	-1064.793457
0.204000	-1064.742554
0.204500	-1064.666382
0.205000	-1064.590088
0.205500	-1064.463257
0.206000	-1064.361572
0.206500	-1064.209106
0.207000	-1064.056763
0.207500	-1063.904419
0.208000	-1063.726685
0.208500	-1063.523315
0.209000	-1063.294800
0.209500	-1063.066284
0.210000	-1062.837646
0.210500	-1062.558228
0.211000	-1062.278809
0.211500	-1061.999390
0.212000	-1061.669189
0.212500	-1061.338989
0.213000	-1061.008789
0.213500	-1060.653198
0.214000	-1060.272217
0.214500	-1059.891235
0.215000	-1059.484863
0.215500	-1059.078369
0.216000	-1058.671997
0.216500	-1058.240234
0.217000	-1057.782959
0.217500	-1057.351074
0.218000	-1056.893921
0.218500	-1056.411377
0.219000	-1055.928711
0.219500	-1055.446289
0.220000	-1054.963623
0.220500	-1054.455688
0.221000	-1053.947510
0.221500	-1053.439575
0.222000	-1052.931519
0.222500	-1052.398193
0.223000	-1051.864746
0.223500	-1051.331421
0.224000	-1050.797974
0.224500	-1050.264648
0.225000	-1049.705688
0.225500	-1049.146973
0.226000	-1048.588135
0.226500	-1048.029419
0.227000	-1047.470581
0.227500	-1046.911743
0.228000	-1046.353027
0.228500	-1045.768799
0.229000	-1045.209961
0.229500	-1044.651123
0.230000	-1044.092407
0.230500	-1043.533569
0.231000	-1042.974854
0.231500	-1042.416016
0.232000	-1041.857300
0.232500	-1041.298340
0.233000	-1040.739502
0.233500	-1040.180786
0.234000	-1039.621948
0.234500	-1039.037842
0.235000	-1038.479004
0.235500	-1037.894775
0.236000	-1037.335938
0.236500	-1036.751831
0.237000	-1036.167480
0.237500	-1035.583374
0.238000	-1034.999268
0.238500	-1034.415039
0.239000	-1033.830811
0.239500	-1033.221191
0.240000	-1032.636963
0.240500	-1032.052734
0.241000	-1031.443237
0.241500	-1030.859009
0.242000	-1030.249390
0.242500	-1029.665161
0.243000	-1029.055542
0.243500	-1028.446045
0.244000	-1027.861694
0.244500	-1027.252197
0.245000	-1026.642578
0.245500	-1026.033081
0.246000	-1025.398071
0.246500	-1024.788330
0.247000	-1024.178711
0.247500	-1023.569214
0.248000	-1022.934204
0.248500	-1022.324585
0.249000	-1021.689514
0.249500	-1021.054626
0.250000	-1020.445007
0.250500	-1019.810059
0.251000	-1019.174927
0.251500	-1018.539917
0.252000	-1017.879578
0.252500	-1017.219177
0.253000	-1016.558777
0.253500	-1015.898376
0.254000	-1015.212646
0.254500	-1014.501465
0.255000	-1013.815613
0.255500	-1013.104431
0.256000	-1012.393250
0.256500	-1011.656494
0.257000	-1010.945312
0.257500	-1010.208740
0.258000	-1009.472107
0.258500	-1008.710266
0.259000	-1007.948181
0.259500	-1007.211548
0.260000	-1006.424194
0.260500	-1005.662231
0.261000	-1004.874817
0.261500	-1004.087341
0.262000	-1003.299927
0.262500	-1002.487183
0.263000	-1001.699829
0.263500	-1000.886902
0.264000	-1000.074280
0.264500	-999.261353
0.265000	-998.423157
0.265500	-997.610413
0.266000	-996.772156
0.266500	-995.959351
0.267000	-995.121216
0.267500	-994.283020
0.268000	-993.444824
0.268500	-992.606567
0.269000	-991.768433
0.269500	-990.904785
0.270000	-990.066589
0.270500	-989.203003
0.271000	-988.339355
0.271500	-987.450378
0.272000	-986.586731
0.272500	-985.697754
0.273000	-984.808716
0.273500	-983.919800
0.274000	-983.005432
0.274500	-982.091003
0.275000	-981.176636
0.275500	-980.236755
0.276000	-979.296997
0.276500	-978.357239
0.277000	-977.391968
0.277500	-976.426819
0.278000	-975.461548
0.278500	-974.471008
0.279000	-973.455017
0.279500	-972.464355
0.280000	-971.422974
0.280500	-970.406982
0.281000	-969.340149
0.281500	-968.298828
0.282000	-967.232056
0.282500	-966.139709
0.283000	-965.047607
0.283500	-963.955383
0.284000	-962.837830
0.284500	-961.720154
0.285000	-960.577209
0.285500	-959.459534
0.286000	-958.316589
0.286500	-957.148132
0.287000	-956.005188
0.287500	-954.836792
0.288000	-953.642944
0.288500	-952.449219
0.289000	-951.255371
0.289500	-950.061584
0.290000	-948.842346
0.290500	-947.648499
0.291000	-946.403931
0.291500	-945.184814
0.292000	-943.940186
0.292500	-942.695557
0.293000	-941.450928
0.293500	-940.206360
0.294000	-938.936340
0.294500	-937.691833
0.295000	-936.421814
0.295500	-935.177185
0.296000	-933.907227
0.296500	-932.637146
0.297000	-931.392578
0.297500	-930.122559
0.298000	-928.877991
0.298500	-927.608032
