0.000000	-0.832290
0.000500	-0.832290
0.001000	-0.832290
0.001500	-0.832290
0.002000	-0.832290
0.002500	-0.832290
0.003000	-0.832290
0.003500	-0.832290
0.004000	-0.832290
0.004500	-0.752410
0.005000	-0.574130
0.005500	-0.424440
0.006000	-0.300750
0.006500	-0.200500
0.007000	-0.125760
0.007500	-0.090387
0.008000	-0.088008
0.008500	-0.110020
0.009000	-0.147840
0.009500	-0.265680
0.010000	-0.482550
0.010500	-0.721990
0.011000	-0.907560
0.011500	-0.955350
0.012000	-0.784060
0.012500	-0.484940
0.013000	-0.177790
0.013500	0.017572
0.014000	0.008035
0.014500	-0.132660
0.015000	-0.321130
0.015500	-0.480610
0.016000	-0.534340
0.016500	-0.468600
0.017000	-0.347980
0.017500	-0.213170
0.018000	-0.104880
0.018500	-0.063662
0.019000	-0.106100
0.019500	-0.197170
0.020000	-0.295170
0.020500	-0.358380
0.021000	-0.326490
0.021500	-0.144240
0.022000	0.094485
0.022500	0.283610
0.023000	0.317050
0.023500	0.179690
0.024000	-0.040034
0.024500	-0.292840
0.025000	-0.529440
0.025500	-0.702660
0.026000	-0.840170
0.026500	-0.957820
0.027000	-1.042100
0.027500	-1.079400
0.028000	-1.025400
0.028500	-0.792440
0.029000	-0.473670
0.029500	-0.179100
0.030000	-0.018779
0.030500	-0.000074
0.031000	-0.032788
0.031500	-0.080616
0.032000	-0.107250
0.032500	-0.076135
0.033000	0.036384
0.033500	0.192770
0.034000	0.342200
0.034500	0.433830
0.035000	0.422820
0.035500	0.323930
0.036000	0.182520
0.036500	0.043835
0.037000	-0.046864
0.037500	-0.065527
0.038000	-0.039503
0.038500	-0.000641
0.039000	0.019210
0.039500	-0.015838
0.040000	-0.230740
0.040500	-0.572410
0.041000	-0.905290
0.041500	-1.093800
0.042000	-1.054300
0.042500	-0.936180
0.043000	-0.790860
0.043500	-0.651150
0.044000	-0.549870
0.044500	-0.479050
0.045000	-0.410680
0.045500	-0.347440
0.046000	-0.292040
0.046500	-0.248050
0.047000	-0.240950
0.047500	-0.264370
0.048000	-0.295130
0.048500	-0.310020
0.049000	-0.268210
0.049500	-0.115250
0.050000	0.085683
0.050500	0.261000
0.051000	0.337110
0.051500	0.252910
0.052000	0.051478
0.052500	-0.184550
0.053000	-0.372530
0.053500	-0.433750
0.054000	-0.434170
0.054500	-0.425510
0.055000	-0.405280
0.055500	-0.371030
0.056000	-0.322060
0.056500	-0.265110
0.057000	-0.202790
0.057500	-0.137010
0.058000	-0.069686
0.058500	0.032031
0.059000	0.180600
0.059500	0.343490
0.060000	0.488170
0.060500	0.572050
0.061000	0.302840
0.061500	-0.244020
0.062000	-0.800030
0.062500	-1.096700
0.063000	-0.988680
0.063500	-0.828940
0.064000	-0.666080
0.064500	-0.501150
0.065000	-0.335200
0.065500	-0.166920
0.066000	0.004148
0.066500	0.175700
0.067000	0.345430
0.067500	0.498700
0.068000	0.294160
0.068500	-0.212670
0.069000	-0.738130
0.069500	-0.998560
0.070000	-0.829060
0.070500	-0.561570
0.071000	-0.255520
0.071500	0.074502
0.072000	0.413910
0.072500	0.820470
0.073000	1.300600
0.073500	1.762600
0.074000	2.115000
0.074500	2.264700
0.075000	2.126900
0.075500	1.780100
0.076000	1.347700
0.076500	0.952940
0.077000	0.680130
0.077500	0.441790
0.078000	0.228490
0.078500	0.044989
0.079000	-0.103950
0.079500	0.121730
0.080000	0.845560
0.080500	1.747500
0.081000	2.507400
0.081500	2.806100
0.082000	2.504200
0.082500	1.856600
0.083000	1.170500
0.083500	0.753510
0.084000	0.861060
0.084500	1.359600
0.085000	2.012600
0.085500	2.592500
0.086000	2.871400
0.086500	2.715300
0.087000	2.280000
0.087500	1.772600
0.088000	1.400600
0.088500	1.370200
0.089000	1.759600
0.089500	2.391700
0.090000	3.059600
0.090500	3.556600
0.091000	3.685700
0.091500	3.455300
0.092000	3.060300
0.092500	2.702300
0.093000	2.582700
0.093500	3.048000
0.094000	4.049000
0.094500	5.193500
0.095000	6.089400
0.095500	6.337100
0.096000	5.544600
0.096500	4.113900
0.097000	2.675000
0.097500	1.858200
0.098000	2.003800
0.098500	2.281900
0.099000	2.579600
0.099500	2.895600
0.100000	3.228900
0.100500	3.600600
0.101000	4.006100
0.101500	4.405300
0.102000	4.758100
0.102500	5.014500
0.103000	4.869200
0.103500	4.380400
0.104000	3.800500
0.104500	3.381600
0.105000	3.274400
0.105500	3.206000
0.106000	3.138300
0.106500	3.071800
0.107000	3.006800
0.107500	2.943700
0.108000	2.881900
0.108500	2.820100
0.109000	2.757000
0.109500	2.689600
0.110000	2.566900
0.110500	2.385700
0.111000	2.173200
0.111500	1.956500
0.112000	1.729500
0.112500	1.402300
0.113000	1.031700
0.113500	0.690780
0.114000	0.452500
0.114500	0.567670
0.115000	1.072800
0.115500	1.719600
0.116000	2.259400
0.116500	2.452200
0.117000	2.398600
0.117500	2.265000
0.118000	2.118900
0.118500	2.027900
0.119000	2.066800
0.119500	2.260800
0.120000	2.516900
0.120500	2.734500
0.121000	2.812900
0.121500	2.566600
0.122000	1.921500
0.122500	1.141500
0.123000	0.498150
0.123500	0.250550
0.124000	0.188310
0.124500	0.139280
0.125000	0.104760
0.125500	0.086045
0.126000	0.081023
0.126500	0.078110
0.127000	0.079642
0.127500	0.089536
0.128000	0.111710
0.128500	0.183700
0.129000	0.347560
0.129500	0.552030
0.130000	0.743300
0.130500	0.866360
0.131000	0.856210
0.131500	0.750410
0.132000	0.619720
0.132500	0.534900
0.133000	0.602190
0.133500	0.939290
0.134000	1.407300
0.134500	1.845500
0.135000	2.092800
0.135500	1.913100
0.136000	1.256000
0.136500	0.446000
0.137000	-0.184260
0.137500	-0.315340
0.138000	-0.140270
0.138500	0.106390
0.139000	0.355300
0.139500	0.537080
0.140000	0.614780
0.140500	0.678410
0.141000	0.732850
0.141500	0.770250
0.142000	0.782730
0.142500	0.760830
0.143000	0.702630
0.143500	0.617140
0.144000	0.513610
0.144500	0.396960
0.145000	0.156280
0.145500	-0.189430
0.146000	-0.543310
0.146500	-0.808500
0.147000	-0.853270
0.147500	-0.562570
0.148000	-0.109940
0.148500	0.307740
0.149000	0.493600
0.149500	0.382360
0.150000	0.185590
0.150500	-0.033266
0.151000	-0.217270
0.151500	-0.311670
0.152000	-0.348730
0.152500	-0.372240
0.153000	-0.399180
0.153500	-0.446570
0.154000	-0.527950
0.154500	-0.622700
0.155000	-0.723920
0.155500	-0.831460
0.156000	-0.945190
0.156500	-1.072900
0.157000	-1.222400
0.157500	-1.378800
0.158000	-1.526500
0.158500	-1.650000
0.159000	-1.739800
0.159500	-1.795100
0.160000	-1.815300
0.160500	-1.800100
0.161000	-1.750500
0.161500	-1.682400
0.162000	-1.602400
0.162500	-1.513700
0.163000	-1.419300
0.163500	-1.318500
0.164000	-1.206700
0.164500	-1.087300
0.165000	-0.964220
0.165500	-0.837870
0.166000	-0.621080
0.166500	-0.321380
0.167000	-0.004223
0.167500	0.265000
0.168000	0.368310
0.168500	-0.097673
0.169000	-0.890520
0.169500	-1.622300
0.170000	-1.905100
0.170500	-1.660500
0.171000	-1.361200
0.171500	-1.047000
0.172000	-0.741210
0.172500	-0.465880
0.173000	-0.200610
0.173500	0.062376
0.174000	0.312450
0.174500	0.539020
0.175000	0.710990
0.175500	0.669940
0.176000	0.478850
0.176500	0.254440
0.177000	0.113390
0.177500	0.158700
0.178000	0.356630
0.178500	0.598420
0.179000	0.774660
0.179500	0.771380
0.180000	0.408630
0.180500	-0.201520
0.181000	-0.839260
0.181500	-1.284900
0.182000	-1.363100
0.182500	-1.340400
0.183000	-1.310800
0.183500	-1.281800
0.184000	-1.260800
0.184500	-1.249200
0.185000	-1.239000
0.185500	-1.231300
0.186000	-1.227900
0.186500	-1.234900
0.187000	-1.381500
0.187500	-1.644900
0.188000	-1.916000
0.188500	-2.085400
0.189000	-2.064900
0.189500	-1.977600
0.190000	-1.868300
0.190500	-1.741500
0.191000	-1.601600
0.191500	-1.451200
0.192000	-1.293200
0.192500	-1.135800
0.193000	-0.987140
0.193500	-0.855050
0.194000	-0.733170
0.194500	-0.615240
0.195000	-0.499950
0.195500	-0.385970
0.196000	-0.272580
0.196500	-0.163780
0.197000	-0.059143
0.197500	0.043077
0.198000	0.144650
0.198500	0.229970
0.199000	0.269560
0.199500	0.272500
0.200000	0.249010
0.200500	0.209340
0.201000	-0.042846
0.201500	-0.563160
0.202000	-1.130300
0.202500	-1.523000
0.203000	-1.547200
0.203500	-1.338700
0.204000	-1.038200
0.204500	-0.744270
0.205000	-0.555410
0.205500	-0.490310
0.206000	-0.429550
0.206500	-0.368790
0.207000	-0.308030
0.207500	-0.247260
0.208000	-0.186480
0.208500	-0.125690
0.209000	-0.064901
0.209500	-0.004113
0.210000	0.013305
0.210500	-0.333330
0.211000	-0.910180
0.211500	-1.471100
0.212000	-1.770000
0.212500	-1.643900
0.213000	-1.246100
0.213500	-0.755160
0.214000	-0.347030
0.214500	-0.191050
0.215000	-0.191160
0.215500	-0.227960
0.216000	-0.267020
0.216500	-0.273910
0.217000	-0.214910
0.217500	-0.086790
0.218000	0.072253
0.218500	0.221060
0.219000	0.318490
0.219500	0.297810
0.220000	0.135450
0.220500	-0.081928
0.221000	-0.265230
0.221500	-0.325770
0.222000	-0.228390
0.222500	-0.037992
0.223000	0.169950
0.223500	0.319990
0.224000	0.336010
0.224500	0.190390
0.225000	-0.038722
0.225500	-0.261820
0.226000	-0.389400
0.226500	-0.334420
0.227000	-0.119880
0.227500	0.145920
0.228000	0.353560
0.228500	0.394760
0.229000	0.245560
0.229500	-0.009586
0.230000	-0.283870
0.230500	-0.490510
0.231000	-0.543590
0.231500	-0.428570
0.232000	-0.245190
0.232500	-0.103000
0.233000	-0.111570
0.233500	-0.286720
0.234000	-0.481430
0.234500	-0.682960
0.235000	-0.883660
0.235500	-1.076000
0.236000	-1.260600
0.236500	-1.438900
0.237000	-1.610400
0.237500	-1.774100
0.238000	-1.869200
0.238500	-1.449300
0.239000	-0.702560
0.239500	0.026447
0.240000	0.393120
0.240500	0.249590
0.241000	-0.088223
0.241500	-0.483670
0.242000	-0.809280
0.242500	-0.943710
0.243000	-0.991960
0.243500	-1.037400
0.244000	-1.079000
0.244500	-1.115500
0.245000	-1.146400
0.245500	-1.172800
0.246000	-1.194000
0.246500	-1.209100
0.247000	-1.217200
0.247500	-1.124800
0.248000	-0.819770
0.248500	-0.443290
0.249000	-0.143150
0.249500	-0.062876
0.250000	-0.158080
0.250500	-0.322610
0.251000	-0.497390
0.251500	-0.623310
0.252000	-0.661950
0.252500	-0.670290
0.253000	-0.669500
0.253500	-0.673490
0.254000	-0.696190
0.254500	-0.772170
0.255000	-0.916840
0.255500	-1.069600
0.256000	-1.168200
0.256500	-1.153000
0.257000	-1.068800
0.257500	-0.960940
0.258000	-0.838980
0.258500	-0.712340
0.259000	-0.584090
0.259500	-0.439690
0.260000	-0.291110
0.260500	-0.153330
0.261000	-0.041324
0.261500	0.002386
0.262000	-0.033091
0.262500	-0.115300
0.263000	-0.211770
0.263500	-0.300150
0.264000	-0.438960
0.264500	-0.611210
0.265000	-0.776740
0.265500	-0.895380
0.266000	-0.884490
0.266500	-0.614660
0.267000	-0.221450
0.267500	0.135370
0.268000	0.296030
0.268500	0.298140
0.269000	0.284580
0.269500	0.253440
0.270000	0.202770
0.270500	0.131890
0.271000	0.051256
0.271500	-0.035838
0.272000	-0.128760
0.272500	-0.226870
0.273000	-0.350520
0.273500	-0.558910
0.274000	-0.800530
0.274500	-1.012900
0.275000	-1.133600
0.275500	-1.053400
0.276000	-0.788190
0.276500	-0.462600
0.277000	-0.201370
0.277500	-0.107440
0.278000	-0.064762
0.278500	-0.036003
0.279000	-0.025632
0.279500	-0.038124
0.280000	-0.080335
0.280500	-0.149470
0.281000	-0.227760
0.281500	-0.297090
0.282000	-0.338060
0.282500	-0.303430
0.283000	-0.209580
0.283500	-0.101030
0.284000	-0.022236
0.284500	-0.027697
0.285000	-0.204340
0.285500	-0.475290
0.286000	-0.732040
0.286500	-0.866070
0.287000	-0.814860
0.287500	-0.656760
0.288000	-0.455210
0.288500	-0.271940
0.289000	-0.168140
0.289500	-0.162820
0.290000	-0.214380
0.290500	-0.278230
0.291000	-0.309800
0.291500	-0.211780
0.292000	0.181330
0.292500	0.718970
0.293000	1.221200
0.293500	1.508000
0.294000	1.311100
0.294500	0.564240
0.295000	-0.374420
0.295500	-1.137400
0.296000	-1.372600
0.296500	-1.314800
0.297000	-1.183400
0.297500	-0.991110
0.298000	-0.750250
0.298500	-0.438340
0.299000	0.029434
0.299500	0.550190
0.300000	1.002600
0.300500	1.265300
0.301000	1.044300
0.301500	0.351220
0.302000	-0.476890
0.302500	-1.102900
0.303000	-1.251800
0.303500	-1.265000
0.304000	-1.247200
0.304500	-1.182600
0.305000	-1.055600
0.305500	-0.865440
0.306000	-0.664810
0.306500	-0.459750
0.307000	-0.250030
0.307500	-0.035434
0.308000	0.202660
0.308500	0.467100
0.309000	0.734440
0.309500	0.981210
0.310000	1.157500
0.310500	1.054000
0.311000	0.758700
0.311500	0.429670
0.312000	0.225210
0.312500	0.249710
0.313000	0.416370
0.313500	0.633810
0.314000	0.812380
0.314500	0.862420
0.315000	0.683000
0.315500	0.319620
0.316000	-0.097757
0.316500	-0.439180
0.317000	-0.572160
0.317500	-0.434010
0.318000	-0.149840
0.318500	0.132940
0.319000	0.266920
0.319500	0.043933
0.320000	-0.572710
0.320500	-1.300100
0.321000	-1.848600
0.321500	-1.934600
0.322000	-1.579800
0.322500	-1.019200
0.323000	-0.444440
0.323500	-0.046953
0.324000	0.068908
0.324500	0.149370
0.325000	0.222540
0.325500	0.282740
0.326000	0.324270
0.326500	0.355300
0.327000	0.393640
0.327500	0.425140
0.328000	0.434690
0.328500	0.408220
0.329000	0.366950
0.329500	0.325280
0.330000	0.283380
0.330500	0.241420
0.331000	0.199450
0.331500	0.157120
0.332000	0.114610
0.332500	0.072186
0.333000	0.030094
0.333500	0.056716
0.334000	0.180520
0.334500	0.341880
0.335000	0.481200
0.335500	0.537230
0.336000	0.474440
0.336500	0.342470
0.337000	0.201880
0.337500	0.113210
0.338000	0.181040
0.338500	0.458730
0.339000	0.829410
0.339500	1.172300
0.340000	1.366500
0.340500	1.134600
0.341000	0.483540
0.341500	-0.280860
0.342000	-0.852770
0.342500	-0.920440
0.343000	-0.342940
0.343500	0.566790
0.344000	1.442100
0.344500	1.916500
0.345000	1.773600
0.345500	1.283100
0.346000	0.688300
0.346500	0.226930
0.347000	0.132630
0.347500	0.404740
0.348000	0.839260
0.348500	1.254200
0.349000	1.467700
0.349500	1.356200
0.350000	1.091500
0.350500	0.775470
0.351000	0.490980
0.351500	0.320850
0.352000	0.276840
0.352500	0.246880
0.353000	0.220670
0.353500	0.191740
0.354000	0.153370
0.354500	0.095122
0.355000	0.022575
0.355500	-0.052730
0.356000	-0.119250
0.356500	-0.075306
0.357000	0.353010
0.357500	0.970240
0.358000	1.534100
0.358500	1.802300
0.359000	1.502100
0.359500	0.758210
0.360000	-0.075854
0.360500	-0.646480
0.361000	-0.661450
0.361500	-0.466540
0.362000	-0.224960
0.362500	0.014033
0.363000	0.201190
0.363500	0.314110
0.364000	0.425020
0.364500	0.521760
0.365000	0.580880
0.365500	0.578970
0.366000	0.485440
0.366500	0.319480
0.367000	0.132240
0.367500	-0.025117
0.368000	-0.110100
0.368500	-0.166310
0.369000	-0.204170
0.369500	-0.217300
0.370000	-0.199280
0.370500	-0.133550
0.371000	-0.016341
0.371500	0.115930
0.372000	0.225900
0.372500	0.277440
0.373000	0.285800
0.373500	0.277230
0.374000	0.263460
0.374500	0.256200
0.375000	0.269920
0.375500	0.315230
0.376000	0.376680
0.376500	0.436830
0.377000	0.478240
0.377500	0.381970
0.378000	0.024324
0.378500	-0.428870
0.379000	-0.804170
0.379500	-0.929050
0.380000	-0.738530
0.380500	-0.368220
0.381000	0.025372
0.381500	0.285690
0.382000	0.300380
0.382500	0.190940
0.383000	0.040131
0.383500	-0.082937
0.384000	-0.109140
0.384500	-0.007628
0.385000	0.168840
0.385500	0.363990
0.386000	0.521540
0.386500	0.584710
0.387000	0.511600
0.387500	0.352200
0.388000	0.177980
0.388500	0.060431
0.389000	0.086569
0.389500	0.304100
0.390000	0.591750
0.390500	0.815900
0.391000	0.842880
0.391500	0.653000
0.392000	0.361840
0.392500	0.038763
0.393000	-0.246910
0.393500	-0.439130
0.394000	-0.606870
0.394500	-0.755150
0.395000	-0.861910
0.395500	-0.905110
0.396000	-0.872580
0.396500	-0.783390
0.397000	-0.654190
0.397500	-0.501290
0.398000	-0.340970
0.398500	-0.133960
0.399000	0.134890
0.399500	0.413030
0.400000	0.647930
0.400500	0.770110
0.401000	0.634590
0.401500	0.335500
0.402000	0.016791
0.402500	-0.177540
0.403000	-0.143720
0.403500	0.047639
0.404000	0.295800
0.404500	0.500950
0.405000	0.560310
0.405500	0.339760
0.406000	-0.073865
0.406500	-0.518760
0.407000	-0.833110
0.407500	-0.826160
0.408000	-0.394870
0.408500	0.229720
0.409000	0.792620
0.409500	1.038800
0.410000	0.736490
0.410500	0.046203
0.411000	-0.698490
0.411500	-1.164100
0.412000	-1.078800
0.412500	-0.608690
0.413000	-0.007886
0.413500	0.481690
0.414000	0.618090
0.414500	0.477820
0.415000	0.310510
0.415500	0.133790
0.416000	-0.034678
0.416500	-0.177280
0.417000	-0.295040
0.417500	-0.399820
0.418000	-0.490190
0.418500	-0.564710
0.419000	-0.583830
0.419500	-0.261620
0.420000	0.293290
0.420500	0.874020
0.421000	1.273700
0.421500	1.273000
0.422000	0.818070
0.422500	0.162840
0.423000	-0.420660
0.423500	-0.660330
0.424000	-0.457120
0.424500	-0.024604
0.425000	0.440530
0.425500	0.741590
0.426000	0.709690
0.426500	0.494710
0.427000	0.218780
0.427500	-0.042228
0.428000	-0.212480
0.428500	-0.275380
0.429000	-0.313900
0.429500	-0.323010
0.430000	-0.294450
0.430500	-0.216670
0.431000	-0.000795
0.431500	0.310610
0.432000	0.610100
0.432500	0.790210
0.433000	0.767640
0.433500	0.693700
0.434000	0.616800
0.434500	0.537480
0.435000	0.456270
0.435500	0.374010
0.436000	0.291630
0.436500	0.209110
0.437000	0.126470
0.437500	0.042998
0.438000	-0.058879
0.438500	-0.173940
0.439000	-0.284450
0.439500	-0.372700
0.440000	-0.397070
0.440500	-0.277910
0.441000	-0.069647
0.441500	0.160380
0.442000	0.344860
0.442500	0.465710
0.443000	0.583010
0.443500	0.679900
0.444000	0.736740
0.444500	0.733270
0.445000	0.644580
0.445500	0.498230
0.446000	0.338610
0.446500	0.210110
0.447000	0.140040
0.447500	0.083604
0.448000	0.034750
0.448500	-0.006136
0.449000	-0.038672
0.449500	-0.054485
0.450000	-0.049110
0.450500	-0.028014
0.451000	0.003336
0.451500	0.055291
0.452000	0.239830
0.452500	0.504070
0.453000	0.754280
0.453500	0.896700
0.454000	0.852750
0.454500	0.662030
0.455000	0.399110
0.455500	0.136240
0.456000	-0.054331
0.456500	-0.173770
0.457000	-0.268450
0.457500	-0.333890
0.458000	-0.365630
0.458500	-0.335970
0.459000	-0.079136
0.459500	0.307830
0.460000	0.665850
0.460500	0.835840
0.461000	0.730220
0.461500	0.559710
0.462000	0.369680
0.462500	0.178400
0.463000	0.004152
0.463500	-0.151180
0.464000	-0.297100
0.464500	-0.432330
0.465000	-0.555580
0.465500	-0.613250
0.466000	-0.219810
0.466500	0.456530
0.467000	1.111500
0.467500	1.440800
0.468000	1.285400
0.468500	0.887180
0.469000	0.404500
0.469500	-0.010379
0.470000	-0.211810
0.470500	-0.301150
0.471000	-0.361470
0.471500	-0.385090
0.472000	-0.364290
0.472500	-0.278610
0.473000	-0.041000
0.473500	0.273030
0.474000	0.552080
0.474500	0.684730
0.475000	0.601980
0.475500	0.381830
0.476000	0.103000
0.476500	-0.157210
0.477000	-0.323870
0.477500	-0.417690
0.478000	-0.471400
0.478500	-0.488110
0.479000	-0.470930
0.479500	-0.354050
0.480000	0.063345
0.480500	0.627770
0.481000	1.150100
0.481500	1.441400
0.482000	1.308100
0.482500	0.796840
0.483000	0.167910
0.483500	-0.315080
0.484000	-0.401230
0.484500	-0.309120
0.485000	-0.215200
0.485500	-0.121270
0.486000	-0.029104
0.486500	0.060462
0.487000	0.150070
0.487500	0.239280
0.488000	0.327210
0.488500	0.413010
0.489000	0.457350
0.489500	0.408370
0.490000	0.314820
0.490500	0.228210
0.491000	0.200260
0.491500	0.265190
0.492000	0.387360
0.492500	0.516920
0.493000	0.604050
0.493500	0.577530
0.494000	0.371740
0.494500	0.091451
0.495000	-0.144550
0.495500	-0.217500
0.496000	-0.117460
0.496500	0.052596
0.497000	0.242090
0.497500	0.400440
0.498000	0.479630
0.498500	0.523920
0.499000	0.563940
0.499500	0.594430
0.500000	0.610160
0.500500	0.609670
0.501000	0.604460
0.501500	0.593400
0.502000	0.573760
