0.000000	0.036772
0.000500	0.085080
0.001000	0.028958
0.001500	0.055678
0.002000	0.095752
0.002500	0.057010
0.003000	0.059216
0.003500	0.054047
0.004000	0.045926
0.004500	0.074610
0.005000	0.034838
0.005500	0.030971
0.006000	0.051361
0.006500	0.060296
0.007000	0.099926
0.007500	0.093727
0.008000	0.088764
0.008500	0.099421
0.009000	0.060200
0.009500	0.092400
0.010000	0.048363
0.010500	0.035293
0.011000	0.091021
0.011500	0.078985
0.012000	0.095098
0.012500	0.104480
0.013000	0.071662
0.013500	0.110390
0.014000	0.107690
0.014500	0.079167
0.015000	0.050007
0.015500	0.079117
0.016000	0.047048
0.016500	0.078523
0.017000	0.099347
0.017500	0.091137
0.018000	0.093593
0.018500	0.062207
0.019000	0.092802
0.019500	0.091187
0.020000	0.063175
0.020500	0.085188
0.021000	0.040167
0.021500	0.047323
0.022000	0.084600
0.022500	0.122440
0.023000	0.075775
0.023500	0.100430
0.024000	0.126970
0.024500	0.081425
0.025000	0.098975
0.025500	0.133200
0.026000	0.113490
0.026500	0.090074
0.027000	0.096212
0.027500	0.054992
0.028000	0.101170
0.028500	0.118460
0.029000	0.084741
0.029500	0.085863
0.030000	0.098170
0.030500	0.127960
0.031000	0.082168
0.031500	0.075424
0.032000	0.116570
0.032500	0.078634
0.033000	0.079949
0.033500	0.109470
0.034000	0.123640
0.034500	0.085375
0.035000	0.091335
0.035500	0.075225
0.036000	0.079017
0.036500	0.063386
0.037000	0.071047
0.037500	0.046164
0.038000	0.112460
0.038500	0.099760
0.039000	0.052443
0.039500	0.095276
0.040000	0.075554
0.040500	0.111240
0.041000	0.085448
0.041500	0.094571
0.042000	0.081416
0.042500	0.106430
0.043000	0.112830
0.043500	0.098189
0.044000	0.105780
0.044500	0.112590
0.045000	0.110830
0.045500	0.088503
0.046000	0.140330
0.046500	0.082560
0.047000	0.128000
0.047500	0.087810
0.048000	0.131780
0.048500	0.108590
0.049000	0.161580
0.049500	0.178200
0.050000	0.139380
0.050500	0.161870
0.051000	0.175720
0.051500	0.203970
0.052000	0.218950
0.052500	0.219440
0.053000	0.212720
0.053500	0.223010
0.054000	0.204340
0.054500	0.250600
0.055000	0.234070
0.055500	0.193980
0.056000	0.200380
0.056500	0.158130
0.057000	0.110500
0.057500	0.032063
0.058000	-0.056514
0.058500	-0.110990
0.059000	-0.247610
0.059500	-0.309460
0.060000	-0.343820
0.060500	-0.398610
0.061000	-0.340480
0.061500	-0.305910
0.062000	-0.230800
0.062500	-0.114680
0.063000	-0.030191
0.063500	0.073407
0.064000	0.127980
0.064500	0.233740
0.065000	0.286870
0.065500	0.330660
0.066000	0.331640
0.066500	0.233510
0.067000	0.137360
0.067500	0.091465
0.068000	0.003247
0.068500	-0.044234
0.069000	-0.077065
0.069500	-0.128470
0.070000	-0.117900
0.070500	-0.036687
0.071000	-0.080682
0.071500	-0.042039
0.072000	-0.052254
0.072500	-0.012422
0.073000	0.070765
0.073500	0.157190
0.074000	0.289490
0.074500	0.408710
0.075000	0.515080
0.075500	0.569990
0.076000	0.674980
0.076500	0.727180
0.077000	0.760560
0.077500	0.724980
0.078000	0.631820
0.078500	0.482150
0.079000	0.344900
0.079500	0.182040
0.080000	0.065075
0.080500	-0.138360
0.081000	-0.244110
0.081500	-0.352410
0.082000	-0.397860
0.082500	-0.393260
0.083000	-0.437500
0.083500	-0.476860
0.084000	-0.479610
0.084500	-0.496680
0.085000	-0.437910
0.085500	-0.368840
0.086000	-0.182370
0.086500	0.061948
0.087000	0.252850
0.087500	0.393290
0.088000	0.455200
0.088500	0.373780
0.089000	0.343880
0.089500	0.225940
0.090000	0.031963
0.090500	-0.193890
0.091000	-0.462900
0.091500	-0.743980
0.092000	-0.993730
0.092500	-1.130300
0.093000	-1.331700
0.093500	-1.465800
0.094000	-1.776600
0.094500	-1.763200
0.095000	-1.876900
0.095500	-2.038000
0.096000	-2.191500
0.096500	-2.339200
0.097000	-2.560400
0.097500	-2.756500
0.098000	-2.814800
0.098500	-2.933800
0.099000	-2.959900
0.099500	-2.944500
0.100000	-2.802100
0.100500	-2.619000
0.101000	-2.222600
0.101500	-1.746900
0.102000	-1.224600
0.102500	-0.673060
0.103000	-0.101110
0.103500	0.323580
0.104000	0.391600
0.104500	-0.007982
0.105000	0.334180
0.105500	2.010300
0.106000	4.568200
0.106500	8.094800
0.107000	10.826000
0.107500	11.120000
0.108000	8.717700
0.108500	3.985100
0.109000	-1.689000
0.109500	-7.018700
0.110000	-11.401000
0.110500	-14.720000
0.111000	-17.150000
0.111500	-18.551001
0.112000	-19.038000
0.112500	-18.365000
0.113000	-16.823000
0.113500	-14.559000
0.114000	-11.813000
0.114500	-8.892600
0.115000	-5.904600
0.115500	-2.937700
0.116000	-0.193420
0.116500	2.353000
0.117000	4.760800
0.117500	6.933300
0.118000	8.799200
0.118500	10.012000
0.119000	10.709000
0.119500	10.660000
0.120000	10.167000
0.120500	9.276400
0.121000	8.028800
0.121500	6.661800
0.122000	5.186600
0.122500	3.664200
0.123000	2.143800
0.123500	0.773340
0.124000	-0.427960
0.124500	-1.326300
0.125000	-1.810400
0.125500	-2.051900
0.126000	-2.016000
0.126500	-1.872300
0.127000	-1.782600
0.127500	-1.707200
0.128000	-1.774300
0.128500	-1.993000
0.129000	-2.230500
0.129500	-2.455700
0.130000	-2.740200
0.130500	-2.995100
0.131000	-3.114000
0.131500	-3.245900
0.132000	-3.404800
0.132500	-3.433500
0.133000	-3.561200
0.133500	-3.545000
0.134000	-3.356500
0.134500	-3.119000
0.135000	-2.738300
0.135500	-2.299500
0.136000	-1.878000
0.136500	-1.513300
0.137000	-1.194300
0.137500	-1.024300
0.138000	-0.839360
0.138500	-0.677130
0.139000	-0.560360
0.139500	-0.416440
0.140000	-0.263950
0.140500	-0.196710
0.141000	-0.145080
0.141500	-0.145860
0.142000	-0.237260
0.142500	-0.335710
0.143000	-0.368770
0.143500	-0.317410
0.144000	-0.304380
0.144500	-0.202910
0.145000	-0.087482
0.145500	-0.041852
0.146000	-0.008244
0.146500	-0.102380
0.147000	-0.254530
0.147500	-0.506360
0.148000	-0.759310
0.148500	-1.126600
0.149000	-1.454000
0.149500	-1.878300
0.150000	-2.329300
0.150500	-2.792500
0.151000	-3.239700
0.151500	-3.610600
0.152000	-3.857000
0.152500	-4.057100
0.153000	-4.127300
0.153500	-4.176500
0.154000	-4.097700
0.154500	-4.048000
0.155000	-3.864100
0.155500	-3.637700
0.156000	-3.237300
0.156500	-2.771400
0.157000	-2.306000
0.157500	-1.880300
0.158000	-1.511700
0.158500	-1.133600
0.159000	-0.900800
0.159500	-0.725880
0.160000	-0.593290
0.160500	-0.459410
0.161000	-0.404950
0.161500	-0.481640
0.162000	-0.485370
0.162500	-0.404380
0.163000	-0.334180
0.163500	-0.218780
0.164000	-0.190250
0.164500	-0.167470
0.165000	-0.146050
0.165500	-0.070881
0.166000	-0.111920
0.166500	-0.209470
0.167000	-0.386810
0.167500	-0.652390
0.168000	-0.953170
0.168500	-1.388200
0.169000	-1.718700
0.169500	-1.997000
0.170000	-2.178300
0.170500	-2.338100
0.171000	-2.432800
0.171500	-2.418700
0.172000	-2.416000
0.172500	-2.369300
0.173000	-2.491100
0.173500	-2.689300
0.174000	-2.925500
0.174500	-3.164100
0.175000	-3.345900
0.175500	-3.379700
0.176000	-3.356400
0.176500	-3.201200
0.177000	-3.025700
0.177500	-2.866300
0.178000	-2.785700
0.178500	-2.760200
0.179000	-2.680700
0.179500	-2.701200
0.180000	-2.701600
0.180500	-2.665100
0.181000	-2.653200
0.181500	-2.555400
0.182000	-2.566700
0.182500	-2.494200
0.183000	-2.486400
0.183500	-2.538400
0.184000	-2.512200
0.184500	-2.515500
0.185000	-2.421300
0.185500	-2.347000
0.186000	-2.263800
0.186500	-2.124800
0.187000	-2.049300
0.187500	-2.084000
0.188000	-2.103300
0.188500	-2.188900
0.189000	-2.231900
0.189500	-2.316400
0.190000	-2.377400
0.190500	-2.320600
0.191000	-2.274500
0.191500	-2.070900
0.192000	-1.873300
0.192500	-1.655000
0.193000	-1.489500
0.193500	-1.363500
0.194000	-1.297600
0.194500	-1.292000
0.195000	-1.314900
0.195500	-1.461600
0.196000	-1.539200
0.196500	-1.795500
0.197000	-1.870700
0.197500	-2.048400
0.198000	-2.197300
0.198500	-2.319600
0.199000	-2.451000
0.199500	-2.497800
0.200000	-2.457000
0.200500	-2.323500
0.201000	-2.047100
0.201500	-1.709900
0.202000	-1.356100
0.202500	-1.106600
0.203000	-0.934810
0.203500	-0.975200
0.204000	-1.172700
0.204500	-1.376600
0.205000	-1.655600
0.205500	-1.786400
0.206000	-1.895900
0.206500	-1.956100
0.207000	-2.012800
0.207500	-2.042600
0.208000	-2.007300
0.208500	-1.925500
0.209000	-1.804500
0.209500	-1.706900
0.210000	-1.588600
0.210500	-1.505100
0.211000	-1.354000
0.211500	-1.230600
0.212000	-1.261300
0.212500	-1.225200
0.213000	-1.278500
0.213500	-1.397300
0.214000	-1.561600
0.214500	-1.692000
0.215000	-1.889200
0.215500	-2.093100
0.216000	-2.267800
0.216500	-2.355200
0.217000	-2.336800
0.217500	-2.299300
0.218000	-2.200800
0.218500	-2.024000
0.219000	-1.808700
0.219500	-1.432900
0.220000	-1.108400
0.220500	-0.915140
0.221000	-0.755570
0.221500	-0.842490
0.222000	-0.973780
0.222500	-1.186000
0.223000	-1.486200
0.223500	-1.587200
0.224000	-1.681600
0.224500	-1.784400
0.225000	-1.737400
0.225500	-1.639500
0.226000	-1.504000
0.226500	-1.282400
0.227000	-1.076400
0.227500	-0.845020
0.228000	-0.518990
0.228500	-0.322590
0.229000	-0.088152
0.229500	0.125400
0.230000	0.306560
0.230500	0.484740
0.231000	0.568800
0.231500	0.575760
0.232000	0.648700
0.232500	0.743520
0.233000	0.845830
0.233500	1.017900
0.234000	1.296600
0.234500	1.594300
0.235000	1.993800
0.235500	2.373400
0.236000	2.777100
0.236500	3.074200
0.237000	3.404900
0.237500	3.650900
0.238000	3.691400
0.238500	3.636400
0.239000	3.567600
0.239500	3.471000
0.240000	3.326200
0.240500	3.233800
0.241000	3.115600
0.241500	3.111900
0.242000	3.152500
0.242500	3.194000
0.243000	3.223200
0.243500	3.301200
0.244000	3.297600
0.244500	3.281300
0.245000	3.230200
0.245500	3.216800
0.246000	3.226200
0.246500	3.171600
0.247000	3.196000
0.247500	3.147500
0.248000	3.078500
0.248500	2.920300
0.249000	2.833300
0.249500	2.695400
0.250000	2.583800
0.250500	2.429800
0.251000	2.313300
0.251500	2.211400
0.252000	2.065600
0.252500	2.037900
0.253000	1.881300
0.253500	1.823400
0.254000	1.644400
0.254500	1.514600
0.255000	1.343500
0.255500	1.131200
0.256000	0.912500
0.256500	0.665900
0.257000	0.340830
0.257500	0.124100
0.258000	-0.125420
0.258500	-0.357780
0.259000	-0.624330
0.259500	-0.811990
0.260000	-0.943290
0.260500	-1.043300
0.261000	-1.126000
0.261500	-1.161700
0.262000	-1.168400
0.262500	-1.099300
0.263000	-1.092900
0.263500	-1.005900
0.264000	-0.947990
0.264500	-0.834480
0.265000	-0.777580
0.265500	-0.637630
0.266000	-0.602690
0.266500	-0.494990
0.267000	-0.446050
0.267500	-0.427370
0.268000	-0.422260
0.268500	-0.440770
0.269000	-0.485770
0.269500	-0.559740
0.270000	-0.547980
0.270500	-0.535250
0.271000	-0.487190
0.271500	-0.383630
0.272000	-0.261130
0.272500	-0.131680
0.273000	-0.037725
0.273500	0.100360
0.274000	0.153490
0.274500	0.208870
0.275000	0.181770
0.275500	0.226690
0.276000	0.223160
0.276500	0.226150
0.277000	0.221150
0.277500	0.181040
0.278000	0.225190
0.278500	0.206590
0.279000	0.173090
0.279500	0.227190
0.280000	0.234240
0.280500	0.225170
0.281000	0.281360
0.281500	0.254660
0.282000	0.293100
0.282500	0.289270
0.283000	0.233470
0.283500	0.194530
0.284000	0.143470
0.284500	0.160090
0.285000	0.148780
0.285500	0.127170
0.286000	0.167560
0.286500	0.172640
0.287000	0.163570
0.287500	0.160930
0.288000	0.116350
0.288500	0.078881
0.289000	0.012765
0.289500	0.046974
0.290000	0.016069
0.290500	-0.072553
0.291000	-0.109090
0.291500	-0.198050
0.292000	-0.272850
0.292500	-0.356840
0.293000	-0.439490
0.293500	-0.533770
0.294000	-0.647510
0.294500	-0.714590
0.295000	-0.745000
0.295500	-0.698000
0.296000	-0.719460
0.296500	-0.660430
0.297000	-0.577540
0.297500	-0.419040
0.298000	-0.298010
0.298500	-0.151390
