0.000000	0.224616
0.000500	0.224616
0.001000	0.224616
0.001500	0.224616
0.002000	0.224616
0.002500	0.224616
0.003000	0.224616
0.003500	0.224616
0.004000	0.224616
0.004500	0.098922
0.005000	-0.171926
0.005500	-0.372434
0.006000	-0.492105
0.006500	-0.520478
0.007000	-0.436100
0.007500	-0.223361
0.008000	0.041927
0.008500	0.276582
0.009000	0.397444
0.009500	0.420602
0.010000	0.418285
0.010500	0.391553
0.011000	0.341438
0.011500	0.262951
0.012000	0.115710
0.012500	-0.070415
0.013000	-0.249191
0.013500	-0.374398
0.014000	-0.385969
0.014500	-0.240693
0.015000	-0.022713
0.015500	0.173954
0.016000	0.255258
0.016500	0.210679
0.017000	0.117331
0.017500	0.012755
0.018000	-0.065541
0.018500	-0.080781
0.019000	-0.035739
0.019500	0.036183
0.020000	0.106368
0.020500	0.146199
0.021000	0.129628
0.021500	0.064525
0.022000	-0.017440
0.022500	-0.084122
0.023000	-0.103373
0.023500	-0.084201
0.024000	-0.057526
0.024500	-0.024066
0.025000	0.015459
0.025500	0.060521
0.026000	0.115306
0.026500	0.177124
0.027000	0.239631
0.027500	0.296522
0.028000	0.337512
0.028500	0.346798
0.029000	0.331509
0.029500	0.300947
0.030000	0.264399
0.030500	0.171395
0.031000	0.000854
0.031500	-0.193862
0.032000	-0.359367
0.032500	-0.440188
0.033000	-0.349920
0.033500	-0.137919
0.034000	0.096324
0.034500	0.253343
0.035000	0.245827
0.035500	0.101493
0.036000	-0.097829
0.036500	-0.270885
0.037000	-0.336433
0.037500	-0.244202
0.038000	-0.049484
0.038500	0.170735
0.039000	0.339427
0.039500	0.380723
0.040000	0.289167
0.040500	0.132187
0.041000	-0.025943
0.041500	-0.120950
0.042000	-0.106780
0.042500	-0.034857
0.043000	0.057866
0.043500	0.139976
0.044000	0.180070
0.044500	0.154698
0.045000	0.085804
0.045500	0.009996
0.046000	-0.036109
0.046500	-0.015970
0.047000	0.085329
0.047500	0.231488
0.048000	0.378856
0.048500	0.483721
0.049000	0.522457
0.049500	0.552472
0.050000	0.581697
0.050500	0.610312
0.051000	0.638523
0.051500	0.665287
0.052000	0.690312
0.052500	0.714887
0.053000	0.740314
0.053500	0.771970
0.054000	0.923731
0.054500	1.178909
0.055000	1.445448
0.055500	1.631231
0.056000	1.677902
0.056500	1.675327
0.057000	1.646359
0.057500	1.601394
0.058000	1.551150
0.058500	1.476316
0.059000	1.368103
0.059500	1.252842
0.060000	1.156813
0.060500	1.112749
0.061000	1.310070
0.061500	1.699467
0.062000	2.108241
0.062500	2.363322
0.063000	2.363965
0.063500	2.308282
0.064000	2.229263
0.064500	2.133024
0.065000	2.025520
0.065500	1.878426
0.066000	1.690133
0.066500	1.506314
0.067000	1.372481
0.067500	1.334259
0.068000	1.420439
0.068500	1.608346
0.069000	1.866034
0.069500	2.161832
0.070000	2.466481
0.070500	2.772095
0.071000	3.078192
0.071500	3.383807
0.072000	3.687812
0.072500	3.990529
0.073000	4.292442
0.073500	4.593551
0.074000	4.893693
0.074500	5.191744
0.075000	5.452779
0.075500	5.670685
0.076000	5.859782
0.076500	6.034074
0.077000	6.203055
0.077500	6.341620
0.078000	6.419834
0.078500	6.408569
0.079000	6.278373
0.079500	6.040995
0.080000	5.750025
0.080500	5.438135
0.081000	5.138796
0.081500	4.884037
0.082000	4.661626
0.082500	4.448710
0.083000	4.234506
0.083500	4.008071
0.084000	3.749611
0.084500	3.432570
0.085000	3.088009
0.085500	2.751817
0.086000	2.460687
0.086500	2.232160
0.087000	2.053684
0.087500	1.915924
0.088000	1.809385
0.088500	1.724895
0.089000	1.674844
0.089500	1.668085
0.090000	1.705744
0.090500	1.788464
0.091000	1.923971
0.091500	2.131576
0.092000	2.395991
0.092500	2.697904
0.093000	3.018003
0.093500	3.456871
0.094000	4.039454
0.094500	4.632979
0.095000	5.104839
0.095500	5.325641
0.096000	5.321940
0.096500	5.204458
0.097000	5.054145
0.097500	4.952113
0.098000	4.958550
0.098500	5.019222
0.099000	5.093735
0.099500	5.147648
0.100000	5.146682
0.100500	5.063157
0.101000	4.904637
0.101500	4.689307
0.102000	4.435352
0.102500	4.155809
0.103000	3.727563
0.103500	3.192777
0.104000	2.687443
0.104500	2.348516
0.105000	2.253082
0.105500	2.226367
0.106000	2.223470
0.106500	2.222021
0.107000	2.199169
0.107500	2.145577
0.108000	2.076376
0.108500	2.005564
0.109000	1.946984
0.109500	1.920913
0.110000	2.099872
0.110500	2.452479
0.111000	2.834859
0.111500	3.103137
0.112000	3.166706
0.112500	3.165741
0.113000	3.126794
0.113500	3.055983
0.114000	2.959906
0.114500	2.809432
0.115000	2.602470
0.115500	2.386818
0.116000	2.210595
0.116500	2.123851
0.117000	2.211560
0.117500	2.419005
0.118000	2.638037
0.118500	2.761312
0.119000	2.726551
0.119500	2.660889
0.120000	2.582997
0.120500	2.493679
0.121000	2.394221
0.121500	2.269175
0.122000	2.106953
0.122500	1.944892
0.123000	1.822099
0.123500	1.776555
0.124000	1.808420
0.124500	1.885829
0.125000	1.980137
0.125500	2.063018
0.126000	2.115805
0.126500	2.161671
0.127000	2.200295
0.127500	2.227171
0.128000	2.238115
0.128500	2.180983
0.129000	1.997679
0.129500	1.765450
0.130000	1.564572
0.130500	1.472550
0.131000	1.447106
0.131500	1.443710
0.132000	1.458565
0.132500	1.487903
0.133000	1.530985
0.133500	1.596003
0.134000	1.678707
0.134500	1.773819
0.135000	1.875369
0.135500	2.056420
0.136000	2.407096
0.136500	2.806052
0.137000	3.125507
0.137500	3.234942
0.138000	2.973102
0.138500	2.457307
0.139000	1.897256
0.139500	1.502017
0.140000	1.398037
0.140500	1.355921
0.141000	1.324651
0.141500	1.283918
0.142000	1.213429
0.142500	1.107631
0.143000	0.992515
0.143500	0.877817
0.144000	0.772566
0.144500	0.685275
0.145000	0.606256
0.145500	0.528412
0.146000	0.451678
0.146500	0.375959
0.147000	0.301543
0.147500	0.229283
0.148000	0.158308
0.148500	0.087552
0.149000	0.015949
0.149500	-0.072253
0.150000	-0.194167
0.150500	-0.325619
0.151000	-0.441298
0.151500	-0.514218
0.152000	-0.482723
0.152500	-0.366512
0.153000	-0.220850
0.153500	-0.101039
0.154000	-0.057912
0.154500	-0.077203
0.155000	-0.122255
0.155500	-0.161176
0.156000	-0.162061
0.156500	-0.082839
0.157000	0.080657
0.157500	0.271255
0.158000	0.430532
0.158500	0.502421
0.159000	0.519046
0.159500	0.509293
0.160000	0.470556
0.160500	0.400292
0.161000	0.296071
0.161500	0.163558
0.162000	0.018958
0.162500	-0.120793
0.163000	-0.238762
0.163500	-0.331026
0.164000	-0.416466
0.164500	-0.495404
0.165000	-0.567455
0.165500	-0.632263
0.166000	-0.690199
0.166500	-0.739590
0.167000	-0.777941
0.167500	-0.802725
0.168000	-0.809484
0.168500	-0.784024
0.169000	-0.738287
0.169500	-0.689797
0.170000	-0.656113
0.170500	-0.653780
0.171000	-0.678178
0.171500	-0.709914
0.172000	-0.729419
0.172500	-0.716657
0.173000	-0.649161
0.173500	-0.543669
0.174000	-0.429228
0.174500	-0.334921
0.175000	-0.286721
0.175500	-0.271545
0.176000	-0.271158
0.176500	-0.271609
0.177000	-0.258927
0.177500	-0.210647
0.178000	-0.120323
0.178500	-0.019357
0.179000	0.059982
0.179500	0.084890
0.180000	0.022851
0.180500	-0.100748
0.181000	-0.243800
0.181500	-0.364211
0.182000	-0.422565
0.182500	-0.425494
0.183000	-0.405185
0.183500	-0.392149
0.184000	-0.416836
0.184500	-0.515795
0.185000	-0.687174
0.185500	-0.879313
0.186000	-1.039636
0.186500	-1.117722
0.187000	-1.146513
0.187500	-1.163491
0.188000	-1.178651
0.188500	-1.201955
0.189000	-1.241915
0.189500	-1.290452
0.190000	-1.341984
0.190500	-1.393483
0.191000	-1.441908
0.191500	-1.480951
0.192000	-1.503916
0.192500	-1.513250
0.193000	-1.511657
0.193500	-1.498187
0.194000	-1.374154
0.194500	-1.153562
0.195000	-0.917036
0.195500	-0.745110
0.196000	-0.710413
0.196500	-0.778198
0.197000	-0.892510
0.197500	-1.007771
0.198000	-1.078405
0.198500	-1.079628
0.199000	-1.045542
0.199500	-0.999789
0.200000	-0.965204
0.200500	-0.964544
0.201000	-1.035436
0.201500	-1.170766
0.202000	-1.326373
0.202500	-1.458098
0.203000	-1.510868
0.203500	-1.394722
0.204000	-1.199235
0.204500	-1.048616
0.205000	-1.067108
0.205500	-1.277948
0.206000	-1.522343
0.206500	-1.780578
0.207000	-2.038395
0.207500	-2.281567
0.208000	-2.516048
0.208500	-2.750691
0.209000	-2.974229
0.209500	-3.176201
0.210000	-3.328445
0.210500	-3.299638
0.211000	-3.146911
0.211500	-2.973263
0.212000	-2.881209
0.212500	-2.911625
0.213000	-2.973424
0.213500	-3.042304
0.214000	-3.097022
0.214500	-3.116495
0.215000	-3.087848
0.215500	-3.032487
0.216000	-2.979057
0.216500	-2.956043
0.217000	-2.988552
0.217500	-3.061294
0.218000	-3.153027
0.218500	-3.246851
0.219000	-3.326192
0.219500	-3.379462
0.220000	-3.415833
0.220500	-3.444962
0.221000	-3.476183
0.221500	-3.521888
0.222000	-3.656912
0.222500	-3.864196
0.223000	-4.078078
0.223500	-4.232414
0.224000	-4.248024
0.224500	-4.006301
0.225000	-3.615713
0.225500	-3.228505
0.226000	-2.996277
0.226500	-2.954434
0.227000	-2.928523
0.227500	-2.905671
0.228000	-2.878956
0.228500	-2.841780
0.229000	-2.789637
0.229500	-2.730413
0.230000	-2.674408
0.230500	-2.632082
0.231000	-2.619529
0.231500	-2.683742
0.232000	-2.799615
0.232500	-2.926753
0.233000	-3.024279
0.233500	-3.078997
0.234000	-3.125346
0.234500	-3.157533
0.235000	-3.168476
0.235500	-3.151417
0.236000	-3.110057
0.236500	-3.047132
0.237000	-2.961354
0.237500	-2.851597
0.238000	-2.718182
0.238500	-2.578169
0.239000	-2.435420
0.239500	-2.289131
0.240000	-2.138979
0.240500	-1.985609
0.241000	-1.830468
0.241500	-1.673557
0.242000	-1.515004
0.242500	-1.354054
0.243000	-1.178153
0.243500	-0.988523
0.244000	-0.794565
0.244500	-0.605677
0.245000	-0.429647
0.245500	-0.269710
0.246000	-0.136010
0.246500	-0.039468
0.247000	0.009012
0.247500	-0.003403
0.248000	-0.074282
0.248500	-0.182805
0.249000	-0.307803
0.249500	-0.429791
0.250000	-0.580394
0.250500	-0.758983
0.251000	-0.937926
0.251500	-1.089542
0.252000	-1.143857
0.252500	-0.966411
0.253000	-0.664096
0.253500	-0.366786
0.254000	-0.204419
0.254500	-0.275729
0.255000	-0.511691
0.255500	-0.792586
0.256000	-0.998904
0.256500	-1.015303
0.257000	-0.896630
0.257500	-0.733748
0.258000	-0.569064
0.258500	-0.445016
0.259000	-0.390185
0.259500	-0.365369
0.260000	-0.350740
0.260500	-0.331042
0.261000	-0.291082
0.261500	-0.178444
0.262000	0.002799
0.262500	0.183047
0.263000	0.292740
0.263500	0.270000
0.264000	0.150850
0.264500	-0.018013
0.265000	-0.200894
0.265500	-0.362102
0.266000	-0.479504
0.266500	-0.586075
0.267000	-0.681670
0.267500	-0.760946
0.268000	-0.818593
0.268500	-0.816211
0.269000	-0.735663
0.269500	-0.601927
0.270000	-0.439962
0.270500	-0.258654
0.271000	0.045532
0.271500	0.426605
0.272000	0.798782
0.272500	1.076281
0.273000	1.184896
0.273500	1.139673
0.274000	0.981764
0.274500	0.750469
0.275000	0.485153
0.275500	0.078385
0.276000	-0.490464
0.276500	-1.051948
0.277000	-1.436581
0.277500	-1.499490
0.278000	-1.376440
0.278500	-1.176704
0.279000	-0.968407
0.279500	-0.819687
0.280000	-0.747766
0.280500	-0.682426
0.281000	-0.627515
0.281500	-0.589631
0.282000	-0.576950
0.282500	-0.635659
0.283000	-0.751773
0.283500	-0.880617
0.284000	-0.977596
0.284500	-0.992885
0.285000	-0.873520
0.285500	-0.677228
0.286000	-0.480647
0.286500	-0.360429
0.287000	-0.390829
0.287500	-0.554580
0.288000	-0.764406
0.288500	-0.932100
0.289000	-0.968552
0.289500	-0.806941
0.290000	-0.533192
0.290500	-0.269823
0.291000	-0.139382
0.291500	-0.211259
0.292000	-0.330962
0.292500	-0.464247
0.293000	-0.596841
0.293500	-0.714484
0.294000	-0.817225
0.294500	-0.921317
0.295000	-1.015078
0.295500	-1.085937
0.296000	-1.118977
0.296500	-1.042308
0.297000	-0.875371
0.297500	-0.683826
0.298000	-0.533320
0.298500	-0.464907
0.299000	-0.415613
0.299500	-0.377456
0.300000	-0.351690
0.300500	-0.339604
0.301000	-0.360236
0.301500	-0.414293
0.302000	-0.475529
0.302500	-0.517662
0.303000	-0.511450
0.303500	-0.425092
0.304000	-0.288475
0.304500	-0.142224
0.305000	-0.026924
0.305500	0.013425
0.306000	-0.035888
0.306500	-0.126187
0.307000	-0.204805
0.307500	-0.219064
0.308000	-0.047629
0.308500	0.291726
0.309000	0.643030
0.309500	0.850281
0.310000	0.789689
0.310500	0.655582
0.311000	0.515602
0.311500	0.374687
0.312000	0.237700
0.312500	0.105776
0.313000	-0.025761
0.313500	-0.155244
0.314000	-0.280798
0.314500	-0.400550
0.315000	-0.381559
0.315500	-0.178219
0.316000	0.080351
0.316500	0.265011
0.317000	0.266990
0.317500	0.194602
0.318000	0.105595
0.318500	0.020912
0.319000	-0.038518
0.319500	-0.069382
0.320000	-0.097983
0.320500	-0.124491
0.321000	-0.148110
0.321500	-0.168627
0.322000	-0.199607
0.322500	-0.230989
0.323000	-0.241128
0.323500	-0.208362
0.324000	-0.123551
0.324500	-0.027002
0.325000	0.073603
0.325500	0.175499
0.326000	0.275922
0.326500	0.382380
0.327000	0.503178
0.327500	0.617570
0.328000	0.704056
0.328500	0.740829
0.329000	0.707242
0.329500	0.621126
0.330000	0.511031
0.330500	0.405490
0.331000	0.324074
0.331500	0.246310
0.332000	0.169142
0.332500	0.092761
0.333000	0.017354
0.333500	0.009137
0.334000	0.092685
0.334500	0.205739
0.335000	0.286029
0.335500	0.269275
0.336000	0.121320
0.336500	-0.090120
0.337000	-0.284178
0.337500	-0.380014
0.338000	-0.361378
0.338500	-0.325136
0.339000	-0.276147
0.339500	-0.215829
0.340000	-0.145559
0.340500	-0.060313
0.341000	0.037456
0.341500	0.135161
0.342000	0.220207
0.342500	0.276582
0.343000	0.275117
0.343500	0.238875
0.344000	0.201361
0.344500	0.196115
0.345000	0.245763
0.345500	0.330382
0.346000	0.425881
0.346500	0.508504
0.347000	0.555143
0.347500	0.571671
0.348000	0.570271
0.348500	0.555047
0.349000	0.530005
0.349500	0.489080
0.350000	0.404380
0.350500	0.297970
0.351000	0.197032
0.351500	0.128759
0.352000	0.148742
0.352500	0.283035
0.353000	0.450842
0.353500	0.568823
0.354000	0.557509
0.354500	0.481081
0.355000	0.394853
0.355500	0.301816
0.356000	0.204998
0.356500	0.104055
0.357000	-0.009132
0.357500	-0.127119
0.358000	-0.240806
0.358500	-0.341100
0.359000	-0.321563
0.359500	-0.151021
0.360000	0.066855
0.360500	0.228366
0.361000	0.238650
0.361500	0.128279
0.362000	-0.035752
0.362500	-0.196726
0.363000	-0.297954
0.363500	-0.299064
0.364000	-0.246873
0.364500	-0.174308
0.365000	-0.109323
0.365500	-0.079862
0.366000	-0.117155
0.366500	-0.204515
0.367000	-0.297986
0.367500	-0.353637
0.368000	-0.325313
0.368500	-0.183369
0.369000	0.020225
0.369500	0.222009
0.370000	0.358546
0.370500	0.414873
0.371000	0.457231
0.371500	0.479745
0.372000	0.473855
0.372500	0.431851
0.373000	0.373432
0.373500	0.308865
0.374000	0.236284
0.374500	0.153771
0.375000	0.060680
0.375500	-0.038206
0.376000	-0.140850
0.376500	-0.245666
0.377000	-0.351111
0.377500	-0.469220
0.378000	-0.615928
0.378500	-0.770795
0.379000	-0.912418
0.379500	-1.014032
0.380000	-0.913576
0.380500	-0.641404
0.381000	-0.330398
0.381500	-0.113496
0.382000	-0.084146
0.382500	-0.136535
0.383000	-0.211403
0.383500	-0.262259
0.384000	-0.242576
0.384500	-0.168112
0.385000	-0.088203
0.385500	-0.006662
0.386000	0.072668
0.386500	0.146230
0.387000	0.218742
0.387500	0.288974
0.388000	0.351046
0.388500	0.399117
0.389000	0.411558
0.389500	0.338509
0.390000	0.214606
0.390500	0.082789
0.391000	-0.013995
0.391500	-0.067876
0.392000	-0.102079
0.392500	-0.120266
0.393000	-0.126105
0.393500	-0.105438
0.394000	0.070723
0.394500	0.346202
0.395000	0.618793
0.395500	0.786342
0.396000	0.715209
0.396500	0.382155
0.397000	-0.052605
0.397500	-0.425140
0.398000	-0.571510
0.398500	-0.460224
0.399000	-0.235753
0.399500	0.002094
0.400000	0.153451
0.400500	0.138777
0.401000	0.079540
0.401500	0.018070
0.402000	-0.042831
0.402500	-0.100359
0.403000	-0.154330
0.403500	-0.207959
0.404000	-0.259732
0.404500	-0.307916
0.405000	-0.349212
0.405500	-0.334534
0.406000	-0.260118
0.406500	-0.151241
0.407000	-0.033156
0.407500	0.094731
0.408000	0.299933
0.408500	0.538052
0.409000	0.752304
0.409500	0.885944
0.410000	0.821345
0.410500	0.573956
0.411000	0.286753
0.411500	0.102673
0.412000	0.114505
0.412500	0.187135
0.413000	0.277145
0.413500	0.358948
0.414000	0.406955
0.414500	0.423772
0.415000	0.428263
0.415500	0.419218
0.416000	0.395432
0.416500	0.355697
0.417000	0.230716
0.417500	0.003821
0.418000	-0.247292
0.418500	-0.444919
0.419000	-0.512640
0.419500	-0.434056
0.420000	-0.275906
0.420500	-0.111013
0.421000	-0.012210
0.421500	-0.041046
0.422000	-0.165762
0.422500	-0.321386
0.423000	-0.444372
0.423500	-0.471152
0.424000	-0.401032
0.424500	-0.295025
0.425000	-0.182146
0.425500	-0.091343
0.426000	-0.046986
0.426500	-0.023564
0.427000	-0.006140
0.427500	0.011935
0.428000	0.037314
0.428500	0.091062
0.429000	0.184833
0.429500	0.280670
0.430000	0.339443
0.430500	0.323205
0.431000	0.247147
0.431500	0.141416
0.432000	0.022222
0.432500	-0.094256
0.433000	-0.193829
0.433500	-0.283969
0.434000	-0.367993
0.434500	-0.445740
0.435000	-0.517034
0.435500	-0.466195
0.436000	-0.148425
0.436500	0.271722
0.437000	0.621336
0.437500	0.729950
0.438000	0.576193
0.438500	0.290583
0.439000	-0.003968
0.439500	-0.184495
0.440000	-0.170784
0.440500	-0.083731
0.441000	0.025416
0.441500	0.120157
0.442000	0.163992
0.442500	0.142036
0.443000	0.093055
0.443500	0.038391
0.444000	-0.001594
0.444500	-0.006693
0.445000	0.028590
0.445500	0.085904
0.446000	0.145063
0.446500	0.185895
0.447000	0.184978
0.447500	0.132489
0.448000	0.060714
0.448500	0.004823
0.449000	-0.000000
0.449500	0.049072
0.450000	0.122194
0.450500	0.205529
0.451000	0.285256
0.451500	0.348487
0.452000	0.395094
0.452500	0.427377
0.453000	0.446432
0.453500	0.453352
0.454000	0.374044
0.454500	-0.009546
0.455000	-0.524920
0.455500	-0.960569
0.456000	-1.105008
0.456500	-0.989296
0.457000	-0.812751
0.457500	-0.616137
0.458000	-0.440252
0.458500	-0.318988
0.459000	-0.217471
0.459500	-0.126095
0.460000	-0.048510
0.460500	0.011663
0.461000	0.012425
0.461500	-0.158512
0.462000	-0.409948
0.462500	-0.630573
0.463000	-0.709061
0.463500	-0.559891
0.464000	-0.252957
0.464500	0.090019
0.465000	0.347329
0.465500	0.419089
0.466000	0.425350
0.466500	0.407325
0.467000	0.364323
0.467500	0.295653
0.468000	0.182001
0.468500	0.012297
0.469000	-0.163992
0.469500	-0.295862
0.470000	-0.333569
0.470500	-0.285980
0.471000	-0.192816
0.471500	-0.082534
0.472000	0.016483
0.472500	0.079210
0.473000	0.118454
0.473500	0.141260
0.474000	0.148771
0.474500	0.142126
0.475000	0.028907
0.475500	-0.302428
0.476000	-0.708948
0.476500	-1.040859
0.477000	-1.149345
0.477500	-0.984919
0.478000	-0.667830
0.478500	-0.333166
0.479000	-0.116034
0.479500	-0.105526
0.480000	-0.172554
0.480500	-0.260939
0.481000	-0.330302
0.481500	-0.340231
0.482000	-0.284146
0.482500	-0.216763
0.483000	-0.146555
0.483500	-0.080186
0.484000	-0.024174
0.484500	0.021644
0.485000	0.060188
0.485500	0.092853
0.486000	0.121034
0.486500	0.122733
0.487000	0.026635
0.487500	-0.122772
0.488000	-0.269131
0.488500	-0.356100
0.489000	-0.277805
0.489500	0.013908
0.490000	0.375798
0.490500	0.660153
0.491000	0.722966
0.491500	0.592593
0.492000	0.381592
0.492500	0.167356
0.493000	0.027269
0.493500	0.006480
0.494000	0.012572
0.494500	0.023567
0.495000	0.029483
0.495500	0.020339
0.496000	-0.006336
0.496500	-0.041978
0.497000	-0.080018
0.497500	-0.113892
0.498000	-0.135627
0.498500	-0.102918
0.499000	-0.026063
0.499500	0.057481
0.500000	0.110271
0.500500	0.098427
0.501000	0.019549
0.501500	-0.115812
0.502000	-0.297391
