0.000000	-2.443700
0.000500	-2.828500
0.001000	-4.336500
0.001500	-1.295200
0.002000	-0.816080
0.002500	-0.809240
0.003000	-0.788430
0.003500	-1.101100
0.004000	-0.663590
0.004500	0.434990
0.005000	0.234830
0.005500	0.730550
0.006000	-0.263520
0.006500	0.420900
0.007000	0.342280
0.007500	1.953700
0.008000	0.027485
0.008500	1.320700
0.009000	0.058063
0.009500	-0.514540
0.010000	0.889750
0.010500	-0.199390
0.011000	-0.156800
0.011500	-0.598370
0.012000	2.082300
0.012500	1.723300
0.013000	1.561000
0.013500	1.890100
0.014000	1.298700
0.014500	0.946110
0.015000	-1.009300
0.015500	-1.756100
0.016000	-4.493500
0.016500	-6.754900
0.017000	-7.350000
0.017500	-7.107600
0.018000	-7.527400
0.018500	-9.220200
0.019000	-10.406000
0.019500	-8.975900
0.020000	-10.241000
0.020500	-7.177400
0.021000	-7.314200
0.021500	-5.307400
0.022000	-2.926100
0.022500	0.045853
0.023000	-0.784140
0.023500	-0.288810
0.024000	2.355500
0.024500	0.972960
0.025000	0.806210
0.025500	0.237730
0.026000	-2.092100
0.026500	-1.074100
0.027000	-1.565800
0.027500	-2.439600
0.028000	-2.784500
0.028500	-1.899300
0.029000	-1.664500
0.029500	-0.123390
0.030000	-0.798060
0.030500	2.110300
0.031000	1.961400
0.031500	2.793500
0.032000	1.698900
0.032500	2.607800
0.033000	2.176100
0.033500	0.884670
0.034000	1.095000
0.034500	1.701900
0.035000	0.964700
0.035500	0.145660
0.036000	-1.193100
0.036500	-1.855200
0.037000	-3.179400
0.037500	-2.549100
0.038000	-0.975040
0.038500	0.018987
0.039000	-0.770550
0.039500	-1.168800
0.040000	-0.058597
0.040500	1.023900
0.041000	1.809400
0.041500	1.625700
0.042000	2.754200
0.042500	1.111200
0.043000	0.843880
0.043500	-1.013600
0.044000	-2.832100
0.044500	-3.913400
0.045000	-6.432800
0.045500	-8.492100
0.046000	-9.703100
0.046500	-10.719000
0.047000	-11.725000
0.047500	-12.146000
0.048000	-11.202000
0.048500	-12.459000
0.049000	-10.912000
0.049500	-9.617700
0.050000	-9.005600
0.050500	-6.595300
0.051000	-4.984300
0.051500	-5.235000
0.052000	-3.853000
0.052500	-3.217000
0.053000	-5.175500
0.053500	-4.651400
0.054000	-2.194400
0.054500	0.404150
0.055000	1.373600
0.055500	0.543800
0.056000	0.346610
0.056500	1.473800
0.057000	-1.577500
0.057500	-5.494300
0.058000	-12.008000
0.058500	-18.660999
0.059000	-29.261000
0.059500	-37.832001
0.060000	-45.721001
0.060500	-61.196999
0.061000	-61.931000
0.061500	-66.821999
0.062000	-71.283997
0.062500	-77.259003
0.063000	-79.390999
0.063500	-86.925003
0.064000	-94.071999
0.064500	-100.419998
0.065000	-103.919998
0.065500	-106.720001
0.066000	-107.209999
0.066500	-107.550003
0.067000	-106.879997
0.067500	-102.250000
0.068000	-99.094002
0.068500	-93.028000
0.069000	-87.302002
0.069500	-77.097000
0.070000	-68.225998
0.070500	-59.944000
0.071000	-57.722000
0.071500	-60.332001
0.072000	-71.982002
0.072500	-83.467003
0.073000	-97.275002
0.073500	-113.720001
0.074000	-125.750000
0.074500	-139.660004
0.075000	-154.520004
0.075500	-169.250000
0.076000	-183.330002
0.076500	-194.080002
0.077000	-202.690002
0.077500	-208.570007
0.078000	-212.630005
0.078500	-213.539993
0.079000	-213.899994
0.079500	-205.179993
0.080000	-191.690002
0.080500	-172.350006
0.081000	-147.880005
0.081500	-120.830002
0.082000	-75.140999
0.082500	-28.704000
0.083000	20.437000
0.083500	70.184998
0.084000	118.339996
0.084500	163.429993
0.085000	200.000000
0.085500	245.729996
0.086000	290.250000
0.086500	335.250000
0.087000	384.429993
0.087500	432.549988
0.088000	476.109985
0.088500	519.020020
0.089000	558.539978
0.089500	605.640015
0.090000	647.429993
0.090500	685.619995
0.091000	717.950012
0.091500	745.099976
0.092000	764.830017
0.092500	782.580017
0.093000	793.630005
0.093500	799.250000
0.094000	801.570007
0.094500	800.849976
0.095000	799.179993
0.095500	796.429993
0.096000	783.570007
0.096500	761.619995
0.097000	724.599976
0.097500	676.789978
0.098000	619.299988
0.098500	556.140015
0.099000	487.410004
0.099500	410.209991
0.100000	325.059998
0.100500	236.289993
0.101000	143.470001
0.101500	51.515999
0.102000	-43.404999
0.102500	-139.589996
0.103000	-235.809998
0.103500	-337.500000
0.104000	-551.419983
0.104500	-964.659973
0.105000	-1389.800049
0.105500	-1862.500000
0.106000	-2240.800049
0.106500	-2367.699951
0.107000	-2258.399902
0.107500	-2018.000000
0.108000	-1746.699951
0.108500	-1521.599976
0.109000	-1299.800049
0.109500	-1051.099976
0.110000	-736.340027
0.110500	-378.309998
0.111000	-21.785999
0.111500	287.070007
0.112000	500.059998
0.112500	621.039978
0.113000	673.309998
0.113500	694.239990
0.114000	718.510010
0.114500	750.059998
0.115000	803.450012
0.115500	858.000000
0.116000	869.669983
0.116500	833.750000
0.117000	754.729980
0.117500	626.090027
0.118000	481.899994
0.118500	337.700012
0.119000	198.570007
0.119500	58.244999
0.120000	-84.199997
0.120500	-232.789993
0.121000	-404.760010
0.121500	-584.380005
0.122000	-758.549988
0.122500	-912.479980
0.123000	-1031.500000
0.123500	-1114.400024
0.124000	-1157.099976
0.124500	-1178.500000
0.125000	-1181.199951
0.125500	-1175.000000
0.126000	-1156.800049
0.126500	-1128.800049
0.127000	-1078.099976
0.127500	-994.469971
0.128000	-877.229980
0.128500	-740.719971
0.129000	-598.559998
0.129500	-473.390015
0.130000	-369.600006
0.130500	-290.980011
0.131000	-223.320007
0.131500	-167.429993
0.132000	-119.389999
0.132500	-76.971001
0.133000	-48.466000
0.133500	-34.405998
0.134000	-27.535000
0.134500	-24.757999
0.135000	-13.607000
0.135500	11.547000
0.136000	54.556999
0.136500	103.650002
0.137000	160.419998
0.137500	211.649994
0.138000	251.009995
0.138500	278.959991
0.139000	303.549988
0.139500	330.619995
0.140000	363.820007
0.140500	406.130005
0.141000	451.859985
0.141500	498.359985
0.142000	532.049988
0.142500	549.919983
0.143000	559.599976
0.143500	558.489990
0.144000	558.250000
0.144500	560.390015
0.145000	562.979980
0.145500	566.770020
0.146000	562.320007
0.146500	549.570007
0.147000	528.719971
0.147500	505.250000
0.148000	483.519989
0.148500	463.079987
0.149000	447.410004
0.149500	429.799988
0.150000	403.119995
0.150500	370.369995
0.151000	325.950012
0.151500	280.209991
0.152000	231.770004
0.152500	186.550003
0.153000	146.520004
0.153500	114.800003
0.154000	89.595001
0.154500	67.846001
0.155000	51.908001
0.155500	44.103001
0.156000	42.242001
0.156500	44.959999
0.157000	51.271999
0.157500	50.867001
0.158000	51.070000
0.158500	46.276001
0.159000	41.930000
0.159500	34.487999
0.160000	27.268999
0.160500	20.556000
0.161000	14.207000
0.161500	3.309100
0.162000	-4.189500
0.162500	-1.994500
0.163000	7.564800
0.163500	18.587999
0.164000	37.332001
0.164500	51.627998
0.165000	65.514000
0.165500	79.007004
0.166000	89.570000
0.166500	95.950996
0.167000	99.795998
0.167500	101.580002
0.168000	99.700996
0.168500	102.900002
0.169000	105.120003
0.169500	107.050003
0.170000	117.029999
0.170500	129.770004
0.171000	145.860001
0.171500	164.210007
0.172000	190.940002
0.172500	206.690002
0.173000	211.410004
0.173500	199.710007
0.174000	176.470001
0.174500	147.660004
0.175000	123.889999
0.175500	103.940002
0.176000	84.935997
0.176500	64.412003
0.177000	40.783001
0.177500	13.507000
0.178000	-23.957001
0.178500	-57.263000
0.179000	-88.834999
0.179500	-118.190002
0.180000	-139.869995
0.180500	-155.710007
0.181000	-168.470001
0.181500	-178.490005
0.182000	-190.479996
0.182500	-202.259995
0.183000	-216.830002
0.183500	-229.410004
0.184000	-242.449997
0.184500	-252.589996
0.185000	-262.890015
0.185500	-267.100006
0.186000	-272.679993
0.186500	-268.820007
0.187000	-265.440002
0.187500	-258.350006
0.188000	-247.279999
0.188500	-232.699997
0.189000	-216.850006
0.189500	-198.300003
0.190000	-180.179993
0.190500	-156.600006
0.191000	-135.350006
0.191500	-109.900002
0.192000	-82.612999
0.192500	-57.389000
0.193000	-32.925999
0.193500	-14.210000
0.194000	0.939990
0.194500	12.472000
0.195000	23.215000
0.195500	30.601999
0.196000	42.683998
0.196500	43.675999
0.197000	45.936001
0.197500	45.341999
0.198000	41.102001
0.198500	38.782001
0.199000	36.227001
0.199500	43.734001
0.200000	59.771999
0.200500	79.331001
0.201000	97.263000
0.201500	106.269997
0.202000	103.730003
0.202500	86.592003
0.203000	71.390999
0.203500	62.995998
0.204000	64.727997
0.204500	67.499001
0.205000	74.015999
0.205500	73.504997
0.206000	67.860001
0.206500	57.137001
0.207000	45.512001
0.207500	36.220001
0.208000	27.403000
0.208500	16.981001
0.209000	2.542900
0.209500	-18.855000
0.210000	-39.397999
0.210500	-59.823002
0.211000	-75.444000
0.211500	-82.654999
0.212000	-85.092003
0.212500	-79.278999
0.213000	-68.637001
0.213500	-60.368999
0.214000	-53.873001
0.214500	-48.782001
0.215000	-40.020000
0.215500	-27.539000
0.216000	-1.525300
0.216500	31.632000
0.217000	70.906998
0.217500	112.739998
0.218000	150.470001
0.218500	182.020004
0.219000	203.119995
0.219500	215.139999
0.220000	219.809998
0.220500	217.729996
0.221000	213.339996
0.221500	208.800003
0.222000	196.559998
0.222500	178.759995
0.223000	145.550003
0.223500	104.040001
0.224000	65.984001
0.224500	27.861000
0.225000	-0.271870
0.225500	-19.129999
0.226000	-32.424000
0.226500	-48.174000
0.227000	-72.773003
0.227500	-103.730003
0.228000	-132.240005
0.228500	-152.490005
0.229000	-161.470001
0.229500	-153.490005
0.230000	-131.940002
0.230500	-100.570000
0.231000	-62.828999
0.231500	-26.552999
0.232000	11.191000
0.232500	48.972000
0.233000	81.626999
0.233500	107.599998
0.234000	129.610001
0.234500	148.399994
0.235000	163.119995
0.235500	167.259995
0.236000	168.779999
0.236500	158.679993
0.237000	147.250000
0.237500	140.160004
0.238000	117.629997
0.238500	102.339996
0.239000	83.842003
0.239500	62.047001
0.240000	39.730999
0.240500	15.741000
0.241000	-3.466300
0.241500	-14.413000
0.242000	-17.756001
0.242500	-12.512000
0.243000	-2.352400
0.243500	7.931700
0.244000	22.108999
0.244500	31.087999
0.245000	37.460999
0.245500	40.146000
0.246000	35.245998
0.246500	27.292999
0.247000	13.008000
0.247500	-7.477600
0.248000	-31.216999
0.248500	-59.064999
0.249000	-84.311996
0.249500	-105.330002
0.250000	-127.480003
0.250500	-143.130005
0.251000	-159.789993
0.251500	-171.059998
0.252000	-175.119995
0.252500	-171.869995
0.253000	-159.130005
0.253500	-136.789993
0.254000	-115.470001
0.254500	-93.690002
0.255000	-70.839996
0.255500	-48.884998
0.256000	-28.370001
0.256500	-7.407200
0.257000	15.868000
0.257500	39.849998
0.258000	63.022999
0.258500	80.802002
0.259000	89.752998
0.259500	92.222000
0.260000	87.646004
0.260500	84.698997
0.261000	78.500999
0.261500	74.774002
0.262000	75.250000
0.262500	70.987999
0.263000	68.530998
0.263500	64.888000
0.264000	57.521999
0.264500	46.233002
0.265000	39.397999
0.265500	30.750000
0.266000	23.309999
0.266500	16.652000
0.267000	10.661000
0.267500	3.562700
0.268000	-4.083400
0.268500	-13.448000
0.269000	-23.021000
0.269500	-29.658001
0.270000	-39.410000
0.270500	-47.506001
0.271000	-52.724998
0.271500	-54.618999
0.272000	-53.169998
0.272500	-47.493999
0.273000	-37.012001
0.273500	-25.763000
0.274000	-13.451000
0.274500	2.368700
0.275000	14.866000
0.275500	29.646000
0.276000	42.495998
0.276500	55.631001
0.277000	66.818001
0.277500	73.500000
0.278000	75.885002
0.278500	74.101997
0.279000	69.321999
0.279500	65.970001
0.280000	58.731998
0.280500	56.166000
0.281000	54.950001
0.281500	55.030998
0.282000	57.068001
0.282500	54.916000
0.283000	48.681999
0.283500	43.060001
0.284000	35.922001
0.284500	30.737000
0.285000	24.195000
0.285500	25.253000
0.286000	26.096001
0.286500	30.077000
0.287000	33.483002
0.287500	33.180000
0.288000	32.908001
0.288500	28.580000
0.289000	26.732000
0.289500	24.532000
0.290000	23.292999
0.290500	24.198999
0.291000	26.844000
0.291500	26.607000
0.292000	24.716000
0.292500	20.016001
0.293000	15.323000
0.293500	10.018000
0.294000	4.935800
0.294500	3.416900
0.295000	4.431100
0.295500	5.391800
0.296000	4.002800
0.296500	-0.000500
0.297000	-4.294700
0.297500	-7.462500
0.298000	-9.084100
0.298500	-9.185600
