0.000000	-0.039142
0.000500	-0.069559
0.001000	0.040119
0.001500	-0.014727
0.002000	-0.010615
0.002500	-0.021341
0.003000	-0.025107
0.003500	-0.014638
0.004000	-0.017851
0.004500	0.003925
0.005000	-0.017932
0.005500	-0.012750
0.006000	-0.015114
0.006500	-0.033744
0.007000	-0.006993
0.007500	-0.043510
0.008000	-0.017065
0.008500	0.004777
0.009000	-0.033168
0.009500	-0.059540
0.010000	-0.016405
0.010500	-0.004238
0.011000	-0.058212
0.011500	-0.052591
0.012000	-0.004785
0.012500	0.028789
0.013000	0.008231
0.013500	0.030101
0.014000	0.018077
0.014500	-0.030404
0.015000	-0.005513
0.015500	-0.008290
0.016000	-0.039044
0.016500	-0.123000
0.017000	-0.082293
0.017500	-0.077149
0.018000	-0.076944
0.018500	-0.110720
0.019000	-0.148620
0.019500	-0.083420
0.020000	-0.066987
0.020500	-0.069550
0.021000	-0.041353
0.021500	-0.010733
0.022000	0.011017
0.022500	0.022145
0.023000	0.011127
0.023500	0.051725
0.024000	0.020787
0.024500	0.024075
0.025000	-0.010776
0.025500	-0.036705
0.026000	-0.076299
0.026500	-0.029670
0.027000	-0.048101
0.027500	-0.067709
0.028000	-0.121810
0.028500	-0.118480
0.029000	-0.072293
0.029500	-0.070180
0.030000	-0.063169
0.030500	-0.022987
0.031000	-0.021523
0.031500	-0.022885
0.032000	-0.068449
0.032500	-0.007515
0.033000	-0.019491
0.033500	-0.061136
0.034000	-0.076170
0.034500	-0.023152
0.035000	-0.018553
0.035500	-0.036646
0.036000	-0.058701
0.036500	-0.053037
0.037000	-0.044321
0.037500	-0.034864
0.038000	-0.010362
0.038500	0.005315
0.039000	0.028354
0.039500	-0.007446
0.040000	0.059302
0.040500	0.038921
0.041000	0.090263
0.041500	0.068595
0.042000	0.096135
0.042500	0.101210
0.043000	0.044723
0.043500	0.069706
0.044000	0.040412
0.044500	-0.012433
0.045000	-0.034596
0.045500	-0.049549
0.046000	-0.100110
0.046500	-0.090956
0.047000	-0.133940
0.047500	-0.094983
0.048000	-0.057256
0.048500	-0.089361
0.049000	-0.093698
0.049500	-0.093478
0.050000	-0.068710
0.050500	-0.050002
0.051000	-0.049939
0.051500	-0.040725
0.052000	-0.073550
0.052500	-0.144760
0.053000	-0.158960
0.053500	-0.201550
0.054000	-0.217790
0.054500	-0.233950
0.055000	-0.273740
0.055500	-0.291320
0.056000	-0.413370
0.056500	-0.437970
0.057000	-0.556520
0.057500	-0.691400
0.058000	-0.895310
0.058500	-1.049000
0.059000	-1.252400
0.059500	-1.437200
0.060000	-1.563300
0.060500	-1.734300
0.061000	-1.736500
0.061500	-1.773100
0.062000	-1.835700
0.062500	-1.868900
0.063000	-1.860900
0.063500	-1.884500
0.064000	-1.865200
0.064500	-1.829700
0.065000	-1.730800
0.065500	-1.653700
0.066000	-1.462400
0.066500	-1.242000
0.067000	-1.032200
0.067500	-0.771560
0.068000	-0.430610
0.068500	-0.161750
0.069000	0.139850
0.069500	0.452790
0.070000	0.709860
0.070500	0.832710
0.071000	0.875650
0.071500	0.869730
0.072000	0.754200
0.072500	0.650600
0.073000	0.550830
0.073500	0.615720
0.074000	0.594040
0.074500	0.665580
0.075000	0.793350
0.075500	0.986090
0.076000	1.154700
0.076500	1.320900
0.077000	1.520400
0.077500	1.693400
0.078000	1.821400
0.078500	1.925000
0.079000	1.975400
0.079500	2.095400
0.080000	2.102000
0.080500	2.216400
0.081000	2.263000
0.081500	2.269800
0.082000	2.410200
0.082500	2.496500
0.083000	2.616800
0.083500	2.684300
0.084000	2.718100
0.084500	2.692400
0.085000	2.594400
0.085500	2.640700
0.086000	2.693600
0.086500	2.681900
0.087000	2.832900
0.087500	2.875300
0.088000	2.945400
0.088500	3.053900
0.089000	3.114100
0.089500	3.373100
0.090000	3.653400
0.090500	3.915800
0.091000	4.135500
0.091500	4.438800
0.092000	4.823100
0.092500	5.096600
0.093000	5.539200
0.093500	6.019400
0.094000	6.533400
0.094500	7.155100
0.095000	7.745100
0.095500	8.356400
0.096000	8.876900
0.096500	9.190100
0.097000	9.352500
0.097500	9.333300
0.098000	9.077500
0.098500	8.737700
0.099000	8.225300
0.099500	7.500600
0.100000	6.578500
0.100500	5.556900
0.101000	4.347000
0.101500	3.173000
0.102000	1.759700
0.102500	0.185030
0.103000	-1.629000
0.103500	-3.612200
0.104000	-7.269200
0.104500	-13.551000
0.105000	-19.301001
0.105500	-25.025999
0.106000	-28.791000
0.106500	-28.379000
0.107000	-24.631001
0.107500	-19.097000
0.108000	-13.495000
0.108500	-8.851300
0.109000	-4.577200
0.109500	-0.592870
0.110000	3.457300
0.110500	7.085300
0.111000	9.844200
0.111500	11.318000
0.112000	11.239000
0.112500	9.695200
0.113000	7.267700
0.113500	4.532000
0.114000	1.835700
0.114500	-0.760400
0.115000	-3.071900
0.115500	-5.360200
0.116000	-7.954400
0.116500	-10.649000
0.117000	-13.152000
0.117500	-15.352000
0.118000	-16.695000
0.118500	-17.097000
0.119000	-16.632999
0.119500	-15.395000
0.120000	-13.664000
0.120500	-11.591000
0.121000	-9.641100
0.121500	-7.765600
0.122000	-5.990100
0.122500	-4.282200
0.123000	-2.639200
0.123500	-0.941760
0.124000	0.738970
0.124500	2.177400
0.125000	3.449200
0.125500	4.452500
0.126000	5.360700
0.126500	6.096400
0.127000	6.850600
0.127500	7.605100
0.128000	8.348200
0.128500	8.992400
0.129000	9.225200
0.129500	9.074900
0.130000	8.500800
0.130500	7.659000
0.131000	6.803000
0.131500	5.935600
0.132000	5.394300
0.132500	4.995000
0.133000	4.760000
0.133500	4.525400
0.134000	4.334400
0.134500	4.256200
0.135000	4.244500
0.135500	4.362900
0.136000	4.575500
0.136500	4.693400
0.137000	4.782500
0.137500	4.706800
0.138000	4.540300
0.138500	4.166300
0.139000	3.947700
0.139500	3.749000
0.140000	3.616600
0.140500	3.651100
0.141000	3.610500
0.141500	3.609000
0.142000	3.476800
0.142500	3.134800
0.143000	2.719500
0.143500	2.235000
0.144000	1.905000
0.144500	1.629700
0.145000	1.460800
0.145500	1.294500
0.146000	1.111300
0.146500	0.883500
0.147000	0.624480
0.147500	0.410140
0.148000	0.174990
0.148500	-0.087958
0.149000	-0.317130
0.149500	-0.516120
0.150000	-0.867300
0.150500	-1.214800
0.151000	-1.614100
0.151500	-1.870400
0.152000	-2.070100
0.152500	-2.071300
0.153000	-1.961500
0.153500	-1.631300
0.154000	-1.284500
0.154500	-0.880160
0.155000	-0.527000
0.155500	-0.102050
0.156000	0.311470
0.156500	0.590300
0.157000	0.815800
0.157500	1.019500
0.158000	1.087200
0.158500	1.059100
0.159000	1.056100
0.159500	0.946440
0.160000	0.815980
0.160500	0.652710
0.161000	0.434590
0.161500	0.229050
0.162000	-0.048839
0.162500	-0.121630
0.163000	-0.219730
0.163500	-0.339160
0.164000	-0.259370
0.164500	-0.305130
0.165000	-0.301770
0.165500	-0.294020
0.166000	-0.237950
0.166500	-0.197060
0.167000	-0.193490
0.167500	-0.286780
0.168000	-0.485450
0.168500	-0.624310
0.169000	-0.842160
0.169500	-1.115200
0.170000	-1.268400
0.170500	-1.370200
0.171000	-1.491400
0.171500	-1.641200
0.172000	-1.633300
0.172500	-1.795000
0.173000	-1.974500
0.173500	-2.257000
0.174000	-2.590600
0.174500	-2.987900
0.175000	-3.176400
0.175500	-3.359700
0.176000	-3.482300
0.176500	-3.667900
0.177000	-3.817100
0.177500	-4.032000
0.178000	-4.272300
0.178500	-4.479800
0.179000	-4.558100
0.179500	-4.627700
0.180000	-4.545500
0.180500	-4.470600
0.181000	-4.355500
0.181500	-4.226700
0.182000	-4.152300
0.182500	-4.155200
0.183000	-4.219600
0.183500	-4.247400
0.184000	-4.295200
0.184500	-4.281300
0.185000	-4.228300
0.185500	-3.955700
0.186000	-3.700100
0.186500	-3.348000
0.187000	-2.895400
0.187500	-2.424700
0.188000	-1.923800
0.188500	-1.468400
0.189000	-0.955410
0.189500	-0.457180
0.190000	0.043969
0.190500	0.635090
0.191000	1.174700
0.191500	1.749900
0.192000	2.333100
0.192500	2.843000
0.193000	3.374500
0.193500	3.648800
0.194000	3.823800
0.194500	3.875800
0.195000	3.858200
0.195500	3.812100
0.196000	3.529700
0.196500	3.598100
0.197000	3.450200
0.197500	3.330800
0.198000	3.151400
0.198500	2.965700
0.199000	2.844100
0.199500	2.834300
0.200000	2.922000
0.200500	3.092200
0.201000	3.155600
0.201500	3.181100
0.202000	2.997600
0.202500	2.712700
0.203000	2.369800
0.203500	2.033600
0.204000	1.691400
0.204500	1.266100
0.205000	0.842400
0.205500	0.368230
0.206000	-0.156180
0.206500	-0.726680
0.207000	-1.246200
0.207500	-1.695800
0.208000	-2.117500
0.208500	-2.466500
0.209000	-2.855000
0.209500	-3.153300
0.210000	-3.350900
0.210500	-3.408800
0.211000	-3.312200
0.211500	-3.035700
0.212000	-2.581300
0.212500	-2.021700
0.213000	-1.536000
0.213500	-1.066000
0.214000	-0.677580
0.214500	-0.416720
0.215000	-0.167740
0.215500	0.019127
0.216000	0.325450
0.216500	0.594770
0.217000	0.874910
0.217500	1.214900
0.218000	1.417100
0.218500	1.498400
0.219000	1.564000
0.219500	1.599900
0.220000	1.686000
0.220500	1.767000
0.221000	1.901700
0.221500	2.185800
0.222000	2.422800
0.222500	2.803600
0.223000	2.964300
0.223500	3.220400
0.224000	3.634300
0.224500	4.115900
0.225000	4.738900
0.225500	5.424800
0.226000	6.106100
0.226500	6.734000
0.227000	7.117000
0.227500	7.343400
0.228000	7.436100
0.228500	7.534000
0.229000	7.507900
0.229500	7.457000
0.230000	7.387100
0.230500	7.246200
0.231000	7.040900
0.231500	6.695900
0.232000	6.234400
0.232500	5.705300
0.233000	5.140600
0.233500	4.332700
0.234000	3.540100
0.234500	2.743500
0.235000	1.993100
0.235500	1.175900
0.236000	0.561040
0.236500	0.070503
0.237000	-0.256580
0.237500	-0.406950
0.238000	-0.540580
0.238500	-0.600100
0.239000	-0.669830
0.239500	-0.871370
0.240000	-1.031100
0.240500	-1.308000
0.241000	-1.638600
0.241500	-1.895000
0.242000	-2.101600
0.242500	-2.256800
0.243000	-2.372600
0.243500	-2.511300
0.244000	-2.609200
0.244500	-2.738500
0.245000	-2.965800
0.245500	-3.145500
0.246000	-3.394300
0.246500	-3.610600
0.247000	-3.784200
0.247500	-3.920500
0.248000	-4.001100
0.248500	-3.908600
0.249000	-3.697500
0.249500	-3.336600
0.250000	-2.984500
0.250500	-2.452600
0.251000	-1.997300
0.251500	-1.431300
0.252000	-0.936300
0.252500	-0.450690
0.253000	0.023832
0.253500	0.487230
0.254000	0.804580
0.254500	0.901530
0.255000	0.985630
0.255500	0.931350
0.256000	0.758900
0.256500	0.548990
0.257000	0.380210
0.257500	0.115110
0.258000	-0.050116
0.258500	-0.307230
0.259000	-0.673400
0.259500	-0.971600
0.260000	-1.356400
0.260500	-1.513000
0.261000	-1.721800
0.261500	-1.857000
0.262000	-1.817900
0.262500	-1.839900
0.263000	-1.735800
0.263500	-1.659100
0.264000	-1.657200
0.264500	-1.732400
0.265000	-1.662200
0.265500	-1.676800
0.266000	-1.609800
0.266500	-1.556600
0.267000	-1.504600
0.267500	-1.491300
0.268000	-1.351900
0.268500	-1.254000
0.269000	-1.119100
0.269500	-0.955740
0.270000	-0.840910
0.270500	-0.673780
0.271000	-0.480510
0.271500	-0.309710
0.272000	-0.215260
0.272500	-0.138150
0.273000	-0.147580
0.273500	-0.252470
0.274000	-0.375140
0.274500	-0.459040
0.275000	-0.669120
0.275500	-0.853150
0.276000	-1.001000
0.276500	-1.189600
0.277000	-1.274900
0.277500	-1.439600
0.278000	-1.597200
0.278500	-1.763800
0.279000	-1.929400
0.279500	-1.963800
0.280000	-2.064100
0.280500	-2.008000
0.281000	-1.927800
0.281500	-1.814300
0.282000	-1.665400
0.282500	-1.544800
0.283000	-1.566900
0.283500	-1.551600
0.284000	-1.565600
0.284500	-1.557800
0.285000	-1.670100
0.285500	-1.615500
0.286000	-1.545900
0.286500	-1.451800
0.287000	-1.332900
0.287500	-1.285500
0.288000	-1.100900
0.288500	-1.017200
0.289000	-0.893320
0.289500	-0.792840
0.290000	-0.588100
0.290500	-0.479840
0.291000	-0.317530
0.291500	-0.224240
0.292000	-0.174140
0.292500	-0.187420
0.293000	-0.114640
0.293500	-0.170260
0.294000	-0.135380
0.294500	-0.092888
0.295000	-0.022180
0.295500	-0.001658
0.296000	0.024373
0.296500	-0.022968
0.297000	-0.039214
0.297500	0.019885
0.298000	0.065319
0.298500	0.104090
