0.000000	0.000846
0.000500	0.002576
0.001000	0.004342
0.001500	0.006093
0.002000	0.007958
0.002500	0.009716
0.003000	0.011053
0.003500	0.011938
0.004000	0.012632
0.004500	0.013346
0.005000	0.014209
0.005500	0.015523
0.006000	0.016990
0.006500	0.018449
0.007000	0.020018
0.007500	0.021545
0.008000	0.022749
0.008500	0.023711
0.009000	0.024333
0.009500	0.024770
0.010000	0.025347
0.010500	0.025824
0.011000	0.026589
0.011500	0.027379
0.012000	0.027911
0.012500	0.028785
0.013000	0.029498
0.013500	0.029982
0.014000	0.030174
0.014500	0.030157
0.015000	0.030389
0.015500	0.030892
0.016000	0.031489
0.016500	0.031593
0.017000	0.031462
0.017500	0.031487
0.018000	0.031557
0.018500	0.031615
0.019000	0.031825
0.019500	0.032070
0.020000	0.032474
0.020500	0.033393
0.021000	0.034496
0.021500	0.035232
0.022000	0.035661
0.022500	0.035979
0.023000	0.036100
0.023500	0.036167
0.024000	0.036168
0.024500	0.036099
0.025000	0.036286
0.025500	0.036863
0.026000	0.037556
0.026500	0.038050
0.027000	0.038176
0.027500	0.037931
0.028000	0.037511
0.028500	0.036954
0.029000	0.036323
0.029500	0.035591
0.030000	0.035167
0.030500	0.035362
0.031000	0.035906
0.031500	0.036511
0.032000	0.037161
0.032500	0.037446
0.033000	0.037239
0.033500	0.036897
0.034000	0.036421
0.034500	0.035721
0.035000	0.034936
0.035500	0.034358
0.036000	0.034018
0.036500	0.033916
0.037000	0.033939
0.037500	0.033820
0.038000	0.033610
0.038500	0.033351
0.039000	0.032738
0.039500	0.031779
0.040000	0.030564
0.040500	0.029217
0.041000	0.028213
0.041500	0.027792
0.042000	0.027534
0.042500	0.027225
0.043000	0.026861
0.043500	0.026502
0.044000	0.026267
0.044500	0.025614
0.045000	0.024448
0.045500	0.023033
0.046000	0.021549
0.046500	0.020398
0.047000	0.019486
0.047500	0.018760
0.048000	0.018366
0.048500	0.018425
0.049000	0.018792
0.049500	0.018974
0.050000	0.018560
0.050500	0.017594
0.051000	0.016485
0.051500	0.015752
0.052000	0.015852
0.052500	0.016871
0.053000	0.018621
0.053500	0.020845
0.054000	0.023414
0.054500	0.026349
0.055000	0.029111
0.055500	0.031337
0.056000	0.032983
0.056500	0.034440
0.057000	0.035719
0.057500	0.036313
0.058000	0.036039
0.058500	0.034832
0.059000	0.032829
0.059500	0.030273
0.060000	0.027373
0.060500	0.024285
0.061000	0.020637
0.061500	0.016356
0.062000	0.012071
0.062500	0.007667
0.063000	0.002909
0.063500	-0.002556
0.064000	-0.008884
0.064500	-0.016098
0.065000	-0.024872
0.065500	-0.035680
0.066000	-0.048616
0.066500	-0.063143
0.067000	-0.078887
0.067500	-0.095835
0.068000	-0.113500
0.068500	-0.131810
0.069000	-0.151220
0.069500	-0.171990
0.070000	-0.194060
0.070500	-0.217750
0.071000	-0.243640
0.071500	-0.271700
0.072000	-0.301210
0.072500	-0.332020
0.073000	-0.364420
0.073500	-0.398110
0.074000	-0.432900
0.074500	-0.468400
0.075000	-0.504120
0.075500	-0.540040
0.076000	-0.576040
0.076500	-0.611850
0.077000	-0.647160
0.077500	-0.681290
0.078000	-0.713370
0.078500	-0.742360
0.079000	-0.767820
0.079500	-0.789870
0.080000	-0.808150
0.080500	-0.822740
0.081000	-0.834340
0.081500	-0.843470
0.082000	-0.850180
0.082500	-0.854450
0.083000	-0.857130
0.083500	-0.859070
0.084000	-0.860710
0.084500	-0.862530
0.085000	-0.864330
0.085500	-0.865750
0.086000	-0.866620
0.086500	-0.866830
0.087000	-0.866690
0.087500	-0.866000
0.088000	-0.865560
0.088500	-0.866180
0.089000	-0.867420
0.089500	-0.869100
0.090000	-0.871570
0.090500	-0.875060
0.091000	-0.878590
0.091500	-0.880980
0.092000	-0.881640
0.092500	-0.879910
0.093000	-0.875130
0.093500	-0.866390
0.094000	-0.854380
0.094500	-0.841190
0.095000	-0.827380
0.095500	-0.814050
0.096000	-0.803070
0.096500	-0.794680
0.097000	-0.787990
0.097500	-0.781220
0.098000	-0.773850
0.098500	-0.763190
0.099000	-0.744720
0.099500	-0.718590
0.100000	-0.684660
0.100500	-0.639850
0.101000	-0.585080
0.101500	-0.526460
0.102000	-0.467820
0.102500	-0.409870
0.103000	-0.355010
0.103500	-0.304580
0.104000	-0.255930
0.104500	-0.205480
0.105000	-0.150120
0.105500	-0.087114
0.106000	-0.014769
0.106500	0.067118
0.107000	0.159090
0.107500	0.262030
0.108000	0.375720
0.108500	0.500300
0.109000	0.633750
0.109500	0.769070
0.110000	0.898290
0.110500	1.017200
0.111000	1.125200
0.111500	1.222200
0.112000	1.310700
0.112500	1.396800
0.113000	1.484300
0.113500	1.574600
0.114000	1.667700
0.114500	1.763100
0.115000	1.858900
0.115500	1.955300
0.116000	2.048200
0.116500	2.136400
0.117000	2.220100
0.117500	2.293900
0.118000	2.353800
0.118500	2.402600
0.119000	2.445600
0.119500	2.482600
0.120000	2.512000
0.120500	2.535200
0.121000	2.556200
0.121500	2.576200
0.122000	2.592400
0.122500	2.604400
0.123000	2.614000
0.123500	2.621600
0.124000	2.625800
0.124500	2.625400
0.125000	2.622000
0.125500	2.615400
0.126000	2.603600
0.126500	2.585900
0.127000	2.563700
0.127500	2.538800
0.128000	2.509700
0.128500	2.475500
0.129000	2.438600
0.129500	2.401400
0.130000	2.363500
0.130500	2.324000
0.131000	2.285200
0.131500	2.248800
0.132000	2.213800
0.132500	2.178300
0.133000	2.142700
0.133500	2.108600
0.134000	2.075300
0.134500	2.041200
0.135000	2.007300
0.135500	1.974900
0.136000	1.943600
0.136500	1.911500
0.137000	1.877700
0.137500	1.843300
0.138000	1.809100
0.138500	1.774600
0.139000	1.739800
0.139500	1.705600
0.140000	1.673600
0.140500	1.644200
0.141000	1.615800
0.141500	1.588600
0.142000	1.563600
0.142500	1.541300
0.143000	1.521800
0.143500	1.504300
0.144000	1.489300
0.144500	1.477700
0.145000	1.468900
0.145500	1.463300
0.146000	1.461700
0.146500	1.465500
0.147000	1.474900
0.147500	1.488800
0.148000	1.505900
0.148500	1.526000
0.149000	1.549600
0.149500	1.576200
0.150000	1.604100
0.150500	1.632200
0.151000	1.659100
0.151500	1.682300
0.152000	1.699500
0.152500	1.710200
0.153000	1.715300
0.153500	1.715100
0.154000	1.709500
0.154500	1.699300
0.155000	1.686100
0.155500	1.672500
0.156000	1.660500
0.156500	1.651500
0.157000	1.647000
0.157500	1.647500
0.158000	1.650800
0.158500	1.653700
0.159000	1.654200
0.159500	1.650300
0.160000	1.641400
0.160500	1.629400
0.161000	1.615800
0.161500	1.601500
0.162000	1.586500
0.162500	1.570400
0.163000	1.553700
0.163500	1.537400
0.164000	1.521400
0.164500	1.504000
0.165000	1.483800
0.165500	1.460100
0.166000	1.430500
0.166500	1.393900
0.167000	1.351100
0.167500	1.303400
0.168000	1.252000
0.168500	1.198300
0.169000	1.145100
0.169500	1.096300
0.170000	1.054000
0.170500	1.018900
0.171000	0.991820
0.171500	0.972680
0.172000	0.960680
0.172500	0.954380
0.173000	0.953000
0.173500	0.955170
0.174000	0.958600
0.174500	0.961680
0.175000	0.963110
0.175500	0.962420
0.176000	0.960080
0.176500	0.957110
0.177000	0.954180
0.177500	0.952110
0.178000	0.951190
0.178500	0.951110
0.179000	0.952190
0.179500	0.954120
0.180000	0.956670
0.180500	0.959720
0.181000	0.963410
0.181500	0.966630
0.182000	0.968230
0.182500	0.968510
0.183000	0.967530
0.183500	0.965750
0.184000	0.964050
0.184500	0.962920
0.185000	0.962220
0.185500	0.962670
0.186000	0.964990
0.186500	0.969780
0.187000	0.978410
0.187500	0.990700
0.188000	1.004800
0.188500	1.018800
0.189000	1.031300
0.189500	1.041400
0.190000	1.048500
0.190500	1.053600
0.191000	1.057900
0.191500	1.062200
0.192000	1.066700
0.192500	1.071300
0.193000	1.075500
0.193500	1.079000
0.194000	1.081300
0.194500	1.082500
0.195000	1.083600
0.195500	1.085300
0.196000	1.087700
0.196500	1.090600
0.197000	1.094200
0.197500	1.098800
0.198000	1.104800
0.198500	1.112500
0.199000	1.122000
0.199500	1.132900
0.200000	1.145000
0.200500	1.158500
0.201000	1.172300
0.201500	1.185500
0.202000	1.197600
0.202500	1.208700
0.203000	1.219800
0.203500	1.231900
0.204000	1.244300
0.204500	1.255800
0.205000	1.265900
0.205500	1.274500
0.206000	1.279900
0.206500	1.281800
0.207000	1.280400
0.207500	1.275400
0.208000	1.267600
0.208500	1.257100
0.209000	1.243100
0.209500	1.224900
0.210000	1.201800
0.210500	1.173100
0.211000	1.139200
0.211500	1.100600
0.212000	1.057700
0.212500	1.011000
0.213000	0.961800
0.213500	0.911350
0.214000	0.861620
0.214500	0.814130
0.215000	0.769820
0.215500	0.729620
0.216000	0.693990
0.216500	0.661990
0.217000	0.632590
0.217500	0.605570
0.218000	0.580730
0.218500	0.558060
0.219000	0.537800
0.219500	0.520310
0.220000	0.505810
0.220500	0.494640
0.221000	0.487300
0.221500	0.484060
0.222000	0.484000
0.222500	0.486690
0.223000	0.491330
0.223500	0.496550
0.224000	0.501900
0.224500	0.507160
0.225000	0.512570
0.225500	0.519050
0.226000	0.527980
0.226500	0.540940
0.227000	0.558410
0.227500	0.580060
0.228000	0.605920
0.228500	0.634720
0.229000	0.665500
0.229500	0.697360
0.230000	0.728990
0.230500	0.759790
0.231000	0.788270
0.231500	0.813950
0.232000	0.836340
0.232500	0.854460
0.233000	0.867380
0.233500	0.874920
0.234000	0.879050
0.234500	0.882050
0.235000	0.885280
0.235500	0.890750
0.236000	0.899930
0.236500	0.912590
0.237000	0.928210
0.237500	0.946470
0.238000	0.966460
0.238500	0.987250
0.239000	1.009000
0.239500	1.031600
0.240000	1.054800
0.240500	1.077300
0.241000	1.099200
0.241500	1.120800
0.242000	1.142400
0.242500	1.165000
0.243000	1.189700
0.243500	1.216800
0.244000	1.244400
0.244500	1.270300
0.245000	1.293200
0.245500	1.312700
0.246000	1.328700
0.246500	1.342500
0.247000	1.357900
0.247500	1.377900
0.248000	1.403600
0.248500	1.435500
0.249000	1.474200
0.249500	1.519500
0.250000	1.568400
0.250500	1.617400
0.251000	1.664500
0.251500	1.706800
0.252000	1.741100
0.252500	1.766300
0.253000	1.783400
0.253500	1.794300
0.254000	1.800600
0.254500	1.803500
0.255000	1.804700
0.255500	1.805800
0.256000	1.806800
0.256500	1.808300
0.257000	1.811100
0.257500	1.815900
0.258000	1.821900
0.258500	1.828400
0.259000	1.835200
0.259500	1.841000
0.260000	1.843900
0.260500	1.843800
0.261000	1.841100
0.261500	1.836900
0.262000	1.831100
0.262500	1.823100
0.263000	1.813400
0.263500	1.802800
0.264000	1.791200
0.264500	1.778200
0.265000	1.764200
0.265500	1.750600
0.266000	1.738800
0.266500	1.728400
0.267000	1.719700
0.267500	1.713400
0.268000	1.709400
0.268500	1.707100
0.269000	1.706100
0.269500	1.707400
0.270000	1.711400
0.270500	1.718500
0.271000	1.727500
0.271500	1.737800
0.272000	1.749700
0.272500	1.762100
0.273000	1.773300
0.273500	1.782100
0.274000	1.788100
0.274500	1.791700
0.275000	1.793100
0.275500	1.792800
0.276000	1.791800
0.276500	1.791000
0.277000	1.790900
0.277500	1.790500
0.278000	1.788800
0.278500	1.785200
0.279000	1.779700
0.279500	1.772900
0.280000	1.764300
0.280500	1.753500
0.281000	1.741000
0.281500	1.727300
0.282000	1.711800
0.282500	1.694400
0.283000	1.675800
0.283500	1.656900
0.284000	1.638700
0.284500	1.620400
0.285000	1.601200
0.285500	1.580900
0.286000	1.559600
0.286500	1.537300
0.287000	1.513700
0.287500	1.489500
0.288000	1.465700
0.288500	1.442200
0.289000	1.419000
0.289500	1.396600
0.290000	1.375400
0.290500	1.355300
0.291000	1.336300
0.291500	1.318500
0.292000	1.302400
0.292500	1.288100
0.293000	1.275900
0.293500	1.265500
0.294000	1.255600
0.294500	1.245800
0.295000	1.236200
0.295500	1.227100
0.296000	1.218500
0.296500	1.210200
0.297000	1.202500
0.297500	1.195800
0.298000	1.191000
0.298500	1.187800
