0.000000	-10586.465820
0.000500	-10586.465820
0.001000	-10586.465820
0.001500	-10586.465820
0.002000	-10586.465820
0.002500	-10586.465820
0.003000	-10586.465820
0.003500	-10586.465820
0.004000	-10586.465820
0.004500	-10586.719727
0.005000	-10587.481445
0.005500	-10588.243164
0.006000	-10588.498047
0.006500	-10588.751953
0.007000	-10588.498047
0.007500	-10587.990234
0.008000	-10587.736328
0.008500	-10587.227539
0.009000	-10586.974609
0.009500	-10586.719727
0.010000	-10586.211914
0.010500	-10585.958008
0.011000	-10585.704102
0.011500	-10585.704102
0.012000	-10585.958008
0.012500	-10586.465820
0.013000	-10586.974609
0.013500	-10587.481445
0.014000	-10587.227539
0.014500	-10586.974609
0.015000	-10586.719727
0.015500	-10586.465820
0.016000	-10586.465820
0.016500	-10586.465820
0.017000	-10586.465820
0.017500	-10586.719727
0.018000	-10586.719727
0.018500	-10586.719727
0.019000	-10586.465820
0.019500	-10586.465820
0.020000	-10586.211914
0.020500	-10586.211914
0.021000	-10586.211914
0.021500	-10586.211914
0.022000	-10586.465820
0.022500	-10586.465820
0.023000	-10586.465820
0.023500	-10586.465820
0.024000	-10586.465820
0.024500	-10586.465820
0.025000	-10586.465820
0.025500	-10586.211914
0.026000	-10585.958008
0.026500	-10585.704102
0.027000	-10585.450195
0.027500	-10585.195312
0.028000	-10584.941406
0.028500	-10584.688477
0.029000	-10584.433594
0.029500	-10584.179688
0.030000	-10583.925781
0.030500	-10583.925781
0.031000	-10584.433594
0.031500	-10585.195312
0.032000	-10585.704102
0.032500	-10585.704102
0.033000	-10585.704102
0.033500	-10585.195312
0.034000	-10584.941406
0.034500	-10584.688477
0.035000	-10584.688477
0.035500	-10585.195312
0.036000	-10585.450195
0.036500	-10585.958008
0.037000	-10585.958008
0.037500	-10585.958008
0.038000	-10585.450195
0.038500	-10584.941406
0.039000	-10584.433594
0.039500	-10584.433594
0.040000	-10584.433594
0.040500	-10584.688477
0.041000	-10584.941406
0.041500	-10584.941406
0.042000	-10584.941406
0.042500	-10584.688477
0.043000	-10584.433594
0.043500	-10584.433594
0.044000	-10584.179688
0.044500	-10584.179688
0.045000	-10584.179688
0.045500	-10584.433594
0.046000	-10584.433594
0.046500	-10584.179688
0.047000	-10583.925781
0.047500	-10583.417969
0.048000	-10582.909180
0.048500	-10582.402344
0.049000	-10581.893555
0.049500	-10581.385742
0.050000	-10580.624023
0.050500	-10580.116211
0.051000	-10579.608398
0.051500	-10579.099609
0.052000	-10578.592773
0.052500	-10577.830078
0.053000	-10577.068359
0.053500	-10576.051758
0.054000	-10574.781250
0.054500	-10573.257812
0.055000	-10571.733398
0.055500	-10569.956055
0.056000	-10568.685547
0.056500	-10567.161133
0.057000	-10565.892578
0.057500	-10564.368164
0.058000	-10563.097656
0.058500	-10561.828125
0.059000	-10561.065430
0.059500	-10560.303711
0.060000	-10559.288086
0.060500	-10558.018555
0.061000	-10555.985352
0.061500	-10553.699219
0.062000	-10551.413086
0.062500	-10549.380859
0.063000	-10547.349609
0.063500	-10545.318359
0.064000	-10543.540039
0.064500	-10541.761719
0.065000	-10539.983398
0.065500	-10538.714844
0.066000	-10537.443359
0.066500	-10536.428711
0.067000	-10535.412109
0.067500	-10534.142578
0.068000	-10532.364258
0.068500	-10530.585938
0.069000	-10528.299805
0.069500	-10526.014648
0.070000	-10523.473633
0.070500	-10520.425781
0.071000	-10517.124023
0.071500	-10513.568359
0.072000	-10509.757812
0.072500	-10505.693359
0.073000	-10501.375977
0.073500	-10496.804688
0.074000	-10491.977539
0.074500	-10486.643555
0.075000	-10481.309570
0.075500	-10475.721680
0.076000	-10470.387695
0.076500	-10464.799805
0.077000	-10459.211914
0.077500	-10453.624023
0.078000	-10447.781250
0.078500	-10442.193359
0.079000	-10436.606445
0.079500	-10431.526367
0.080000	-10426.954102
0.080500	-10422.635742
0.081000	-10418.571289
0.081500	-10414.761719
0.082000	-10410.698242
0.082500	-10407.141602
0.083000	-10403.584961
0.083500	-10400.537109
0.084000	-10397.743164
0.084500	-10395.204102
0.085000	-10392.918945
0.085500	-10390.885742
0.086000	-10389.107422
0.086500	-10387.583984
0.087000	-10386.059570
0.087500	-10384.536133
0.088000	-10383.011719
0.088500	-10381.488281
0.089000	-10379.708984
0.089500	-10378.186523
0.090000	-10376.407227
0.090500	-10374.883789
0.091000	-10373.106445
0.091500	-10371.073242
0.092000	-10368.534180
0.092500	-10365.486328
0.093000	-10361.675781
0.093500	-10357.104492
0.094000	-10352.277344
0.094500	-10347.452148
0.095000	-10342.625977
0.095500	-10338.053711
0.096000	-10333.481445
0.096500	-10329.163086
0.097000	-10324.845703
0.097500	-10320.273438
0.098000	-10315.702148
0.098500	-10311.130859
0.099000	-10306.557617
0.099500	-10301.985352
0.100000	-10297.414062
0.100500	-10292.841797
0.101000	-10288.523438
0.101500	-10284.459961
0.102000	-10281.157227
0.102500	-10278.618164
0.103000	-10276.585938
0.103500	-10274.554688
0.104000	-10272.522461
0.104500	-10270.489258
0.105000	-10268.457031
0.105500	-10266.679688
0.106000	-10264.647461
0.106500	-10262.616211
0.107000	-10260.583984
0.107500	-10258.806641
0.108000	-10257.281250
0.108500	-10255.757812
0.109000	-10254.233398
0.109500	-10251.947266
0.110000	-10249.408203
0.110500	-10246.359375
0.111000	-10243.566406
0.111500	-10240.518555
0.112000	-10237.723633
0.112500	-10235.183594
0.113000	-10232.390625
0.113500	-10229.849609
0.114000	-10227.310547
0.114500	-10225.024414
0.115000	-10223.246094
0.115500	-10221.467773
0.116000	-10219.690430
0.116500	-10217.658203
0.117000	-10215.118164
0.117500	-10212.578125
0.118000	-10210.038086
0.118500	-10207.751953
0.119000	-10205.211914
0.119500	-10203.180664
0.120000	-10200.893555
0.120500	-10198.862305
0.121000	-10196.830078
0.121500	-10195.051758
0.122000	-10193.528320
0.122500	-10192.003906
0.123000	-10190.480469
0.123500	-10188.701172
0.124000	-10186.923828
0.124500	-10185.145508
0.125000	-10183.114258
0.125500	-10181.335938
0.126000	-10179.303711
0.126500	-10177.271484
0.127000	-10174.986328
0.127500	-10172.954102
0.128000	-10171.175781
0.128500	-10169.906250
0.129000	-10168.381836
0.129500	-10167.111328
0.130000	-10165.841797
0.130500	-10164.571289
0.131000	-10163.302734
0.131500	-10161.778320
0.132000	-10160.506836
0.132500	-10159.238281
0.133000	-10157.713867
0.133500	-10156.189453
0.134000	-10154.666016
0.134500	-10152.633789
0.135000	-10150.856445
0.135500	-10148.569336
0.136000	-10145.268555
0.136500	-10141.965820
0.137000	-10138.917969
0.137500	-10136.885742
0.138000	-10135.361328
0.138500	-10134.092773
0.139000	-10132.822266
0.139500	-10131.551758
0.140000	-10130.536133
0.140500	-10129.519531
0.141000	-10128.250000
0.141500	-10127.233398
0.142000	-10126.217773
0.142500	-10125.456055
0.143000	-10124.694336
0.143500	-10124.185547
0.144000	-10123.677734
0.144500	-10123.169922
0.145000	-10122.661133
0.145500	-10122.408203
0.146000	-10122.154297
0.146500	-10121.899414
0.147000	-10121.645508
0.147500	-10121.645508
0.148000	-10121.645508
0.148500	-10121.645508
0.149000	-10121.645508
0.149500	-10121.899414
0.150000	-10122.661133
0.150500	-10123.169922
0.151000	-10123.677734
0.151500	-10123.931641
0.152000	-10123.931641
0.152500	-10123.931641
0.153000	-10123.931641
0.153500	-10124.185547
0.154000	-10124.185547
0.154500	-10124.440430
0.155000	-10124.440430
0.155500	-10124.694336
0.156000	-10124.694336
0.156500	-10124.694336
0.157000	-10124.185547
0.157500	-10123.677734
0.158000	-10123.169922
0.158500	-10122.661133
0.159000	-10122.154297
0.159500	-10121.899414
0.160000	-10121.645508
0.160500	-10121.392578
0.161000	-10121.137695
0.161500	-10121.137695
0.162000	-10121.392578
0.162500	-10121.899414
0.163000	-10122.154297
0.163500	-10122.661133
0.164000	-10123.169922
0.164500	-10123.677734
0.165000	-10124.440430
0.165500	-10124.947266
0.166000	-10125.709961
0.166500	-10126.471680
0.167000	-10127.233398
0.167500	-10127.995117
0.168000	-10128.503906
0.168500	-10129.265625
0.169000	-10129.774414
0.169500	-10130.281250
0.170000	-10131.042969
0.170500	-10131.551758
0.171000	-10132.313477
0.171500	-10133.076172
0.172000	-10133.583984
0.172500	-10134.092773
0.173000	-10134.345703
0.173500	-10134.599609
0.174000	-10134.854492
0.174500	-10135.108398
0.175000	-10135.361328
0.175500	-10135.616211
0.176000	-10135.870117
0.176500	-10136.124023
0.177000	-10136.377930
0.177500	-10136.377930
0.178000	-10136.124023
0.178500	-10135.870117
0.179000	-10135.870117
0.179500	-10136.124023
0.180000	-10136.377930
0.180500	-10136.885742
0.181000	-10137.140625
0.181500	-10137.647461
0.182000	-10137.902344
0.182500	-10138.156250
0.183000	-10138.664062
0.183500	-10138.917969
0.184000	-10139.425781
0.184500	-10139.933594
0.185000	-10140.950195
0.185500	-10141.965820
0.186000	-10143.236328
0.186500	-10144.251953
0.187000	-10145.268555
0.187500	-10146.538086
0.188000	-10147.554688
0.188500	-10148.569336
0.189000	-10149.840820
0.189500	-10151.109375
0.190000	-10152.379883
0.190500	-10153.650391
0.191000	-10155.173828
0.191500	-10156.443359
0.192000	-10157.713867
0.192500	-10159.238281
0.193000	-10160.506836
0.193500	-10161.778320
0.194000	-10162.540039
0.194500	-10163.302734
0.195000	-10163.555664
0.195500	-10164.064453
0.196000	-10165.080078
0.196500	-10165.841797
0.197000	-10166.857422
0.197500	-10167.873047
0.198000	-10168.889648
0.198500	-10169.652344
0.199000	-10170.668945
0.199500	-10171.430664
0.200000	-10172.192383
0.200500	-10173.207031
0.201000	-10174.223633
0.201500	-10175.748047
0.202000	-10177.271484
0.202500	-10178.541992
0.203000	-10179.811523
0.203500	-10180.828125
0.204000	-10181.843750
0.204500	-10182.606445
0.205000	-10183.621094
0.205500	-10185.145508
0.206000	-10186.923828
0.206500	-10188.956055
0.207000	-10191.242188
0.207500	-10193.782227
0.208000	-10196.576172
0.208500	-10199.624023
0.209000	-10202.671875
0.209500	-10205.719727
0.210000	-10208.259766
0.210500	-10210.799805
0.211000	-10213.339844
0.211500	-10215.880859
0.212000	-10218.673828
0.212500	-10221.467773
0.213000	-10224.262695
0.213500	-10227.056641
0.214000	-10229.849609
0.214500	-10232.643555
0.215000	-10235.183594
0.215500	-10237.723633
0.216000	-10240.518555
0.216500	-10243.057617
0.217000	-10245.852539
0.217500	-10248.899414
0.218000	-10251.947266
0.218500	-10254.995117
0.219000	-10258.042969
0.219500	-10261.091797
0.220000	-10264.139648
0.220500	-10267.188477
0.221000	-10270.489258
0.221500	-10273.791992
0.222000	-10277.347656
0.222500	-10281.666016
0.223000	-10285.730469
0.223500	-10289.540039
0.224000	-10292.587891
0.224500	-10295.127930
0.225000	-10297.921875
0.225500	-10300.461914
0.226000	-10303.255859
0.226500	-10305.795898
0.227000	-10308.335938
0.227500	-10310.875977
0.228000	-10313.416016
0.228500	-10315.956055
0.229000	-10318.242188
0.229500	-10320.528320
0.230000	-10322.814453
0.230500	-10325.099609
0.231000	-10327.639648
0.231500	-10330.433594
0.232000	-10332.973633
0.232500	-10335.767578
0.233000	-10338.562500
0.233500	-10341.356445
0.234000	-10344.149414
0.234500	-10347.197266
0.235000	-10349.992188
0.235500	-10352.786133
0.236000	-10355.326172
0.236500	-10357.866211
0.237000	-10360.406250
0.237500	-10362.691406
0.238000	-10364.977539
0.238500	-10367.009766
0.239000	-10369.041992
0.239500	-10370.819336
0.240000	-10372.597656
0.240500	-10374.122070
0.241000	-10375.391602
0.241500	-10376.662109
0.242000	-10377.931641
0.242500	-10378.693359
0.243000	-10379.456055
0.243500	-10379.963867
0.244000	-10380.471680
0.244500	-10380.725586
0.245000	-10380.725586
0.245500	-10380.725586
0.246000	-10380.725586
0.246500	-10380.725586
0.247000	-10380.725586
0.247500	-10380.725586
0.248000	-10380.980469
0.248500	-10381.488281
0.249000	-10381.995117
0.249500	-10382.504883
0.250000	-10383.266602
0.250500	-10384.536133
0.251000	-10385.805664
0.251500	-10386.821289
0.252000	-10387.330078
0.252500	-10387.583984
0.253000	-10387.330078
0.253500	-10387.583984
0.254000	-10387.837891
0.254500	-10388.600586
0.255000	-10389.616211
0.255500	-10390.631836
0.256000	-10391.647461
0.256500	-10392.156250
0.257000	-10392.664062
0.257500	-10392.918945
0.258000	-10393.425781
0.258500	-10393.680664
0.259000	-10393.933594
0.259500	-10394.442383
0.260000	-10394.695312
0.260500	-10394.950195
0.261000	-10394.950195
0.261500	-10394.950195
0.262000	-10394.695312
0.262500	-10394.187500
0.263000	-10393.933594
0.263500	-10393.933594
0.264000	-10394.187500
0.264500	-10394.442383
0.265000	-10394.950195
0.265500	-10395.457031
0.266000	-10395.966797
0.266500	-10396.728516
0.267000	-10397.490234
0.267500	-10398.251953
0.268000	-10399.013672
0.268500	-10399.521484
0.269000	-10400.030273
0.269500	-10400.284180
0.270000	-10400.537109
0.270500	-10400.284180
0.271000	-10399.521484
0.271500	-10398.251953
0.272000	-10396.981445
0.272500	-10395.711914
0.273000	-10394.950195
0.273500	-10394.187500
0.274000	-10393.680664
0.274500	-10393.425781
0.275000	-10393.425781
0.275500	-10394.442383
0.276000	-10395.966797
0.276500	-10397.490234
0.277000	-10399.013672
0.277500	-10400.030273
0.278000	-10400.791992
0.278500	-10401.553711
0.279000	-10402.316406
0.279500	-10402.823242
0.280000	-10403.332031
0.280500	-10403.839844
0.281000	-10404.347656
0.281500	-10404.856445
0.282000	-10405.619141
0.282500	-10406.380859
0.283000	-10407.395508
0.283500	-10408.412109
0.284000	-10409.173828
0.284500	-10409.935547
0.285000	-10410.189453
0.285500	-10410.443359
0.286000	-10410.698242
0.286500	-10410.951172
0.287000	-10411.713867
0.287500	-10412.730469
0.288000	-10413.746094
0.288500	-10414.761719
0.289000	-10415.269531
0.289500	-10415.523438
0.290000	-10415.523438
0.290500	-10415.523438
0.291000	-10415.523438
0.291500	-10416.032227
0.292000	-10416.793945
0.292500	-10417.301758
0.293000	-10418.064453
0.293500	-10418.826172
0.294000	-10419.587891
0.294500	-10420.857422
0.295000	-10421.874023
0.295500	-10422.889648
0.296000	-10423.651367
0.296500	-10424.160156
0.297000	-10424.667969
0.297500	-10425.175781
0.298000	-10425.430664
0.298500	-10425.937500
0.299000	-10426.192383
0.299500	-10426.446289
0.300000	-10426.699219
0.300500	-10426.954102
0.301000	-10427.461914
0.301500	-10427.969727
0.302000	-10428.478516
0.302500	-10428.985352
0.303000	-10429.240234
0.303500	-10429.240234
0.304000	-10429.240234
0.304500	-10429.240234
0.305000	-10429.240234
0.305500	-10429.240234
0.306000	-10429.494141
0.306500	-10429.748047
0.307000	-10430.001953
0.307500	-10430.001953
0.308000	-10429.748047
0.308500	-10428.731445
0.309000	-10427.715820
0.309500	-10426.954102
0.310000	-10426.446289
0.310500	-10426.192383
0.311000	-10425.937500
0.311500	-10425.683594
0.312000	-10425.683594
0.312500	-10425.937500
0.313000	-10426.446289
0.313500	-10426.954102
0.314000	-10427.208008
0.314500	-10427.461914
0.315000	-10427.208008
0.315500	-10426.954102
0.316000	-10426.699219
0.316500	-10426.446289
0.317000	-10426.192383
0.317500	-10426.192383
0.318000	-10426.192383
0.318500	-10426.446289
0.319000	-10426.446289
0.319500	-10426.699219
0.320000	-10426.699219
0.320500	-10426.954102
0.321000	-10426.954102
0.321500	-10427.208008
0.322000	-10427.461914
0.322500	-10427.461914
0.323000	-10427.715820
0.323500	-10427.715820
0.324000	-10427.969727
0.324500	-10427.715820
0.325000	-10427.461914
0.325500	-10427.208008
0.326000	-10426.699219
0.326500	-10426.192383
0.327000	-10425.430664
0.327500	-10424.667969
0.328000	-10423.906250
0.328500	-10423.398438
0.329000	-10423.143555
0.329500	-10422.635742
0.330000	-10422.381836
0.330500	-10422.127930
0.331000	-10421.874023
0.331500	-10421.874023
0.332000	-10421.874023
0.332500	-10422.127930
0.333000	-10421.874023
0.333500	-10421.874023
0.334000	-10421.366211
0.334500	-10421.112305
0.335000	-10420.857422
0.335500	-10420.857422
0.336000	-10421.112305
0.336500	-10421.619141
0.337000	-10421.874023
0.337500	-10422.381836
0.338000	-10422.381836
0.338500	-10422.635742
0.339000	-10422.889648
0.339500	-10423.143555
0.340000	-10422.889648
0.340500	-10422.635742
0.341000	-10422.635742
0.341500	-10422.381836
0.342000	-10422.127930
0.342500	-10421.874023
0.343000	-10421.619141
0.343500	-10421.619141
0.344000	-10421.366211
0.344500	-10421.112305
0.345000	-10420.603516
0.345500	-10420.349609
0.346000	-10419.587891
0.346500	-10419.080078
0.347000	-10418.571289
0.347500	-10418.317383
0.348000	-10417.809570
0.348500	-10417.301758
0.349000	-10416.793945
0.349500	-10416.540039
0.350000	-10416.285156
0.350500	-10416.285156
0.351000	-10416.285156
0.351500	-10416.285156
0.352000	-10415.778320
0.352500	-10415.269531
0.353000	-10414.761719
0.353500	-10414.000000
0.354000	-10413.746094
0.354500	-10413.492188
0.355000	-10413.237305
0.355500	-10413.237305
0.356000	-10412.984375
0.356500	-10413.237305
0.357000	-10413.492188
0.357500	-10414.000000
0.358000	-10414.253906
0.358500	-10414.507812
0.359000	-10414.253906
0.359500	-10414.000000
0.360000	-10413.746094
0.360500	-10413.492188
0.361000	-10413.492188
0.361500	-10413.746094
0.362000	-10414.000000
0.362500	-10414.507812
0.363000	-10414.761719
0.363500	-10414.761719
0.364000	-10415.016602
0.364500	-10415.016602
0.365000	-10415.016602
0.365500	-10415.016602
0.366000	-10415.269531
0.366500	-10415.778320
0.367000	-10416.285156
0.367500	-10416.540039
0.368000	-10416.540039
0.368500	-10416.285156
0.369000	-10415.778320
0.369500	-10415.523438
0.370000	-10415.016602
0.370500	-10414.761719
0.371000	-10414.253906
0.371500	-10414.000000
0.372000	-10413.492188
0.372500	-10413.237305
0.373000	-10412.984375
0.373500	-10412.730469
0.374000	-10412.730469
0.374500	-10412.730469
0.375000	-10412.730469
0.375500	-10412.984375
0.376000	-10413.237305
0.376500	-10413.746094
0.377000	-10414.253906
0.377500	-10415.016602
0.378000	-10416.032227
0.378500	-10417.047852
0.379000	-10418.064453
0.379500	-10418.571289
0.380000	-10418.571289
0.380500	-10418.571289
0.381000	-10418.571289
0.381500	-10418.826172
0.382000	-10418.826172
0.382500	-10419.080078
0.383000	-10419.333008
0.383500	-10419.587891
0.384000	-10419.841797
0.384500	-10419.841797
0.385000	-10419.841797
0.385500	-10419.587891
0.386000	-10419.333008
0.386500	-10419.080078
0.387000	-10418.826172
0.387500	-10418.317383
0.388000	-10417.809570
0.388500	-10417.555664
0.389000	-10417.555664
0.389500	-10417.555664
0.390000	-10417.555664
0.390500	-10417.555664
0.391000	-10417.555664
0.391500	-10417.555664
0.392000	-10417.809570
0.392500	-10417.809570
0.393000	-10418.064453
0.393500	-10418.064453
0.394000	-10417.301758
0.394500	-10416.285156
0.395000	-10415.269531
0.395500	-10414.761719
0.396000	-10415.016602
0.396500	-10415.523438
0.397000	-10416.285156
0.397500	-10417.047852
0.398000	-10417.301758
0.398500	-10417.047852
0.399000	-10417.047852
0.399500	-10416.793945
0.400000	-10416.540039
0.400500	-10416.540039
0.401000	-10416.540039
0.401500	-10416.793945
0.402000	-10416.793945
0.402500	-10417.047852
0.403000	-10417.301758
0.403500	-10417.555664
0.404000	-10417.809570
0.404500	-10418.317383
0.405000	-10418.571289
0.405500	-10418.571289
0.406000	-10418.826172
0.406500	-10418.571289
0.407000	-10418.571289
0.407500	-10418.064453
0.408000	-10417.301758
0.408500	-10416.285156
0.409000	-10415.269531
0.409500	-10414.761719
0.410000	-10414.507812
0.410500	-10414.507812
0.411000	-10414.507812
0.411500	-10414.507812
0.412000	-10414.253906
0.412500	-10413.746094
0.413000	-10413.492188
0.413500	-10412.984375
0.414000	-10412.730469
0.414500	-10412.475586
0.415000	-10411.967773
0.415500	-10411.713867
0.416000	-10411.459961
0.416500	-10411.206055
0.417000	-10411.206055
0.417500	-10411.713867
0.418000	-10412.475586
0.418500	-10412.984375
0.419000	-10413.237305
0.419500	-10413.237305
0.420000	-10413.237305
0.420500	-10413.237305
0.421000	-10413.237305
0.421500	-10413.492188
0.422000	-10414.000000
0.422500	-10414.507812
0.423000	-10415.016602
0.423500	-10415.269531
0.424000	-10415.269531
0.424500	-10415.269531
0.425000	-10415.523438
0.425500	-10415.523438
0.426000	-10415.523438
0.426500	-10415.523438
0.427000	-10415.269531
0.427500	-10415.269531
0.428000	-10415.269531
0.428500	-10415.016602
0.429000	-10414.761719
0.429500	-10414.253906
0.430000	-10414.000000
0.430500	-10413.746094
0.431000	-10413.746094
0.431500	-10414.000000
0.432000	-10414.253906
0.432500	-10414.507812
0.433000	-10414.761719
0.433500	-10415.269531
0.434000	-10415.778320
0.434500	-10416.285156
0.435000	-10416.793945
0.435500	-10416.540039
0.436000	-10415.778320
0.436500	-10414.761719
0.437000	-10414.000000
0.437500	-10413.746094
0.438000	-10413.746094
0.438500	-10414.253906
0.439000	-10414.507812
0.439500	-10414.507812
0.440000	-10414.507812
0.440500	-10414.253906
0.441000	-10414.000000
0.441500	-10414.000000
0.442000	-10413.746094
0.442500	-10413.746094
0.443000	-10413.746094
0.443500	-10414.000000
0.444000	-10414.000000
0.444500	-10413.746094
0.445000	-10413.746094
0.445500	-10413.492188
0.446000	-10413.237305
0.446500	-10413.237305
0.447000	-10412.984375
0.447500	-10412.984375
0.448000	-10413.237305
0.448500	-10413.237305
0.449000	-10412.984375
0.449500	-10412.730469
0.450000	-10412.475586
0.450500	-10412.221680
0.451000	-10411.967773
0.451500	-10411.459961
0.452000	-10411.206055
0.452500	-10410.698242
0.453000	-10410.189453
0.453500	-10409.935547
0.454000	-10409.935547
0.454500	-10410.698242
0.455000	-10412.221680
0.455500	-10413.492188
0.456000	-10414.253906
0.456500	-10414.761719
0.457000	-10415.269531
0.457500	-10415.523438
0.458000	-10415.778320
0.458500	-10415.778320
0.459000	-10415.778320
0.459500	-10415.778320
0.460000	-10415.778320
0.460500	-10415.523438
0.461000	-10416.032227
0.461500	-10416.793945
0.462000	-10417.555664
0.462500	-10418.317383
0.463000	-10418.571289
0.463500	-10418.317383
0.464000	-10417.809570
0.464500	-10417.555664
0.465000	-10417.047852
0.465500	-10416.793945
0.466000	-10416.540039
0.466500	-10416.285156
0.467000	-10416.032227
0.467500	-10415.778320
0.468000	-10415.778320
0.468500	-10416.285156
0.469000	-10416.540039
0.469500	-10417.047852
0.470000	-10417.047852
0.470500	-10417.047852
0.471000	-10417.047852
0.471500	-10417.047852
0.472000	-10417.047852
0.472500	-10416.793945
0.473000	-10416.793945
0.473500	-10416.540039
0.474000	-10416.540039
0.474500	-10416.285156
0.475000	-10416.540039
0.475500	-10417.809570
0.476000	-10419.333008
0.476500	-10420.603516
0.477000	-10421.112305
0.477500	-10421.112305
0.478000	-10421.366211
0.478500	-10421.366211
0.479000	-10421.366211
0.479500	-10421.619141
0.480000	-10421.874023
0.480500	-10422.381836
0.481000	-10422.635742
0.481500	-10422.889648
0.482000	-10422.889648
0.482500	-10423.143555
0.483000	-10423.143555
0.483500	-10423.143555
0.484000	-10423.143555
0.484500	-10422.889648
0.485000	-10422.889648
0.485500	-10422.635742
0.486000	-10422.635742
0.486500	-10422.635742
0.487000	-10422.889648
0.487500	-10423.398438
0.488000	-10423.906250
0.488500	-10424.160156
0.489000	-10423.651367
0.489500	-10422.889648
0.490000	-10422.127930
0.490500	-10421.366211
0.491000	-10421.112305
0.491500	-10421.112305
0.492000	-10421.112305
0.492500	-10421.112305
0.493000	-10421.112305
0.493500	-10420.857422
0.494000	-10420.857422
0.494500	-10420.857422
0.495000	-10420.857422
0.495500	-10420.857422
0.496000	-10420.857422
0.496500	-10421.112305
0.497000	-10421.112305
0.497500	-10421.366211
0.498000	-10421.366211
0.498500	-10421.366211
0.499000	-10421.366211
0.499500	-10421.112305
0.500000	-10421.112305
0.500500	-10421.112305
0.501000	-10421.366211
0.501500	-10421.874023
0.502000	-10422.381836
