0.000000	-0.103420
0.000500	-0.103420
0.001000	-0.103420
0.001500	-0.103420
0.002000	-0.103420
0.002500	-0.103420
0.003000	-0.103420
0.003500	-0.103420
0.004000	-0.103420
0.004500	-0.103480
0.005000	-0.103570
0.005500	-0.103590
0.006000	-0.103550
0.006500	-0.103450
0.007000	-0.103280
0.007500	-0.102910
0.008000	-0.102460
0.008500	-0.102060
0.009000	-0.101840
0.009500	-0.101910
0.010000	-0.102200
0.010500	-0.102530
0.011000	-0.102710
0.011500	-0.102610
0.012000	-0.102430
0.012500	-0.102250
0.013000	-0.102070
0.013500	-0.101880
0.014000	-0.101690
0.014500	-0.101490
0.015000	-0.101300
0.015500	-0.101100
0.016000	-0.100910
0.016500	-0.100830
0.017000	-0.100900
0.017500	-0.101030
0.018000	-0.101160
0.018500	-0.101190
0.019000	-0.100990
0.019500	-0.100630
0.020000	-0.100230
0.020500	-0.099937
0.021000	-0.100010
0.021500	-0.100830
0.022000	-0.101980
0.022500	-0.102930
0.023000	-0.103180
0.023500	-0.102660
0.024000	-0.101820
0.024500	-0.100870
0.025000	-0.100050
0.025500	-0.099545
0.026000	-0.099175
0.026500	-0.098823
0.027000	-0.098542
0.027500	-0.098388
0.028000	-0.098384
0.028500	-0.098428
0.029000	-0.098487
0.029500	-0.098538
0.030000	-0.098558
0.030500	-0.098566
0.031000	-0.098580
0.031500	-0.098575
0.032000	-0.098528
0.032500	-0.098416
0.033000	-0.098252
0.033500	-0.098063
0.034000	-0.097865
0.034500	-0.097675
0.035000	-0.097503
0.035500	-0.097336
0.036000	-0.097175
0.036500	-0.097023
0.037000	-0.096886
0.037500	-0.096799
0.038000	-0.096778
0.038500	-0.096801
0.039000	-0.096845
0.039500	-0.096891
0.040000	-0.097016
0.040500	-0.097204
0.041000	-0.097374
0.041500	-0.097445
0.042000	-0.097357
0.042500	-0.097164
0.043000	-0.096920
0.043500	-0.096671
0.044000	-0.096465
0.044500	-0.096300
0.045000	-0.096145
0.045500	-0.096007
0.046000	-0.095892
0.046500	-0.095812
0.047000	-0.095873
0.047500	-0.096059
0.048000	-0.096280
0.048500	-0.096447
0.049000	-0.096469
0.049500	-0.096325
0.050000	-0.096110
0.050500	-0.095927
0.051000	-0.095875
0.051500	-0.096093
0.052000	-0.096545
0.052500	-0.097070
0.053000	-0.097506
0.053500	-0.097696
0.054000	-0.097623
0.054500	-0.097415
0.055000	-0.097197
0.055500	-0.097091
0.056000	-0.097211
0.056500	-0.097526
0.057000	-0.097900
0.057500	-0.098192
0.058000	-0.098262
0.058500	-0.098170
0.059000	-0.098070
0.059500	-0.097965
0.060000	-0.097855
0.060500	-0.097744
0.061000	-0.097633
0.061500	-0.097520
0.062000	-0.097400
0.062500	-0.097269
0.063000	-0.097078
0.063500	-0.096690
0.064000	-0.096181
0.064500	-0.095652
0.065000	-0.095201
0.065500	-0.094929
0.066000	-0.094788
0.066500	-0.094654
0.067000	-0.094403
0.067500	-0.093911
0.068000	-0.093159
0.068500	-0.092214
0.069000	-0.091131
0.069500	-0.089965
0.070000	-0.088767
0.070500	-0.087550
0.071000	-0.086325
0.071500	-0.085103
0.072000	-0.083896
0.072500	-0.082781
0.073000	-0.081753
0.073500	-0.080704
0.074000	-0.079525
0.074500	-0.078108
0.075000	-0.076455
0.075500	-0.074664
0.076000	-0.072820
0.076500	-0.071007
0.077000	-0.069281
0.077500	-0.067568
0.078000	-0.065857
0.078500	-0.064147
0.079000	-0.062441
0.079500	-0.060759
0.080000	-0.059107
0.080500	-0.057465
0.081000	-0.055813
0.081500	-0.054129
0.082000	-0.052322
0.082500	-0.050365
0.083000	-0.048270
0.083500	-0.046050
0.084000	-0.043695
0.084500	-0.041170
0.085000	-0.038561
0.085500	-0.035966
0.086000	-0.033484
0.086500	-0.031170
0.087000	-0.028958
0.087500	-0.026764
0.088000	-0.024508
0.088500	-0.022104
0.089000	-0.019490
0.089500	-0.016730
0.090000	-0.013920
0.090500	-0.011157
0.091000	-0.008527
0.091500	-0.006038
0.092000	-0.003671
0.092500	-0.001405
0.093000	0.000781
0.093500	0.002088
0.094000	0.002275
0.094500	0.002194
0.095000	0.002700
0.095500	0.004612
0.096000	0.007373
0.096500	0.010447
0.097000	0.013778
0.097500	0.017310
0.098000	0.020946
0.098500	0.024546
0.099000	0.028216
0.099500	0.032088
0.100000	0.036291
0.100500	0.040766
0.101000	0.045332
0.101500	0.049938
0.102000	0.054531
0.102500	0.059059
0.103000	0.063467
0.103500	0.067807
0.104000	0.072160
0.104500	0.076611
0.105000	0.081399
0.105500	0.087016
0.106000	0.093076
0.106500	0.099109
0.107000	0.104640
0.107500	0.109640
0.108000	0.114450
0.108500	0.119200
0.109000	0.124040
0.109500	0.129080
0.110000	0.134530
0.110500	0.140210
0.111000	0.145850
0.111500	0.151160
0.112000	0.155910
0.112500	0.160280
0.113000	0.164480
0.113500	0.168710
0.114000	0.173180
0.114500	0.177850
0.115000	0.182550
0.115500	0.187270
0.116000	0.192010
0.116500	0.196760
0.117000	0.201580
0.117500	0.206480
0.118000	0.211450
0.118500	0.216500
0.119000	0.221860
0.119500	0.228310
0.120000	0.235340
0.120500	0.242310
0.121000	0.248600
0.121500	0.253960
0.122000	0.258950
0.122500	0.263590
0.123000	0.267880
0.123500	0.271820
0.124000	0.275360
0.124500	0.278670
0.125000	0.281940
0.125500	0.285400
0.126000	0.289280
0.126500	0.293660
0.127000	0.298260
0.127500	0.302800
0.128000	0.307010
0.128500	0.310420
0.129000	0.312880
0.129500	0.314960
0.130000	0.317240
0.130500	0.320300
0.131000	0.324750
0.131500	0.330040
0.132000	0.335300
0.132500	0.339680
0.133000	0.342510
0.133500	0.344330
0.134000	0.345720
0.134500	0.347220
0.135000	0.349390
0.135500	0.352370
0.136000	0.355530
0.136500	0.358710
0.137000	0.361790
0.137500	0.364620
0.138000	0.367300
0.138500	0.369950
0.139000	0.372620
0.139500	0.375340
0.140000	0.378140
0.140500	0.380980
0.141000	0.383820
0.141500	0.386650
0.142000	0.389480
0.142500	0.392350
0.143000	0.395270
0.143500	0.398140
0.144000	0.400840
0.144500	0.403230
0.145000	0.405490
0.145500	0.407730
0.146000	0.409950
0.146500	0.412180
0.147000	0.414410
0.147500	0.416650
0.148000	0.418890
0.148500	0.421120
0.149000	0.423340
0.149500	0.425450
0.150000	0.427280
0.150500	0.428980
0.151000	0.430680
0.151500	0.432540
0.152000	0.434550
0.152500	0.436620
0.153000	0.438700
0.153500	0.440730
0.154000	0.442650
0.154500	0.444490
0.155000	0.446240
0.155500	0.447870
0.156000	0.449350
0.156500	0.450700
0.157000	0.452010
0.157500	0.453280
0.158000	0.454530
0.158500	0.455770
0.159000	0.457010
0.159500	0.458240
0.160000	0.459430
0.160500	0.460570
0.161000	0.461620
0.161500	0.462490
0.162000	0.463210
0.162500	0.463830
0.163000	0.464420
0.163500	0.465040
0.164000	0.465660
0.164500	0.466190
0.165000	0.466550
0.165500	0.466660
0.166000	0.466600
0.166500	0.466470
0.167000	0.466300
0.167500	0.466120
0.168000	0.465960
0.168500	0.465830
0.169000	0.465690
0.169500	0.465470
0.170000	0.465110
0.170500	0.464370
0.171000	0.463020
0.171500	0.461380
0.172000	0.459740
0.172500	0.458410
0.173000	0.457270
0.173500	0.456160
0.174000	0.455070
0.174500	0.454000
0.175000	0.452970
0.175500	0.452270
0.176000	0.451760
0.176500	0.451180
0.177000	0.450310
0.177500	0.448230
0.178000	0.444130
0.178500	0.439190
0.179000	0.434660
0.179500	0.431720
0.180000	0.429820
0.180500	0.428180
0.181000	0.426530
0.181500	0.424620
0.182000	0.422240
0.182500	0.419670
0.183000	0.417080
0.183500	0.414510
0.184000	0.412030
0.184500	0.409650
0.185000	0.407280
0.185500	0.404910
0.186000	0.402530
0.186500	0.400150
0.187000	0.397770
0.187500	0.395380
0.188000	0.392970
0.188500	0.390520
0.189000	0.387990
0.189500	0.385320
0.190000	0.382530
0.190500	0.379690
0.191000	0.376840
0.191500	0.373990
0.192000	0.371080
0.192500	0.368170
0.193000	0.365300
0.193500	0.362510
0.194000	0.359890
0.194500	0.357420
0.195000	0.354980
0.195500	0.352510
0.196000	0.349900
0.196500	0.347180
0.197000	0.344390
0.197500	0.341620
0.198000	0.338900
0.198500	0.336350
0.199000	0.334000
0.199500	0.331730
0.200000	0.329420
0.200500	0.326960
0.201000	0.324150
0.201500	0.321080
0.202000	0.317960
0.202500	0.315040
0.203000	0.312520
0.203500	0.310170
0.204000	0.307870
0.204500	0.305560
0.205000	0.303200
0.205500	0.300770
0.206000	0.298320
0.206500	0.295880
0.207000	0.293430
0.207500	0.290970
0.208000	0.288470
0.208500	0.285900
0.209000	0.283310
0.209500	0.280740
0.210000	0.278360
0.210500	0.277040
0.211000	0.276420
0.211500	0.275790
0.212000	0.274490
0.212500	0.271880
0.213000	0.268170
0.213500	0.264120
0.214000	0.260480
0.214500	0.257970
0.215000	0.256230
0.215500	0.254720
0.216000	0.253220
0.216500	0.251500
0.217000	0.249380
0.217500	0.247160
0.218000	0.244930
0.218500	0.242680
0.219000	0.240410
0.219500	0.238090
0.220000	0.235710
0.220500	0.233330
0.221000	0.231030
0.221500	0.228860
0.222000	0.226810
0.222500	0.224830
0.223000	0.222870
0.223500	0.220910
0.224000	0.218890
0.224500	0.216820
0.225000	0.214730
0.225500	0.212670
0.226000	0.210690
0.226500	0.208820
0.227000	0.207020
0.227500	0.205240
0.228000	0.203470
0.228500	0.201660
0.229000	0.199830
0.229500	0.197980
0.230000	0.196140
0.230500	0.194310
0.231000	0.192520
0.231500	0.190770
0.232000	0.189070
0.232500	0.187390
0.233000	0.185730
0.233500	0.184090
0.234000	0.182460
0.234500	0.180830
0.235000	0.179210
0.235500	0.177570
0.236000	0.175890
0.236500	0.174170
0.237000	0.172460
0.237500	0.170790
0.238000	0.169210
0.238500	0.167870
0.239000	0.166670
0.239500	0.165500
0.240000	0.164220
0.240500	0.162790
0.241000	0.161350
0.241500	0.159920
0.242000	0.158480
0.242500	0.157050
0.243000	0.155620
0.243500	0.154200
0.244000	0.152770
0.244500	0.151350
0.245000	0.150000
0.245500	0.148920
0.246000	0.147970
0.246500	0.146990
0.247000	0.145810
0.247500	0.144390
0.248000	0.142900
0.248500	0.141370
0.249000	0.139790
0.249500	0.138160
0.250000	0.136510
0.250500	0.134840
0.251000	0.133180
0.251500	0.131530
0.252000	0.129900
0.252500	0.128280
0.253000	0.126670
0.253500	0.125080
0.254000	0.123500
0.254500	0.121990
0.255000	0.120600
0.255500	0.119260
0.256000	0.117900
0.256500	0.116430
0.257000	0.114790
0.257500	0.113040
0.258000	0.111270
0.258500	0.109560
0.259000	0.108030
0.259500	0.106790
0.260000	0.105640
0.260500	0.104360
0.261000	0.102720
0.261500	0.100790
0.262000	0.098815
0.262500	0.096820
0.263000	0.094844
0.263500	0.092917
0.264000	0.091001
0.264500	0.089086
0.265000	0.087172
0.265500	0.085261
0.266000	0.083354
0.266500	0.081450
0.267000	0.079550
0.267500	0.077654
0.268000	0.075763
0.268500	0.073892
0.269000	0.072048
0.269500	0.070222
0.270000	0.068405
0.270500	0.066592
0.271000	0.064797
0.271500	0.063022
0.272000	0.061263
0.272500	0.059515
0.273000	0.057804
0.273500	0.056213
0.274000	0.054666
0.274500	0.053069
0.275000	0.051331
0.275500	0.049472
0.276000	0.047586
0.276500	0.045687
0.277000	0.043791
0.277500	0.041912
0.278000	0.040039
0.278500	0.038173
0.279000	0.036323
0.279500	0.034495
0.280000	0.032823
0.280500	0.031467
0.281000	0.030251
0.281500	0.028986
0.282000	0.027494
0.282500	0.025880
0.283000	0.024242
0.283500	0.022579
0.284000	0.020886
0.284500	0.019156
0.285000	0.017349
0.285500	0.015509
0.286000	0.013698
0.286500	0.011978
0.287000	0.010368
0.287500	0.008801
0.288000	0.007265
0.288500	0.005746
0.289000	0.004234
0.289500	0.002727
0.290000	0.001231
0.290500	-0.000254
0.291000	-0.001723
0.291500	-0.003170
0.292000	-0.004562
0.292500	-0.005894
0.293000	-0.007163
0.293500	-0.008366
0.294000	-0.009490
0.294500	-0.010535
0.295000	-0.011545
0.295500	-0.012562
0.296000	-0.013631
0.296500	-0.014803
0.297000	-0.016036
0.297500	-0.017254
0.298000	-0.018385
0.298500	-0.019332
0.299000	-0.020027
0.299500	-0.020593
0.300000	-0.021172
0.300500	-0.021902
0.301000	-0.022789
0.301500	-0.023715
0.302000	-0.024641
0.302500	-0.025524
0.303000	-0.026332
0.303500	-0.027111
0.304000	-0.027882
0.304500	-0.028655
0.305000	-0.029436
0.305500	-0.030231
0.306000	-0.031035
0.306500	-0.031843
0.307000	-0.032652
0.307500	-0.033456
0.308000	-0.034243
0.308500	-0.035002
0.309000	-0.035729
0.309500	-0.036420
0.310000	-0.037046
0.310500	-0.037404
0.311000	-0.037587
0.311500	-0.037755
0.312000	-0.038073
0.312500	-0.038625
0.313000	-0.039283
0.313500	-0.039971
0.314000	-0.040617
0.314500	-0.041146
0.315000	-0.041588
0.315500	-0.042015
0.316000	-0.042422
0.316500	-0.042801
0.317000	-0.043148
0.317500	-0.043482
0.318000	-0.043811
0.318500	-0.044136
0.319000	-0.044459
0.319500	-0.044760
0.320000	-0.045014
0.320500	-0.045265
0.321000	-0.045560
0.321500	-0.045947
0.322000	-0.046559
0.322500	-0.047365
0.323000	-0.048256
0.323500	-0.049121
0.324000	-0.049883
0.324500	-0.050600
0.325000	-0.051281
0.325500	-0.051923
0.326000	-0.052522
0.326500	-0.052475
0.327000	-0.051045
0.327500	-0.049134
0.328000	-0.047684
0.328500	-0.047602
0.329000	-0.048318
0.329500	-0.049198
0.330000	-0.050100
0.330500	-0.050881
0.331000	-0.051475
0.331500	-0.052076
0.332000	-0.052648
0.332500	-0.053120
0.333000	-0.053422
0.333500	-0.053528
0.334000	-0.053512
0.334500	-0.053460
0.335000	-0.053455
0.335500	-0.053571
0.336000	-0.053768
0.336500	-0.053990
0.337000	-0.054197
0.337500	-0.054348
0.338000	-0.054425
0.338500	-0.054459
0.339000	-0.054457
0.339500	-0.054428
0.340000	-0.054378
0.340500	-0.054250
0.341000	-0.054037
0.341500	-0.053822
0.342000	-0.053691
0.342500	-0.053713
0.343000	-0.053814
0.343500	-0.053953
0.344000	-0.054117
0.344500	-0.054291
0.345000	-0.054478
0.345500	-0.054694
0.346000	-0.054917
0.346500	-0.055122
0.347000	-0.055283
0.347500	-0.055303
0.348000	-0.055206
0.348500	-0.055078
0.349000	-0.055004
0.349500	-0.055072
0.350000	-0.055300
0.350500	-0.055586
0.351000	-0.055822
0.351500	-0.055899
0.352000	-0.055796
0.352500	-0.055643
0.353000	-0.055452
0.353500	-0.055232
0.354000	-0.054990
0.354500	-0.054740
0.355000	-0.054484
0.355500	-0.054221
0.356000	-0.053949
0.356500	-0.053654
0.357000	-0.053301
0.357500	-0.052924
0.358000	-0.052564
0.358500	-0.052263
0.359000	-0.052088
0.359500	-0.052025
0.360000	-0.051994
0.360500	-0.051912
0.361000	-0.051713
0.361500	-0.051460
0.362000	-0.051193
0.362500	-0.050930
0.363000	-0.050687
0.363500	-0.050475
0.364000	-0.050275
0.364500	-0.050078
0.365000	-0.049877
0.365500	-0.049664
0.366000	-0.049439
0.366500	-0.049207
0.367000	-0.048972
0.367500	-0.048738
0.368000	-0.048512
0.368500	-0.048317
0.369000	-0.048137
0.369500	-0.047945
0.370000	-0.047716
0.370500	-0.047380
0.371000	-0.046878
0.371500	-0.046300
0.372000	-0.045734
0.372500	-0.045268
0.373000	-0.044869
0.373500	-0.044481
0.374000	-0.044089
0.374500	-0.043673
0.375000	-0.043225
0.375500	-0.042770
0.376000	-0.042315
0.376500	-0.041859
0.377000	-0.041405
0.377500	-0.040954
0.378000	-0.040505
0.378500	-0.040057
0.379000	-0.039612
0.379500	-0.039168
0.380000	-0.038758
0.380500	-0.038388
0.381000	-0.038050
0.381500	-0.037733
0.382000	-0.037452
0.382500	-0.037263
0.383000	-0.037116
0.383500	-0.036948
0.384000	-0.036697
0.384500	-0.036356
0.385000	-0.035973
0.385500	-0.035574
0.386000	-0.035183
0.386500	-0.034823
0.387000	-0.034499
0.387500	-0.034201
0.388000	-0.033925
0.388500	-0.033666
0.389000	-0.033477
0.389500	-0.033528
0.390000	-0.033698
0.390500	-0.033836
0.391000	-0.033790
0.391500	-0.033369
0.392000	-0.032641
0.392500	-0.031849
0.393000	-0.031232
0.393500	-0.031000
0.394000	-0.030990
0.394500	-0.031054
0.395000	-0.031096
0.395500	-0.031018
0.396000	-0.030808
0.396500	-0.030592
0.397000	-0.030374
0.397500	-0.030150
0.398000	-0.029919
0.398500	-0.029682
0.399000	-0.029441
0.399500	-0.029200
0.400000	-0.028961
0.400500	-0.028729
0.401000	-0.028519
0.401500	-0.028333
0.402000	-0.028168
0.402500	-0.028021
0.403000	-0.027930
0.403500	-0.027939
0.404000	-0.027980
0.404500	-0.027987
0.405000	-0.027894
0.405500	-0.027740
0.406000	-0.027568
0.406500	-0.027385
0.407000	-0.027196
0.407500	-0.026999
0.408000	-0.026775
0.408500	-0.026536
0.409000	-0.026302
0.409500	-0.026092
0.410000	-0.026088
0.410500	-0.026331
0.411000	-0.026630
0.411500	-0.026793
0.412000	-0.026645
0.412500	-0.026212
0.413000	-0.025673
0.413500	-0.025205
0.414000	-0.024990
0.414500	-0.024965
0.415000	-0.024949
0.415500	-0.024944
0.416000	-0.024951
0.416500	-0.024973
0.417000	-0.025010
0.417500	-0.025054
0.418000	-0.025097
0.418500	-0.025129
0.419000	-0.025139
0.419500	-0.025113
0.420000	-0.025061
0.420500	-0.025003
0.421000	-0.024954
0.421500	-0.024942
0.422000	-0.024994
0.422500	-0.025070
0.423000	-0.025121
0.423500	-0.025099
0.424000	-0.024933
0.424500	-0.024636
0.425000	-0.024291
0.425500	-0.023979
0.426000	-0.023769
0.426500	-0.023580
0.427000	-0.023408
0.427500	-0.023282
0.428000	-0.023227
0.428500	-0.023240
0.429000	-0.023267
0.429500	-0.023301
0.430000	-0.023339
0.430500	-0.023378
0.431000	-0.023424
0.431500	-0.023478
0.432000	-0.023535
0.432500	-0.023586
0.433000	-0.023599
0.433500	-0.023356
0.434000	-0.022940
0.434500	-0.022509
0.435000	-0.022223
0.435500	-0.022284
0.436000	-0.022720
0.436500	-0.023286
0.437000	-0.023727
0.437500	-0.023794
0.438000	-0.023431
0.438500	-0.022849
0.439000	-0.022274
0.439500	-0.021930
0.440000	-0.021941
0.440500	-0.022022
0.441000	-0.022116
0.441500	-0.022206
0.442000	-0.022274
0.442500	-0.022317
0.443000	-0.022355
0.443500	-0.022384
0.444000	-0.022398
0.444500	-0.022387
0.445000	-0.022211
0.445500	-0.021898
0.446000	-0.021570
0.446500	-0.021349
0.447000	-0.021324
0.447500	-0.021414
0.448000	-0.021549
0.448500	-0.021670
0.449000	-0.021719
0.449500	-0.021683
0.450000	-0.021610
0.450500	-0.021531
0.451000	-0.021476
0.451500	-0.021480
0.452000	-0.021587
0.452500	-0.021748
0.453000	-0.021900
0.453500	-0.021979
0.454000	-0.021946
0.454500	-0.021866
0.455000	-0.021745
0.455500	-0.021581
0.456000	-0.021370
0.456500	-0.021135
0.457000	-0.020900
0.457500	-0.020666
0.458000	-0.020431
0.458500	-0.020196
0.459000	-0.019956
0.459500	-0.019716
0.460000	-0.019480
0.460500	-0.019252
0.461000	-0.019042
0.461500	-0.018869
0.462000	-0.018719
0.462500	-0.018577
0.463000	-0.018426
0.463500	-0.018265
0.464000	-0.018104
0.464500	-0.017943
0.465000	-0.017782
0.465500	-0.017629
0.466000	-0.017548
0.466500	-0.017507
0.467000	-0.017455
0.467500	-0.017340
0.468000	-0.017139
0.468500	-0.016897
0.469000	-0.016628
0.469500	-0.016347
0.470000	-0.016067
0.470500	-0.015763
0.471000	-0.015438
0.471500	-0.015112
0.472000	-0.014806
0.472500	-0.014559
0.473000	-0.014499
0.473500	-0.014560
0.474000	-0.014631
0.474500	-0.014599
0.475000	-0.014399
0.475500	-0.014103
0.476000	-0.013779
0.476500	-0.013492
0.477000	-0.013306
0.477500	-0.013188
0.478000	-0.013104
0.478500	-0.013056
0.479000	-0.013043
0.479500	-0.013078
0.480000	-0.013190
0.480500	-0.013335
0.481000	-0.013464
0.481500	-0.013527
0.482000	-0.013486
0.482500	-0.013370
0.483000	-0.013225
0.483500	-0.013096
0.484000	-0.013030
0.484500	-0.013042
0.485000	-0.013098
0.485500	-0.013160
0.486000	-0.013188
0.486500	-0.013119
0.487000	-0.012890
0.487500	-0.012594
0.488000	-0.012338
0.488500	-0.012230
0.489000	-0.012306
0.489500	-0.012446
0.490000	-0.012611
0.490500	-0.012766
0.491000	-0.012875
0.491500	-0.012980
0.492000	-0.013085
0.492500	-0.013158
0.493000	-0.013167
0.493500	-0.013096
0.494000	-0.012993
0.494500	-0.012872
0.495000	-0.012745
0.495500	-0.012620
0.496000	-0.012487
0.496500	-0.012339
0.497000	-0.012189
0.497500	-0.012054
0.498000	-0.011957
0.498500	-0.012170
0.499000	-0.012669
0.499500	-0.013258
0.500000	-0.013743
0.500500	-0.014000
0.501000	-0.014205
0.501500	-0.014370
0.502000	-0.014484
