0.000000	-0.102920
0.000500	-0.102920
0.001000	-0.102920
0.001500	-0.102920
0.002000	-0.102920
0.002500	-0.102920
0.003000	-0.102920
0.003500	-0.102920
0.004000	-0.099726
0.004500	-0.084570
0.005000	-0.071283
0.005500	-0.060607
0.006000	-0.053282
0.006500	-0.049064
0.007000	-0.046320
0.007500	-0.043711
0.008000	-0.039897
0.008500	-0.034843
0.009000	-0.029291
0.009500	-0.023062
0.010000	-0.015980
0.010500	-0.006452
0.011000	0.006978
0.011500	0.021559
0.012000	0.034428
0.012500	0.042426
0.013000	0.045768
0.013500	0.048369
0.014000	0.054209
0.014500	0.067213
0.015000	0.086590
0.015500	0.107760
0.016000	0.126080
0.016500	0.138550
0.017000	0.148720
0.017500	0.156010
0.018000	0.159180
0.018500	0.157500
0.019000	0.152990
0.019500	0.147470
0.020000	0.142640
0.020500	0.140070
0.021000	0.139350
0.021500	0.139360
0.022000	0.139070
0.022500	0.137280
0.023000	0.131820
0.023500	0.123010
0.024000	0.111700
0.024500	0.098238
0.025000	0.069008
0.025500	0.028393
0.026000	-0.009187
0.026500	-0.029753
0.027000	-0.037050
0.027500	-0.037152
0.028000	-0.030684
0.028500	-0.018269
0.029000	0.001023
0.029500	0.024652
0.030000	0.046796
0.030500	0.061633
0.031000	0.070426
0.031500	0.078308
0.032000	0.085257
0.032500	0.091256
0.033000	0.095525
0.033500	0.097878
0.034000	0.100830
0.034500	0.106940
0.035000	0.117200
0.035500	0.129050
0.036000	0.141550
0.036500	0.153850
0.037000	0.165340
0.037500	0.176430
0.038000	0.187110
0.038500	0.197270
0.039000	0.205480
0.039500	0.206860
0.040000	0.202170
0.040500	0.192800
0.041000	0.180200
0.041500	0.165380
0.042000	0.147610
0.042500	0.125900
0.043000	0.099674
0.043500	0.072043
0.044000	0.044135
0.044500	0.016258
0.045000	-0.011287
0.045500	-0.038390
0.046000	-0.065093
0.046500	-0.091443
0.047000	-0.117050
0.047500	-0.128600
0.048000	-0.123320
0.048500	-0.105890
0.049000	-0.080279
0.049500	-0.030412
0.050000	0.037294
0.050500	0.102970
0.051000	0.146730
0.051500	0.167630
0.052000	0.178610
0.052500	0.180630
0.053000	0.174670
0.053500	0.153060
0.054000	0.117830
0.054500	0.084557
0.055000	0.068790
0.055500	0.078687
0.056000	0.101250
0.056500	0.127160
0.057000	0.147360
0.057500	0.161250
0.058000	0.176930
0.058500	0.185460
0.059000	0.177370
0.059500	0.148810
0.060000	0.117490
0.060500	0.085871
0.061000	0.054168
0.061500	0.022426
0.062000	-0.009736
0.062500	-0.041888
0.063000	-0.073516
0.063500	-0.099982
0.064000	-0.090381
0.064500	-0.057136
0.065000	-0.023352
0.065500	-0.009239
0.066000	-0.002899
0.066500	0.002735
0.067000	0.009721
0.067500	0.020051
0.068000	0.032942
0.068500	0.047037
0.069000	0.061773
0.069500	0.076732
0.070000	0.095459
0.070500	0.117370
0.071000	0.139320
0.071500	0.158180
0.072000	0.169440
0.072500	0.161070
0.073000	0.119360
0.073500	0.030589
0.074000	-0.092129
0.074500	-0.223940
0.075000	-0.360920
0.075500	-0.499140
0.076000	-0.639460
0.076500	-0.783010
0.077000	-0.926240
0.077500	-1.065600
0.078000	-1.187500
0.078500	-1.272200
0.079000	-1.324500
0.079500	-1.349500
0.080000	-1.351100
0.080500	-1.331700
0.081000	-1.296200
0.081500	-1.249600
0.082000	-1.186300
0.082500	-1.083100
0.083000	-0.976680
0.083500	-0.909780
0.084000	-0.910070
0.084500	-0.937480
0.085000	-0.979240
0.085500	-1.027900
0.086000	-1.079700
0.086500	-1.154100
0.087000	-1.231100
0.087500	-1.281100
0.088000	-1.279000
0.088500	-1.249500
0.089000	-1.208100
0.089500	-1.161800
0.090000	-1.116700
0.090500	-1.069300
0.091000	-1.021100
0.091500	-0.976170
0.092000	-0.938230
0.092500	-0.910140
0.093000	-0.889120
0.093500	-0.871100
0.094000	-0.852210
0.094500	-0.834950
0.095000	-0.821350
0.095500	-0.811030
0.096000	-0.803640
0.096500	-0.823190
0.097000	-0.883330
0.097500	-0.968100
0.098000	-1.061600
0.098500	-1.175800
0.099000	-1.329500
0.099500	-1.517200
0.100000	-1.733400
0.100500	-2.025900
0.101000	-2.446300
0.101500	-2.894800
0.102000	-3.268000
0.102500	-3.521400
0.103000	-3.718100
0.103500	-3.840100
0.104000	-3.866000
0.104500	-3.787400
0.105000	-3.659500
0.105500	-3.519900
0.106000	-3.401700
0.106500	-3.324300
0.107000	-3.251900
0.107500	-3.183300
0.108000	-3.122800
0.108500	-3.075600
0.109000	-3.047800
0.109500	-3.025900
0.110000	-2.992700
0.110500	-2.933700
0.111000	-2.862200
0.111500	-2.786700
0.112000	-2.711400
0.112500	-2.640500
0.113000	-2.573100
0.113500	-2.507800
0.114000	-2.445100
0.114500	-2.386700
0.115000	-2.362900
0.115500	-2.363600
0.116000	-2.356700
0.116500	-2.310400
0.117000	-2.232700
0.117500	-2.154100
0.118000	-2.075200
0.118500	-1.997100
0.119000	-1.919700
0.119500	-1.842400
0.120000	-1.765300
0.120500	-1.688500
0.121000	-1.612900
0.121500	-1.544300
0.122000	-1.488700
0.122500	-1.452700
0.123000	-1.436500
0.123500	-1.428200
0.124000	-1.423300
0.124500	-1.417100
0.125000	-1.407700
0.125500	-1.399600
0.126000	-1.388300
0.126500	-1.368100
0.127000	-1.329800
0.127500	-1.260400
0.128000	-1.170000
0.128500	-1.070500
0.129000	-0.972720
0.129500	-0.874490
0.130000	-0.775490
0.130500	-0.677420
0.131000	-0.581920
0.131500	-0.489500
0.132000	-0.399900
0.132500	-0.312870
0.133000	-0.229190
0.133500	-0.157650
0.134000	-0.099188
0.134500	-0.052424
0.135000	-0.016350
0.135500	0.000344
0.136000	0.003782
0.136500	0.007742
0.137000	0.025605
0.137500	0.055218
0.138000	0.093047
0.138500	0.140530
0.139000	0.199090
0.139500	0.271540
0.140000	0.361680
0.140500	0.472430
0.141000	0.606720
0.141500	0.756670
0.142000	0.911360
0.142500	1.069100
0.143000	1.228300
0.143500	1.392200
0.144000	1.564700
0.144500	1.736400
0.145000	1.897500
0.145500	2.026800
0.146000	2.104600
0.146500	2.145100
0.147000	2.163400
0.147500	2.171800
0.148000	2.171100
0.148500	2.168600
0.149000	2.172300
0.149500	2.188800
0.150000	2.212900
0.150500	2.238500
0.151000	2.259800
0.151500	2.271100
0.152000	2.271100
0.152500	2.266200
0.153000	2.263600
0.153500	2.270600
0.154000	2.289100
0.154500	2.312200
0.155000	2.331900
0.155500	2.340500
0.156000	2.336500
0.156500	2.326200
0.157000	2.315900
0.157500	2.312100
0.158000	2.314700
0.158500	2.321500
0.159000	2.331500
0.159500	2.343900
0.160000	2.374000
0.160500	2.424300
0.161000	2.474800
0.161500	2.505300
0.162000	2.506100
0.162500	2.484400
0.163000	2.445800
0.163500	2.396200
0.164000	2.341200
0.164500	2.278100
0.165000	2.196700
0.165500	2.086800
0.166000	1.948000
0.166500	1.797900
0.167000	1.640700
0.167500	1.480100
0.168000	1.316000
0.168500	1.139700
0.169000	0.961590
0.169500	0.793690
0.170000	0.652460
0.170500	0.557300
0.171000	0.498050
0.171500	0.461960
0.172000	0.436650
0.172500	0.418330
0.173000	0.410500
0.173500	0.416740
0.174000	0.439360
0.174500	0.470310
0.175000	0.510850
0.175500	0.565140
0.176000	0.635930
0.176500	0.713150
0.177000	0.795000
0.177500	0.882710
0.178000	0.977440
0.178500	1.076300
0.179000	1.176700
0.179500	1.277100
0.180000	1.376400
0.180500	1.474700
0.181000	1.570600
0.181500	1.661300
0.182000	1.744200
0.182500	1.793300
0.183000	1.795500
0.183500	1.767300
0.184000	1.725500
0.184500	1.678800
0.185000	1.628200
0.185500	1.577900
0.186000	1.532400
0.186500	1.494500
0.187000	1.460800
0.187500	1.426900
0.188000	1.388900
0.188500	1.343400
0.189000	1.291200
0.189500	1.233900
0.190000	1.172900
0.190500	1.107000
0.191000	1.029600
0.191500	0.948570
0.192000	0.873640
0.192500	0.812560
0.193000	0.762350
0.193500	0.719920
0.194000	0.682670
0.194500	0.649790
0.195000	0.632250
0.195500	0.621830
0.196000	0.605550
0.196500	0.570960
0.197000	0.515790
0.197500	0.445450
0.198000	0.365280
0.198500	0.279660
0.199000	0.167160
0.199500	0.037135
0.200000	-0.083243
0.200500	-0.167520
0.201000	-0.219450
0.201500	-0.249910
0.202000	-0.261410
0.202500	-0.256530
0.203000	-0.241270
0.203500	-0.222050
0.204000	-0.204280
0.204500	-0.193340
0.205000	-0.187690
0.205500	-0.183730
0.206000	-0.183760
0.206500	-0.190060
0.207000	-0.202950
0.207500	-0.220760
0.208000	-0.242840
0.208500	-0.268510
0.209000	-0.299560
0.209500	-0.336900
0.210000	-0.373510
0.210500	-0.402190
0.211000	-0.421620
0.211500	-0.440680
0.212000	-0.459690
0.212500	-0.478690
0.213000	-0.497720
0.213500	-0.516840
0.214000	-0.535870
0.214500	-0.554650
0.215000	-0.569480
0.215500	-0.568940
0.216000	-0.558690
0.216500	-0.546180
0.217000	-0.538140
0.217500	-0.532400
0.218000	-0.525160
0.218500	-0.513500
0.219000	-0.492950
0.219500	-0.451170
0.220000	-0.396330
0.220500	-0.341050
0.221000	-0.296260
0.221500	-0.255300
0.222000	-0.217010
0.222500	-0.183430
0.223000	-0.156730
0.223500	-0.142290
0.224000	-0.140560
0.224500	-0.149460
0.225000	-0.166860
0.225500	-0.188830
0.226000	-0.213420
0.226500	-0.239890
0.227000	-0.267510
0.227500	-0.306650
0.228000	-0.355520
0.228500	-0.395100
0.229000	-0.406380
0.229500	-0.392830
0.230000	-0.372680
0.230500	-0.349060
0.231000	-0.325060
0.231500	-0.302100
0.232000	-0.278550
0.232500	-0.255200
0.233000	-0.232930
0.233500	-0.213190
0.234000	-0.197860
0.234500	-0.187450
0.235000	-0.182420
0.235500	-0.181830
0.236000	-0.182560
0.236500	-0.183730
0.237000	-0.184590
0.237500	-0.184570
0.238000	-0.184090
0.238500	-0.183050
0.239000	-0.181260
0.239500	-0.177170
0.240000	-0.165270
0.240500	-0.145480
0.241000	-0.118340
0.241500	-0.084663
0.242000	-0.047837
0.242500	-0.009340
0.243000	0.030005
0.243500	0.069851
0.244000	0.113050
0.244500	0.157640
0.245000	0.200410
0.245500	0.237720
0.246000	0.254710
0.246500	0.252060
0.247000	0.238840
0.247500	0.223500
0.248000	0.196370
0.248500	0.161830
0.249000	0.134640
0.249500	0.129040
0.250000	0.138670
0.250500	0.153310
0.251000	0.168760
0.251500	0.180800
0.252000	0.186490
0.252500	0.188800
0.253000	0.192410
0.253500	0.202020
0.254000	0.231260
0.254500	0.280320
0.255000	0.333780
0.255500	0.376220
0.256000	0.401950
0.256500	0.423860
0.257000	0.442340
0.257500	0.457250
0.258000	0.468370
0.258500	0.475480
0.259000	0.478820
0.259500	0.478610
0.260000	0.475410
0.260500	0.467520
0.261000	0.447970
0.261500	0.409430
0.262000	0.349940
0.262500	0.287630
0.263000	0.225070
0.263500	0.162630
0.264000	0.100570
0.264500	0.038607
0.265000	-0.023250
0.265500	-0.084962
0.266000	-0.145760
0.266500	-0.197900
0.267000	-0.236980
0.267500	-0.260030
0.268000	-0.265480
0.268500	-0.264360
0.269000	-0.260670
0.269500	-0.255570
0.270000	-0.250240
0.270500	-0.245470
0.271000	-0.239850
0.271500	-0.231470
0.272000	-0.217940
0.272500	-0.184920
0.273000	-0.132580
0.273500	-0.069486
0.274000	-0.003881
0.274500	0.066484
0.275000	0.141250
0.275500	0.215650
0.276000	0.284930
0.276500	0.340520
0.277000	0.384220
0.277500	0.426830
0.278000	0.479180
0.278500	0.561640
0.279000	0.671870
0.279500	0.786600
0.280000	0.882530
0.280500	0.946430
0.281000	0.988060
0.281500	1.007400
0.282000	1.004000
0.282500	0.970960
0.283000	0.908530
0.283500	0.841890
0.284000	0.796770
0.284500	0.787980
0.285000	0.785460
0.285500	0.785150
0.286000	0.787180
0.286500	0.792210
0.287000	0.801000
0.287500	0.810090
0.288000	0.815710
0.288500	0.811610
0.289000	0.790320
0.289500	0.761500
0.290000	0.736280
0.290500	0.724430
0.291000	0.720170
0.291500	0.719740
0.292000	0.721800
0.292500	0.727300
0.293000	0.751040
0.293500	0.781310
0.294000	0.800170
0.294500	0.790010
0.295000	0.751260
0.295500	0.697870
0.296000	0.641540
0.296500	0.593200
0.297000	0.541570
0.297500	0.491190
0.298000	0.458930
0.298500	0.461450
0.299000	0.501530
0.299500	0.563560
0.300000	0.631440
0.300500	0.689090
0.301000	0.736170
0.301500	0.782840
0.302000	0.828680
0.302500	0.873250
0.303000	0.913890
0.303500	0.949040
0.304000	0.980010
0.304500	1.008100
0.305000	1.028700
0.305500	1.031100
0.306000	1.016100
0.306500	0.985250
0.307000	0.931180
0.307500	0.848230
0.308000	0.756970
0.308500	0.678610
0.309000	0.624420
0.309500	0.583770
0.310000	0.556510
0.310500	0.542980
0.311000	0.559110
0.311500	0.643630
0.312000	0.745230
0.312500	0.804010
0.313000	0.781280
0.313500	0.734490
0.314000	0.682100
0.314500	0.635020
0.315000	0.602260
0.315500	0.573540
0.316000	0.545240
0.316500	0.517390
0.317000	0.490690
0.317500	0.469680
0.318000	0.450790
0.318500	0.428550
0.319000	0.391760
0.319500	0.295560
0.320000	0.160670
0.320500	0.023201
0.321000	-0.082141
0.321500	-0.170920
0.322000	-0.249300
0.322500	-0.303370
0.323000	-0.319860
0.323500	-0.310820
0.324000	-0.288000
0.324500	-0.254350
0.325000	-0.212790
0.325500	-0.164460
0.326000	-0.112530
0.326500	-0.063072
0.327000	-0.022124
0.327500	0.011957
0.328000	0.045062
0.328500	0.077507
0.329000	0.109600
0.329500	0.141210
0.330000	0.171880
0.330500	0.201490
0.331000	0.229890
0.331500	0.252250
0.332000	0.259080
0.332500	0.250470
0.333000	0.226820
0.333500	0.191580
0.334000	0.151880
0.334500	0.109160
0.335000	0.064681
0.335500	0.018231
0.336000	-0.033326
0.336500	-0.085853
0.337000	-0.134470
0.337500	-0.167520
0.338000	-0.165840
0.338500	-0.152640
0.339000	-0.155000
0.339500	-0.189790
0.340000	-0.230070
0.340500	-0.270970
0.341000	-0.311370
0.341500	-0.350850
0.342000	-0.390810
0.342500	-0.429830
0.343000	-0.466140
0.343500	-0.496290
0.344000	-0.506130
0.344500	-0.499850
0.345000	-0.486100
0.345500	-0.473400
0.346000	-0.463070
0.346500	-0.451050
0.347000	-0.434190
0.347500	-0.409480
0.348000	-0.378820
0.348500	-0.344270
0.349000	-0.306290
0.349500	-0.265330
0.350000	-0.222530
0.350500	-0.179000
0.351000	-0.135570
0.351500	-0.093092
0.352000	-0.051733
0.352500	-0.011436
0.353000	0.027296
0.353500	0.063962
0.354000	0.095528
0.354500	0.120870
0.355000	0.142340
0.355500	0.162300
0.356000	0.182730
0.356500	0.201670
0.357000	0.215540
0.357500	0.220800
0.358000	0.217540
0.358500	0.212110
0.359000	0.205540
0.359500	0.198690
0.360000	0.191530
0.360500	0.183240
0.361000	0.174810
0.361500	0.167290
0.362000	0.166830
0.362500	0.188470
0.363000	0.219620
0.363500	0.244970
0.364000	0.251440
0.364500	0.243370
0.365000	0.230720
0.365500	0.223140
0.366000	0.226820
0.366500	0.235800
0.367000	0.255210
0.367500	0.291640
0.368000	0.349890
0.368500	0.417180
0.369000	0.488480
0.369500	0.562280
0.370000	0.637340
0.370500	0.714330
0.371000	0.792390
0.371500	0.870200
0.372000	0.946420
0.372500	1.019200
0.373000	1.081400
0.373500	1.124500
0.374000	1.139900
0.374500	1.123400
0.375000	1.083300
0.375500	1.030500
0.376000	0.975120
0.376500	0.913170
0.377000	0.845690
0.377500	0.780230
0.378000	0.724320
0.378500	0.682070
0.379000	0.655770
0.379500	0.650180
0.380000	0.670080
0.380500	0.708360
0.381000	0.753740
0.381500	0.804670
0.382000	0.859640
0.382500	0.920460
0.383000	0.988330
0.383500	1.054300
0.384000	1.109100
0.384500	1.148800
0.385000	1.181100
0.385500	1.208100
0.386000	1.231400
0.386500	1.252900
0.387000	1.273700
0.387500	1.294300
0.388000	1.315000
0.388500	1.337400
0.389000	1.364300
0.389500	1.391700
0.390000	1.415200
0.390500	1.418900
0.391000	1.367600
0.391500	1.289000
0.392000	1.216500
0.392500	1.174000
0.393000	1.141400
0.393500	1.117200
0.394000	1.103200
0.394500	1.106200
0.395000	1.159400
0.395500	1.239400
0.396000	1.309500
0.396500	1.337600
0.397000	1.339400
0.397500	1.318400
0.398000	1.269500
0.398500	1.187600
0.399000	1.067200
0.399500	0.925780
0.400000	0.787170
0.400500	0.674450
0.401000	0.579750
0.401500	0.495550
0.402000	0.425230
0.402500	0.371960
0.403000	0.334340
0.403500	0.317170
0.404000	0.328620
0.404500	0.376900
0.405000	0.447850
0.405500	0.521310
0.406000	0.596400
0.406500	0.672260
0.407000	0.750980
0.407500	0.832600
0.408000	0.913150
0.408500	0.988660
0.409000	1.038500
0.409500	1.035700
0.410000	0.996690
0.410500	0.939070
0.411000	0.874540
0.411500	0.803140
0.412000	0.731930
0.412500	0.668270
0.413000	0.614710
0.413500	0.563630
0.414000	0.512620
0.414500	0.459510
0.415000	0.402560
0.415500	0.342940
0.416000	0.282330
0.416500	0.222280
0.417000	0.164760
0.417500	0.111770
0.418000	0.062781
0.418500	0.017021
0.419000	-0.022193
0.419500	-0.040841
0.420000	-0.042441
0.420500	-0.032447
0.421000	-0.012164
0.421500	0.043387
0.422000	0.115170
0.422500	0.173360
0.423000	0.192310
0.423500	0.190420
0.424000	0.174070
0.424500	0.141900
0.425000	0.092840
0.425500	0.035442
0.426000	-0.025441
0.426500	-0.089342
0.427000	-0.156040
0.427500	-0.230990
0.428000	-0.311410
0.428500	-0.390100
0.429000	-0.459710
0.429500	-0.508070
0.430000	-0.530120
0.430500	-0.524490
0.431000	-0.489830
0.431500	-0.428330
0.432000	-0.352000
0.432500	-0.274210
0.433000	-0.208300
0.433500	-0.154130
0.434000	-0.103340
0.434500	-0.057011
0.435000	-0.016210
0.435500	0.008800
0.436000	0.008572
0.436500	0.000878
0.437000	0.004196
0.437500	0.046715
0.438000	0.134660
0.438500	0.227770
0.439000	0.284760
0.439500	0.283520
0.440000	0.247920
0.440500	0.184960
0.441000	0.100790
0.441500	-0.003968
0.442000	-0.136880
0.442500	-0.274030
0.443000	-0.388530
0.443500	-0.463900
0.444000	-0.527730
0.444500	-0.584410
0.445000	-0.634420
0.445500	-0.678790
0.446000	-0.719920
0.446500	-0.757740
0.447000	-0.791910
0.447500	-0.821850
0.448000	-0.843530
0.448500	-0.852530
0.449000	-0.844850
0.449500	-0.815710
0.450000	-0.760610
0.450500	-0.692330
0.451000	-0.626440
0.451500	-0.575350
0.452000	-0.524370
0.452500	-0.479580
0.453000	-0.454100
0.453500	-0.460420
0.454000	-0.487080
0.454500	-0.520450
0.455000	-0.554600
0.455500	-0.583850
0.456000	-0.612130
0.456500	-0.640170
0.457000	-0.664440
0.457500	-0.681420
0.458000	-0.683600
0.458500	-0.672680
0.459000	-0.658970
0.459500	-0.652790
0.460000	-0.654050
0.460500	-0.655860
0.461000	-0.658390
0.461500	-0.661790
0.462000	-0.667380
0.462500	-0.675160
0.463000	-0.683320
0.463500	-0.690040
0.464000	-0.689240
0.464500	-0.676220
0.465000	-0.659750
0.465500	-0.648960
0.466000	-0.655360
0.466500	-0.680540
0.467000	-0.710880
0.467500	-0.732480
0.468000	-0.737360
0.468500	-0.729080
0.469000	-0.703720
0.469500	-0.657020
0.470000	-0.583230
0.470500	-0.481670
0.471000	-0.369670
0.471500	-0.265870
0.472000	-0.182590
0.472500	-0.105980
0.473000	-0.036551
0.473500	0.022778
0.474000	0.070265
0.474500	0.106750
0.475000	0.127480
0.475500	0.127130
0.476000	0.102730
0.476500	0.072439
0.477000	0.041687
0.477500	0.010982
0.478000	-0.019365
0.478500	-0.050344
0.479000	-0.080974
0.479500	-0.109770
0.480000	-0.133430
0.480500	-0.100570
0.481000	-0.016747
0.481500	0.079302
0.482000	0.150180
0.482500	0.208720
0.483000	0.264420
0.483500	0.308440
0.484000	0.331720
0.484500	0.324180
0.485000	0.296600
0.485500	0.266160
0.486000	0.250070
0.486500	0.249550
0.487000	0.252850
0.487500	0.257680
0.488000	0.261750
0.488500	0.249220
0.489000	0.217760
0.489500	0.185260
0.490000	0.169680
0.490500	785.590027
0.491000	2888.000000
0.491500	5927.100098
0.492000	9522.700195
0.492500	13564.000000
0.493000	18406.000000
0.493500	24016.000000
