0.000000	-0.000804
0.000500	-0.001943
0.001000	-0.002447
0.001500	-0.002690
0.002000	-0.002761
0.002500	-0.002874
0.003000	-0.002876
0.003500	-0.002517
0.004000	-0.002285
0.004500	-0.002051
0.005000	-0.001486
0.005500	-0.001128
0.006000	-0.001162
0.006500	-0.001171
0.007000	-0.000914
0.007500	-0.000253
0.008000	0.000623
0.008500	0.001478
0.009000	0.002242
0.009500	0.002975
0.010000	0.003656
0.010500	0.004147
0.011000	0.004483
0.011500	0.004802
0.012000	0.005259
0.012500	0.005727
0.013000	0.005960
0.013500	0.006285
0.014000	0.006613
0.014500	0.006738
0.015000	0.006945
0.015500	0.006645
0.016000	0.006472
0.016500	0.006638
0.017000	0.006668
0.017500	0.006448
0.018000	0.006227
0.018500	0.006091
0.019000	0.005870
0.019500	0.005743
0.020000	0.005716
0.020500	0.005626
0.021000	0.005330
0.021500	0.005121
0.022000	0.004748
0.022500	0.004294
0.023000	0.003830
0.023500	0.003343
0.024000	0.003159
0.024500	0.003124
0.025000	0.003008
0.025500	0.002942
0.026000	0.002420
0.026500	0.001960
0.027000	0.001636
0.027500	0.001303
0.028000	0.000765
0.028500	0.000162
0.029000	-0.000611
0.029500	-0.001648
0.030000	-0.002095
0.030500	-0.002261
0.031000	-0.002374
0.031500	-0.003027
0.032000	-0.004136
0.032500	-0.004893
0.033000	-0.005851
0.033500	-0.006991
0.034000	-0.007505
0.034500	-0.007642
0.035000	-0.008090
0.035500	-0.008690
0.036000	-0.009195
0.036500	-0.009420
0.037000	-0.009694
0.037500	-0.010118
0.038000	-0.010013
0.038500	-0.010160
0.039000	-0.010463
0.039500	-0.010427
0.040000	-0.010328
0.040500	-0.010178
0.041000	-0.009651
0.041500	-0.009083
0.042000	-0.008572
0.042500	-0.008252
0.043000	-0.007710
0.043500	-0.006956
0.044000	-0.006823
0.044500	-0.006806
0.045000	-0.006412
0.045500	-0.005644
0.046000	-0.004572
0.046500	-0.003425
0.047000	-0.002523
0.047500	-0.001161
0.048000	0.000596
0.048500	0.002332
0.049000	0.003404
0.049500	0.004180
0.050000	0.005314
0.050500	0.006224
0.051000	0.007440
0.051500	0.008997
0.052000	0.010634
0.052500	0.012764
0.053000	0.014915
0.053500	0.016606
0.054000	0.018109
0.054500	0.019441
0.055000	0.021019
0.055500	0.022783
0.056000	0.024119
0.056500	0.024757
0.057000	0.025454
0.057500	0.026466
0.058000	0.027109
0.058500	0.026726
0.059000	0.025177
0.059500	0.023232
0.060000	0.020728
0.060500	0.017223
0.061000	0.013436
0.061500	0.010665
0.062000	0.008489
0.062500	0.006515
0.063000	0.005143
0.063500	0.003967
0.064000	0.002403
0.064500	-0.000346
0.065000	-0.004783
0.065500	-0.010253
0.066000	-0.015092
0.066500	-0.018161
0.067000	-0.019129
0.067500	-0.018726
0.068000	-0.017869
0.068500	-0.017099
0.069000	-0.017467
0.069500	-0.020419
0.070000	-0.026092
0.070500	-0.033630
0.071000	-0.042232
0.071500	-0.050633
0.072000	-0.057797
0.072500	-0.063591
0.073000	-0.067756
0.073500	-0.071029
0.074000	-0.075705
0.074500	-0.083110
0.075000	-0.093671
0.075500	-0.106570
0.076000	-0.119790
0.076500	-0.133040
0.077000	-0.145380
0.077500	-0.157140
0.078000	-0.169200
0.078500	-0.180160
0.079000	-0.190140
0.079500	-0.198700
0.080000	-0.204360
0.080500	-0.207570
0.081000	-0.210230
0.081500	-0.213100
0.082000	-0.215680
0.082500	-0.217580
0.083000	-0.217830
0.083500	-0.214890
0.084000	-0.202890
0.084500	-0.174050
0.085000	-0.130310
0.085500	-0.077294
0.086000	-0.019386
0.086500	0.031940
0.087000	0.069349
0.087500	0.096194
0.088000	0.118350
0.088500	0.144350
0.089000	0.180510
0.089500	0.223950
0.090000	0.268520
0.090500	0.308430
0.091000	0.337130
0.091500	0.350720
0.092000	0.348040
0.092500	0.332270
0.093000	0.306200
0.093500	0.268400
0.094000	0.216800
0.094500	0.148140
0.095000	0.061488
0.095500	-0.040221
0.096000	-0.152720
0.096500	-0.268850
0.097000	-0.381090
0.097500	-0.483760
0.098000	-0.572300
0.098500	-0.644380
0.099000	-0.701010
0.099500	-0.744890
0.100000	-0.779750
0.100500	-0.809790
0.101000	-0.838980
0.101500	-0.871120
0.102000	-0.908230
0.102500	-0.948930
0.103000	-0.989170
0.103500	-1.026500
0.104000	-1.059100
0.104500	-1.085800
0.105000	-1.108600
0.105500	-1.131100
0.106000	-1.156600
0.106500	-1.187300
0.107000	-1.224200
0.107500	-1.267400
0.108000	-1.316900
0.108500	-1.374600
0.109000	-1.442800
0.109500	-1.522700
0.110000	-1.615800
0.110500	-1.721100
0.111000	-1.833800
0.111500	-1.947800
0.112000	-2.059600
0.112500	-2.167600
0.113000	-2.272000
0.113500	-2.367500
0.114000	-2.436700
0.114500	-2.463600
0.115000	-2.439500
0.115500	-2.359500
0.116000	-2.229200
0.116500	-2.069200
0.117000	-1.904700
0.117500	-1.757300
0.118000	-1.640400
0.118500	-1.560800
0.119000	-1.520700
0.119500	-1.514800
0.120000	-1.532100
0.120500	-1.561000
0.121000	-1.589700
0.121500	-1.606500
0.122000	-1.602100
0.122500	-1.571200
0.123000	-1.512700
0.123500	-1.430500
0.124000	-1.332700
0.124500	-1.227600
0.125000	-1.122500
0.125500	-1.023500
0.126000	-0.933300
0.126500	-0.851720
0.127000	-0.775880
0.127500	-0.700550
0.128000	-0.622880
0.128500	-0.541940
0.129000	-0.456870
0.129500	-0.368510
0.130000	-0.278640
0.130500	-0.189630
0.131000	-0.102620
0.131500	-0.019612
0.132000	0.056903
0.132500	0.125350
0.133000	0.184370
0.133500	0.234080
0.134000	0.275340
0.134500	0.310200
0.135000	0.341550
0.135500	0.369920
0.136000	0.395570
0.136500	0.420000
0.137000	0.444160
0.137500	0.470000
0.138000	0.498850
0.138500	0.531670
0.139000	0.570530
0.139500	0.616330
0.140000	0.668510
0.140500	0.724510
0.141000	0.780450
0.141500	0.830320
0.142000	0.867500
0.142500	0.890670
0.143000	0.899860
0.143500	0.897140
0.144000	0.889460
0.144500	0.882440
0.145000	0.878090
0.145500	0.875350
0.146000	0.872430
0.146500	0.867140
0.147000	0.857010
0.147500	0.841820
0.148000	0.822760
0.148500	0.801720
0.149000	0.780020
0.149500	0.760710
0.150000	0.745220
0.150500	0.731980
0.151000	0.719850
0.151500	0.707920
0.152000	0.696290
0.152500	0.683960
0.153000	0.672420
0.153500	0.665020
0.154000	0.662690
0.154500	0.665280
0.155000	0.672020
0.155500	0.682670
0.156000	0.698000
0.156500	0.718780
0.157000	0.745160
0.157500	0.775080
0.158000	0.804350
0.158500	0.829270
0.159000	0.847880
0.159500	0.860380
0.160000	0.868650
0.160500	0.876460
0.161000	0.887810
0.161500	0.905850
0.162000	0.931430
0.162500	0.964150
0.163000	1.002200
0.163500	1.043000
0.164000	1.084700
0.164500	1.124400
0.165000	1.159700
0.165500	1.188100
0.166000	1.207800
0.166500	1.219600
0.167000	1.226500
0.167500	1.231200
0.168000	1.237400
0.168500	1.248400
0.169000	1.264900
0.169500	1.285900
0.170000	1.309100
0.170500	1.332300
0.171000	1.353700
0.171500	1.371900
0.172000	1.386100
0.172500	1.395900
0.173000	1.401300
0.173500	1.403500
0.174000	1.403100
0.174500	1.400300
0.175000	1.395100
0.175500	1.388400
0.176000	1.381000
0.176500	1.373200
0.177000	1.364000
0.177500	1.352900
0.178000	1.339900
0.178500	1.325000
0.179000	1.308500
0.179500	1.291100
0.180000	1.272000
0.180500	1.251100
0.181000	1.228300
0.181500	1.203500
0.182000	1.176800
0.182500	1.148900
0.183000	1.120000
0.183500	1.089400
0.184000	1.056900
0.184500	1.022200
0.185000	0.986100
0.185500	0.948950
0.186000	0.910050
0.186500	0.871530
0.187000	0.833390
0.187500	0.795060
0.188000	0.757610
0.188500	0.720090
0.189000	0.681300
0.189500	0.642450
0.190000	0.603600
0.190500	0.563830
0.191000	0.525420
0.191500	0.488880
0.192000	0.453110
0.192500	0.419450
0.193000	0.387760
0.193500	0.357120
0.194000	0.328250
0.194500	0.300080
0.195000	0.271570
0.195500	0.243560
0.196000	0.215930
0.196500	0.187650
0.197000	0.158580
0.197500	0.128150
0.198000	0.096093
0.198500	0.063576
0.199000	0.030816
0.199500	-0.001416
0.200000	-0.032422
0.200500	-0.061698
0.201000	-0.088029
0.201500	-0.111010
0.202000	-0.131220
0.202500	-0.149110
0.203000	-0.165480
0.203500	-0.181500
0.204000	-0.198380
0.204500	-0.216800
0.205000	-0.236400
0.205500	-0.257340
0.206000	-0.279090
0.206500	-0.300790
0.207000	-0.321240
0.207500	-0.339760
0.208000	-0.355720
0.208500	-0.368510
0.209000	-0.378300
0.209500	-0.385000
0.210000	-0.388900
0.210500	-0.390330
0.211000	-0.389310
0.211500	-0.385800
0.212000	-0.379550
0.212500	-0.370440
0.213000	-0.359750
0.213500	-0.348060
0.214000	-0.335810
0.214500	-0.323420
0.215000	-0.310060
0.215500	-0.295660
0.216000	-0.280310
0.216500	-0.263360
0.217000	-0.244500
0.217500	-0.223140
0.218000	-0.198790
0.218500	-0.171930
0.219000	-0.143280
0.219500	-0.113480
0.220000	-0.083137
0.220500	-0.052945
0.221000	-0.022887
0.221500	0.007040
0.222000	0.036460
0.222500	0.066006
0.223000	0.095596
0.223500	0.124390
0.224000	0.153320
0.224500	0.183010
0.225000	0.213150
0.225500	0.243620
0.226000	0.274090
0.226500	0.304960
0.227000	0.336800
0.227500	0.369520
0.228000	0.402510
0.228500	0.436000
0.229000	0.470770
0.229500	0.506010
0.230000	0.541300
0.230500	0.576960
0.231000	0.612700
0.231500	0.648010
0.232000	0.682340
0.232500	0.716240
0.233000	0.750600
0.233500	0.785200
0.234000	0.819590
0.234500	0.853930
0.235000	0.888040
0.235500	0.921560
0.236000	0.954340
0.236500	0.986320
0.237000	1.017800
0.237500	1.048600
0.238000	1.078500
0.238500	1.108200
0.239000	1.137700
0.239500	1.167400
0.240000	1.197300
0.240500	1.227000
0.241000	1.256000
0.241500	1.284300
0.242000	1.311400
0.242500	1.336700
0.243000	1.360600
0.243500	1.382300
0.244000	1.401500
0.244500	1.418700
0.245000	1.434100
0.245500	1.448200
0.246000	1.461100
0.246500	1.472500
0.247000	1.481800
0.247500	1.488500
0.248000	1.492500
0.248500	1.494100
0.249000	1.493400
0.249500	1.490100
0.250000	1.484600
0.250500	1.477000
0.251000	1.467200
0.251500	1.455400
0.252000	1.441900
0.252500	1.426700
0.253000	1.409900
0.253500	1.391600
0.254000	1.372100
0.254500	1.351500
0.255000	1.329900
0.255500	1.307600
0.256000	1.284100
0.256500	1.258800
0.257000	1.231800
0.257500	1.203100
0.258000	1.173400
0.258500	1.143000
0.259000	1.112800
0.259500	1.083000
0.260000	1.053300
0.260500	1.023500
0.261000	0.993070
0.261500	0.962170
0.262000	0.930100
0.262500	0.896700
0.263000	0.862380
0.263500	0.827350
0.264000	0.792540
0.264500	0.758660
0.265000	0.726090
0.265500	0.694350
0.266000	0.663460
0.266500	0.633180
0.267000	0.602760
0.267500	0.573190
0.268000	0.544680
0.268500	0.517790
0.269000	0.492920
0.269500	0.470230
0.270000	0.450420
0.270500	0.433410
0.271000	0.418290
0.271500	0.403980
0.272000	0.390890
0.272500	0.378280
0.273000	0.366030
0.273500	0.354770
0.274000	0.344290
0.274500	0.334520
0.275000	0.325760
0.275500	0.317390
0.276000	0.308960
0.276500	0.300680
0.277000	0.292950
0.277500	0.286620
0.278000	0.282100
0.278500	0.279540
0.279000	0.279240
0.279500	0.280830
0.280000	0.283990
0.280500	0.289020
0.281000	0.294880
0.281500	0.301600
0.282000	0.310220
0.282500	0.321220
0.283000	0.333900
0.283500	0.348030
0.284000	0.363730
0.284500	0.379880
0.285000	0.396360
0.285500	0.413450
0.286000	0.432100
0.286500	0.452750
0.287000	0.474810
0.287500	0.498070
0.288000	0.522150
0.288500	0.547690
0.289000	0.574190
0.289500	0.600520
0.290000	0.627340
0.290500	0.654960
0.291000	0.683220
0.291500	0.712320
0.292000	0.741990
0.292500	0.772190
0.293000	0.803320
0.293500	0.835080
0.294000	0.866470
0.294500	0.897650
0.295000	0.928980
0.295500	0.959720
0.296000	0.989100
0.296500	1.017400
0.297000	1.044500
0.297500	1.069500
0.298000	1.092200
0.298500	1.112300
