0.000000	-0.015043
0.000500	0.012466
0.001000	-0.033945
0.001500	-0.033418
0.002000	0.004065
0.002500	-0.024925
0.003000	0.025712
0.003500	-0.039607
0.004000	-0.015315
0.004500	-0.010369
0.005000	-0.016637
0.005500	-0.057213
0.006000	-0.003146
0.006500	-0.044008
0.007000	-0.026362
0.007500	-0.010114
0.008000	-0.030037
0.008500	-0.023104
0.009000	-0.027627
0.009500	-0.010935
0.010000	-0.033147
0.010500	-0.048696
0.011000	-0.075473
0.011500	-0.041853
0.012000	-0.042841
0.012500	-0.039223
0.013000	-0.062019
0.013500	-0.074962
0.014000	-0.018813
0.014500	-0.086496
0.015000	-0.052389
0.015500	-0.019900
0.016000	-0.021737
0.016500	-0.040731
0.017000	-0.011841
0.017500	-0.041697
0.018000	-0.049584
0.018500	-0.047910
0.019000	-0.053977
0.019500	-0.007526
0.020000	0.004567
0.020500	0.013950
0.021000	0.034201
0.021500	0.013359
0.022000	0.020424
0.022500	0.025301
0.023000	0.025485
0.023500	0.006347
0.024000	0.029913
0.024500	0.000219
0.025000	0.016807
0.025500	-0.024967
0.026000	-0.023150
0.026500	0.002741
0.027000	-0.031645
0.027500	-0.018242
0.028000	-0.062352
0.028500	-0.060704
0.029000	-0.072120
0.029500	-0.037294
0.030000	-0.057124
0.030500	-0.013339
0.031000	-0.022825
0.031500	-0.035957
0.032000	-0.027847
0.032500	-0.065128
0.033000	-0.062641
0.033500	-0.061349
0.034000	-0.016691
0.034500	-0.036327
0.035000	-0.041500
0.035500	-0.065217
0.036000	-0.062230
0.036500	-0.024176
0.037000	-0.038179
0.037500	0.004321
0.038000	-0.015199
0.038500	-0.013242
0.039000	-0.019366
0.039500	-0.014193
0.040000	-0.057775
0.040500	-0.024402
0.041000	-0.002337
0.041500	0.004428
0.042000	-0.032693
0.042500	-0.034610
0.043000	0.025952
0.043500	-0.009682
0.044000	0.004416
0.044500	0.001302
0.045000	-0.003799
0.045500	0.028023
0.046000	0.023853
0.046500	-0.023125
0.047000	-0.024348
0.047500	-0.020062
0.048000	-0.000054
0.048500	-0.005161
0.049000	-0.017602
0.049500	0.020256
0.050000	-0.026693
0.050500	-0.006916
0.051000	0.004581
0.051500	-0.015273
0.052000	-0.069757
0.052500	-0.065808
0.053000	-0.105360
0.053500	-0.135020
0.054000	-0.203030
0.054500	-0.267350
0.055000	-0.338900
0.055500	-0.447200
0.056000	-0.531450
0.056500	-0.647410
0.057000	-0.772390
0.057500	-0.886440
0.058000	-1.051700
0.058500	-1.146500
0.059000	-1.263000
0.059500	-1.325300
0.060000	-1.391800
0.060500	-1.462000
0.061000	-1.544300
0.061500	-1.616900
0.062000	-1.617700
0.062500	-1.665500
0.063000	-1.754600
0.063500	-1.788200
0.064000	-1.943600
0.064500	-2.123300
0.065000	-2.261600
0.065500	-2.455800
0.066000	-2.536900
0.066500	-2.700200
0.067000	-2.757100
0.067500	-2.745800
0.068000	-2.796000
0.068500	-2.739900
0.069000	-2.736300
0.069500	-2.731600
0.070000	-2.715400
0.070500	-2.762100
0.071000	-2.862700
0.071500	-2.910200
0.072000	-3.038400
0.072500	-3.081800
0.073000	-3.164600
0.073500	-3.244100
0.074000	-3.165000
0.074500	-3.115400
0.075000	-3.078000
0.075500	-3.140200
0.076000	-3.162300
0.076500	-3.324000
0.077000	-3.543500
0.077500	-3.795600
0.078000	-4.096300
0.078500	-4.415500
0.079000	-4.774900
0.079500	-5.026500
0.080000	-5.194100
0.080500	-5.143200
0.081000	-4.934700
0.081500	-4.353900
0.082000	-3.620700
0.082500	-2.579400
0.083000	-1.378500
0.083500	-0.069649
0.084000	1.229700
0.084500	2.412800
0.085000	3.599800
0.085500	4.547600
0.086000	5.339600
0.086500	5.912400
0.087000	6.187800
0.087500	6.099800
0.088000	5.565700
0.088500	4.637800
0.089000	3.304100
0.089500	1.738000
0.090000	0.088428
0.090500	-1.456800
0.091000	-2.534600
0.091500	-3.074000
0.092000	-3.031200
0.092500	-2.363600
0.093000	-0.968330
0.093500	0.888320
0.094000	3.074800
0.094500	5.574700
0.095000	8.204600
0.095500	10.990000
0.096000	14.038000
0.096500	17.142000
0.097000	20.368000
0.097500	23.486000
0.098000	26.238001
0.098500	28.245001
0.099000	29.191000
0.099500	28.841999
0.100000	27.011999
0.100500	23.768000
0.101000	19.340000
0.101500	14.024000
0.102000	8.358500
0.102500	2.770000
0.103000	-2.360300
0.103500	-7.019600
0.104000	-11.135000
0.104500	-14.815000
0.105000	-17.964001
0.105500	-20.539000
0.106000	-22.511999
0.106500	-23.858000
0.107000	-24.570000
0.107500	-24.636999
0.108000	-24.091999
0.108500	-22.993999
0.109000	-21.523001
0.109500	-19.725000
0.110000	-17.792999
0.110500	-15.788000
0.111000	-13.797000
0.111500	-11.807000
0.112000	-9.896500
0.112500	-8.107800
0.113000	-6.424900
0.113500	-4.878400
0.114000	-3.437800
0.114500	-2.134400
0.115000	-0.868000
0.115500	0.350630
0.116000	1.451200
0.116500	2.429000
0.117000	3.186700
0.117500	3.821700
0.118000	4.229400
0.118500	4.399600
0.119000	4.451800
0.119500	4.276900
0.120000	3.990100
0.120500	3.525400
0.121000	2.990600
0.121500	2.413200
0.122000	1.868600
0.122500	1.371900
0.123000	1.004700
0.123500	0.688340
0.124000	0.598150
0.124500	0.568690
0.125000	0.610410
0.125500	0.714570
0.126000	0.894500
0.126500	1.034500
0.127000	1.223800
0.127500	1.370600
0.128000	1.445800
0.128500	1.484200
0.129000	1.383100
0.129500	1.229700
0.130000	0.997030
0.130500	0.690640
0.131000	0.394980
0.131500	0.080228
0.132000	-0.144920
0.132500	-0.361240
0.133000	-0.415160
0.133500	-0.418410
0.134000	-0.244940
0.134500	-0.090425
0.135000	0.193650
0.135500	0.539850
0.136000	0.924290
0.136500	1.326200
0.137000	1.742700
0.137500	2.181000
0.138000	2.493000
0.138500	2.743600
0.139000	2.975000
0.139500	3.131700
0.140000	3.228200
0.140500	3.235200
0.141000	3.151900
0.141500	2.991900
0.142000	2.663700
0.142500	2.274600
0.143000	1.911400
0.143500	1.532300
0.144000	1.181600
0.144500	0.819270
0.145000	0.465930
0.145500	0.182690
0.146000	-0.107970
0.146500	-0.365570
0.147000	-0.615030
0.147500	-0.894940
0.148000	-1.214800
0.148500	-1.536900
0.149000	-1.897400
0.149500	-2.269700
0.150000	-2.559400
0.150500	-2.854700
0.151000	-3.140000
0.151500	-3.270300
0.152000	-3.344500
0.152500	-3.344200
0.153000	-3.169800
0.153500	-2.890000
0.154000	-2.554500
0.154500	-2.138700
0.155000	-1.656100
0.155500	-1.125100
0.156000	-0.592280
0.156500	-0.056875
0.157000	0.410740
0.157500	0.823540
0.158000	1.221900
0.158500	1.591100
0.159000	1.937400
0.159500	2.346300
0.160000	2.754800
0.160500	3.252500
0.161000	3.773200
0.161500	4.303200
0.162000	4.830600
0.162500	5.297800
0.163000	5.686600
0.163500	6.015800
0.164000	6.225000
0.164500	6.323800
0.165000	6.309600
0.165500	6.200200
0.166000	5.977900
0.166500	5.705800
0.167000	5.336200
0.167500	4.953400
0.168000	4.508400
0.168500	4.044500
0.169000	3.616300
0.169500	3.208600
0.170000	2.925600
0.170500	2.612600
0.171000	2.405900
0.171500	2.253700
0.172000	2.146800
0.172500	2.114000
0.173000	2.180500
0.173500	2.240300
0.174000	2.420500
0.174500	2.541700
0.175000	2.684600
0.175500	2.822900
0.176000	2.969300
0.176500	3.079800
0.177000	3.203400
0.177500	3.286200
0.178000	3.273900
0.178500	3.337600
0.179000	3.264500
0.179500	3.195200
0.180000	3.115100
0.180500	3.004500
0.181000	2.881800
0.181500	2.684000
0.182000	2.574500
0.182500	2.370900
0.183000	2.180800
0.183500	1.996900
0.184000	1.822100
0.184500	1.635100
0.185000	1.421700
0.185500	1.178200
0.186000	0.913290
0.186500	0.641700
0.187000	0.361720
0.187500	0.125480
0.188000	-0.159950
0.188500	-0.337620
0.189000	-0.565290
0.189500	-0.703370
0.190000	-0.879560
0.190500	-0.999770
0.191000	-1.098400
0.191500	-1.212700
0.192000	-1.334700
0.192500	-1.418300
0.193000	-1.503700
0.193500	-1.574400
0.194000	-1.700800
0.194500	-1.717600
0.195000	-1.785600
0.195500	-1.760200
0.196000	-1.786300
0.196500	-1.757900
0.197000	-1.734900
0.197500	-1.637100
0.198000	-1.581400
0.198500	-1.457700
0.199000	-1.280200
0.199500	-1.099000
0.200000	-0.893400
0.200500	-0.675520
0.201000	-0.446030
0.201500	-0.250140
0.202000	-0.014607
0.202500	0.181070
0.203000	0.362390
0.203500	0.558730
0.204000	0.725150
0.204500	0.875860
0.205000	1.048300
0.205500	1.215900
0.206000	1.424300
0.206500	1.677200
0.207000	1.793000
0.207500	2.020400
0.208000	2.225900
0.208500	2.416400
0.209000	2.544700
0.209500	2.690200
0.210000	2.780600
0.210500	2.795000
0.211000	2.770400
0.211500	2.723900
0.212000	2.668000
0.212500	2.585300
0.213000	2.594700
0.213500	2.597100
0.214000	2.618700
0.214500	2.722300
0.215000	2.807300
0.215500	2.916400
0.216000	3.007000
0.216500	3.082200
0.217000	3.166000
0.217500	3.228800
0.218000	3.185000
0.218500	3.232300
0.219000	3.204000
0.219500	3.112800
0.220000	2.917100
0.220500	2.651900
0.221000	2.260300
0.221500	1.868700
0.222000	1.401400
0.222500	0.922600
0.223000	0.455640
0.223500	-0.066896
0.224000	-0.519950
0.224500	-0.972600
0.225000	-1.346200
0.225500	-1.623200
0.226000	-1.793400
0.226500	-1.939300
0.227000	-2.010700
0.227500	-2.125300
0.228000	-2.178500
0.228500	-2.287000
0.229000	-2.412100
0.229500	-2.519700
0.230000	-2.587600
0.230500	-2.723800
0.231000	-2.795900
0.231500	-2.822300
0.232000	-2.846700
0.232500	-2.805800
0.233000	-2.681400
0.233500	-2.547200
0.234000	-2.346200
0.234500	-2.126400
0.235000	-1.881300
0.235500	-1.623400
0.236000	-1.296400
0.236500	-0.911780
0.237000	-0.592900
0.237500	-0.227680
0.238000	0.112600
0.238500	0.464290
0.239000	0.746410
0.239500	1.097600
0.240000	1.381000
0.240500	1.637000
0.241000	1.856600
0.241500	2.026500
0.242000	2.166400
0.242500	2.302900
0.243000	2.376400
0.243500	2.300900
0.244000	2.256900
0.244500	2.082700
0.245000	1.925500
0.245500	1.646600
0.246000	1.400500
0.246500	1.103000
0.247000	0.745450
0.247500	0.466890
0.248000	0.133820
0.248500	-0.108020
0.249000	-0.381020
0.249500	-0.587480
0.250000	-0.780770
0.250500	-0.874320
0.251000	-0.955800
0.251500	-1.017100
0.252000	-1.033800
0.252500	-1.072600
0.253000	-1.138300
0.253500	-1.159200
0.254000	-1.190900
0.254500	-1.220300
0.255000	-1.264700
0.255500	-1.366000
0.256000	-1.410000
0.256500	-1.427400
0.257000	-1.420700
0.257500	-1.433900
0.258000	-1.397100
0.258500	-1.357100
0.259000	-1.358600
0.259500	-1.323900
0.260000	-1.286500
0.260500	-1.314100
0.261000	-1.281400
0.261500	-1.307800
0.262000	-1.262000
0.262500	-1.312500
0.263000	-1.257600
0.263500	-1.268800
0.264000	-1.195200
0.264500	-1.148100
0.265000	-1.116600
0.265500	-1.024400
0.266000	-0.978060
0.266500	-0.867370
0.267000	-0.866150
0.267500	-0.788540
0.268000	-0.684350
0.268500	-0.670890
0.269000	-0.584920
0.269500	-0.537790
0.270000	-0.541340
0.270500	-0.501200
0.271000	-0.534020
0.271500	-0.528570
0.272000	-0.518680
0.272500	-0.519330
0.273000	-0.501180
0.273500	-0.482560
0.274000	-0.425510
0.274500	-0.424640
0.275000	-0.306880
0.275500	-0.220840
0.276000	-0.128330
0.276500	0.007018
0.277000	0.097059
0.277500	0.213140
0.278000	0.273110
0.278500	0.291440
0.279000	0.363790
0.279500	0.376200
0.280000	0.371540
0.280500	0.366220
0.281000	0.407390
0.281500	0.413720
0.282000	0.453320
0.282500	0.449880
0.283000	0.488560
0.283500	0.477790
0.284000	0.571360
0.284500	0.592560
0.285000	0.624170
0.285500	0.690330
0.286000	0.722090
0.286500	0.737500
0.287000	0.760520
0.287500	0.722050
0.288000	0.694550
0.288500	0.675450
0.289000	0.636510
0.289500	0.554510
0.290000	0.515740
0.290500	0.438850
0.291000	0.370150
0.291500	0.314830
0.292000	0.246980
0.292500	0.124830
0.293000	0.040017
0.293500	-0.009618
0.294000	-0.075233
0.294500	-0.132670
0.295000	-0.126170
0.295500	-0.157740
0.296000	-0.113350
0.296500	0.002646
0.297000	0.090248
0.297500	0.158340
0.298000	0.199040
0.298500	0.234790
