0.000000	-0.172920
0.000500	-0.172920
0.001000	-0.172920
0.001500	-0.172920
0.002000	-0.172920
0.002500	-0.172920
0.003000	-0.172920
0.003500	-0.172920
0.004000	-0.172910
0.004500	-0.172910
0.005000	-0.172910
0.005500	-0.172900
0.006000	-0.172900
0.006500	-0.172900
0.007000	-0.172890
0.007500	-0.172890
0.008000	-0.172890
0.008500	-0.172880
0.009000	-0.172880
0.009500	-0.172880
0.010000	-0.172880
0.010500	-0.172870
0.011000	-0.172870
0.011500	-0.172870
0.012000	-0.172870
0.012500	-0.172870
0.013000	-0.172870
0.013500	-0.172870
0.014000	-0.172880
0.014500	-0.172880
0.015000	-0.172880
0.015500	-0.172890
0.016000	-0.172890
0.016500	-0.172890
0.017000	-0.172900
0.017500	-0.172900
0.018000	-0.172910
0.018500	-0.172910
0.019000	-0.172920
0.019500	-0.172920
0.020000	-0.172930
0.020500	-0.172930
0.021000	-0.172940
0.021500	-0.172940
0.022000	-0.172940
0.022500	-0.172940
0.023000	-0.172950
0.023500	-0.172950
0.024000	-0.172950
0.024500	-0.172940
0.025000	-0.172940
0.025500	-0.172940
0.026000	-0.172930
0.026500	-0.172930
0.027000	-0.172920
0.027500	-0.172910
0.028000	-0.172900
0.028500	-0.172880
0.029000	-0.172870
0.029500	-0.172860
0.030000	-0.172850
0.030500	-0.172830
0.031000	-0.172820
0.031500	-0.172800
0.032000	-0.172790
0.032500	-0.172770
0.033000	-0.172760
0.033500	-0.172750
0.034000	-0.172730
0.034500	-0.172720
0.035000	-0.172710
0.035500	-0.172700
0.036000	-0.172690
0.036500	-0.172680
0.037000	-0.172670
0.037500	-0.172660
0.038000	-0.172660
0.038500	-0.172650
0.039000	-0.172650
0.039500	-0.172650
0.040000	-0.172640
0.040500	-0.172640
0.041000	-0.172640
0.041500	-0.172630
0.042000	-0.172620
0.042500	-0.172610
0.043000	-0.172600
0.043500	-0.172590
0.044000	-0.172580
0.044500	-0.172560
0.045000	-0.172550
0.045500	-0.172530
0.046000	-0.172510
0.046500	-0.172490
0.047000	-0.172460
0.047500	-0.172440
0.048000	-0.172410
0.048500	-0.172370
0.049000	-0.172340
0.049500	-0.172290
0.050000	-0.172250
0.050500	-0.172200
0.051000	-0.172150
0.051500	-0.172100
0.052000	-0.172050
0.052500	-0.171990
0.053000	-0.171940
0.053500	-0.171880
0.054000	-0.171830
0.054500	-0.171770
0.055000	-0.171710
0.055500	-0.171650
0.056000	-0.171600
0.056500	-0.171540
0.057000	-0.171480
0.057500	-0.171420
0.058000	-0.171360
0.058500	-0.171310
0.059000	-0.171250
0.059500	-0.171190
0.060000	-0.171140
0.060500	-0.171090
0.061000	-0.171030
0.061500	-0.170990
0.062000	-0.170940
0.062500	-0.170900
0.063000	-0.170870
0.063500	-0.170830
0.064000	-0.170800
0.064500	-0.170760
0.065000	-0.170720
0.065500	-0.170670
0.066000	-0.170600
0.066500	-0.170510
0.067000	-0.170390
0.067500	-0.170260
0.068000	-0.170100
0.068500	-0.169910
0.069000	-0.169700
0.069500	-0.169470
0.070000	-0.169230
0.070500	-0.168970
0.071000	-0.168700
0.071500	-0.168430
0.072000	-0.168160
0.072500	-0.167890
0.073000	-0.167630
0.073500	-0.167380
0.074000	-0.167140
0.074500	-0.166910
0.075000	-0.166680
0.075500	-0.166460
0.076000	-0.166250
0.076500	-0.166040
0.077000	-0.165830
0.077500	-0.165640
0.078000	-0.165450
0.078500	-0.165280
0.079000	-0.165120
0.079500	-0.164990
0.080000	-0.164880
0.080500	-0.164810
0.081000	-0.164790
0.081500	-0.164810
0.082000	-0.164880
0.082500	-0.164990
0.083000	-0.165140
0.083500	-0.165330
0.084000	-0.165540
0.084500	-0.165760
0.085000	-0.165980
0.085500	-0.166190
0.086000	-0.166360
0.086500	-0.166480
0.087000	-0.166530
0.087500	-0.166500
0.088000	-0.166370
0.088500	-0.166120
0.089000	-0.165770
0.089500	-0.165300
0.090000	-0.164720
0.090500	-0.164030
0.091000	-0.163220
0.091500	-0.162290
0.092000	-0.161220
0.092500	-0.160000
0.093000	-0.158640
0.093500	-0.157130
0.094000	-0.155470
0.094500	-0.153680
0.095000	-0.151770
0.095500	-0.149780
0.096000	-0.147740
0.096500	-0.145660
0.097000	-0.143580
0.097500	-0.141510
0.098000	-0.139490
0.098500	-0.137520
0.099000	-0.135640
0.099500	-0.133870
0.100000	-0.132230
0.100500	-0.130770
0.101000	-0.129510
0.101500	-0.128480
0.102000	-0.127700
0.102500	-0.127170
0.103000	-0.126870
0.103500	-0.126790
0.104000	-0.126860
0.104500	-0.127050
0.105000	-0.127300
0.105500	-0.127540
0.106000	-0.127730
0.106500	-0.127830
0.107000	-0.127810
0.107500	-0.127660
0.108000	-0.127370
0.108500	-0.126940
0.109000	-0.126400
0.109500	-0.125770
0.110000	-0.125080
0.110500	-0.124360
0.111000	-0.123650
0.111500	-0.122980
0.112000	-0.122380
0.112500	-0.121880
0.113000	-0.121510
0.113500	-0.121270
0.114000	-0.121180
0.114500	-0.121260
0.115000	-0.121490
0.115500	-0.121880
0.116000	-0.122410
0.116500	-0.123080
0.117000	-0.123860
0.117500	-0.124730
0.118000	-0.125680
0.118500	-0.126690
0.119000	-0.127720
0.119500	-0.128770
0.120000	-0.129820
0.120500	-0.130850
0.121000	-0.131840
0.121500	-0.132790
0.122000	-0.133680
0.122500	-0.134500
0.123000	-0.135250
0.123500	-0.135910
0.124000	-0.136460
0.124500	-0.136920
0.125000	-0.137250
0.125500	-0.137450
0.126000	-0.137530
0.126500	-0.137460
0.127000	-0.137270
0.127500	-0.136940
0.128000	-0.136490
0.128500	-0.135930
0.129000	-0.135270
0.129500	-0.134520
0.130000	-0.133700
0.130500	-0.132810
0.131000	-0.131870
0.131500	-0.130900
0.132000	-0.129890
0.132500	-0.128860
0.133000	-0.127800
0.133500	-0.126720
0.134000	-0.125610
0.134500	-0.124460
0.135000	-0.123260
0.135500	-0.122030
0.136000	-0.120740
0.136500	-0.119400
0.137000	-0.118020
0.137500	-0.116600
0.138000	-0.115140
0.138500	-0.113670
0.139000	-0.112200
0.139500	-0.110740
0.140000	-0.109340
0.140500	-0.107980
0.141000	-0.106700
0.141500	-0.105490
0.142000	-0.104370
0.142500	-0.103320
0.143000	-0.102350
0.143500	-0.101450
0.144000	-0.100620
0.144500	-0.099862
0.145000	-0.099162
0.145500	-0.098522
0.146000	-0.097939
0.146500	-0.097412
0.147000	-0.096937
0.147500	-0.096513
0.148000	-0.096135
0.148500	-0.095797
0.149000	-0.095492
0.149500	-0.095210
0.150000	-0.094939
0.150500	-0.094667
0.151000	-0.094379
0.151500	-0.094064
0.152000	-0.093709
0.152500	-0.093305
0.153000	-0.092846
0.153500	-0.092328
0.154000	-0.091750
0.154500	-0.091114
0.155000	-0.090424
0.155500	-0.089686
0.156000	-0.088907
0.156500	-0.088093
0.157000	-0.087253
0.157500	-0.086395
0.158000	-0.085528
0.158500	-0.084661
0.159000	-0.083806
0.159500	-0.082975
0.160000	-0.082183
0.160500	-0.081443
0.161000	-0.080765
0.161500	-0.080159
0.162000	-0.079630
0.162500	-0.079182
0.163000	-0.078817
0.163500	-0.078534
0.164000	-0.078331
0.164500	-0.078206
0.165000	-0.078154
0.165500	-0.078171
0.166000	-0.078252
0.166500	-0.078392
0.167000	-0.078582
0.167500	-0.078816
0.168000	-0.079086
0.168500	-0.079383
0.169000	-0.079700
0.169500	-0.080029
0.170000	-0.080364
0.170500	-0.080703
0.171000	-0.081045
0.171500	-0.081389
0.172000	-0.081738
0.172500	-0.082094
0.173000	-0.082458
0.173500	-0.082831
0.174000	-0.083211
0.174500	-0.083594
0.175000	-0.083975
0.175500	-0.084348
0.176000	-0.084708
0.176500	-0.085051
0.177000	-0.085370
0.177500	-0.085660
0.178000	-0.085914
0.178500	-0.086125
0.179000	-0.086287
0.179500	-0.086396
0.180000	-0.086446
0.180500	-0.086436
0.181000	-0.086364
0.181500	-0.086231
0.182000	-0.086037
0.182500	-0.085788
0.183000	-0.085485
0.183500	-0.085133
0.184000	-0.084734
0.184500	-0.084291
0.185000	-0.083805
0.185500	-0.083279
0.186000	-0.082715
0.186500	-0.082116
0.187000	-0.081487
0.187500	-0.080833
0.188000	-0.080160
0.188500	-0.079471
0.189000	-0.078772
0.189500	-0.078069
0.190000	-0.077363
0.190500	-0.076658
0.191000	-0.075956
0.191500	-0.075257
0.192000	-0.074563
0.192500	-0.073874
0.193000	-0.073190
0.193500	-0.072511
0.194000	-0.071837
0.194500	-0.071168
0.195000	-0.070503
0.195500	-0.069840
0.196000	-0.069178
0.196500	-0.068515
0.197000	-0.067849
0.197500	-0.067178
0.198000	-0.066499
0.198500	-0.065813
0.199000	-0.065118
0.199500	-0.064413
0.200000	-0.063700
0.200500	-0.062977
0.201000	-0.062247
0.201500	-0.061512
0.202000	-0.060772
0.202500	-0.060033
0.203000	-0.059297
0.203500	-0.058568
0.204000	-0.057849
0.204500	-0.057144
0.205000	-0.056456
0.205500	-0.055789
0.206000	-0.055144
0.206500	-0.054524
0.207000	-0.053931
0.207500	-0.053366
0.208000	-0.052830
0.208500	-0.052322
0.209000	-0.051842
0.209500	-0.051387
0.210000	-0.050955
0.210500	-0.050545
0.211000	-0.050154
0.211500	-0.049782
0.212000	-0.049429
0.212500	-0.049093
0.213000	-0.048773
0.213500	-0.048466
0.214000	-0.048168
0.214500	-0.047876
0.215000	-0.047584
0.215500	-0.047288
0.216000	-0.046985
0.216500	-0.046672
0.217000	-0.046346
0.217500	-0.046006
0.218000	-0.045649
0.218500	-0.045273
0.219000	-0.044873
0.219500	-0.044447
0.220000	-0.043991
0.220500	-0.043501
0.221000	-0.042978
0.221500	-0.042419
0.222000	-0.041824
0.222500	-0.041192
0.223000	-0.040525
0.223500	-0.039825
0.224000	-0.039095
0.224500	-0.038340
0.225000	-0.037568
0.225500	-0.036787
0.226000	-0.036004
0.226500	-0.035227
0.227000	-0.034463
0.227500	-0.033716
0.228000	-0.032991
0.228500	-0.032290
0.229000	-0.031615
0.229500	-0.030966
0.230000	-0.030347
0.230500	-0.029756
0.231000	-0.029194
0.231500	-0.028661
0.232000	-0.028155
0.232500	-0.027674
0.233000	-0.027216
0.233500	-0.026776
0.234000	-0.026350
0.234500	-0.025932
0.235000	-0.025520
0.235500	-0.025109
0.236000	-0.024694
0.236500	-0.024274
0.237000	-0.023846
0.237500	-0.023408
0.238000	-0.022959
0.238500	-0.022500
0.239000	-0.022029
0.239500	-0.021549
0.240000	-0.021059
0.240500	-0.020561
0.241000	-0.020057
0.241500	-0.019550
0.242000	-0.019042
0.242500	-0.018537
0.243000	-0.018038
0.243500	-0.017547
0.244000	-0.017067
0.244500	-0.016600
0.245000	-0.016148
0.245500	-0.015713
0.246000	-0.015298
0.246500	-0.014902
0.247000	-0.014528
0.247500	-0.014174
0.248000	-0.013841
0.248500	-0.013529
0.249000	-0.013235
0.249500	-0.012958
0.250000	-0.012697
0.250500	-0.012447
0.251000	-0.012206
0.251500	-0.011970
0.252000	-0.011737
0.252500	-0.011504
0.253000	-0.011267
0.253500	-0.011024
0.254000	-0.010770
0.254500	-0.010504
0.255000	-0.010221
0.255500	-0.009917
0.256000	-0.009588
0.256500	-0.009232
0.257000	-0.008846
0.257500	-0.008427
0.258000	-0.007973
0.258500	-0.007484
0.259000	-0.006961
0.259500	-0.006404
0.260000	-0.005815
0.260500	-0.005200
0.261000	-0.004560
0.261500	-0.003899
0.262000	-0.003220
0.262500	-0.002526
0.263000	-0.001820
0.263500	-0.001106
0.264000	-0.000386
0.264500	0.000335
0.265000	0.001055
0.265500	0.001770
0.266000	0.002478
0.266500	0.003177
0.267000	0.003867
0.267500	0.004547
0.268000	0.005218
0.268500	0.005879
0.269000	0.006531
0.269500	0.007172
0.270000	0.007804
0.270500	0.008425
0.271000	0.009034
0.271500	0.009629
0.272000	0.010212
0.272500	0.010782
0.273000	0.011341
0.273500	0.011891
0.274000	0.012436
0.274500	0.012979
0.275000	0.013524
0.275500	0.014077
0.276000	0.014643
0.276500	0.015228
0.277000	0.015835
0.277500	0.016468
0.278000	0.017128
0.278500	0.017814
0.279000	0.018526
0.279500	0.019259
0.280000	0.020011
0.280500	0.020777
0.281000	0.021554
0.281500	0.022337
0.282000	0.023125
0.282500	0.023913
0.283000	0.024699
0.283500	0.025482
0.284000	0.026261
0.284500	0.027034
0.285000	0.027802
0.285500	0.028564
0.286000	0.029320
0.286500	0.030068
0.287000	0.030809
0.287500	0.031541
0.288000	0.032264
0.288500	0.032975
0.289000	0.033676
0.289500	0.034365
0.290000	0.035042
0.290500	0.035710
0.291000	0.036370
0.291500	0.037022
0.292000	0.037668
0.292500	0.038309
0.293000	0.038949
0.293500	0.039588
0.294000	0.040229
0.294500	0.040876
0.295000	0.041529
0.295500	0.042190
0.296000	0.042860
0.296500	0.043536
0.297000	0.044220
0.297500	0.044909
0.298000	0.045604
0.298500	0.046302
