0.000000	0.375412
0.000500	0.375412
0.001000	0.375412
0.001500	0.375412
0.002000	0.375412
0.002500	0.375412
0.003000	0.375412
0.003500	0.375412
0.004000	0.369119
0.004500	0.337705
0.005000	0.306371
0.005500	0.275069
0.006000	0.243751
0.006500	0.212450
0.007000	0.181260
0.007500	0.150253
0.008000	0.119466
0.008500	0.100378
0.009000	0.096931
0.009500	0.097884
0.010000	0.091990
0.010500	0.074310
0.011000	0.052915
0.011500	0.028604
0.012000	0.001862
0.012500	-0.031458
0.013000	-0.075147
0.013500	-0.119312
0.014000	-0.153705
0.014500	-0.172618
0.015000	-0.181969
0.015500	-0.184270
0.016000	-0.181856
0.016500	-0.176819
0.017000	-0.169351
0.017500	-0.158995
0.018000	-0.145312
0.018500	-0.126062
0.019000	-0.096517
0.019500	-0.062583
0.020000	-0.031162
0.020500	-0.008220
0.021000	0.008323
0.021500	0.014604
0.022000	0.004719
0.022500	-0.025944
0.023000	-0.067990
0.023500	-0.114782
0.024000	-0.161980
0.024500	-0.205835
0.025000	-0.258171
0.025500	-0.310603
0.026000	-0.343514
0.026500	-0.337930
0.027000	-0.303571
0.027500	-0.256127
0.028000	-0.203196
0.028500	-0.152341
0.029000	-0.099594
0.029500	-0.042767
0.030000	0.007881
0.030500	0.042091
0.031000	0.053269
0.031500	0.047540
0.032000	0.033722
0.032500	0.020638
0.033000	0.011971
0.033500	0.002039
0.034000	-0.007869
0.034500	-0.016192
0.035000	-0.010603
0.035500	0.021300
0.036000	0.060880
0.036500	0.088686
0.037000	0.090960
0.037500	0.080911
0.038000	0.062742
0.038500	0.038708
0.039000	0.007065
0.039500	-0.040901
0.040000	-0.092244
0.040500	-0.131897
0.041000	-0.146827
0.041500	-0.146545
0.042000	-0.137119
0.042500	-0.121097
0.043000	-0.100611
0.043500	-0.075129
0.044000	-0.048393
0.044500	-0.025201
0.045000	-0.009488
0.045500	0.003366
0.046000	0.014535
0.046500	0.023501
0.047000	0.029802
0.047500	0.034965
0.048000	0.039905
0.048500	0.044674
0.049000	0.049320
0.049500	0.053796
0.050000	0.057914
0.050500	0.061490
0.051000	0.064332
0.051500	0.059847
0.052000	0.046113
0.052500	0.029948
0.053000	0.018173
0.053500	0.012422
0.054000	0.009958
0.054500	0.011035
0.055000	0.015909
0.055500	0.030238
0.056000	0.059153
0.056500	0.091736
0.057000	0.116653
0.057500	0.128630
0.058000	0.134435
0.058500	0.133411
0.059000	0.124597
0.059500	0.107068
0.060000	0.081619
0.060500	0.050915
0.061000	0.017700
0.061500	-0.015108
0.062000	-0.048642
0.062500	-0.090571
0.063000	-0.148925
0.063500	-0.232502
0.064000	-0.349598
0.064500	-0.490271
0.065000	-0.641565
0.065500	-0.792586
0.066000	-0.950994
0.066500	-1.114149
0.067000	-1.275341
0.067500	-1.427810
0.068000	-1.565361
0.068500	-1.679029
0.069000	-1.758852
0.069500	-1.795223
0.070000	-1.795062
0.070500	-1.769956
0.071000	-1.726826
0.071500	-1.672269
0.072000	-1.605981
0.072500	-1.533817
0.073000	-1.465807
0.073500	-1.412006
0.074000	-1.377373
0.074500	-1.352943
0.075000	-1.327837
0.075500	-1.291241
0.076000	-1.240611
0.076500	-1.184220
0.077000	-1.127539
0.077500	-1.075975
0.078000	-1.034599
0.078500	-1.001109
0.079000	-0.968101
0.079500	-0.928109
0.080000	-0.875773
0.080500	-0.815197
0.081000	-0.752304
0.081500	-0.692984
0.082000	-0.642337
0.082500	-0.598451
0.083000	-0.556141
0.083500	-0.510355
0.084000	-0.456120
0.084500	-0.393388
0.085000	-0.327131
0.085500	-0.262581
0.086000	-0.204049
0.086500	-0.148454
0.087000	-0.098682
0.087500	-0.059549
0.088000	-0.034989
0.088500	-0.019108
0.089000	-0.007593
0.089500	0.002317
0.090000	0.012213
0.090500	0.015505
0.091000	0.016583
0.091500	0.022746
0.092000	0.042191
0.092500	0.104842
0.093000	0.206141
0.093500	0.323993
0.094000	0.436856
0.094500	0.546791
0.095000	0.663066
0.095500	0.788852
0.096000	0.927336
0.096500	1.114471
0.097000	1.355567
0.097500	1.607735
0.098000	1.828054
0.098500	2.003311
0.099000	2.151210
0.099500	2.274969
0.100000	2.378449
0.100500	2.464388
0.101000	2.512025
0.101500	2.483218
0.102000	2.339503
0.102500	2.091503
0.103000	1.827410
0.103500	1.558843
0.104000	1.294170
0.104500	1.036482
0.105000	0.773692
0.105500	0.516503
0.106000	0.278191
0.106500	0.075744
0.107000	-0.076365
0.107500	-0.195181
0.108000	-0.300271
0.108500	-0.409964
0.109000	-0.524067
0.109500	-0.635884
0.110000	-0.739960
0.110500	-0.832031
0.111000	-0.919193
0.111500	-1.004520
0.112000	-1.088914
0.112500	-1.173421
0.113000	-1.261420
0.113500	-1.348421
0.114000	-1.426909
0.114500	-1.488836
0.115000	-1.515004
0.115500	-1.513073
0.116000	-1.502339
0.116500	-1.502097
0.117000	-1.521651
0.117500	-1.548318
0.118000	-1.568418
0.118500	-1.568241
0.119000	-1.539981
0.119500	-1.491460
0.120000	-1.432381
0.120500	-1.372481
0.121000	-1.317844
0.121500	-1.262836
0.122000	-1.202518
0.122500	-1.132045
0.123000	-1.036514
0.123500	-0.904773
0.124000	-0.757937
0.124500	-0.617988
0.125000	-0.499927
0.125500	-0.389687
0.126000	-0.289183
0.126500	-0.202987
0.127000	-0.136192
0.127500	-0.093728
0.128000	-0.076233
0.128500	-0.083998
0.129000	-0.115627
0.129500	-0.154915
0.130000	-0.195664
0.130500	-0.235286
0.131000	-0.271786
0.131500	-0.308222
0.132000	-0.343836
0.132500	-0.376554
0.133000	-0.404042
0.133500	-0.423000
0.134000	-0.435006
0.134500	-0.442666
0.135000	-0.448428
0.135500	-0.451678
0.136000	-0.452886
0.136500	-0.453883
0.137000	-0.456410
0.137500	-0.459098
0.138000	-0.465245
0.138500	-0.480534
0.139000	-0.510661
0.139500	-0.575405
0.140000	-0.674299
0.140500	-0.782544
0.141000	-0.875371
0.141500	-0.950607
0.142000	-1.022497
0.142500	-1.090862
0.143000	-1.155477
0.143500	-1.213880
0.144000	-1.258925
0.144500	-1.286268
0.145000	-1.291627
0.145500	-1.262627
0.146000	-1.195984
0.146500	-1.119621
0.147000	-1.062183
0.147500	-1.040731
0.148000	-1.024106
0.148500	-1.008013
0.149000	-0.992547
0.149500	-0.977693
0.150000	-0.963160
0.150500	-0.949143
0.151000	-0.935882
0.151500	-0.926709
0.152000	-0.943639
0.152500	-0.974313
0.153000	-0.998212
0.153500	-0.996651
0.154000	-0.975890
0.154500	-0.947791
0.155000	-0.921864
0.155500	-0.907477
0.156000	-0.904838
0.156500	-0.906753
0.157000	-0.907155
0.157500	-0.899993
0.158000	-0.884270
0.158500	-0.861289
0.159000	-0.831339
0.159500	-0.794710
0.160000	-0.749214
0.160500	-0.693225
0.161000	-0.627805
0.161500	-0.554017
0.162000	-0.466581
0.162500	-0.366882
0.163000	-0.265944
0.163500	-0.174791
0.164000	-0.097961
0.164500	-0.028513
0.165000	0.031355
0.165500	0.079096
0.166000	0.112643
0.166500	0.135885
0.167000	0.156328
0.167500	0.181518
0.168000	0.218935
0.168500	0.267811
0.169000	0.317105
0.169500	0.355311
0.170000	0.375991
0.170500	0.393581
0.171000	0.410624
0.171500	0.427764
0.172000	0.445515
0.172500	0.463539
0.173000	0.481854
0.173500	0.500667
0.174000	0.523037
0.174500	0.569901
0.175000	0.631056
0.175500	0.688767
0.176000	0.727665
0.176500	0.757406
0.177000	0.781481
0.177500	0.799071
0.178000	0.809516
0.178500	0.815986
0.179000	0.818271
0.179500	0.813845
0.180000	0.800343
0.180500	0.782045
0.181000	0.762523
0.181500	0.742873
0.182000	0.724157
0.182500	0.707967
0.183000	0.693611
0.183500	0.678676
0.184000	0.660781
0.184500	0.629801
0.185000	0.581649
0.185500	0.523053
0.186000	0.460691
0.186500	0.394595
0.187000	0.318714
0.187500	0.241337
0.188000	0.171138
0.188500	0.111880
0.189000	0.060675
0.189500	0.023410
0.190000	0.006257
0.190500	0.010181
0.191000	0.017152
0.191500	0.024728
0.192000	0.032602
0.192500	0.040739
0.193000	0.049697
0.193500	0.058780
0.194000	0.067156
0.194500	0.071289
0.195000	0.049175
0.195500	0.005045
0.196000	-0.050051
0.196500	-0.107221
0.197000	-0.175692
0.197500	-0.250350
0.198000	-0.321354
0.198500	-0.379097
0.199000	-0.425124
0.199500	-0.460353
0.200000	-0.481773
0.200500	-0.486553
0.201000	-0.481274
0.201500	-0.470765
0.202000	-0.456169
0.202500	-0.438611
0.203000	-0.419894
0.203500	-0.398940
0.204000	-0.373641
0.204500	-0.341889
0.205000	-0.295797
0.205500	-0.236171
0.206000	-0.173841
0.206500	-0.119738
0.207000	-0.072589
0.207500	-0.028540
0.208000	0.005453
0.208500	0.022441
0.209000	0.020632
0.209500	0.010573
0.210000	-0.001761
0.210500	-0.010628
0.211000	-0.014256
0.211500	-0.017693
0.212000	-0.020246
0.212500	-0.021004
0.213000	-0.018712
0.213500	-0.012450
0.214000	-0.004391
0.214500	0.003046
0.215000	0.008658
0.215500	0.014078
0.216000	0.015314
0.216500	0.007778
0.217000	-0.013261
0.217500	-0.049568
0.218000	-0.094131
0.218500	-0.138856
0.219000	-0.176770
0.219500	-0.212208
0.220000	-0.245924
0.220500	-0.276517
0.221000	-0.300802
0.221500	-0.305099
0.222000	-0.297761
0.222500	-0.292257
0.223000	-0.301720
0.223500	-0.326311
0.224000	-0.357113
0.224500	-0.387047
0.225000	-0.409208
0.225500	-0.423097
0.226000	-0.430483
0.226500	-0.431578
0.227000	-0.426605
0.227500	-0.409288
0.228000	-0.376120
0.228500	-0.331444
0.229000	-0.279559
0.229500	-0.205288
0.230000	-0.106503
0.230500	-0.007097
0.231000	0.069001
0.231500	0.109254
0.232000	0.128305
0.232500	0.130745
0.233000	0.120636
0.233500	0.092389
0.234000	0.041463
0.234500	-0.007868
0.235000	-0.030589
0.235500	-0.019731
0.236000	-0.001601
0.236500	0.021763
0.237000	0.049275
0.237500	0.078430
0.238000	0.105410
0.238500	0.135619
0.239000	0.175290
0.239500	0.227368
0.240000	0.281748
0.240500	0.336643
0.241000	0.391505
0.241500	0.445853
0.242000	0.499830
0.242500	0.553598
0.243000	0.607141
0.243500	0.656661
0.244000	0.674798
0.244500	0.677067
0.245000	0.689202
0.245500	0.736291
0.246000	0.814087
0.246500	0.904870
0.247000	0.997101
0.247500	1.079870
0.248000	1.160305
0.248500	1.236894
0.249000	1.299368
0.249500	1.337349
0.250000	1.343271
0.250500	1.323766
0.251000	1.288682
0.251500	1.247869
0.252000	1.203934
0.252500	1.156523
0.253000	1.110994
0.253500	1.072676
0.254000	1.040827
0.254500	1.010893
0.255000	0.982472
0.255500	0.955210
0.256000	0.930523
0.256500	0.910213
0.257000	0.891062
0.257500	0.869738
0.258000	0.832079
0.258500	0.767528
0.259000	0.699791
0.259500	0.653458
0.260000	0.645894
0.260500	0.657224
0.261000	0.674911
0.261500	0.688735
0.262000	0.691873
0.262500	0.692452
0.263000	0.691197
0.263500	0.687608
0.264000	0.680946
0.264500	0.668570
0.265000	0.646650
0.265500	0.611358
0.266000	0.559521
0.266500	0.495549
0.267000	0.422501
0.267500	0.342275
0.268000	0.256900
0.268500	0.169544
0.269000	0.081739
0.269500	-0.005456
0.270000	-0.090967
0.270500	-0.174823
0.271000	-0.257913
0.271500	-0.341036
0.272000	-0.425124
0.272500	-0.515264
0.273000	-0.609909
0.273500	-0.704185
0.274000	-0.792940
0.274500	-0.866181
0.275000	-0.924085
0.275500	-0.971577
0.276000	-1.013549
0.276500	-1.052270
0.277000	-1.078824
0.277500	-1.081367
0.278000	-1.048037
0.278500	-0.988008
0.279000	-0.921703
0.279500	-0.854224
0.280000	-0.790622
0.280500	-0.733394
0.281000	-0.678081
0.281500	-0.621802
0.282000	-0.561790
0.282500	-0.497464
0.283000	-0.432238
0.283500	-0.366689
0.284000	-0.301253
0.284500	-0.236380
0.285000	-0.172296
0.285500	-0.108481
0.286000	-0.044416
0.286500	0.026672
0.287000	0.122494
0.287500	0.227078
0.288000	0.321177
0.288500	0.390829
0.289000	0.446352
0.289500	0.488098
0.290000	0.514604
0.290500	0.525724
0.291000	0.533176
0.291500	0.539951
0.292000	0.546018
0.292500	0.551361
0.293000	0.556270
0.293500	0.560824
0.294000	0.565105
0.294500	0.569032
0.295000	0.569177
0.295500	0.561758
0.296000	0.544103
0.296500	0.513027
0.297000	0.453304
0.297500	0.373480
0.298000	0.293126
0.298500	0.231021
0.299000	0.177430
0.299500	0.126543
0.300000	0.083506
0.300500	0.053487
0.301000	0.033521
0.301500	0.015886
0.302000	-0.001395
0.302500	-0.020292
0.303000	-0.041838
0.303500	-0.064779
0.304000	-0.087669
0.304500	-0.109060
0.305000	-0.119730
0.305500	-0.111788
0.306000	-0.100924
0.306500	-0.103424
0.307000	-0.125489
0.307500	-0.152860
0.308000	-0.183288
0.308500	-0.215057
0.309000	-0.248949
0.309500	-0.287332
0.310000	-0.326600
0.310500	-0.362988
0.311000	-0.389493
0.311500	-0.392825
0.312000	-0.376313
0.312500	-0.344931
0.313000	-0.297358
0.313500	-0.220641
0.314000	-0.135296
0.314500	-0.065153
0.315000	-0.030090
0.315500	-0.008273
0.316000	0.011346
0.316500	0.032565
0.317000	0.058944
0.317500	0.089603
0.318000	0.120743
0.318500	0.148650
0.319000	0.170172
0.319500	0.188084
0.320000	0.203807
0.320500	0.217728
0.321000	0.230265
0.321500	0.242287
0.322000	0.254196
0.322500	0.266105
0.323000	0.278127
0.323500	0.291211
0.324000	0.304858
0.324500	0.317878
0.325000	0.329063
0.325500	0.326858
0.326000	0.306789
0.326500	0.278256
0.327000	0.250688
0.327500	0.220528
0.328000	0.185058
0.328500	0.155002
0.329000	0.141090
0.329500	0.139154
0.330000	0.137684
0.330500	0.136387
0.331000	0.134964
0.331500	0.133292
0.332000	0.131574
0.332500	0.129803
0.333000	0.127965
0.333500	0.123023
0.334000	0.109381
0.334500	0.088057
0.335000	0.060265
0.335500	0.024813
0.336000	-0.023881
0.336500	-0.078655
0.337000	-0.131084
0.337500	-0.175547
0.338000	-0.215910
0.338500	-0.246857
0.339000	-0.261824
0.339500	-0.249110
0.340000	-0.195519
0.340500	-0.125823
0.341000	-0.067971
0.341500	-0.040049
0.342000	-0.017347
0.342500	0.003945
0.343000	0.023990
0.343500	0.041453
0.344000	0.046877
0.344500	0.049304
0.345000	0.061945
0.345500	0.098088
0.346000	0.167130
0.346500	0.259378
0.347000	0.360911
0.347500	0.458776
0.348000	0.567600
0.348500	0.682137
0.349000	0.781835
0.349500	0.846644
0.350000	0.880923
0.350500	0.898754
0.351000	0.908668
0.351500	0.919145
0.352000	0.931649
0.352500	0.942947
0.353000	0.954566
0.353500	0.968004
0.354000	0.995717
0.354500	1.037319
0.355000	1.074961
0.355500	1.090846
0.356000	1.085567
0.356500	1.073304
0.357000	1.056631
0.357500	1.038107
0.358000	1.019503
0.358500	1.000030
0.359000	0.979141
0.359500	0.956272
0.360000	0.925518
0.360500	0.880939
0.361000	0.832304
0.361500	0.789737
0.362000	0.763746
0.362500	0.756247
0.363000	0.755523
0.363500	0.749053
0.364000	0.728437
0.364500	0.700789
0.365000	0.661537
0.365500	0.604486
0.366000	0.525741
0.366500	0.434298
0.367000	0.337930
0.367500	0.243767
0.368000	0.157690
0.368500	0.073945
0.369000	-0.007391
0.369500	-0.083734
0.370000	-0.151639
0.370500	-0.204387
0.371000	-0.248628
0.371500	-0.293673
0.372000	-0.348697
0.372500	-0.415323
0.373000	-0.487454
0.373500	-0.559392
0.374000	-0.625745
0.374500	-0.688912
0.375000	-0.741972
0.375500	-0.772550
0.376000	-0.768848
0.376500	-0.742020
0.377000	-0.703879
0.377500	-0.658592
0.378000	-0.610295
0.378500	-0.562337
0.379000	-0.514153
0.379500	-0.464038
0.380000	-0.410318
0.380500	-0.351867
0.381000	-0.289698
0.381500	-0.225324
0.382000	-0.160194
0.382500	-0.091268
0.383000	-0.013758
0.383500	0.065362
0.384000	0.138799
0.384500	0.196453
0.385000	0.229476
0.385500	0.238183
0.386000	0.223119
0.386500	0.185928
0.387000	0.134902
0.387500	0.080514
0.388000	0.033259
0.388500	-0.001115
0.389000	-0.034311
0.389500	-0.064171
0.390000	-0.086597
0.390500	-0.099699
0.391000	-0.110169
0.391500	-0.118802
0.392000	-0.125518
0.392500	-0.130267
0.393000	-0.133661
0.393500	-0.136957
0.394000	-0.141434
0.394500	-0.148158
0.395000	-0.155881
0.395500	-0.163928
0.396000	-0.171991
0.396500	-0.179667
0.397000	-0.185863
0.397500	-0.191609
0.398000	-0.198384
0.398500	-0.208201
0.399000	-0.237861
0.399500	-0.286125
0.400000	-0.341487
0.400500	-0.393002
0.401000	-0.448685
0.401500	-0.508939
0.402000	-0.565395
0.402500	-0.609217
0.403000	-0.621368
0.403500	-0.603005
0.404000	-0.564638
0.404500	-0.516776
0.405000	-0.460465
0.405500	-0.395593
0.406000	-0.330913
0.406500	-0.275166
0.407000	-0.228913
0.407500	-0.189452
0.408000	-0.160577
0.408500	-0.146099
0.409000	-0.154391
0.409500	-0.186764
0.410000	-0.225340
0.410500	-0.251846
0.411000	-0.259716
0.411500	-0.263015
0.412000	-0.259330
0.412500	-0.245634
0.413000	-0.218163
0.413500	-0.178734
0.414000	-0.135977
0.414500	-0.098600
0.415000	-0.072295
0.415500	-0.050778
0.416000	-0.035687
0.416500	-0.029857
0.417000	-0.037070
0.417500	-0.058466
0.418000	-0.084503
0.418500	-0.104866
0.419000	-0.113399
0.419500	-0.120107
0.420000	-0.123881
0.420500	-0.121966
0.421000	-0.112427
0.421500	-0.101065
0.422000	-0.089639
0.422500	-0.078217
0.423000	-0.066849
0.423500	-0.055386
0.424000	-0.043988
0.424500	-0.032892
0.425000	-0.022904
0.425500	-0.030841
0.426000	-0.056824
0.426500	-0.090592
0.427000	-0.122194
0.427500	-0.153382
0.428000	-0.185767
0.428500	-0.216875
0.429000	-0.244218
0.429500	-0.266733
0.430000	-0.286415
0.430500	-0.305614
0.431000	-0.326729
0.431500	-0.353830
0.432000	-0.385711
0.432500	-0.416820
0.433000	-0.441636
0.433500	-0.454688
0.434000	-0.456732
0.434500	-0.451518
0.435000	-0.442763
0.435500	-0.433525
0.436000	-0.422002
0.436500	-0.404364
0.437000	-0.376764
0.437500	-0.337222
0.438000	-0.290567
0.438500	-0.241788
0.439000	-0.195809
0.439500	-0.155941
0.440000	-0.119658
0.440500	-0.084169
0.441000	-0.046719
0.441500	-0.000119
0.442000	0.067879
0.442500	0.141960
0.443000	0.204306
0.443500	0.242544
0.444000	0.269356
0.444500	0.287638
0.445000	0.298324
0.445500	0.302895
0.446000	0.304633
0.446500	0.305518
0.447000	0.307336
0.447500	0.312309
0.448000	0.323623
0.448500	0.336836
0.449000	0.346122
0.449500	0.344995
0.450000	0.327196
0.450500	0.300674
0.451000	0.275809
0.451500	0.261486
0.452000	0.251331
0.452500	0.242914
0.453000	0.236509
0.453500	0.232566
0.454000	0.236574
0.454500	0.245538
0.455000	0.252249
0.455500	0.249658
0.456000	0.237861
0.456500	0.220271
0.457000	0.198818
0.457500	0.175402
0.458000	0.146133
0.458500	0.110935
0.459000	0.077395
0.459500	0.053097
0.460000	0.040053
0.460500	0.034211
0.461000	0.034063
0.461500	0.038104
0.462000	0.044569
0.462500	0.052592
0.463000	0.062005
0.463500	0.072643
0.464000	0.085099
0.464500	0.100763
0.465000	0.119491
0.465500	0.141094
0.466000	0.176078
0.466500	0.234288
0.467000	0.294027
0.467500	0.332812
0.468000	0.344963
0.468500	0.355231
0.469000	0.365192
0.469500	0.375508
0.470000	0.386516
0.470500	0.397556
0.471000	0.408822
0.471500	0.420666
0.472000	0.435730
0.472500	0.461190
0.473000	0.492041
0.473500	0.522071
0.474000	0.546662
0.474500	0.567857
0.475000	0.583918
0.475500	0.592528
0.476000	0.589567
0.476500	0.560068
0.477000	0.509229
0.477500	0.447092
0.478000	0.380980
0.478500	0.297825
0.479000	0.207428
0.479500	0.126063
0.480000	0.069469
0.480500	0.031875
0.481000	0.004896
0.481500	-0.013192
0.482000	-0.024200
0.482500	-0.032264
0.483000	-0.038212
0.483500	-0.041107
0.484000	-0.039907
0.484500	-0.031522
0.485000	-0.018451
0.485500	-0.005520
0.486000	0.002446
0.486500	-0.001015
0.487000	-0.014952
0.487500	-0.033078
0.488000	-0.049109
0.488500	-0.108404
0.489000	-0.211597
0.489500	-0.285353
0.490000	-0.198770
0.490500	1608458.875000
0.491000	5671006.500000
0.491500	11044606.000000
0.492000	16587509.000000
0.492500	21629584.000000
0.493000	26694190.000000
0.493500	31914900.000000
