0.000000	10066.528320
0.000500	10066.528320
0.001000	10066.528320
0.001500	10066.528320
0.002000	10066.528320
0.002500	10066.528320
0.003000	10066.528320
0.003500	10066.528320
0.004000	10066.528320
0.004500	10066.528320
0.005000	10066.528320
0.005500	10066.528320
0.006000	10066.528320
0.006500	10066.528320
0.007000	10066.528320
0.007500	10066.528320
0.008000	10066.273438
0.008500	10066.273438
0.009000	10066.273438
0.009500	10066.273438
0.010000	10066.273438
0.010500	10066.273438
0.011000	10066.273438
0.011500	10066.019531
0.012000	10066.019531
0.012500	10066.019531
0.013000	10066.019531
0.013500	10066.019531
0.014000	10066.019531
0.014500	10065.766602
0.015000	10065.766602
0.015500	10065.766602
0.016000	10065.766602
0.016500	10065.511719
0.017000	10065.511719
0.017500	10065.511719
0.018000	10065.511719
0.018500	10065.511719
0.019000	10065.257812
0.019500	10065.257812
0.020000	10065.257812
0.020500	10065.257812
0.021000	10065.003906
0.021500	10065.003906
0.022000	10065.003906
0.022500	10065.003906
0.023000	10064.750000
0.023500	10064.750000
0.024000	10064.750000
0.024500	10064.750000
0.025000	10064.496094
0.025500	10064.496094
0.026000	10064.496094
0.026500	10064.242188
0.027000	10064.242188
0.027500	10064.242188
0.028000	10064.242188
0.028500	10063.987305
0.029000	10063.987305
0.029500	10063.987305
0.030000	10063.734375
0.030500	10063.734375
0.031000	10063.734375
0.031500	10063.480469
0.032000	10063.480469
0.032500	10063.480469
0.033000	10063.225586
0.033500	10063.225586
0.034000	10063.225586
0.034500	10062.971680
0.035000	10062.971680
0.035500	10062.971680
0.036000	10062.718750
0.036500	10062.718750
0.037000	10062.718750
0.037500	10062.463867
0.038000	10062.463867
0.038500	10062.463867
0.039000	10062.209961
0.039500	10062.209961
0.040000	10061.956055
0.040500	10061.956055
0.041000	10061.702148
0.041500	10061.702148
0.042000	10061.702148
0.042500	10061.448242
0.043000	10061.448242
0.043500	10061.193359
0.044000	10061.193359
0.044500	10060.939453
0.045000	10060.939453
0.045500	10060.686523
0.046000	10060.686523
0.046500	10060.431641
0.047000	10060.431641
0.047500	10060.177734
0.048000	10060.177734
0.048500	10059.923828
0.049000	10059.923828
0.049500	10059.669922
0.050000	10059.669922
0.050500	10059.416016
0.051000	10059.162109
0.051500	10059.162109
0.052000	10058.907227
0.052500	10058.654297
0.053000	10058.400391
0.053500	10058.400391
0.054000	10058.145508
0.054500	10057.891602
0.055000	10057.637695
0.055500	10057.383789
0.056000	10057.129883
0.056500	10056.875977
0.057000	10056.368164
0.057500	10056.114258
0.058000	10055.859375
0.058500	10055.352539
0.059000	10055.097656
0.059500	10054.589844
0.060000	10054.082031
0.060500	10053.573242
0.061000	10053.066406
0.061500	10052.557617
0.062000	10051.795898
0.062500	10051.288086
0.063000	10050.525391
0.063500	10050.018555
0.064000	10049.255859
0.064500	10048.493164
0.065000	10047.731445
0.065500	10046.715820
0.066000	10045.954102
0.066500	10044.938477
0.067000	10043.921875
0.067500	10042.906250
0.068000	10041.890625
0.068500	10040.620117
0.069000	10039.349609
0.069500	10038.080078
0.070000	10036.809570
0.070500	10035.286133
0.071000	10033.761719
0.071500	10032.238281
0.072000	10030.713867
0.072500	10028.935547
0.073000	10027.158203
0.073500	10025.125977
0.074000	10023.347656
0.074500	10021.316406
0.075000	10019.030273
0.075500	10016.997070
0.076000	10014.710938
0.076500	10012.171875
0.077000	10009.885742
0.077500	10007.344727
0.078000	10004.551758
0.078500	10001.757812
0.079000	9998.963867
0.079500	9995.916016
0.080000	9992.868164
0.080500	9989.819336
0.081000	9986.264648
0.081500	9982.961914
0.082000	9979.151367
0.082500	9975.595703
0.083000	9971.532227
0.083500	9967.468750
0.084000	9963.150391
0.084500	9958.578125
0.085000	9954.005859
0.085500	9948.925781
0.086000	9943.845703
0.086500	9938.511719
0.087000	9933.177734
0.087500	9927.335938
0.088000	9921.493164
0.088500	9915.143555
0.089000	9908.792969
0.089500	9902.190430
0.090000	9895.331055
0.090500	9888.473633
0.091000	9881.107422
0.091500	9873.742188
0.092000	9866.121094
0.092500	9858.501953
0.093000	9850.627930
0.093500	9842.753906
0.094000	9834.625977
0.094500	9826.243164
0.095000	9818.116211
0.095500	9809.733398
0.096000	9801.351562
0.096500	9792.715820
0.097000	9784.333008
0.097500	9775.697266
0.098000	9767.062500
0.098500	9758.425781
0.099000	9749.790039
0.099500	9740.900391
0.100000	9732.263672
0.100500	9723.627930
0.101000	9714.992188
0.101500	9706.356445
0.102000	9697.974609
0.102500	9689.337891
0.103000	9680.956055
0.103500	9672.828125
0.104000	9664.446289
0.104500	9656.318359
0.105000	9648.190430
0.105500	9640.061523
0.106000	9631.933594
0.106500	9623.805664
0.107000	9615.931641
0.107500	9608.057617
0.108000	9600.183594
0.108500	9592.563477
0.109000	9584.690430
0.109500	9577.069336
0.110000	9569.449219
0.110500	9561.830078
0.111000	9554.209961
0.111500	9546.589844
0.112000	9539.223633
0.112500	9531.603516
0.113000	9523.984375
0.113500	9516.364258
0.114000	9508.743164
0.114500	9501.123047
0.115000	9493.504883
0.115500	9485.629883
0.116000	9477.756836
0.116500	9469.881836
0.117000	9461.753906
0.117500	9453.372070
0.118000	9444.990234
0.118500	9436.353516
0.119000	9427.717773
0.119500	9419.082031
0.120000	9410.192383
0.120500	9401.047852
0.121000	9391.904297
0.121500	9382.759766
0.122000	9373.361328
0.122500	9363.963867
0.123000	9354.311523
0.123500	9344.660156
0.124000	9335.007812
0.124500	9325.101562
0.125000	9314.942383
0.125500	9305.035156
0.126000	9294.875977
0.126500	9284.461914
0.127000	9274.302734
0.127500	9263.888672
0.128000	9253.474609
0.128500	9242.806641
0.129000	9232.392578
0.129500	9221.723633
0.130000	9211.309570
0.130500	9200.642578
0.131000	9190.228516
0.131500	9179.814453
0.132000	9169.400391
0.132500	9158.986328
0.133000	9148.572266
0.133500	9138.411133
0.134000	9128.251953
0.134500	9118.092773
0.135000	9108.185547
0.135500	9098.280273
0.136000	9088.627930
0.136500	9078.975586
0.137000	9069.578125
0.137500	9060.433594
0.138000	9051.290039
0.138500	9042.400391
0.139000	9033.509766
0.139500	9024.874023
0.140000	9016.492188
0.140500	9008.363281
0.141000	9000.235352
0.141500	8992.362305
0.142000	8984.742188
0.142500	8977.375977
0.143000	8970.009766
0.143500	8963.152344
0.144000	8956.292969
0.144500	8949.689453
0.145000	8943.339844
0.145500	8937.243164
0.146000	8931.402344
0.146500	8925.813477
0.147000	8920.479492
0.147500	8915.145508
0.148000	8910.319336
0.148500	8905.494141
0.149000	8900.921875
0.149500	8896.604492
0.150000	8892.540039
0.150500	8888.730469
0.151000	8885.173828
0.151500	8881.872070
0.152000	8878.824219
0.152500	8875.776367
0.153000	8873.235352
0.153500	8870.696289
0.154000	8868.664062
0.154500	8866.631836
0.155000	8864.853516
0.155500	8863.330078
0.156000	8861.805664
0.156500	8860.790039
0.157000	8860.028320
0.157500	8859.266602
0.158000	8858.757812
0.158500	8858.503906
0.159000	8858.503906
0.159500	8858.757812
0.160000	8859.011719
0.160500	8859.773438
0.161000	8860.535156
0.161500	8861.551758
0.162000	8862.568359
0.162500	8864.091797
0.163000	8865.616211
0.163500	8867.393555
0.164000	8869.425781
0.164500	8871.458008
0.165000	8873.998047
0.165500	8876.283203
0.166000	8879.078125
0.166500	8881.872070
0.167000	8884.918945
0.167500	8888.221680
0.168000	8891.523438
0.168500	8895.081055
0.169000	8898.635742
0.169500	8902.445312
0.170000	8906.256836
0.170500	8910.574219
0.171000	8914.637695
0.171500	8919.209961
0.172000	8923.527344
0.172500	8928.354492
0.173000	8933.179688
0.173500	8938.006836
0.174000	8943.085938
0.174500	8948.166016
0.175000	8953.500000
0.175500	8958.833984
0.176000	8964.420898
0.176500	8970.009766
0.177000	8975.851562
0.177500	8981.693359
0.178000	8987.790039
0.178500	8993.885742
0.179000	8999.981445
0.179500	9006.331055
0.180000	9012.935547
0.180500	9019.286133
0.181000	9025.890625
0.181500	9032.493164
0.182000	9039.352539
0.182500	9046.208984
0.183000	9053.322266
0.183500	9060.180664
0.184000	9067.291992
0.184500	9074.657227
0.185000	9081.769531
0.185500	9089.135742
0.186000	9096.501953
0.186500	9103.868164
0.187000	9111.488281
0.187500	9119.107422
0.188000	9126.728516
0.188500	9134.347656
0.189000	9141.967773
0.189500	9149.841797
0.190000	9157.715820
0.190500	9165.589844
0.191000	9173.463867
0.191500	9181.337891
0.192000	9189.466797
0.192500	9197.339844
0.193000	9205.467773
0.193500	9213.595703
0.194000	9221.723633
0.194500	9229.851562
0.195000	9237.979492
0.195500	9246.108398
0.196000	9254.490234
0.196500	9262.618164
0.197000	9271.000000
0.197500	9279.381836
0.198000	9287.509766
0.198500	9295.891602
0.199000	9304.273438
0.199500	9312.656250
0.200000	9321.038086
0.200500	9329.673828
0.201000	9338.056641
0.201500	9346.437500
0.202000	9355.074219
0.202500	9363.457031
0.203000	9371.837891
0.203500	9380.473633
0.204000	9389.109375
0.204500	9397.492188
0.205000	9406.127930
0.205500	9414.509766
0.206000	9423.145508
0.206500	9431.782227
0.207000	9440.164062
0.207500	9448.799805
0.208000	9457.435547
0.208500	9466.072266
0.209000	9474.454102
0.209500	9483.090820
0.210000	9491.725586
0.210500	9500.361328
0.211000	9508.743164
0.211500	9517.379883
0.212000	9526.016602
0.212500	9534.398438
0.213000	9543.033203
0.213500	9551.416016
0.214000	9560.051758
0.214500	9568.433594
0.215000	9576.816406
0.215500	9585.197266
0.216000	9593.833984
0.216500	9602.215820
0.217000	9610.597656
0.217500	9618.980469
0.218000	9627.362305
0.218500	9635.743164
0.219000	9643.871094
0.219500	9652.253906
0.220000	9660.380859
0.220500	9668.763672
0.221000	9676.892578
0.221500	9685.274414
0.222000	9693.402344
0.222500	9701.530273
0.223000	9709.657227
0.223500	9717.786133
0.224000	9725.914062
0.224500	9734.041992
0.225000	9742.168945
0.225500	9750.043945
0.226000	9758.171875
0.226500	9766.045898
0.227000	9774.173828
0.227500	9782.047852
0.228000	9789.921875
0.228500	9797.794922
0.229000	9805.669922
0.229500	9813.542969
0.230000	9821.417969
0.230500	9829.291992
0.231000	9836.912109
0.231500	9844.786133
0.232000	9852.406250
0.232500	9860.280273
0.233000	9867.899414
0.233500	9875.519531
0.234000	9883.139648
0.234500	9890.759766
0.235000	9898.125977
0.235500	9905.745117
0.236000	9913.366211
0.236500	9920.731445
0.237000	9928.097656
0.237500	9935.463867
0.238000	9942.830078
0.238500	9950.195312
0.239000	9957.561523
0.239500	9964.673828
0.240000	9972.040039
0.240500	9979.151367
0.241000	9986.264648
0.241500	9993.375977
0.242000	10000.488281
0.242500	10007.599609
0.243000	10014.458008
0.243500	10021.569336
0.244000	10028.427734
0.244500	10035.286133
0.245000	10042.143555
0.245500	10048.748047
0.246000	10055.605469
0.246500	10062.209961
0.247000	10069.068359
0.247500	10075.671875
0.248000	10082.276367
0.248500	10088.625977
0.249000	10095.230469
0.249500	10101.581055
0.250000	10107.930664
0.250500	10114.533203
0.251000	10120.629883
0.251500	10126.979492
0.252000	10133.330078
0.252500	10139.425781
0.253000	10145.522461
0.253500	10151.618164
0.254000	10157.713867
0.254500	10163.555664
0.255000	10169.652344
0.255500	10175.493164
0.256000	10181.335938
0.256500	10187.177734
0.257000	10193.019531
0.257500	10198.607422
0.258000	10204.449219
0.258500	10210.038086
0.259000	10215.625977
0.259500	10221.213867
0.260000	10226.547852
0.260500	10232.135742
0.261000	10237.469727
0.261500	10242.804688
0.262000	10248.137695
0.262500	10253.471680
0.263000	10258.551758
0.263500	10263.885742
0.264000	10268.965820
0.264500	10274.045898
0.265000	10279.125977
0.265500	10283.952148
0.266000	10289.032227
0.266500	10293.857422
0.267000	10298.684570
0.267500	10303.509766
0.268000	10308.082031
0.268500	10312.907227
0.269000	10317.480469
0.269500	10322.051758
0.270000	10326.624023
0.270500	10331.196289
0.271000	10335.513672
0.271500	10340.085938
0.272000	10344.404297
0.272500	10348.721680
0.273000	10353.040039
0.273500	10357.358398
0.274000	10361.421875
0.274500	10365.740234
0.275000	10369.804688
0.275500	10373.868164
0.276000	10377.931641
0.276500	10381.995117
0.277000	10386.059570
0.277500	10389.870117
0.278000	10393.933594
0.278500	10397.743164
0.279000	10401.553711
0.279500	10405.364258
0.280000	10409.173828
0.280500	10412.984375
0.281000	10416.793945
0.281500	10420.603516
0.282000	10424.160156
0.282500	10427.715820
0.283000	10431.271484
0.283500	10435.081055
0.284000	10438.637695
0.284500	10441.940430
0.285000	10445.496094
0.285500	10449.051758
0.286000	10452.354492
0.286500	10455.910156
0.287000	10459.211914
0.287500	10462.513672
0.288000	10465.816406
0.288500	10469.118164
0.289000	10472.419922
0.289500	10475.721680
0.290000	10478.769531
0.290500	10482.072266
0.291000	10485.120117
0.291500	10488.421875
0.292000	10491.469727
0.292500	10494.518555
0.293000	10497.566406
0.293500	10500.614258
0.294000	10503.407227
0.294500	10506.456055
0.295000	10509.250000
0.295500	10512.297852
0.296000	10515.091797
0.296500	10517.885742
0.297000	10520.680664
0.297500	10523.473633
0.298000	10526.014648
0.298500	10528.807617
