0.000000	9058.656250
0.000500	9058.656250
0.001000	9058.656250
0.001500	9058.656250
0.002000	9058.656250
0.002500	9058.656250
0.003000	9058.656250
0.003500	9058.656250
0.004000	9058.656250
0.004500	9058.147461
0.005000	9057.893555
0.005500	9057.639648
0.006000	9057.385742
0.006500	9057.131836
0.007000	9056.877930
0.007500	9056.623047
0.008000	9056.623047
0.008500	9056.877930
0.009000	9056.877930
0.009500	9057.131836
0.010000	9057.385742
0.010500	9057.385742
0.011000	9057.639648
0.011500	9057.893555
0.012000	9057.893555
0.012500	9057.639648
0.013000	9057.639648
0.013500	9057.385742
0.014000	9057.131836
0.014500	9056.877930
0.015000	9056.623047
0.015500	9056.623047
0.016000	9056.370117
0.016500	9056.116211
0.017000	9055.861328
0.017500	9055.861328
0.018000	9055.861328
0.018500	9055.607422
0.019000	9055.607422
0.019500	9055.607422
0.020000	9055.607422
0.020500	9055.607422
0.021000	9055.607422
0.021500	9055.607422
0.022000	9055.607422
0.022500	9055.607422
0.023000	9055.607422
0.023500	9055.607422
0.024000	9055.861328
0.024500	9055.861328
0.025000	9055.861328
0.025500	9056.116211
0.026000	9056.370117
0.026500	9056.623047
0.027000	9056.877930
0.027500	9057.385742
0.028000	9057.639648
0.028500	9057.893555
0.029000	9058.147461
0.029500	9058.402344
0.030000	9058.656250
0.030500	9058.909180
0.031000	9059.164062
0.031500	9059.418945
0.032000	9059.418945
0.032500	9059.671875
0.033000	9060.180664
0.033500	9060.433594
0.034000	9060.688477
0.034500	9060.941406
0.035000	9061.195312
0.035500	9061.450195
0.036000	9061.704102
0.036500	9061.704102
0.037000	9061.957031
0.037500	9061.957031
0.038000	9061.957031
0.038500	9061.957031
0.039000	9061.957031
0.039500	9061.957031
0.040000	9062.211914
0.040500	9062.211914
0.041000	9062.211914
0.041500	9062.211914
0.042000	9062.211914
0.042500	9062.211914
0.043000	9062.211914
0.043500	9062.211914
0.044000	9061.957031
0.044500	9061.957031
0.045000	9061.957031
0.045500	9061.704102
0.046000	9061.704102
0.046500	9061.704102
0.047000	9061.450195
0.047500	9061.450195
0.048000	9061.195312
0.048500	9061.195312
0.049000	9060.941406
0.049500	9060.941406
0.050000	9060.688477
0.050500	9060.688477
0.051000	9060.688477
0.051500	9060.688477
0.052000	9060.688477
0.052500	9060.688477
0.053000	9060.688477
0.053500	9060.688477
0.054000	9060.688477
0.054500	9060.688477
0.055000	9060.688477
0.055500	9060.688477
0.056000	9060.688477
0.056500	9060.688477
0.057000	9060.688477
0.057500	9060.688477
0.058000	9060.688477
0.058500	9060.688477
0.059000	9060.688477
0.059500	9060.941406
0.060000	9060.941406
0.060500	9061.195312
0.061000	9061.450195
0.061500	9061.704102
0.062000	9061.957031
0.062500	9062.211914
0.063000	9062.465820
0.063500	9062.719727
0.064000	9062.973633
0.064500	9062.973633
0.065000	9062.719727
0.065500	9062.211914
0.066000	9061.704102
0.066500	9061.195312
0.067000	9060.941406
0.067500	9060.433594
0.068000	9059.925781
0.068500	9059.418945
0.069000	9058.909180
0.069500	9058.656250
0.070000	9058.402344
0.070500	9058.402344
0.071000	9058.656250
0.071500	9058.656250
0.072000	9058.909180
0.072500	9059.418945
0.073000	9059.671875
0.073500	9060.180664
0.074000	9060.433594
0.074500	9060.941406
0.075000	9061.450195
0.075500	9061.957031
0.076000	9062.465820
0.076500	9062.973633
0.077000	9063.736328
0.077500	9064.243164
0.078000	9064.751953
0.078500	9065.513672
0.079000	9066.275391
0.079500	9067.037109
0.080000	9067.799805
0.080500	9068.816406
0.081000	9069.578125
0.081500	9070.847656
0.082000	9071.864258
0.082500	9073.133789
0.083000	9074.657227
0.083500	9075.927734
0.084000	9077.452148
0.084500	9078.975586
0.085000	9080.500000
0.085500	9082.023438
0.086000	9083.547852
0.086500	9085.326172
0.087000	9087.103516
0.087500	9088.881836
0.088000	9090.406250
0.088500	9092.183594
0.089000	9093.708008
0.089500	9095.485352
0.090000	9097.009766
0.090500	9098.280273
0.091000	9099.295898
0.091500	9100.312500
0.092000	9101.328125
0.092500	9102.089844
0.093000	9102.851562
0.093500	9103.360352
0.094000	9104.122070
0.094500	9104.375977
0.095000	9104.883789
0.095500	9105.392578
0.096000	9105.899414
0.096500	9106.662109
0.097000	9107.423828
0.097500	9108.185547
0.098000	9108.948242
0.098500	9109.709961
0.099000	9110.471680
0.099500	9111.233398
0.100000	9111.996094
0.100500	9112.757812
0.101000	9113.265625
0.101500	9113.519531
0.102000	9113.774414
0.102500	9113.774414
0.103000	9113.774414
0.103500	9113.519531
0.104000	9113.265625
0.104500	9113.012695
0.105000	9112.757812
0.105500	9112.250000
0.106000	9111.996094
0.106500	9111.742188
0.107000	9111.488281
0.107500	9111.233398
0.108000	9111.233398
0.108500	9111.233398
0.109000	9111.233398
0.109500	9111.488281
0.110000	9111.488281
0.110500	9111.742188
0.111000	9111.742188
0.111500	9111.996094
0.112000	9112.250000
0.112500	9112.250000
0.113000	9112.250000
0.113500	9112.250000
0.114000	9111.996094
0.114500	9111.488281
0.115000	9111.233398
0.115500	9110.726562
0.116000	9110.471680
0.116500	9109.964844
0.117000	9109.709961
0.117500	9109.202148
0.118000	9108.948242
0.118500	9108.440430
0.119000	9108.185547
0.119500	9107.678711
0.120000	9107.168945
0.120500	9106.662109
0.121000	9105.899414
0.121500	9104.883789
0.122000	9103.614258
0.122500	9102.089844
0.123000	9100.312500
0.123500	9098.533203
0.124000	9096.755859
0.124500	9094.723633
0.125000	9092.692383
0.125500	9090.660156
0.126000	9088.374023
0.126500	9086.341797
0.127000	9084.564453
0.127500	9082.532227
0.128000	9080.753906
0.128500	9079.230469
0.129000	9077.452148
0.129500	9075.927734
0.130000	9074.403320
0.130500	9072.879883
0.131000	9071.609375
0.131500	9070.085938
0.132000	9068.816406
0.132500	9067.545898
0.133000	9066.275391
0.133500	9065.005859
0.134000	9063.989258
0.134500	9062.719727
0.135000	9061.704102
0.135500	9060.941406
0.136000	9059.925781
0.136500	9059.164062
0.137000	9058.402344
0.137500	9057.639648
0.138000	9056.877930
0.138500	9056.370117
0.139000	9055.607422
0.139500	9054.845703
0.140000	9053.830078
0.140500	9052.813477
0.141000	9052.051758
0.141500	9050.781250
0.142000	9049.766602
0.142500	9048.750000
0.143000	9047.480469
0.143500	9046.208984
0.144000	9044.940430
0.144500	9043.669922
0.145000	9042.145508
0.145500	9040.875977
0.146000	9039.606445
0.146500	9038.590820
0.147000	9037.319336
0.147500	9035.794922
0.148000	9034.525391
0.148500	9033.001953
0.149000	9031.731445
0.149500	9030.208008
0.150000	9028.938477
0.150500	9027.667969
0.151000	9026.397461
0.151500	9025.127930
0.152000	9024.111328
0.152500	9022.842773
0.153000	9021.826172
0.153500	9020.810547
0.154000	9019.793945
0.154500	9019.031250
0.155000	9018.524414
0.155500	9017.761719
0.156000	9017.253906
0.156500	9017.000000
0.157000	9016.492188
0.157500	9016.238281
0.158000	9015.729492
0.158500	9015.476562
0.159000	9015.221680
0.159500	9014.967773
0.160000	9014.713867
0.160500	9014.459961
0.161000	9014.206055
0.161500	9014.206055
0.162000	9013.952148
0.162500	9013.952148
0.163000	9013.952148
0.163500	9014.206055
0.164000	9014.206055
0.164500	9014.459961
0.165000	9014.713867
0.165500	9014.967773
0.166000	9015.476562
0.166500	9015.729492
0.167000	9016.238281
0.167500	9016.745117
0.168000	9017.253906
0.168500	9018.015625
0.169000	9018.778320
0.169500	9019.540039
0.170000	9020.556641
0.170500	9021.572266
0.171000	9022.587891
0.171500	9023.858398
0.172000	9024.874023
0.172500	9026.143555
0.173000	9027.414062
0.173500	9028.683594
0.174000	9029.954102
0.174500	9031.477539
0.175000	9032.748047
0.175500	9034.018555
0.176000	9035.033203
0.176500	9036.304688
0.177000	9037.574219
0.177500	9038.842773
0.178000	9039.859375
0.178500	9041.129883
0.179000	9042.400391
0.179500	9043.669922
0.180000	9044.940430
0.180500	9045.957031
0.181000	9047.225586
0.181500	9048.242188
0.182000	9049.511719
0.182500	9050.528320
0.183000	9051.797852
0.183500	9053.068359
0.184000	9054.337891
0.184500	9055.354492
0.185000	9056.116211
0.185500	9056.877930
0.186000	9057.385742
0.186500	9057.893555
0.187000	9058.147461
0.187500	9058.402344
0.188000	9058.147461
0.188500	9057.893555
0.189000	9057.639648
0.189500	9057.131836
0.190000	9056.623047
0.190500	9056.116211
0.191000	9055.354492
0.191500	9054.845703
0.192000	9054.083984
0.192500	9053.575195
0.193000	9052.813477
0.193500	9052.306641
0.194000	9051.542969
0.194500	9051.036133
0.195000	9050.528320
0.195500	9050.273438
0.196000	9050.019531
0.196500	9050.019531
0.197000	9050.273438
0.197500	9050.528320
0.198000	9051.290039
0.198500	9052.306641
0.199000	9053.322266
0.199500	9054.337891
0.200000	9055.354492
0.200500	9056.370117
0.201000	9057.639648
0.201500	9058.656250
0.202000	9059.925781
0.202500	9060.941406
0.203000	9061.957031
0.203500	9062.973633
0.204000	9063.989258
0.204500	9065.005859
0.205000	9066.021484
0.205500	9067.291992
0.206000	9068.307617
0.206500	9069.832031
0.207000	9071.102539
0.207500	9072.625977
0.208000	9073.895508
0.208500	9075.673828
0.209000	9077.198242
0.209500	9078.721680
0.210000	9080.500000
0.210500	9082.023438
0.211000	9083.547852
0.211500	9085.071289
0.212000	9086.850586
0.212500	9088.374023
0.213000	9089.898438
0.213500	9091.675781
0.214000	9093.454102
0.214500	9095.485352
0.215000	9097.009766
0.215500	9098.788086
0.216000	9100.312500
0.216500	9101.835938
0.217000	9103.106445
0.217500	9104.375977
0.218000	9105.392578
0.218500	9106.154297
0.219000	9106.916016
0.219500	9107.423828
0.220000	9108.185547
0.220500	9108.693359
0.221000	9109.202148
0.221500	9109.709961
0.222000	9109.964844
0.222500	9110.471680
0.223000	9110.980469
0.223500	9111.233398
0.224000	9111.742188
0.224500	9111.996094
0.225000	9112.250000
0.225500	9112.503906
0.226000	9112.757812
0.226500	9112.757812
0.227000	9112.757812
0.227500	9112.757812
0.228000	9112.503906
0.228500	9112.503906
0.229000	9112.250000
0.229500	9111.996094
0.230000	9111.742188
0.230500	9111.488281
0.231000	9111.488281
0.231500	9111.233398
0.232000	9110.980469
0.232500	9110.980469
0.233000	9110.726562
0.233500	9110.471680
0.234000	9110.217773
0.234500	9109.964844
0.235000	9109.456055
0.235500	9109.202148
0.236000	9108.948242
0.236500	9108.440430
0.237000	9108.185547
0.237500	9107.930664
0.238000	9107.678711
0.238500	9107.423828
0.239000	9107.423828
0.239500	9107.168945
0.240000	9107.168945
0.240500	9107.168945
0.241000	9107.423828
0.241500	9107.678711
0.242000	9107.930664
0.242500	9108.185547
0.243000	9108.693359
0.243500	9108.948242
0.244000	9109.456055
0.244500	9109.964844
0.245000	9110.217773
0.245500	9110.726562
0.246000	9111.233398
0.246500	9111.488281
0.247000	9111.996094
0.247500	9112.250000
0.248000	9112.757812
0.248500	9112.757812
0.249000	9113.012695
0.249500	9113.265625
0.250000	9113.265625
0.250500	9113.519531
0.251000	9113.519531
0.251500	9113.774414
0.252000	9114.028320
0.252500	9114.281250
0.253000	9114.535156
0.253500	9114.790039
0.254000	9115.043945
0.254500	9115.296875
0.255000	9115.551758
0.255500	9115.806641
0.256000	9116.059570
0.256500	9116.313477
0.257000	9116.568359
0.257500	9116.821289
0.258000	9117.076172
0.258500	9117.330078
0.259000	9117.583008
0.259500	9117.837891
0.260000	9118.092773
0.260500	9118.599609
0.261000	9118.854492
0.261500	9119.362305
0.262000	9119.869141
0.262500	9120.378906
0.263000	9120.630859
0.263500	9121.140625
0.264000	9121.647461
0.264500	9121.902344
0.265000	9121.902344
0.265500	9121.902344
0.266000	9122.156250
0.266500	9122.156250
0.267000	9122.156250
0.267500	9122.156250
0.268000	9122.156250
0.268500	9122.156250
0.269000	9122.156250
0.269500	9122.410156
0.270000	9122.410156
0.270500	9122.664062
0.271000	9122.917969
0.271500	9123.171875
0.272000	9123.425781
0.272500	9123.679688
0.273000	9123.933594
0.273500	9124.187500
0.274000	9124.187500
0.274500	9124.187500
0.275000	9124.187500
0.275500	9123.933594
0.276000	9123.679688
0.276500	9123.171875
0.277000	9122.664062
0.277500	9122.156250
0.278000	9121.647461
0.278500	9121.140625
0.279000	9120.630859
0.279500	9119.869141
0.280000	9119.362305
0.280500	9118.854492
0.281000	9118.599609
0.281500	9118.345703
0.282000	9118.092773
0.282500	9118.092773
0.283000	9117.837891
0.283500	9118.092773
0.284000	9118.345703
0.284500	9118.599609
0.285000	9119.107422
0.285500	9119.616211
0.286000	9119.869141
0.286500	9120.378906
0.287000	9120.885742
0.287500	9121.140625
0.288000	9121.647461
0.288500	9121.902344
0.289000	9122.156250
0.289500	9122.156250
0.290000	9122.156250
0.290500	9121.902344
0.291000	9121.902344
0.291500	9121.647461
0.292000	9121.393555
0.292500	9121.140625
0.293000	9120.885742
0.293500	9120.630859
0.294000	9120.378906
0.294500	9120.124023
0.295000	9119.869141
0.295500	9119.616211
0.296000	9119.362305
0.296500	9119.107422
0.297000	9118.854492
0.297500	9118.599609
0.298000	9118.345703
0.298500	9118.092773
0.299000	9117.837891
0.299500	9117.583008
0.300000	9117.330078
0.300500	9117.076172
0.301000	9116.821289
0.301500	9116.313477
0.302000	9116.059570
0.302500	9115.806641
0.303000	9115.551758
0.303500	9115.296875
0.304000	9115.043945
0.304500	9114.790039
0.305000	9114.535156
0.305500	9114.281250
0.306000	9113.774414
0.306500	9113.265625
0.307000	9112.757812
0.307500	9111.996094
0.308000	9111.488281
0.308500	9110.980469
0.309000	9110.471680
0.309500	9109.964844
0.310000	9109.456055
0.310500	9108.693359
0.311000	9108.185547
0.311500	9107.678711
0.312000	9107.168945
0.312500	9106.407227
0.313000	9105.899414
0.313500	9105.392578
0.314000	9105.137695
0.314500	9104.630859
0.315000	9104.375977
0.315500	9104.375977
0.316000	9104.375977
0.316500	9104.375977
0.317000	9104.630859
0.317500	9104.883789
0.318000	9105.137695
0.318500	9105.392578
0.319000	9105.645508
0.319500	9105.899414
0.320000	9106.154297
0.320500	9106.407227
0.321000	9106.407227
0.321500	9106.407227
0.322000	9106.407227
0.322500	9106.407227
0.323000	9106.407227
0.323500	9106.154297
0.324000	9106.154297
0.324500	9105.899414
0.325000	9105.899414
0.325500	9105.899414
0.326000	9105.899414
0.326500	9105.899414
0.327000	9106.154297
0.327500	9106.662109
0.328000	9106.916016
0.328500	9107.423828
0.329000	9108.185547
0.329500	9108.948242
0.330000	9109.456055
0.330500	9110.217773
0.331000	9110.980469
0.331500	9111.742188
0.332000	9112.503906
0.332500	9113.519531
0.333000	9114.281250
0.333500	9115.043945
0.334000	9115.551758
0.334500	9116.313477
0.335000	9116.821289
0.335500	9117.330078
0.336000	9117.583008
0.336500	9118.092773
0.337000	9118.345703
0.337500	9118.345703
0.338000	9118.599609
0.338500	9118.599609
0.339000	9118.599609
0.339500	9118.345703
0.340000	9118.345703
0.340500	9118.092773
0.341000	9117.837891
0.341500	9117.583008
0.342000	9117.330078
0.342500	9117.330078
0.343000	9117.076172
0.343500	9117.076172
0.344000	9117.330078
0.344500	9117.330078
0.345000	9117.330078
0.345500	9117.583008
0.346000	9117.583008
0.346500	9117.837891
0.347000	9117.837891
0.347500	9117.837891
0.348000	9117.837891
0.348500	9117.583008
0.349000	9117.583008
0.349500	9117.583008
0.350000	9117.583008
0.350500	9117.330078
0.351000	9117.330078
0.351500	9117.330078
0.352000	9117.330078
0.352500	9117.583008
0.353000	9117.837891
0.353500	9117.837891
0.354000	9118.092773
0.354500	9118.345703
0.355000	9118.345703
0.355500	9118.599609
0.356000	9118.599609
0.356500	9118.854492
0.357000	9118.854492
0.357500	9118.854492
0.358000	9119.107422
0.358500	9119.107422
0.359000	9119.107422
0.359500	9119.107422
0.360000	9119.107422
0.360500	9119.107422
0.361000	9119.107422
0.361500	9119.107422
0.362000	9119.107422
0.362500	9119.107422
0.363000	9119.107422
0.363500	9119.362305
0.364000	9119.362305
0.364500	9119.362305
0.365000	9119.362305
0.365500	9119.107422
0.366000	9119.107422
0.366500	9118.854492
0.367000	9118.599609
0.367500	9118.345703
0.368000	9118.345703
0.368500	9118.092773
0.369000	9118.092773
0.369500	9117.837891
0.370000	9117.583008
0.370500	9117.583008
0.371000	9117.330078
0.371500	9117.076172
0.372000	9116.568359
0.372500	9116.313477
0.373000	9115.806641
0.373500	9115.296875
0.374000	9114.790039
0.374500	9114.281250
0.375000	9113.774414
0.375500	9113.012695
0.376000	9112.757812
0.376500	9112.250000
0.377000	9111.996094
0.377500	9111.742188
0.378000	9111.488281
0.378500	9111.488281
0.379000	9111.488281
0.379500	9111.488281
0.380000	9111.488281
0.380500	9111.488281
0.381000	9111.488281
0.381500	9111.488281
0.382000	9111.488281
0.382500	9111.488281
0.383000	9111.488281
0.383500	9111.488281
0.384000	9111.488281
0.384500	9111.233398
0.385000	9111.233398
0.385500	9110.980469
0.386000	9110.980469
0.386500	9110.980469
0.387000	9110.980469
0.387500	9110.980469
0.388000	9110.980469
0.388500	9111.233398
0.389000	9111.233398
0.389500	9111.488281
0.390000	9111.742188
0.390500	9111.996094
0.391000	9111.996094
0.391500	9112.250000
0.392000	9112.757812
0.392500	9113.012695
0.393000	9113.265625
0.393500	9113.519531
0.394000	9114.028320
0.394500	9114.535156
0.395000	9115.043945
0.395500	9115.551758
0.396000	9116.059570
0.396500	9116.568359
0.397000	9117.076172
0.397500	9117.837891
0.398000	9118.345703
0.398500	9118.854492
0.399000	9119.616211
0.399500	9120.124023
0.400000	9120.630859
0.400500	9121.140625
0.401000	9121.647461
0.401500	9121.902344
0.402000	9122.156250
0.402500	9122.410156
0.403000	9122.664062
0.403500	9122.917969
0.404000	9123.171875
0.404500	9122.917969
0.405000	9122.917969
0.405500	9122.664062
0.406000	9122.410156
0.406500	9122.156250
0.407000	9121.902344
0.407500	9121.647461
0.408000	9121.393555
0.408500	9121.140625
0.409000	9120.885742
0.409500	9120.885742
0.410000	9120.885742
0.410500	9121.140625
0.411000	9121.140625
0.411500	9121.140625
0.412000	9121.393555
0.412500	9121.393555
0.413000	9121.647461
0.413500	9121.647461
0.414000	9121.902344
0.414500	9121.902344
0.415000	9122.156250
0.415500	9122.156250
0.416000	9122.410156
0.416500	9122.664062
0.417000	9122.917969
0.417500	9122.917969
0.418000	9123.171875
0.418500	9123.425781
0.419000	9123.425781
0.419500	9123.425781
0.420000	9123.425781
0.420500	9123.425781
0.421000	9123.425781
0.421500	9123.425781
0.422000	9123.425781
0.422500	9123.425781
0.423000	9123.425781
0.423500	9123.171875
0.424000	9123.171875
0.424500	9123.171875
0.425000	9123.171875
0.425500	9123.171875
0.426000	9122.917969
0.426500	9122.917969
0.427000	9122.664062
0.427500	9122.410156
0.428000	9122.410156
0.428500	9122.156250
0.429000	9121.902344
0.429500	9121.902344
0.430000	9121.647461
0.430500	9121.647461
0.431000	9121.393555
0.431500	9121.393555
0.432000	9121.140625
0.432500	9121.140625
0.433000	9121.140625
0.433500	9121.140625
0.434000	9121.140625
0.434500	9121.393555
0.435000	9121.393555
0.435500	9121.647461
0.436000	9121.902344
0.436500	9122.410156
0.437000	9122.664062
0.437500	9122.917969
0.438000	9122.917969
0.438500	9123.171875
0.439000	9123.425781
0.439500	9123.679688
0.440000	9123.679688
0.440500	9123.679688
0.441000	9123.679688
0.441500	9123.425781
0.442000	9123.171875
0.442500	9123.171875
0.443000	9122.917969
0.443500	9122.664062
0.444000	9122.664062
0.444500	9122.410156
0.445000	9122.410156
0.445500	9122.664062
0.446000	9122.664062
0.446500	9122.917969
0.447000	9123.171875
0.447500	9123.171875
0.448000	9123.425781
0.448500	9123.679688
0.449000	9123.933594
0.449500	9124.187500
0.450000	9124.187500
0.450500	9123.933594
0.451000	9123.933594
0.451500	9123.679688
0.452000	9123.425781
0.452500	9123.171875
0.453000	9122.917969
0.453500	9122.664062
0.454000	9122.664062
0.454500	9122.410156
0.455000	9122.156250
0.455500	9121.902344
0.456000	9121.647461
0.456500	9121.393555
0.457000	9121.393555
0.457500	9121.393555
0.458000	9121.393555
0.458500	9121.647461
0.459000	9121.902344
0.459500	9122.156250
0.460000	9122.410156
0.460500	9122.664062
0.461000	9122.917969
0.461500	9123.171875
0.462000	9123.425781
0.462500	9123.679688
0.463000	9123.679688
0.463500	9123.933594
0.464000	9124.187500
0.464500	9124.442383
0.465000	9124.695312
0.465500	9124.949219
0.466000	9125.204102
0.466500	9125.458008
0.467000	9125.711914
0.467500	9125.965820
0.468000	9126.219727
0.468500	9126.219727
0.469000	9125.965820
0.469500	9125.711914
0.470000	9125.458008
0.470500	9125.204102
0.471000	9124.695312
0.471500	9124.442383
0.472000	9123.933594
0.472500	9123.679688
0.473000	9123.171875
0.473500	9122.917969
0.474000	9122.410156
0.474500	9122.156250
0.475000	9121.647461
0.475500	9121.393555
0.476000	9121.393555
0.476500	9121.140625
0.477000	9121.393555
0.477500	9121.393555
0.478000	9121.647461
0.478500	9121.647461
0.479000	9121.902344
0.479500	9122.156250
0.480000	9122.410156
0.480500	9122.664062
0.481000	9122.664062
0.481500	9122.917969
0.482000	9122.917969
0.482500	9122.917969
0.483000	9122.917969
0.483500	9122.664062
0.484000	9122.664062
0.484500	9122.664062
0.485000	9122.664062
0.485500	9122.410156
0.486000	9122.410156
0.486500	9122.410156
0.487000	9122.410156
0.487500	9122.156250
0.488000	9122.156250
0.488500	9121.902344
0.489000	9121.647461
0.489500	9121.140625
0.490000	9121.140625
0.490500	5076444.000000
0.491000	18640552.000000
0.491500	38247320.000000
0.492000	61445140.000000
0.492500	87518240.000000
0.493000	118757696.000000
0.493500	154947632.000000
