0.000000	-0.000135
0.000500	-0.000222
0.001000	0.000152
0.001500	0.000884
0.002000	0.001368
0.002500	0.002025
0.003000	0.002761
0.003500	0.003280
0.004000	0.004124
0.004500	0.004624
0.005000	0.005079
0.005500	0.005742
0.006000	0.005804
0.006500	0.005779
0.007000	0.005718
0.007500	0.005762
0.008000	0.006129
0.008500	0.006267
0.009000	0.006059
0.009500	0.005533
0.010000	0.004606
0.010500	0.003896
0.011000	0.003544
0.011500	0.002616
0.012000	0.001600
0.012500	0.000544
0.013000	-0.000638
0.013500	-0.001783
0.014000	-0.003289
0.014500	-0.004795
0.015000	-0.005772
0.015500	-0.006419
0.016000	-0.007182
0.016500	-0.008315
0.017000	-0.009458
0.017500	-0.010103
0.018000	-0.010850
0.018500	-0.011633
0.019000	-0.012227
0.019500	-0.012643
0.020000	-0.012814
0.020500	-0.013394
0.021000	-0.014002
0.021500	-0.014070
0.022000	-0.013996
0.022500	-0.014021
0.023000	-0.013870
0.023500	-0.013279
0.024000	-0.012569
0.024500	-0.011507
0.025000	-0.010058
0.025500	-0.008670
0.026000	-0.007008
0.026500	-0.005012
0.027000	-0.003024
0.027500	-0.000781
0.028000	0.001456
0.028500	0.003354
0.029000	0.005040
0.029500	0.005858
0.030000	0.006319
0.030500	0.006688
0.031000	0.006901
0.031500	0.006724
0.032000	0.006553
0.032500	0.006752
0.033000	0.006412
0.033500	0.005978
0.034000	0.005213
0.034500	0.004108
0.035000	0.002879
0.035500	0.001571
0.036000	0.000046
0.036500	-0.001923
0.037000	-0.004113
0.037500	-0.006606
0.038000	-0.009261
0.038500	-0.011890
0.039000	-0.014183
0.039500	-0.015820
0.040000	-0.016781
0.040500	-0.017193
0.041000	-0.017162
0.041500	-0.016525
0.042000	-0.015001
0.042500	-0.013188
0.043000	-0.011580
0.043500	-0.010085
0.044000	-0.008685
0.044500	-0.007329
0.045000	-0.005845
0.045500	-0.004220
0.046000	-0.002344
0.046500	-0.000027
0.047000	0.002862
0.047500	0.006623
0.048000	0.010753
0.048500	0.015139
0.049000	0.019441
0.049500	0.022820
0.050000	0.025898
0.050500	0.028847
0.051000	0.030674
0.051500	0.031353
0.052000	0.031542
0.052500	0.030964
0.053000	0.029293
0.053500	0.026710
0.054000	0.023401
0.054500	0.019117
0.055000	0.014107
0.055500	0.009003
0.056000	0.003015
0.056500	-0.003583
0.057000	-0.010242
0.057500	-0.018121
0.058000	-0.026845
0.058500	-0.035748
0.059000	-0.045501
0.059500	-0.056726
0.060000	-0.069108
0.060500	-0.083417
0.061000	-0.100561
0.061500	-0.120054
0.062000	-0.142372
0.062500	-0.166680
0.063000	-0.190659
0.063500	-0.213206
0.064000	-0.233178
0.064500	-0.249030
0.065000	-0.259684
0.065500	-0.263804
0.066000	-0.261422
0.066500	-0.253745
0.067000	-0.241160
0.067500	-0.224230
0.068000	-0.203598
0.068500	-0.179989
0.069000	-0.154108
0.069500	-0.126573
0.070000	-0.098399
0.070500	-0.070222
0.071000	-0.041714
0.071500	-0.013284
0.072000	0.015621
0.072500	0.045929
0.073000	0.078710
0.073500	0.115319
0.074000	0.155556
0.074500	0.199349
0.075000	0.245344
0.075500	0.291967
0.076000	0.337801
0.076500	0.381286
0.077000	0.422018
0.077500	0.459757
0.078000	0.495018
0.078500	0.529313
0.079000	0.564928
0.079500	0.604196
0.080000	0.648936
0.080500	0.703653
0.081000	0.772614
0.081500	0.860001
0.082000	0.969742
0.082500	1.104815
0.083000	1.266554
0.083500	1.453028
0.084000	1.661165
0.084500	1.886312
0.085000	2.121920
0.085500	2.360747
0.086000	2.594745
0.086500	2.815547
0.087000	3.013819
0.087500	3.178133
0.088000	3.294971
0.088500	3.350332
0.089000	3.332308
0.089500	3.234459
0.090000	3.059041
0.090500	2.817801
0.091000	2.528118
0.091500	2.212204
0.092000	1.890335
0.092500	1.579217
0.093000	1.290469
0.093500	1.028789
0.094000	0.794260
0.094500	0.583773
0.095000	0.397492
0.095500	0.243091
0.096000	0.139208
0.096500	0.113890
0.097000	0.198625
0.097500	0.421133
0.098000	0.794662
0.098500	1.313370
0.099000	1.946341
0.099500	2.639807
0.100000	3.326836
0.100500	3.935651
0.101000	4.400590
0.101500	4.674179
0.102000	4.738391
0.102500	4.600310
0.103000	4.286327
0.103500	3.839412
0.104000	3.306880
0.104500	2.729930
0.105000	2.143324
0.105500	1.572232
0.106000	1.036530
0.106500	0.551731
0.107000	0.128289
0.107500	-0.227223
0.108000	-0.511433
0.108500	-0.723577
0.109000	-0.866744
0.109500	-0.945136
0.110000	-0.964528
0.110500	-0.933999
0.111000	-0.861369
0.111500	-0.754782
0.112000	-0.623556
0.112500	-0.476028
0.113000	-0.320646
0.113500	-0.164974
0.114000	-0.015718
0.114500	0.122574
0.115000	0.247952
0.115500	0.360525
0.116000	0.460884
0.116500	0.548915
0.117000	0.625069
0.117500	0.689008
0.118000	0.739268
0.118500	0.775833
0.119000	0.799168
0.119500	0.810144
0.120000	0.810546
0.120500	0.802258
0.121000	0.786277
0.121500	0.763296
0.122000	0.734714
0.122500	0.702559
0.123000	0.668747
0.123500	0.635224
0.124000	0.603987
0.124500	0.574375
0.125000	0.545455
0.125500	0.515569
0.126000	0.481065
0.126500	0.438739
0.127000	0.386001
0.127500	0.322271
0.128000	0.247742
0.128500	0.163027
0.129000	0.070171
0.129500	-0.028215
0.130000	-0.129623
0.130500	-0.230877
0.131000	-0.328403
0.131500	-0.418027
0.132000	-0.494036
0.132500	-0.552166
0.133000	-0.590838
0.133500	-0.609813
0.134000	-0.609716
0.134500	-0.592963
0.135000	-0.563512
0.135500	-0.525692
0.136000	-0.482658
0.136500	-0.436663
0.137000	-0.390298
0.137500	-0.346202
0.138000	-0.307385
0.138500	-0.276678
0.139000	-0.254132
0.139500	-0.237266
0.140000	-0.222347
0.140500	-0.204499
0.141000	-0.180375
0.141500	-0.148272
0.142000	-0.107841
0.142500	-0.059512
0.143000	-0.003766
0.143500	0.057389
0.144000	0.121596
0.144500	0.185541
0.145000	0.246584
0.145500	0.303072
0.146000	0.353010
0.146500	0.395818
0.147000	0.431964
0.147500	0.463234
0.148000	0.492137
0.148500	0.521942
0.149000	0.555900
0.149500	0.596696
0.150000	0.647101
0.150500	0.708707
0.151000	0.781739
0.151500	0.864990
0.152000	0.956176
0.152500	1.052350
0.153000	1.150601
0.153500	1.247048
0.154000	1.338733
0.154500	1.424881
0.155000	1.504656
0.155500	1.577897
0.156000	1.646359
0.156500	1.712825
0.157000	1.780417
0.157500	1.852516
0.158000	1.931213
0.158500	2.017313
0.159000	2.111620
0.159500	2.213492
0.160000	2.323732
0.160500	2.443628
0.161000	2.573019
0.161500	2.712549
0.162000	2.862218
0.162500	3.020095
0.163000	3.184087
0.163500	3.350493
0.164000	3.514807
0.164500	3.673972
0.165000	3.825250
0.165500	3.965906
0.166000	4.094010
0.166500	4.208435
0.167000	4.310628
0.167500	4.402361
0.168000	4.484598
0.168500	4.559433
0.169000	4.629278
0.169500	4.695583
0.170000	4.759152
0.170500	4.820468
0.171000	4.879692
0.171500	4.936180
0.172000	4.989450
0.172500	5.039178
0.173000	5.085849
0.173500	5.131876
0.174000	5.178708
0.174500	5.226828
0.175000	5.275590
0.175500	5.324032
0.176000	5.371025
0.176500	5.415121
0.177000	5.455354
0.177500	5.491565
0.178000	5.523752
0.178500	5.550306
0.179000	5.568813
0.179500	5.577503
0.180000	5.573480
0.180500	5.554329
0.181000	5.517958
0.181500	5.462114
0.182000	5.385509
0.182500	5.287017
0.183000	5.166960
0.183500	5.027430
0.184000	4.871324
0.184500	4.702181
0.185000	4.522901
0.185500	4.337021
0.186000	4.148245
0.186500	3.959308
0.187000	3.772946
0.187500	3.592700
0.188000	3.421465
0.188500	3.260370
0.189000	3.111667
0.189500	2.975999
0.190000	2.853689
0.190500	2.744575
0.191000	2.648015
0.191500	2.563202
0.192000	2.489977
0.192500	2.427373
0.193000	2.374748
0.193500	2.332100
0.194000	2.300235
0.194500	2.279958
0.195000	2.271750
0.195500	2.276578
0.196000	2.294603
0.196500	2.325341
0.197000	2.369437
0.197500	2.426086
0.198000	2.493679
0.198500	2.573019
0.199000	2.663303
0.199500	2.763887
0.200000	2.874449
0.200500	2.993702
0.201000	3.120679
0.201500	3.253289
0.202000	3.390405
0.202500	3.530257
0.203000	3.672040
0.203500	3.814628
0.204000	3.957216
0.204500	4.099160
0.205000	4.239495
0.205500	4.376933
0.206000	4.510026
0.206500	4.637003
0.207000	4.757060
0.207500	4.869231
0.208000	4.972068
0.208500	5.065732
0.209000	5.149579
0.209500	5.223609
0.210000	5.287500
0.210500	5.340126
0.211000	5.381647
0.211500	5.412707
0.212000	5.433145
0.212500	5.444089
0.213000	5.446825
0.213500	5.442801
0.214000	5.433467
0.214500	5.417374
0.215000	5.394199
0.215500	5.363783
0.216000	5.325319
0.216500	5.278166
0.217000	5.222965
0.217500	5.160684
0.218000	5.092125
0.218500	5.019544
0.219000	4.945192
0.219500	4.870197
0.220000	4.795201
0.220500	4.721976
0.221000	4.650682
0.221500	4.580354
0.222000	4.511313
0.222500	4.443560
0.223000	4.376933
0.223500	4.309984
0.224000	4.241426
0.224500	4.169971
0.225000	4.095620
0.225500	4.018854
0.226000	3.940479
0.226500	3.862426
0.227000	3.786464
0.227500	3.714849
0.228000	3.648865
0.228500	3.590124
0.229000	3.540879
0.229500	3.501933
0.230000	3.473286
0.230500	3.455745
0.231000	3.449146
0.231500	3.452365
0.232000	3.465239
0.232500	3.487127
0.233000	3.517382
0.233500	3.555041
0.234000	3.599137
0.234500	3.648865
0.235000	3.702296
0.235500	3.757979
0.236000	3.814145
0.236500	3.869668
0.237000	3.923098
0.237500	3.973149
0.238000	4.018532
0.238500	4.058927
0.239000	4.092723
0.239500	4.119438
0.240000	4.138589
0.240500	4.149372
0.241000	4.151947
0.241500	4.146475
0.242000	4.134244
0.242500	4.115253
0.243000	4.089987
0.243500	4.059570
0.244000	4.025130
0.244500	3.986989
0.245000	3.945468
0.245500	3.901211
0.246000	3.854540
0.246500	3.806259
0.247000	3.757336
0.247500	3.708411
0.248000	3.660131
0.248500	3.613782
0.249000	3.570008
0.249500	3.528970
0.250000	3.492115
0.250500	3.459285
0.251000	3.429995
0.251500	3.403763
0.252000	3.380588
0.252500	3.360471
0.253000	3.342929
0.253500	3.328445
0.254000	3.317019
0.254500	3.308007
0.255000	3.301730
0.255500	3.298351
0.256000	3.297546
0.256500	3.298833
0.257000	3.301408
0.257500	3.304949
0.258000	3.308167
0.258500	3.309938
0.259000	3.309777
0.259500	3.306236
0.260000	3.298994
0.260500	3.288534
0.261000	3.275015
0.261500	3.259404
0.262000	3.242667
0.262500	3.225447
0.263000	3.207584
0.263500	3.189881
0.264000	3.172339
0.264500	3.155119
0.265000	3.138060
0.265500	3.121805
0.266000	3.106839
0.266500	3.092998
0.267000	3.080928
0.267500	3.070950
0.268000	3.063386
0.268500	3.057432
0.269000	3.052282
0.269500	3.047776
0.270000	3.042143
0.270500	3.035062
0.271000	3.027176
0.271500	3.019130
0.272000	3.011405
0.272500	3.004002
0.273000	2.997886
0.273500	2.992092
0.274000	2.986782
0.274500	2.982115
0.275000	2.977769
0.275500	2.973746
0.276000	2.969401
0.276500	2.964412
0.277000	2.957170
0.277500	2.947353
0.278000	2.935122
0.278500	2.919511
0.279000	2.900682
0.279500	2.880243
0.280000	2.858999
0.280500	2.838078
0.281000	2.818122
0.281500	2.799776
0.282000	2.783682
0.282500	2.769842
0.283000	2.757772
0.283500	2.747955
0.284000	2.739425
0.284500	2.730896
0.285000	2.720918
0.285500	2.708687
0.286000	2.693076
0.286500	2.673764
0.287000	2.650429
0.287500	2.623713
0.288000	2.594584
0.288500	2.563524
0.289000	2.532624
0.289500	2.503335
0.290000	2.477424
0.290500	2.456664
0.291000	2.440892
0.291500	2.429949
0.292000	2.422867
0.292500	2.418522
0.293000	2.417396
0.293500	2.419005
0.294000	2.422063
0.294500	2.425764
0.295000	2.428500
0.295500	2.429144
0.296000	2.426408
0.296500	2.419005
0.297000	2.407418
0.297500	2.391163
0.298000	2.370564
0.298500	2.346584
