0.000000	0.996110
0.000500	0.996110
0.001000	0.996110
0.001500	0.996110
0.002000	0.996110
0.002500	0.996110
0.003000	0.996110
0.003500	0.996110
0.004000	0.996110
0.004500	0.996100
0.005000	0.996100
0.005500	0.996100
0.006000	0.996100
0.006500	0.996090
0.007000	0.996090
0.007500	0.996090
0.008000	0.996080
0.008500	0.996070
0.009000	0.996070
0.009500	0.996060
0.010000	0.996060
0.010500	0.996050
0.011000	0.996040
0.011500	0.996040
0.012000	0.996030
0.012500	0.996030
0.013000	0.996020
0.013500	0.996010
0.014000	0.996010
0.014500	0.996000
0.015000	0.995990
0.015500	0.995990
0.016000	0.995980
0.016500	0.995980
0.017000	0.995980
0.017500	0.995980
0.018000	0.995990
0.018500	0.995990
0.019000	0.996000
0.019500	0.996010
0.020000	0.996020
0.020500	0.996020
0.021000	0.996030
0.021500	0.996040
0.022000	0.996040
0.022500	0.996050
0.023000	0.996050
0.023500	0.996050
0.024000	0.996050
0.024500	0.996050
0.025000	0.996050
0.025500	0.996040
0.026000	0.996040
0.026500	0.996040
0.027000	0.996040
0.027500	0.996030
0.028000	0.996030
0.028500	0.996030
0.029000	0.996020
0.029500	0.996020
0.030000	0.996020
0.030500	0.996010
0.031000	0.996010
0.031500	0.996010
0.032000	0.996020
0.032500	0.996020
0.033000	0.996020
0.033500	0.996030
0.034000	0.996040
0.034500	0.996040
0.035000	0.996040
0.035500	0.996050
0.036000	0.996050
0.036500	0.996050
0.037000	0.996050
0.037500	0.996050
0.038000	0.996050
0.038500	0.996050
0.039000	0.996050
0.039500	0.996040
0.040000	0.996040
0.040500	0.996040
0.041000	0.996040
0.041500	0.996040
0.042000	0.996040
0.042500	0.996040
0.043000	0.996040
0.043500	0.996040
0.044000	0.996040
0.044500	0.996050
0.045000	0.996050
0.045500	0.996060
0.046000	0.996060
0.046500	0.996070
0.047000	0.996080
0.047500	0.996080
0.048000	0.996090
0.048500	0.996090
0.049000	0.996100
0.049500	0.996100
0.050000	0.996100
0.050500	0.996100
0.051000	0.996110
0.051500	0.996110
0.052000	0.996110
0.052500	0.996110
0.053000	0.996120
0.053500	0.996120
0.054000	0.996130
0.054500	0.996140
0.055000	0.996140
0.055500	0.996150
0.056000	0.996160
0.056500	0.996160
0.057000	0.996170
0.057500	0.996180
0.058000	0.996180
0.058500	0.996190
0.059000	0.996190
0.059500	0.996200
0.060000	0.996200
0.060500	0.996210
0.061000	0.996220
0.061500	0.996230
0.062000	0.996240
0.062500	0.996240
0.063000	0.996250
0.063500	0.996260
0.064000	0.996270
0.064500	0.996280
0.065000	0.996290
0.065500	0.996300
0.066000	0.996310
0.066500	0.996320
0.067000	0.996330
0.067500	0.996340
0.068000	0.996350
0.068500	0.996360
0.069000	0.996360
0.069500	0.996370
0.070000	0.996380
0.070500	0.996390
0.071000	0.996400
0.071500	0.996400
0.072000	0.996410
0.072500	0.996420
0.073000	0.996430
0.073500	0.996450
0.074000	0.996470
0.074500	0.996480
0.075000	0.996500
0.075500	0.996530
0.076000	0.996550
0.076500	0.996570
0.077000	0.996590
0.077500	0.996620
0.078000	0.996640
0.078500	0.996660
0.079000	0.996690
0.079500	0.996710
0.080000	0.996740
0.080500	0.996760
0.081000	0.996790
0.081500	0.996810
0.082000	0.996840
0.082500	0.996870
0.083000	0.996900
0.083500	0.996930
0.084000	0.996970
0.084500	0.997010
0.085000	0.997050
0.085500	0.997100
0.086000	0.997150
0.086500	0.997210
0.087000	0.997270
0.087500	0.997350
0.088000	0.997420
0.088500	0.997510
0.089000	0.997590
0.089500	0.997690
0.090000	0.997780
0.090500	0.997880
0.091000	0.997990
0.091500	0.998090
0.092000	0.998200
0.092500	0.998310
0.093000	0.998430
0.093500	0.998550
0.094000	0.998670
0.094500	0.998770
0.095000	0.998860
0.095500	0.998940
0.096000	0.999020
0.096500	0.999080
0.097000	0.999110
0.097500	0.999110
0.098000	0.999110
0.098500	0.999070
0.099000	0.998990
0.099500	0.998860
0.100000	0.998690
0.100500	0.998470
0.101000	0.998200
0.101500	0.997870
0.102000	0.997520
0.102500	0.997130
0.103000	0.996700
0.103500	0.996230
0.104000	0.995720
0.104500	0.995150
0.105000	0.994500
0.105500	0.993770
0.106000	0.993000
0.106500	0.992190
0.107000	0.991330
0.107500	0.990390
0.108000	0.989350
0.108500	0.988190
0.109000	0.986920
0.109500	0.985570
0.110000	0.984160
0.110500	0.982710
0.111000	0.981240
0.111500	0.979730
0.112000	0.978150
0.112500	0.976450
0.113000	0.974660
0.113500	0.972810
0.114000	0.970910
0.114500	0.968990
0.115000	0.967070
0.115500	0.965130
0.116000	0.963140
0.116500	0.961060
0.117000	0.958890
0.117500	0.956690
0.118000	0.954480
0.118500	0.952290
0.119000	0.950140
0.119500	0.948010
0.120000	0.945870
0.120500	0.943720
0.121000	0.941500
0.121500	0.939190
0.122000	0.936870
0.122500	0.934640
0.123000	0.932510
0.123500	0.930400
0.124000	0.928300
0.124500	0.926210
0.125000	0.924110
0.125500	0.922010
0.126000	0.919930
0.126500	0.917880
0.127000	0.915890
0.127500	0.914040
0.128000	0.912280
0.128500	0.910550
0.129000	0.908810
0.129500	0.907060
0.130000	0.905340
0.130500	0.903630
0.131000	0.901950
0.131500	0.900310
0.132000	0.898710
0.132500	0.897170
0.133000	0.895690
0.133500	0.894260
0.134000	0.892840
0.134500	0.891420
0.135000	0.889960
0.135500	0.888490
0.136000	0.887010
0.136500	0.885530
0.137000	0.884060
0.137500	0.882610
0.138000	0.881180
0.138500	0.879750
0.139000	0.878290
0.139500	0.876760
0.140000	0.875160
0.140500	0.873560
0.141000	0.872040
0.141500	0.870560
0.142000	0.869100
0.142500	0.867630
0.143000	0.866160
0.143500	0.864680
0.144000	0.863210
0.144500	0.861730
0.145000	0.860270
0.145500	0.858840
0.146000	0.857490
0.146500	0.856180
0.147000	0.854890
0.147500	0.853580
0.148000	0.852260
0.148500	0.850950
0.149000	0.849660
0.149500	0.848370
0.150000	0.847110
0.150500	0.845850
0.151000	0.844590
0.151500	0.843320
0.152000	0.842020
0.152500	0.840710
0.153000	0.839420
0.153500	0.838160
0.154000	0.837030
0.154500	0.836000
0.155000	0.835020
0.155500	0.834060
0.156000	0.833100
0.156500	0.832190
0.157000	0.831330
0.157500	0.830550
0.158000	0.829850
0.158500	0.829200
0.159000	0.828600
0.159500	0.828030
0.160000	0.827480
0.160500	0.826960
0.161000	0.826470
0.161500	0.826030
0.162000	0.825640
0.162500	0.825300
0.163000	0.825000
0.163500	0.824730
0.164000	0.824490
0.164500	0.824300
0.165000	0.824150
0.165500	0.824040
0.166000	0.823980
0.166500	0.823980
0.167000	0.824040
0.167500	0.824170
0.168000	0.824370
0.168500	0.824620
0.169000	0.824920
0.169500	0.825270
0.170000	0.825650
0.170500	0.826070
0.171000	0.826520
0.171500	0.827020
0.172000	0.827580
0.172500	0.828180
0.173000	0.828820
0.173500	0.829490
0.174000	0.830210
0.174500	0.830950
0.175000	0.831710
0.175500	0.832480
0.176000	0.833280
0.176500	0.834080
0.177000	0.834910
0.177500	0.835770
0.178000	0.836690
0.178500	0.837650
0.179000	0.838640
0.179500	0.839650
0.180000	0.840670
0.180500	0.841680
0.181000	0.842700
0.181500	0.843750
0.182000	0.844840
0.182500	0.846010
0.183000	0.847240
0.183500	0.848500
0.184000	0.849780
0.184500	0.851040
0.185000	0.852300
0.185500	0.853600
0.186000	0.854990
0.186500	0.856460
0.187000	0.857960
0.187500	0.859470
0.188000	0.860970
0.188500	0.862460
0.189000	0.863940
0.189500	0.865420
0.190000	0.866910
0.190500	0.868420
0.191000	0.869980
0.191500	0.871560
0.192000	0.873120
0.192500	0.874640
0.193000	0.876120
0.193500	0.877590
0.194000	0.879070
0.194500	0.880590
0.195000	0.882150
0.195500	0.883730
0.196000	0.885300
0.196500	0.886830
0.197000	0.888320
0.197500	0.889780
0.198000	0.891270
0.198500	0.892800
0.199000	0.894370
0.199500	0.895940
0.200000	0.897520
0.200500	0.899100
0.201000	0.900700
0.201500	0.902300
0.202000	0.903880
0.202500	0.905430
0.203000	0.906940
0.203500	0.908420
0.204000	0.909890
0.204500	0.911380
0.205000	0.912880
0.205500	0.914390
0.206000	0.915900
0.206500	0.917370
0.207000	0.918780
0.207500	0.920120
0.208000	0.921430
0.208500	0.922740
0.209000	0.924070
0.209500	0.925400
0.210000	0.926720
0.210500	0.928010
0.211000	0.929240
0.211500	0.930430
0.212000	0.931590
0.212500	0.932740
0.213000	0.933900
0.213500	0.935080
0.214000	0.936240
0.214500	0.937360
0.215000	0.938410
0.215500	0.939430
0.216000	0.940430
0.216500	0.941430
0.217000	0.942430
0.217500	0.943430
0.218000	0.944420
0.218500	0.945410
0.219000	0.946400
0.219500	0.947380
0.220000	0.948340
0.220500	0.949250
0.221000	0.950120
0.221500	0.950970
0.222000	0.951820
0.222500	0.952660
0.223000	0.953510
0.223500	0.954360
0.224000	0.955210
0.224500	0.956050
0.225000	0.956860
0.225500	0.957630
0.226000	0.958390
0.226500	0.959150
0.227000	0.959900
0.227500	0.960670
0.228000	0.961450
0.228500	0.962220
0.229000	0.962970
0.229500	0.963700
0.230000	0.964380
0.230500	0.965040
0.231000	0.965690
0.231500	0.966350
0.232000	0.967010
0.232500	0.967660
0.233000	0.968310
0.233500	0.968960
0.234000	0.969590
0.234500	0.970210
0.235000	0.970810
0.235500	0.971380
0.236000	0.971940
0.236500	0.972490
0.237000	0.973040
0.237500	0.973600
0.238000	0.974150
0.238500	0.974700
0.239000	0.975240
0.239500	0.975750
0.240000	0.976240
0.240500	0.976710
0.241000	0.977170
0.241500	0.977640
0.242000	0.978100
0.242500	0.978570
0.243000	0.979020
0.243500	0.979450
0.244000	0.979860
0.244500	0.980260
0.245000	0.980650
0.245500	0.981030
0.246000	0.981420
0.246500	0.981800
0.247000	0.982180
0.247500	0.982550
0.248000	0.982910
0.248500	0.983270
0.249000	0.983620
0.249500	0.983940
0.250000	0.984260
0.250500	0.984580
0.251000	0.984900
0.251500	0.985220
0.252000	0.985540
0.252500	0.985860
0.253000	0.986180
0.253500	0.986490
0.254000	0.986800
0.254500	0.987090
0.255000	0.987370
0.255500	0.987660
0.256000	0.987960
0.256500	0.988260
0.257000	0.988560
0.257500	0.988850
0.258000	0.989140
0.258500	0.989410
0.259000	0.989670
0.259500	0.989930
0.260000	0.990190
0.260500	0.990450
0.261000	0.990700
0.261500	0.990950
0.262000	0.991200
0.262500	0.991440
0.263000	0.991670
0.263500	0.991890
0.264000	0.992110
0.264500	0.992310
0.265000	0.992510
0.265500	0.992700
0.266000	0.992890
0.266500	0.993080
0.267000	0.993270
0.267500	0.993450
0.268000	0.993620
0.268500	0.993790
0.269000	0.993950
0.269500	0.994100
0.270000	0.994250
0.270500	0.994400
0.271000	0.994540
0.271500	0.994690
0.272000	0.994820
0.272500	0.994960
0.273000	0.995080
0.273500	0.995200
0.274000	0.995320
0.274500	0.995430
0.275000	0.995530
0.275500	0.995640
0.276000	0.995750
0.276500	0.995860
0.277000	0.995960
0.277500	0.996070
0.278000	0.996170
0.278500	0.996260
0.279000	0.996350
0.279500	0.996450
0.280000	0.996540
0.280500	0.996630
0.281000	0.996720
0.281500	0.996810
0.282000	0.996900
0.282500	0.996980
0.283000	0.997060
0.283500	0.997130
0.284000	0.997200
0.284500	0.997270
0.285000	0.997340
0.285500	0.997410
0.286000	0.997470
0.286500	0.997530
0.287000	0.997590
0.287500	0.997650
0.288000	0.997700
0.288500	0.997750
0.289000	0.997790
0.289500	0.997840
0.290000	0.997880
0.290500	0.997930
0.291000	0.997970
0.291500	0.998020
0.292000	0.998060
0.292500	0.998100
0.293000	0.998150
0.293500	0.998190
0.294000	0.998230
0.294500	0.998270
0.295000	0.998310
0.295500	0.998350
0.296000	0.998380
0.296500	0.998410
0.297000	0.998440
0.297500	0.998460
0.298000	0.998490
0.298500	0.998510
0.299000	0.998520
0.299500	0.998540
0.300000	0.998560
0.300500	0.998570
0.301000	0.998590
0.301500	0.998600
0.302000	0.998620
0.302500	0.998630
0.303000	0.998640
0.303500	0.998650
0.304000	0.998660
0.304500	0.998680
0.305000	0.998690
0.305500	0.998700
0.306000	0.998710
0.306500	0.998720
0.307000	0.998740
0.307500	0.998750
0.308000	0.998760
0.308500	0.998780
0.309000	0.998790
0.309500	0.998810
0.310000	0.998820
0.310500	0.998840
0.311000	0.998860
0.311500	0.998880
0.312000	0.998900
0.312500	0.998920
0.313000	0.998930
0.313500	0.998950
0.314000	0.998960
0.314500	0.998980
0.315000	0.998990
0.315500	0.999000
0.316000	0.999020
0.316500	0.999030
0.317000	0.999040
0.317500	0.999050
0.318000	0.999060
0.318500	0.999070
0.319000	0.999080
0.319500	0.999090
0.320000	0.999090
0.320500	0.999100
0.321000	0.999110
0.321500	0.999110
0.322000	0.999120
0.322500	0.999120
0.323000	0.999130
0.323500	0.999140
0.324000	0.999140
0.324500	0.999150
0.325000	0.999150
0.325500	0.999150
0.326000	0.999160
0.326500	0.999160
0.327000	0.999160
0.327500	0.999160
0.328000	0.999160
0.328500	0.999160
0.329000	0.999150
0.329500	0.999150
0.330000	0.999140
0.330500	0.999130
0.331000	0.999120
0.331500	0.999100
0.332000	0.999090
0.332500	0.999070
0.333000	0.999060
0.333500	0.999050
0.334000	0.999030
0.334500	0.999020
0.335000	0.999000
0.335500	0.998990
0.336000	0.998970
0.336500	0.998950
0.337000	0.998930
0.337500	0.998910
0.338000	0.998890
0.338500	0.998870
0.339000	0.998850
0.339500	0.998820
0.340000	0.998790
0.340500	0.998760
0.341000	0.998730
0.341500	0.998690
0.342000	0.998660
0.342500	0.998620
0.343000	0.998580
0.343500	0.998540
0.344000	0.998500
0.344500	0.998450
0.345000	0.998410
0.345500	0.998370
0.346000	0.998320
0.346500	0.998280
0.347000	0.998240
0.347500	0.998200
0.348000	0.998150
0.348500	0.998110
0.349000	0.998080
0.349500	0.998040
0.350000	0.998000
0.350500	0.997970
0.351000	0.997930
0.351500	0.997900
0.352000	0.997870
0.352500	0.997830
0.353000	0.997800
0.353500	0.997770
0.354000	0.997730
0.354500	0.997700
0.355000	0.997670
0.355500	0.997640
0.356000	0.997610
0.356500	0.997580
0.357000	0.997550
0.357500	0.997520
0.358000	0.997490
0.358500	0.997460
0.359000	0.997430
0.359500	0.997400
0.360000	0.997360
0.360500	0.997330
0.361000	0.997300
0.361500	0.997270
0.362000	0.997230
0.362500	0.997200
0.363000	0.997160
0.363500	0.997120
0.364000	0.997080
0.364500	0.997040
0.365000	0.996990
0.365500	0.996950
0.366000	0.996910
0.366500	0.996870
0.367000	0.996830
0.367500	0.996790
0.368000	0.996750
0.368500	0.996700
0.369000	0.996660
0.369500	0.996610
0.370000	0.996570
0.370500	0.996530
0.371000	0.996480
0.371500	0.996440
0.372000	0.996400
0.372500	0.996360
0.373000	0.996320
0.373500	0.996280
0.374000	0.996240
0.374500	0.996200
0.375000	0.996170
0.375500	0.996130
0.376000	0.996090
0.376500	0.996060
0.377000	0.996020
0.377500	0.995990
0.378000	0.995950
0.378500	0.995910
0.379000	0.995870
0.379500	0.995830
0.380000	0.995800
0.380500	0.995760
0.381000	0.995720
0.381500	0.995690
0.382000	0.995660
0.382500	0.995620
0.383000	0.995590
0.383500	0.995560
0.384000	0.995530
0.384500	0.995500
0.385000	0.995480
0.385500	0.995450
0.386000	0.995430
0.386500	0.995410
0.387000	0.995390
0.387500	0.995370
0.388000	0.995350
0.388500	0.995330
0.389000	0.995310
0.389500	0.995290
0.390000	0.995270
0.390500	0.995250
0.391000	0.995220
0.391500	0.995200
0.392000	0.995170
0.392500	0.995150
0.393000	0.995130
0.393500	0.995110
0.394000	0.995090
0.394500	0.995080
0.395000	0.995060
0.395500	0.995050
0.396000	0.995030
0.396500	0.995020
0.397000	0.995000
0.397500	0.994990
0.398000	0.994970
0.398500	0.994960
0.399000	0.994940
0.399500	0.994920
0.400000	0.994890
0.400500	0.994860
0.401000	0.994840
0.401500	0.994810
0.402000	0.994770
0.402500	0.994740
0.403000	0.994700
0.403500	0.994670
0.404000	0.994630
0.404500	0.994590
0.405000	0.994540
0.405500	0.994500
0.406000	0.994450
0.406500	0.994410
0.407000	0.994370
0.407500	0.994330
0.408000	0.994290
0.408500	0.994250
0.409000	0.994210
0.409500	0.994170
0.410000	0.994120
0.410500	0.994080
0.411000	0.994040
0.411500	0.993990
0.412000	0.993950
0.412500	0.993910
0.413000	0.993880
0.413500	0.993850
0.414000	0.993820
0.414500	0.993800
0.415000	0.993780
0.415500	0.993760
0.416000	0.993740
0.416500	0.993720
0.417000	0.993700
0.417500	0.993680
0.418000	0.993670
0.418500	0.993660
0.419000	0.993650
0.419500	0.993640
0.420000	0.993630
0.420500	0.993620
0.421000	0.993610
0.421500	0.993600
0.422000	0.993590
0.422500	0.993580
0.423000	0.993570
0.423500	0.993560
0.424000	0.993560
0.424500	0.993550
0.425000	0.993540
0.425500	0.993530
0.426000	0.993520
0.426500	0.993510
0.427000	0.993500
0.427500	0.993490
0.428000	0.993470
0.428500	0.993460
0.429000	0.993450
0.429500	0.993450
0.430000	0.993440
0.430500	0.993440
0.431000	0.993430
0.431500	0.993430
0.432000	0.993430
0.432500	0.993420
0.433000	0.993420
0.433500	0.993410
0.434000	0.993410
0.434500	0.993400
0.435000	0.993390
0.435500	0.993380
0.436000	0.993370
0.436500	0.993360
0.437000	0.993350
0.437500	0.993340
0.438000	0.993340
0.438500	0.993330
0.439000	0.993320
0.439500	0.993310
0.440000	0.993270
0.440500	0.993220
0.441000	0.993160
0.441500	0.993100
0.442000	0.993030
0.442500	0.992950
0.443000	0.992880
0.443500	0.992830
0.444000	0.992770
0.444500	0.992730
0.445000	0.992690
0.445500	0.992670
0.446000	0.992650
0.446500	0.992640
0.447000	0.992630
0.447500	0.992620
0.448000	0.992620
0.448500	0.992630
0.449000	0.992630
0.449500	0.992610
0.450000	0.992590
0.450500	0.992560
0.451000	0.992520
0.451500	0.992480
0.452000	0.992440
0.452500	0.992390
0.453000	0.992350
0.453500	0.992320
0.454000	0.992280
0.454500	0.992250
0.455000	0.992220
0.455500	0.992190
0.456000	0.992160
0.456500	0.992120
0.457000	0.992090
0.457500	0.992060
0.458000	0.992030
0.458500	0.992020
0.459000	0.992010
0.459500	0.992010
0.460000	0.992020
0.460500	0.992030
0.461000	0.992040
0.461500	0.992040
0.462000	0.992050
0.462500	0.992060
0.463000	0.992060
0.463500	0.992070
0.464000	0.992070
0.464500	0.992060
0.465000	0.992040
0.465500	0.992010
0.466000	0.991980
0.466500	0.991950
0.467000	0.991920
0.467500	0.991890
0.468000	0.991860
0.468500	0.991830
0.469000	0.991800
0.469500	0.991770
0.470000	0.991740
0.470500	0.991710
0.471000	0.991680
0.471500	0.991640
0.472000	0.991620
0.472500	0.991610
0.473000	0.991610
0.473500	0.991610
0.474000	0.991620
0.474500	0.991640
0.475000	0.991660
0.475500	0.991670
0.476000	0.991680
0.476500	0.991690
0.477000	0.991690
0.477500	0.991700
0.478000	0.991710
0.478500	0.991720
0.479000	0.991730
0.479500	0.991740
0.480000	0.991750
0.480500	0.991770
0.481000	0.991800
0.481500	0.991830
0.482000	0.991850
0.482500	0.991860
0.483000	0.991880
0.483500	0.991890
0.484000	0.991900
0.484500	0.991900
0.485000	0.991910
0.485500	0.991910
0.486000	0.991920
0.486500	0.991930
0.487000	0.991950
0.487500	0.991970
0.488000	0.991990
0.488500	0.992000
0.489000	0.992000
0.489500	0.992000
0.490000	0.992030
0.490500	786.429993
0.491000	2888.899902
0.491500	5928.000000
0.492000	9523.599609
0.492500	13565.000000
0.493000	18407.000000
0.493500	24017.000000
