0.000000	-1.698200
0.000500	-1.544200
0.001000	-2.121000
0.001500	-0.945340
0.002000	-2.148100
0.002500	-0.842930
0.003000	-1.676100
0.003500	-0.487670
0.004000	-1.207100
0.004500	0.047733
0.005000	-1.011100
0.005500	0.815920
0.006000	0.223370
0.006500	0.574860
0.007000	0.834200
0.007500	1.382800
0.008000	0.757610
0.008500	0.529730
0.009000	0.876610
0.009500	2.015200
0.010000	1.119400
0.010500	2.747800
0.011000	2.298800
0.011500	2.807900
0.012000	2.704200
0.012500	1.218200
0.013000	1.828400
0.013500	1.635500
0.014000	0.030512
0.014500	0.650300
0.015000	1.420700
0.015500	1.315700
0.016000	0.833700
0.016500	0.967630
0.017000	1.260000
0.017500	1.014800
0.018000	1.352000
0.018500	2.129000
0.019000	1.511100
0.019500	1.032400
0.020000	1.895700
0.020500	1.955500
0.021000	1.910400
0.021500	1.808000
0.022000	2.376300
0.022500	2.107300
0.023000	1.542800
0.023500	1.356800
0.024000	1.268100
0.024500	-0.626760
0.025000	0.828820
0.025500	1.410900
0.026000	1.488000
0.026500	1.269800
0.027000	1.113100
0.027500	2.016500
0.028000	1.591700
0.028500	2.196100
0.029000	1.456600
0.029500	2.230300
0.030000	0.877030
0.030500	0.314630
0.031000	0.669120
0.031500	1.958300
0.032000	1.245700
0.032500	1.650000
0.033000	1.116800
0.033500	0.508940
0.034000	1.353500
0.034500	0.884440
0.035000	-0.037847
0.035500	-0.140400
0.036000	-1.253900
0.036500	-1.211600
0.037000	-1.819900
0.037500	-2.270700
0.038000	-2.019700
0.038500	-2.544700
0.039000	-1.875200
0.039500	-2.029000
0.040000	-2.820300
0.040500	-1.535100
0.041000	-4.331100
0.041500	-3.437700
0.042000	-3.926900
0.042500	-3.737300
0.043000	-4.045200
0.043500	-4.383500
0.044000	-5.311200
0.044500	-5.017300
0.045000	-5.274300
0.045500	-4.754700
0.046000	-5.492600
0.046500	-5.886500
0.047000	-6.129600
0.047500	-7.160300
0.048000	-7.277400
0.048500	-7.763900
0.049000	-8.040400
0.049500	-10.484000
0.050000	-8.651700
0.050500	-8.538300
0.051000	-9.706300
0.051500	-9.803900
0.052000	-8.381100
0.052500	-9.118100
0.053000	-9.370900
0.053500	-9.219100
0.054000	-8.788600
0.054500	-7.880300
0.055000	-8.924200
0.055500	-7.891400
0.056000	-7.950100
0.056500	-6.210500
0.057000	-5.811500
0.057500	-6.754800
0.058000	-6.353100
0.058500	-4.124100
0.059000	-4.013800
0.059500	-2.802900
0.060000	-2.852700
0.060500	-2.029200
0.061000	-2.583700
0.061500	-3.374300
0.062000	-3.045200
0.062500	-2.320600
0.063000	-1.423400
0.063500	1.122200
0.064000	5.164900
0.064500	6.681100
0.065000	8.367600
0.065500	9.561400
0.066000	6.011800
0.066500	2.107200
0.067000	-1.694600
0.067500	-0.391670
0.068000	-1.217500
0.068500	2.351700
0.069000	6.004100
0.069500	8.861800
0.070000	10.749000
0.070500	11.364000
0.071000	9.528800
0.071500	8.062200
0.072000	5.146200
0.072500	3.359200
0.073000	3.735300
0.073500	5.320100
0.074000	9.272800
0.074500	11.293000
0.075000	15.230000
0.075500	15.885000
0.076000	15.188000
0.076500	15.326000
0.077000	8.623300
0.077500	7.844900
0.078000	7.980500
0.078500	5.662300
0.079000	0.752100
0.079500	-2.514700
0.080000	-6.057000
0.080500	-6.792400
0.081000	-10.179000
0.081500	-10.210000
0.082000	-9.984000
0.082500	-6.441400
0.083000	-5.602400
0.083500	-6.235100
0.084000	-25.766001
0.084500	-59.926998
0.085000	-96.842003
0.085500	-128.610001
0.086000	-161.899994
0.086500	-177.509995
0.087000	-183.809998
0.087500	-189.089996
0.088000	-194.830002
0.088500	-196.720001
0.089000	-190.960007
0.089500	-187.979996
0.090000	-181.589996
0.090500	-172.710007
0.091000	-170.160004
0.091500	-174.460007
0.092000	-179.279999
0.092500	-185.300003
0.093000	-180.270004
0.093500	-171.470001
0.094000	-157.800003
0.094500	-141.729996
0.095000	-127.400002
0.095500	-117.629997
0.096000	-120.260002
0.096500	-129.539993
0.097000	-146.960007
0.097500	-170.399994
0.098000	-194.740005
0.098500	-215.520004
0.099000	-223.809998
0.099500	-225.300003
0.100000	-204.330002
0.100500	-169.429993
0.101000	-131.110001
0.101500	-96.509003
0.102000	-71.106003
0.102500	-59.320000
0.103000	-62.502998
0.103500	-78.422997
0.104000	-98.203003
0.104500	-111.709999
0.105000	-115.370003
0.105500	-110.820000
0.106000	-97.514000
0.106500	-84.627998
0.107000	-71.544998
0.107500	-62.395000
0.108000	-54.158001
0.108500	-42.292999
0.109000	-31.146999
0.109500	-13.000000
0.110000	9.778400
0.110500	27.245001
0.111000	43.907001
0.111500	57.202999
0.112000	73.990997
0.112500	95.915001
0.113000	128.250000
0.113500	170.429993
0.114000	206.880005
0.114500	224.210007
0.115000	229.300003
0.115500	224.559998
0.116000	212.660004
0.116500	205.580002
0.117000	193.570007
0.117500	186.990005
0.118000	188.860001
0.118500	197.449997
0.119000	211.309998
0.119500	222.860001
0.120000	231.509995
0.120500	234.139999
0.121000	230.149994
0.121500	215.800003
0.122000	195.800003
0.122500	170.529999
0.123000	145.009995
0.123500	125.750000
0.124000	114.419998
0.124500	115.430000
0.125000	130.190002
0.125500	148.059998
0.126000	167.690002
0.126500	183.350006
0.127000	192.869995
0.127500	194.130005
0.128000	188.779999
0.128500	178.809998
0.129000	172.449997
0.129500	169.660004
0.130000	166.649994
0.130500	163.529999
0.131000	161.139999
0.131500	161.070007
0.132000	163.490005
0.132500	165.800003
0.133000	171.020004
0.133500	177.339996
0.134000	187.440002
0.134500	196.020004
0.135000	206.529999
0.135500	213.350006
0.136000	218.649994
0.136500	215.570007
0.137000	210.440002
0.137500	200.589996
0.138000	189.630005
0.138500	174.070007
0.139000	161.500000
0.139500	151.059998
0.140000	143.220001
0.140500	148.729996
0.141000	155.910004
0.141500	165.949997
0.142000	182.820007
0.142500	194.009995
0.143000	202.520004
0.143500	207.250000
0.144000	212.850006
0.144500	217.820007
0.145000	223.570007
0.145500	232.440002
0.146000	231.020004
0.146500	225.949997
0.147000	215.000000
0.147500	197.190002
0.148000	182.970001
0.148500	165.399994
0.149000	160.300003
0.149500	156.160004
0.150000	160.479996
0.150500	165.699997
0.151000	174.149994
0.151500	181.970001
0.152000	181.000000
0.152500	177.350006
0.153000	168.679993
0.153500	155.520004
0.154000	137.589996
0.154500	123.029999
0.155000	108.459999
0.155500	92.067001
0.156000	76.619003
0.156500	63.109001
0.157000	45.926998
0.157500	27.400999
0.158000	18.639999
0.158500	9.561500
0.159000	-0.205630
0.159500	-9.356900
0.160000	-19.084000
0.160500	-35.785000
0.161000	-51.555000
0.161500	-65.776001
0.162000	-83.786003
0.162500	-102.910004
0.163000	-117.610001
0.163500	-129.529999
0.164000	-135.149994
0.164500	-135.740005
0.165000	-132.259995
0.165500	-126.099998
0.166000	-117.809998
0.166500	-113.570000
0.167000	-113.790001
0.167500	-117.730003
0.168000	-122.050003
0.168500	-124.550003
0.169000	-128.979996
0.169500	-127.639999
0.170000	-120.199997
0.170500	-113.180000
0.171000	-105.620003
0.171500	-93.780998
0.172000	-87.267998
0.172500	-79.374001
0.173000	-73.533997
0.173500	-70.014000
0.174000	-66.834999
0.174500	-63.933998
0.175000	-62.865002
0.175500	-62.272999
0.176000	-63.370998
0.176500	-61.860001
0.177000	-59.705002
0.177500	-58.770000
0.178000	-57.778000
0.178500	-54.912998
0.179000	-54.348999
0.179500	-54.348000
0.180000	-52.396000
0.180500	-49.425999
0.181000	-48.129002
0.181500	-44.667999
0.182000	-42.988998
0.182500	-40.727001
0.183000	-41.210999
0.183500	-40.865002
0.184000	-41.902000
0.184500	-38.599998
0.185000	-43.959000
0.185500	-38.723999
0.186000	-33.952000
0.186500	-30.108000
0.187000	-21.261999
0.187500	-15.004000
0.188000	-13.810000
0.188500	-7.627000
0.189000	-6.733200
0.189500	-11.771000
0.190000	-12.789000
0.190500	-12.722000
0.191000	-16.975000
0.191500	-15.629000
0.192000	-14.724000
0.192500	-16.701000
0.193000	-14.587000
0.193500	-14.069000
0.194000	-18.061001
0.194500	-19.395000
0.195000	-20.888000
0.195500	-26.343000
0.196000	-26.739000
0.196500	-27.457001
0.197000	-30.055000
0.197500	-27.240000
0.198000	-27.615999
0.198500	-28.216000
0.199000	-27.084000
0.199500	-24.135000
0.200000	-26.729000
0.200500	-26.493000
0.201000	-26.332001
0.201500	-27.853001
0.202000	-28.115999
0.202500	-27.466000
0.203000	-27.180000
0.203500	-26.417999
0.204000	-23.612000
0.204500	-23.063000
0.205000	-23.389000
0.205500	-21.872999
0.206000	-22.316000
0.206500	-21.101000
0.207000	-21.468000
0.207500	-21.966999
0.208000	-21.611000
0.208500	-22.504000
0.209000	-24.207001
0.209500	-23.694000
0.210000	-28.697001
0.210500	-29.472000
0.211000	-30.551001
0.211500	-34.235001
0.212000	-33.522999
0.212500	-32.551998
0.213000	-30.964001
0.213500	-30.063000
0.214000	-30.535999
0.214500	-28.874001
0.215000	-27.511000
0.215500	-25.584000
0.216000	-23.879999
0.216500	-22.354000
0.217000	-21.958000
0.217500	-19.375000
0.218000	-19.820000
0.218500	-19.239000
0.219000	-20.761000
0.219500	-20.113001
0.220000	-20.153999
0.220500	-19.750999
0.221000	-20.747000
0.221500	-20.486000
0.222000	-19.409000
0.222500	-19.441999
0.223000	-19.197001
0.223500	-19.525000
0.224000	-18.532000
0.224500	-19.275000
0.225000	-20.142000
0.225500	-21.302999
0.226000	-21.288000
0.226500	-21.236000
0.227000	-21.462999
0.227500	-22.826000
0.228000	-21.858000
0.228500	-21.393000
0.229000	-21.598000
0.229500	-19.268999
0.230000	-17.361000
0.230500	-15.941000
0.231000	-15.435000
0.231500	-12.614000
0.232000	-12.088000
0.232500	-12.844000
0.233000	-11.642000
0.233500	-14.030000
0.234000	-14.443000
0.234500	-16.084999
0.235000	-16.032000
0.235500	-16.138000
0.236000	-14.932000
0.236500	-13.211000
0.237000	-11.208000
0.237500	-9.572000
0.238000	-8.737100
0.238500	-7.087000
0.239000	-7.676700
0.239500	-5.703400
0.240000	-6.748300
0.240500	-6.919100
0.241000	-5.780700
0.241500	-5.851500
0.242000	-6.084800
0.242500	-5.978200
0.243000	-3.390600
0.243500	-1.188400
0.244000	0.838290
0.244500	2.967200
0.245000	5.260400
0.245500	6.648400
0.246000	8.380400
0.246500	9.796300
0.247000	11.903000
0.247500	13.840000
0.248000	14.849000
0.248500	17.405001
0.249000	19.540001
0.249500	23.641001
0.250000	22.648001
0.250500	25.833000
0.251000	26.899000
0.251500	28.799999
0.252000	31.171000
0.252500	31.989000
0.253000	32.782001
0.253500	34.240002
0.254000	35.566002
0.254500	36.860001
0.255000	37.160000
0.255500	38.007000
0.256000	38.862000
0.256500	40.636002
0.257000	40.333000
0.257500	39.458000
0.258000	40.145000
0.258500	37.937000
0.259000	37.125000
0.259500	36.966999
0.260000	35.200001
0.260500	36.431000
0.261000	37.195999
0.261500	37.087002
0.262000	40.485001
0.262500	41.095001
0.263000	41.771000
0.263500	41.609001
0.264000	40.757999
0.264500	37.889000
0.265000	37.932999
0.265500	38.159000
0.266000	37.127998
0.266500	36.551998
0.267000	35.754002
0.267500	35.480000
0.268000	33.619999
0.268500	31.525000
0.269000	29.184999
0.269500	27.186001
0.270000	22.958000
0.270500	19.980000
0.271000	17.538000
0.271500	16.237000
0.272000	15.384000
0.272500	13.922000
0.273000	13.503000
0.273500	11.661000
0.274000	9.344100
0.274500	10.109000
0.275000	9.682100
0.275500	8.197300
0.276000	7.817100
0.276500	8.825100
0.277000	7.486400
0.277500	5.752000
0.278000	2.131400
0.278500	1.438700
0.279000	0.304920
0.279500	-1.479800
0.280000	-3.021600
0.280500	-3.971600
0.281000	-5.345100
0.281500	-8.100900
0.282000	-11.346000
0.282500	-14.141000
0.283000	-16.332001
0.283500	-19.896999
0.284000	-21.747000
0.284500	-21.136999
0.285000	-23.252001
0.285500	-24.856001
0.286000	-26.209999
0.286500	-29.122000
0.287000	-30.629000
0.287500	-31.962999
0.288000	-33.648998
0.288500	-34.070999
0.289000	-37.220001
0.289500	-38.230999
0.290000	-41.422001
0.290500	-41.039001
0.291000	-42.699001
0.291500	-43.865002
0.292000	-44.646999
0.292500	-47.064999
0.293000	-48.451000
0.293500	-50.194000
0.294000	-50.949001
0.294500	-52.518002
0.295000	-53.341999
0.295500	-53.738998
0.296000	-52.331001
0.296500	-50.497002
0.297000	-50.271999
0.297500	-49.242001
0.298000	-46.776001
0.298500	-44.646000
