0.000000	-0.034907
0.000500	-0.034907
0.001000	-0.034907
0.001500	-0.034907
0.002000	-0.034907
0.002500	-0.034907
0.003000	-0.034907
0.003500	-0.034907
0.004000	-0.033392
0.004500	-0.028486
0.005000	-0.028902
0.005500	-0.035843
0.006000	-0.050509
0.006500	-0.072235
0.007000	-0.098542
0.007500	-0.127910
0.008000	-0.158830
0.008500	-0.196380
0.009000	-0.241220
0.009500	-0.285150
0.010000	-0.319980
0.010500	-0.332690
0.011000	-0.319720
0.011500	-0.299410
0.012000	-0.290600
0.012500	-0.302470
0.013000	-0.321200
0.013500	-0.341630
0.014000	-0.359020
0.014500	-0.373700
0.015000	-0.387520
0.015500	-0.389000
0.016000	-0.366340
0.016500	-0.309040
0.017000	-0.222680
0.017500	-0.123150
0.018000	-0.026493
0.018500	0.056115
0.019000	0.134890
0.019500	0.210370
0.020000	0.281320
0.020500	0.344400
0.021000	0.380160
0.021500	0.386250
0.022000	0.365280
0.022500	0.318220
0.023000	0.238780
0.023500	0.143990
0.024000	0.055737
0.024500	-0.005058
0.025000	-0.052009
0.025500	-0.094241
0.026000	-0.127630
0.026500	-0.148310
0.027000	-0.161570
0.027500	-0.171650
0.028000	-0.179300
0.028500	-0.185270
0.029000	-0.193780
0.029500	-0.201580
0.030000	-0.198160
0.030500	-0.173020
0.031000	-0.124600
0.031500	-0.063574
0.032000	0.002285
0.032500	0.065192
0.033000	0.124680
0.033500	0.186940
0.034000	0.242640
0.034500	0.281960
0.035000	0.293290
0.035500	0.275240
0.036000	0.240290
0.036500	0.201160
0.037000	0.166710
0.037500	0.129930
0.038000	0.093298
0.038500	0.060799
0.039000	0.035511
0.039500	0.015269
0.040000	-0.001999
0.040500	-0.018122
0.041000	-0.035335
0.041500	-0.055780
0.042000	-0.072236
0.042500	-0.075931
0.043000	-0.057416
0.043500	-0.009625
0.044000	0.054859
0.044500	0.120470
0.045000	0.173710
0.045500	0.222590
0.046000	0.269630
0.046500	0.313580
0.047000	0.352850
0.047500	0.376350
0.048000	0.381990
0.048500	0.373580
0.049000	0.354530
0.049500	0.317870
0.050000	0.268730
0.050500	0.219370
0.051000	0.182030
0.051500	0.158790
0.052000	0.145310
0.052500	0.144230
0.053000	0.158150
0.053500	0.202030
0.054000	0.273000
0.054500	0.346950
0.055000	0.399790
0.055500	0.423440
0.056000	0.439870
0.056500	0.449940
0.057000	0.453680
0.057500	0.446260
0.058000	0.425260
0.058500	0.404430
0.059000	0.397930
0.059500	0.416020
0.060000	0.447450
0.060500	0.483050
0.061000	0.514810
0.061500	0.537380
0.062000	0.557580
0.062500	0.577310
0.063000	0.597500
0.063500	0.619620
0.064000	0.647480
0.064500	0.677720
0.065000	0.705470
0.065500	0.724850
0.066000	0.725390
0.066500	0.710410
0.067000	0.686120
0.067500	0.658270
0.068000	0.618610
0.068500	0.570080
0.069000	0.523660
0.069500	0.490230
0.070000	0.472940
0.070500	0.469390
0.071000	0.478230
0.071500	0.498250
0.072000	0.532710
0.072500	0.582260
0.073000	0.645200
0.073500	0.719850
0.074000	0.817420
0.074500	0.936380
0.075000	1.055900
0.075500	1.155000
0.076000	1.230000
0.076500	1.289700
0.077000	1.332200
0.077500	1.355600
0.078000	1.352100
0.078500	1.321500
0.079000	1.287000
0.079500	1.272200
0.080000	1.286500
0.080500	1.309300
0.081000	1.337300
0.081500	1.367800
0.082000	1.399300
0.082500	1.437200
0.083000	1.487600
0.083500	1.556500
0.084000	1.662800
0.084500	1.853800
0.085000	2.113300
0.085500	2.418700
0.086000	2.747900
0.086500	3.090400
0.087000	3.444600
0.087500	3.809200
0.088000	4.183200
0.088500	4.570800
0.089000	4.974700
0.089500	5.396500
0.090000	5.842500
0.090500	6.352600
0.091000	6.930300
0.091500	7.568800
0.092000	8.261100
0.092500	9.001300
0.093000	9.782500
0.093500	10.597000
0.094000	11.435000
0.094500	12.276000
0.095000	13.137000
0.095500	14.055000
0.096000	15.065000
0.096500	16.150999
0.097000	17.261999
0.097500	18.379999
0.098000	19.486000
0.098500	20.573999
0.099000	21.656000
0.099500	22.730000
0.100000	23.799000
0.100500	24.854000
0.101000	25.834999
0.101500	26.667000
0.102000	27.277000
0.102500	27.673000
0.103000	28.002001
0.103500	28.290001
0.104000	28.556000
0.104500	28.806999
0.105000	29.017000
0.105500	29.233999
0.106000	29.516001
0.106500	29.899000
0.107000	30.316000
0.107500	30.747999
0.108000	31.184999
0.108500	31.618999
0.109000	32.063999
0.109500	32.513000
0.110000	32.952999
0.110500	33.358002
0.111000	33.594002
0.111500	33.671001
0.112000	33.637001
0.112500	33.539001
0.113000	33.417999
0.113500	33.285999
0.114000	33.141998
0.114500	32.991001
0.115000	32.852001
0.115500	32.709000
0.116000	32.526001
0.116500	32.269001
0.117000	31.906000
0.117500	31.455999
0.118000	30.957001
0.118500	30.448000
0.119000	29.945999
0.119500	29.443001
0.120000	28.936001
0.120500	28.423000
0.121000	27.900000
0.121500	27.370001
0.122000	26.830999
0.122500	26.283001
0.123000	25.723000
0.123500	25.141001
0.124000	24.534000
0.124500	23.900000
0.125000	23.236000
0.125500	22.542999
0.126000	21.841000
0.126500	21.146999
0.127000	20.475000
0.127500	19.813000
0.128000	19.159000
0.128500	18.511999
0.129000	17.875000
0.129500	17.268000
0.130000	16.690001
0.130500	16.135000
0.131000	15.599000
0.131500	15.106000
0.132000	14.660000
0.132500	14.260000
0.133000	13.905000
0.133500	13.592000
0.134000	13.319000
0.134500	13.080000
0.135000	12.869000
0.135500	12.672000
0.136000	12.502000
0.136500	12.379000
0.137000	12.324000
0.137500	12.309000
0.138000	12.312000
0.138500	12.328000
0.139000	12.353000
0.139500	12.395000
0.140000	12.452000
0.140500	12.505000
0.141000	12.533000
0.141500	12.524000
0.142000	12.475000
0.142500	12.383000
0.143000	12.246000
0.143500	12.076000
0.144000	11.903000
0.144500	11.730000
0.145000	11.558000
0.145500	11.387000
0.146000	11.218000
0.146500	11.049000
0.147000	10.879000
0.147500	10.694000
0.148000	10.452000
0.148500	10.195000
0.149000	9.973600
0.149500	9.839900
0.150000	9.811600
0.150500	9.833600
0.151000	9.846300
0.151500	9.801200
0.152000	9.746800
0.152500	9.663300
0.153000	9.506900
0.153500	9.241600
0.154000	8.914700
0.154500	8.552700
0.155000	8.167500
0.155500	7.771000
0.156000	7.369000
0.156500	6.964700
0.157000	6.562200
0.157500	6.165800
0.158000	5.772000
0.158500	5.383800
0.159000	5.008900
0.159500	4.655100
0.160000	4.329600
0.160500	4.028300
0.161000	3.742300
0.161500	3.462400
0.162000	3.187800
0.162500	2.919200
0.163000	2.650600
0.163500	2.375600
0.164000	2.089400
0.164500	1.791500
0.165000	1.482700
0.165500	1.163600
0.166000	0.830780
0.166500	0.479000
0.167000	0.112790
0.167500	-0.263080
0.168000	-0.653360
0.168500	-1.080100
0.169000	-1.515000
0.169500	-1.924900
0.170000	-2.286200
0.170500	-2.621400
0.171000	-2.939600
0.171500	-3.246200
0.172000	-3.547900
0.172500	-3.852500
0.173000	-4.147800
0.173500	-4.418200
0.174000	-4.651300
0.174500	-4.866800
0.175000	-5.076900
0.175500	-5.288100
0.176000	-5.506800
0.176500	-5.730700
0.177000	-5.955400
0.177500	-6.177100
0.178000	-6.392200
0.178500	-6.598900
0.179000	-6.800000
0.179500	-6.998900
0.180000	-7.197800
0.180500	-7.377400
0.181000	-7.548200
0.181500	-7.737300
0.182000	-7.971700
0.182500	-8.245200
0.183000	-8.529600
0.183500	-8.818900
0.184000	-9.107100
0.184500	-9.392900
0.185000	-9.678800
0.185500	-9.964800
0.186000	-10.251000
0.186500	-10.541000
0.187000	-10.839000
0.187500	-11.138000
0.188000	-11.431000
0.188500	-11.695000
0.189000	-11.900000
0.189500	-12.056000
0.190000	-12.170000
0.190500	-12.254000
0.191000	-12.332000
0.191500	-12.409000
0.192000	-12.489000
0.192500	-12.573000
0.193000	-12.659000
0.193500	-12.745000
0.194000	-12.830000
0.194500	-12.914000
0.195000	-12.994000
0.195500	-13.073000
0.196000	-13.153000
0.196500	-13.238000
0.197000	-13.331000
0.197500	-13.431000
0.198000	-13.534000
0.198500	-13.640000
0.199000	-13.749000
0.199500	-13.861000
0.200000	-13.974000
0.200500	-14.088000
0.201000	-14.211000
0.201500	-14.343000
0.202000	-14.472000
0.202500	-14.590000
0.203000	-14.672000
0.203500	-14.715000
0.204000	-14.727000
0.204500	-14.714000
0.205000	-14.687000
0.205500	-14.646000
0.206000	-14.582000
0.206500	-14.489000
0.207000	-14.379000
0.207500	-14.267000
0.208000	-14.155000
0.208500	-14.041000
0.209000	-13.925000
0.209500	-13.809000
0.210000	-13.692000
0.210500	-13.577000
0.211000	-13.474000
0.211500	-13.394000
0.212000	-13.319000
0.212500	-13.231000
0.213000	-13.116000
0.213500	-12.988000
0.214000	-12.855000
0.214500	-12.726000
0.215000	-12.603000
0.215500	-12.483000
0.216000	-12.366000
0.216500	-12.254000
0.217000	-12.150000
0.217500	-12.059000
0.218000	-11.981000
0.218500	-11.915000
0.219000	-11.859000
0.219500	-11.811000
0.220000	-11.766000
0.220500	-11.717000
0.221000	-11.661000
0.221500	-11.603000
0.222000	-11.544000
0.222500	-11.485000
0.223000	-11.427000
0.223500	-11.370000
0.224000	-11.313000
0.224500	-11.258000
0.225000	-11.206000
0.225500	-11.170000
0.226000	-11.152000
0.226500	-11.141000
0.227000	-11.129000
0.227500	-11.130000
0.228000	-11.145000
0.228500	-11.151000
0.229000	-11.125000
0.229500	-11.060000
0.230000	-10.972000
0.230500	-10.871000
0.231000	-10.769000
0.231500	-10.664000
0.232000	-10.546000
0.232500	-10.433000
0.233000	-10.344000
0.233500	-10.294000
0.234000	-10.275000
0.234500	-10.268000
0.235000	-10.253000
0.235500	-10.221000
0.236000	-10.189000
0.236500	-10.154000
0.237000	-10.114000
0.237500	-10.067000
0.238000	-10.013000
0.238500	-9.948400
0.239000	-9.870700
0.239500	-9.779800
0.240000	-9.687200
0.240500	-9.594400
0.241000	-9.501500
0.241500	-9.408300
0.242000	-9.315000
0.242500	-9.221600
0.243000	-9.128300
0.243500	-9.036100
0.244000	-8.951600
0.244500	-8.872000
0.245000	-8.792200
0.245500	-8.707000
0.246000	-8.605900
0.246500	-8.494300
0.247000	-8.384300
0.247500	-8.287800
0.248000	-8.205600
0.248500	-8.136900
0.249000	-8.083600
0.249500	-8.047600
0.250000	-8.024100
0.250500	-8.006000
0.251000	-7.987900
0.251500	-7.964300
0.252000	-7.932400
0.252500	-7.896500
0.253000	-7.861700
0.253500	-7.833000
0.254000	-7.815500
0.254500	-7.808500
0.255000	-7.808500
0.255500	-7.812100
0.256000	-7.822700
0.256500	-7.846800
0.257000	-7.873800
0.257500	-7.892300
0.258000	-7.893800
0.258500	-7.877900
0.259000	-7.844200
0.259500	-7.791900
0.260000	-7.716900
0.260500	-7.614400
0.261000	-7.503900
0.261500	-7.406900
0.262000	-7.338200
0.262500	-7.279800
0.263000	-7.222600
0.263500	-7.159800
0.264000	-7.087500
0.264500	-7.013600
0.265000	-6.938900
0.265500	-6.863300
0.266000	-6.786200
0.266500	-6.706600
0.267000	-6.626000
0.267500	-6.546400
0.268000	-6.470400
0.268500	-6.403700
0.269000	-6.342500
0.269500	-6.281200
0.270000	-6.214200
0.270500	-6.139900
0.271000	-6.059600
0.271500	-5.973800
0.272000	-5.882400
0.272500	-5.767700
0.273000	-5.637800
0.273500	-5.514600
0.274000	-5.418900
0.274500	-5.338100
0.275000	-5.260200
0.275500	-5.184900
0.276000	-5.111900
0.276500	-5.040700
0.277000	-4.970500
0.277500	-4.900200
0.278000	-4.828700
0.278500	-4.752000
0.279000	-4.669700
0.279500	-4.586400
0.280000	-4.506600
0.280500	-4.443600
0.281000	-4.404300
0.281500	-4.366100
0.282000	-4.305500
0.282500	-4.216400
0.283000	-4.124300
0.283500	-4.031700
0.284000	-3.939800
0.284500	-3.849700
0.285000	-3.759900
0.285500	-3.670200
0.286000	-3.580300
0.286500	-3.489300
0.287000	-3.394500
0.287500	-3.298300
0.288000	-3.203500
0.288500	-3.115100
0.289000	-3.043200
0.289500	-2.986900
0.290000	-2.944400
0.290500	-2.914200
0.291000	-2.897400
0.291500	-2.890600
0.292000	-2.889600
0.292500	-2.892300
0.293000	-2.914000
0.293500	-2.944300
0.294000	-2.966600
0.294500	-2.963900
0.295000	-2.922100
0.295500	-2.845100
0.296000	-2.741100
0.296500	-2.618200
0.297000	-2.479300
0.297500	-2.332300
0.298000	-2.188000
0.298500	-2.056800
0.299000	-1.933700
0.299500	-1.815900
0.300000	-1.707500
0.300500	-1.612300
0.301000	-1.531000
0.301500	-1.462000
0.302000	-1.406500
0.302500	-1.365000
0.303000	-1.332200
0.303500	-1.300900
0.304000	-1.269900
0.304500	-1.237900
0.305000	-1.203400
0.305500	-1.166400
0.306000	-1.129200
0.306500	-1.094500
0.307000	-1.074100
0.307500	-1.082200
0.308000	-1.108100
0.308500	-1.140400
0.309000	-1.185900
0.309500	-1.261100
0.310000	-1.337800
0.310500	-1.386600
0.311000	-1.387800
0.311500	-1.366300
0.312000	-1.331100
0.312500	-1.287800
0.313000	-1.239300
0.313500	-1.182500
0.314000	-1.123900
0.314500	-1.071000
0.315000	-1.033400
0.315500	-1.023400
0.316000	-1.024400
0.316500	-1.014300
0.317000	-0.974890
0.317500	-0.926930
0.318000	-0.877720
0.318500	-0.827290
0.319000	-0.775740
0.319500	-0.724100
0.320000	-0.672230
0.320500	-0.619680
0.321000	-0.565950
0.321500	-0.509270
0.322000	-0.449760
0.322500	-0.388540
0.323000	-0.326620
0.323500	-0.261970
0.324000	-0.194090
0.324500	-0.123940
0.325000	-0.052490
0.325500	0.021740
0.326000	0.102810
0.326500	0.193560
0.327000	0.296880
0.327500	0.413120
0.328000	0.538320
0.328500	0.668880
0.329000	0.801130
0.329500	0.936920
0.330000	1.077700
0.330500	1.219200
0.331000	1.357400
0.331500	1.488100
0.332000	1.604100
0.332500	1.695000
0.333000	1.750200
0.333500	1.766400
0.334000	1.761200
0.334500	1.748200
0.335000	1.741000
0.335500	1.747500
0.336000	1.755000
0.336500	1.767400
0.337000	1.790400
0.337500	1.829600
0.338000	1.885600
0.338500	1.955200
0.339000	2.035000
0.339500	2.121200
0.340000	2.210000
0.340500	2.300900
0.341000	2.393300
0.341500	2.488600
0.342000	2.590200
0.342500	2.694600
0.343000	2.796800
0.343500	2.892100
0.344000	2.971100
0.344500	3.026700
0.345000	3.052500
0.345500	3.042500
0.346000	3.012900
0.346500	2.974600
0.347000	2.929600
0.347500	2.879700
0.348000	2.825300
0.348500	2.769400
0.349000	2.716100
0.349500	2.669400
0.350000	2.629400
0.350500	2.592700
0.351000	2.556000
0.351500	2.516500
0.352000	2.469400
0.352500	2.417500
0.353000	2.368200
0.353500	2.329000
0.354000	2.298800
0.354500	2.270900
0.355000	2.244200
0.355500	2.217900
0.356000	2.191600
0.356500	2.165800
0.357000	2.140300
0.357500	2.115100
0.358000	2.091600
0.358500	2.072800
0.359000	2.059700
0.359500	2.053200
0.360000	2.054600
0.360500	2.065000
0.361000	2.083400
0.361500	2.108900
0.362000	2.139600
0.362500	2.170900
0.363000	2.202600
0.363500	2.234500
0.364000	2.267200
0.364500	2.300900
0.365000	2.334400
0.365500	2.366200
0.366000	2.395000
0.366500	2.421200
0.367000	2.446000
0.367500	2.470400
0.368000	2.495500
0.368500	2.520700
0.369000	2.545300
0.369500	2.569400
0.370000	2.590500
0.370500	2.591000
0.371000	2.572200
0.371500	2.540300
0.372000	2.501400
0.372500	2.453400
0.373000	2.399900
0.373500	2.348800
0.374000	2.308000
0.374500	2.273200
0.375000	2.240700
0.375500	2.211000
0.376000	2.184600
0.376500	2.161200
0.377000	2.140600
0.377500	2.122400
0.378000	2.106400
0.378500	2.097800
0.379000	2.097000
0.379500	2.096800
0.380000	2.090100
0.380500	2.073600
0.381000	2.048700
0.381500	2.015400
0.382000	1.973200
0.382500	1.921700
0.383000	1.861600
0.383500	1.795300
0.384000	1.725300
0.384500	1.646200
0.385000	1.552600
0.385500	1.460300
0.386000	1.386000
0.386500	1.337100
0.387000	1.300700
0.387500	1.272300
0.388000	1.247800
0.388500	1.224000
0.389000	1.202300
0.389500	1.183400
0.390000	1.167400
0.390500	1.162100
0.391000	1.186400
0.391500	1.217100
0.392000	1.226700
0.392500	1.197200
0.393000	1.153700
0.393500	1.103300
0.394000	1.049600
0.394500	0.994850
0.395000	0.931900
0.395500	0.866380
0.396000	0.807360
0.396500	0.764950
0.397000	0.752590
0.397500	0.766860
0.398000	0.801060
0.398500	0.848340
0.399000	0.899160
0.399500	0.950280
0.400000	1.001200
0.400500	1.051600
0.401000	1.101400
0.401500	1.151200
0.402000	1.201000
0.402500	1.251300
0.403000	1.308200
0.403500	1.371000
0.404000	1.434400
0.404500	1.493400
0.405000	1.542600
0.405500	1.578900
0.406000	1.600800
0.406500	1.606800
0.407000	1.591200
0.407500	1.558500
0.408000	1.522800
0.408500	1.498200
0.409000	1.491300
0.409500	1.491100
0.410000	1.492400
0.410500	1.490000
0.411000	1.481000
0.411500	1.465000
0.412000	1.438500
0.412500	1.397600
0.413000	1.328200
0.413500	1.221100
0.414000	1.102500
0.414500	0.999450
0.415000	0.928270
0.415500	0.862420
0.416000	0.801130
0.416500	0.747690
0.417000	0.703230
0.417500	0.660340
0.418000	0.617660
0.418500	0.574660
0.419000	0.530400
0.419500	0.483870
0.420000	0.437410
0.420500	0.393630
0.421000	0.355750
0.421500	0.329540
0.422000	0.311320
0.422500	0.295520
0.423000	0.276980
0.423500	0.256700
0.424000	0.237500
0.424500	0.221710
0.425000	0.211860
0.425500	0.214800
0.426000	0.228380
0.426500	0.246350
0.427000	0.262830
0.427500	0.283620
0.428000	0.308220
0.428500	0.330240
0.429000	0.342500
0.429500	0.319320
0.430000	0.269020
0.430500	0.216120
0.431000	0.185180
0.431500	0.174180
0.432000	0.167620
0.432500	0.169810
0.433000	0.185070
0.433500	0.210050
0.434000	0.237320
0.434500	0.265150
0.435000	0.291800
0.435500	0.315810
0.436000	0.337470
0.436500	0.357770
0.437000	0.377690
0.437500	0.365280
0.438000	0.290970
0.438500	0.222280
0.439000	0.229270
0.439500	0.369470
0.440000	0.616780
0.440500	0.911010
0.441000	1.191900
0.441500	1.427500
0.442000	1.675300
0.442500	1.890900
0.443000	2.017500
0.443500	2.007600
0.444000	1.885200
0.444500	1.695700
0.445000	1.483200
0.445500	1.280000
0.446000	1.067300
0.446500	0.850440
0.447000	0.639520
0.447500	0.443940
0.448000	0.274000
0.448500	0.151300
0.449000	0.099221
0.449500	0.144930
0.450000	0.314750
0.450500	0.548640
0.451000	0.772180
0.451500	0.922720
0.452000	1.052300
0.452500	1.164600
0.453000	1.239800
0.453500	1.258000
0.454000	1.196500
0.454500	1.087300
0.455000	0.979160
0.455500	0.920750
0.456000	0.936830
0.456500	0.982150
0.457000	0.999480
0.457500	0.931590
0.458000	0.798970
0.458500	0.661680
0.459000	0.521820
0.459500	0.381460
0.460000	0.238880
0.460500	0.093592
0.461000	-0.050432
0.461500	-0.189240
0.462000	-0.276050
0.462500	-0.281240
0.463000	-0.226620
0.463500	-0.134020
0.464000	-0.022196
0.464500	0.100300
0.465000	0.224790
0.465500	0.342460
0.466000	0.457630
0.466500	0.579860
0.467000	0.685040
0.467500	0.748170
0.468000	0.764040
0.468500	0.765810
0.469000	0.761490
0.469500	0.758060
0.470000	0.762270
0.470500	0.773660
0.471000	0.784670
0.471500	0.787430
0.472000	0.749960
0.472500	0.597450
0.473000	0.384760
0.473500	0.179470
0.474000	0.026609
0.474500	-0.120430
0.475000	-0.252790
0.475500	-0.352930
0.476000	-0.399500
0.476500	-0.362380
0.477000	-0.280640
0.477500	-0.206080
0.478000	-0.183440
0.478500	-0.182320
0.479000	-0.190060
0.479500	-0.206780
0.480000	-0.234520
0.480500	-0.321940
0.481000	-0.445810
0.481500	-0.545910
0.482000	-0.562880
0.482500	-0.490280
0.483000	-0.373200
0.483500	-0.253420
0.484000	-0.171390
0.484500	-0.115500
0.485000	-0.070365
0.485500	-0.037548
0.486000	-0.018611
0.486500	-0.049911
0.487000	-0.142300
0.487500	-0.259110
0.488000	-0.363700
0.488500	-0.394110
0.489000	-0.320730
0.489500	-0.155460
0.490000	0.089827
0.490500	785.760010
0.491000	2888.399902
0.491500	5927.600098
0.492000	9523.500000
0.492500	13565.000000
0.493000	18407.000000
0.493500	24017.000000
