0.000000	-0.000133
0.000500	-0.000156
0.001000	-0.000345
0.001500	-0.000940
0.002000	-0.001200
0.002500	-0.001384
0.003000	-0.001377
0.003500	-0.001500
0.004000	-0.001985
0.004500	-0.002212
0.005000	-0.002450
0.005500	-0.003102
0.006000	-0.003636
0.006500	-0.004052
0.007000	-0.004674
0.007500	-0.004996
0.008000	-0.005350
0.008500	-0.005820
0.009000	-0.006268
0.009500	-0.006608
0.010000	-0.006998
0.010500	-0.007721
0.011000	-0.008817
0.011500	-0.009854
0.012000	-0.010602
0.012500	-0.011326
0.013000	-0.012221
0.013500	-0.013431
0.014000	-0.014259
0.014500	-0.015189
0.015000	-0.016415
0.015500	-0.017054
0.016000	-0.017421
0.016500	-0.017973
0.017000	-0.018438
0.017500	-0.018911
0.018000	-0.019718
0.018500	-0.020579
0.019000	-0.021478
0.019500	-0.022021
0.020000	-0.022048
0.020500	-0.021884
0.021000	-0.021459
0.021500	-0.021039
0.022000	-0.020740
0.022500	-0.020336
0.023000	-0.019888
0.023500	-0.019607
0.024000	-0.019286
0.024500	-0.019021
0.025000	-0.018870
0.025500	-0.018942
0.026000	-0.019367
0.026500	-0.019547
0.027000	-0.019803
0.027500	-0.020242
0.028000	-0.020955
0.028500	-0.022042
0.029000	-0.023215
0.029500	-0.024182
0.030000	-0.025016
0.030500	-0.025637
0.031000	-0.025957
0.031500	-0.026477
0.032000	-0.027040
0.032500	-0.027861
0.033000	-0.028989
0.033500	-0.030085
0.034000	-0.030774
0.034500	-0.031242
0.035000	-0.031929
0.035500	-0.032872
0.036000	-0.033997
0.036500	-0.034760
0.037000	-0.035312
0.037500	-0.035610
0.038000	-0.035707
0.038500	-0.035958
0.039000	-0.036246
0.039500	-0.036542
0.040000	-0.037177
0.040500	-0.037903
0.041000	-0.038140
0.041500	-0.038122
0.042000	-0.038372
0.042500	-0.038965
0.043000	-0.039043
0.043500	-0.038898
0.044000	-0.038945
0.044500	-0.038895
0.045000	-0.038917
0.045500	-0.038703
0.046000	-0.038244
0.046500	-0.038238
0.047000	-0.038656
0.047500	-0.039049
0.048000	-0.039228
0.048500	-0.039273
0.049000	-0.039474
0.049500	-0.039451
0.050000	-0.039508
0.050500	-0.039804
0.051000	-0.039825
0.051500	-0.039920
0.052000	-0.040671
0.052500	-0.041869
0.053000	-0.043380
0.053500	-0.045503
0.054000	-0.048488
0.054500	-0.052643
0.055000	-0.057998
0.055500	-0.064942
0.056000	-0.073586
0.056500	-0.083996
0.057000	-0.096538
0.057500	-0.111190
0.058000	-0.128308
0.058500	-0.147723
0.059000	-0.168997
0.059500	-0.191866
0.060000	-0.215861
0.060500	-0.241064
0.061000	-0.267618
0.061500	-0.295540
0.062000	-0.324122
0.062500	-0.353106
0.063000	-0.383330
0.063500	-0.414615
0.064000	-0.447575
0.064500	-0.483495
0.065000	-0.522232
0.065500	-0.563898
0.066000	-0.607994
0.066500	-0.654247
0.067000	-0.702446
0.067500	-0.751049
0.068000	-0.800005
0.068500	-0.848897
0.069000	-0.897258
0.069500	-0.945554
0.070000	-0.993673
0.070500	-1.042050
0.071000	-1.091731
0.071500	-1.142715
0.072000	-1.195260
0.072500	-1.249318
0.073000	-1.304486
0.073500	-1.361087
0.074000	-1.417703
0.074500	-1.473161
0.075000	-1.527863
0.075500	-1.582790
0.076000	-1.638473
0.076500	-1.695766
0.077000	-1.756438
0.077500	-1.821295
0.078000	-1.890979
0.078500	-1.966136
0.079000	-2.047246
0.079500	-2.133829
0.080000	-2.224113
0.080500	-2.315363
0.081000	-2.404521
0.081500	-2.486436
0.082000	-2.556926
0.082500	-2.611644
0.083000	-2.646566
0.083500	-2.659441
0.084000	-2.649141
0.084500	-2.616954
0.085000	-2.563846
0.085500	-2.491908
0.086000	-2.404682
0.086500	-2.305224
0.087000	-2.198364
0.087500	-2.089894
0.088000	-1.986735
0.088500	-1.896612
0.089000	-1.826605
0.089500	-1.782027
0.090000	-1.765933
0.090500	-1.778003
0.091000	-1.813248
0.091500	-1.862816
0.092000	-1.916729
0.092500	-1.964365
0.093000	-1.993816
0.093500	-1.994460
0.094000	-1.959376
0.094500	-1.883093
0.095000	-1.761427
0.095500	-1.591818
0.096000	-1.370759
0.096500	-1.095368
0.097000	-0.764052
0.097500	-0.376715
0.098000	0.062473
0.098500	0.543701
0.099000	1.050998
0.099500	1.563574
0.100000	2.056903
0.100500	2.505427
0.101000	2.886198
0.101500	3.180868
0.102000	3.378496
0.102500	3.476827
0.103000	3.480528
0.103500	3.397647
0.104000	3.237195
0.104500	3.008025
0.105000	2.718504
0.105500	2.378449
0.106000	1.998322
0.106500	1.588680
0.107000	1.160949
0.107500	0.726313
0.108000	0.295926
0.108500	-0.119957
0.109000	-0.513139
0.109500	-0.877463
0.110000	-1.208843
0.110500	-1.505445
0.111000	-1.766738
0.111500	-1.992851
0.112000	-2.184523
0.112500	-2.343688
0.113000	-2.471952
0.113500	-2.571732
0.114000	-2.645279
0.114500	-2.694525
0.115000	-2.720918
0.115500	-2.725585
0.116000	-2.709652
0.116500	-2.675374
0.117000	-2.625806
0.117500	-2.563846
0.118000	-2.492713
0.118500	-2.416591
0.119000	-2.338377
0.119500	-2.261289
0.120000	-2.188225
0.120500	-2.121920
0.121000	-2.064306
0.121500	-2.016669
0.122000	-1.978849
0.122500	-1.950203
0.123000	-1.929121
0.123500	-1.914154
0.124000	-1.902888
0.124500	-1.892588
0.125000	-1.882128
0.125500	-1.870380
0.126000	-1.856217
0.126500	-1.839158
0.127000	-1.819202
0.127500	-1.796350
0.128000	-1.771405
0.128500	-1.745494
0.129000	-1.720228
0.129500	-1.697214
0.130000	-1.677419
0.130500	-1.662613
0.131000	-1.652957
0.131500	-1.648773
0.132000	-1.649417
0.132500	-1.653762
0.133000	-1.660682
0.133500	-1.668085
0.134000	-1.673879
0.134500	-1.676937
0.135000	-1.675971
0.135500	-1.669533
0.136000	-1.656498
0.136500	-1.636703
0.137000	-1.609505
0.137500	-1.574920
0.138000	-1.533641
0.138500	-1.487388
0.139000	-1.436871
0.139500	-1.382941
0.140000	-1.326759
0.140500	-1.269676
0.141000	-1.213268
0.141500	-1.159001
0.142000	-1.109047
0.142500	-1.065434
0.143000	-1.028451
0.143500	-0.998035
0.144000	-0.974072
0.144500	-0.956401
0.145000	-0.945039
0.145500	-0.939310
0.146000	-0.938650
0.146500	-0.942834
0.147000	-0.951509
0.147500	-0.964834
0.148000	-0.983470
0.148500	-1.007771
0.149000	-1.038107
0.149500	-1.074913
0.150000	-1.117577
0.150500	-1.165390
0.151000	-1.218338
0.151500	-1.274955
0.152000	-1.333374
0.152500	-1.392453
0.153000	-1.449987
0.153500	-1.503514
0.154000	-1.551601
0.154500	-1.593058
0.155000	-1.626564
0.155500	-1.651187
0.156000	-1.666315
0.156500	-1.672109
0.157000	-1.668890
0.157500	-1.657946
0.158000	-1.639922
0.158500	-1.615138
0.159000	-1.583933
0.159500	-1.546097
0.160000	-1.501035
0.160500	-1.447991
0.161000	-1.385935
0.161500	-1.314593
0.162000	-1.233916
0.162500	-1.144469
0.163000	-1.047442
0.163500	-0.944089
0.164000	-0.835974
0.164500	-0.725138
0.165000	-0.613546
0.165500	-0.503049
0.166000	-0.395496
0.166500	-0.292289
0.167000	-0.194763
0.167500	-0.103886
0.168000	-0.020316
0.168500	0.055226
0.169000	0.122890
0.169500	0.183176
0.170000	0.237346
0.170500	0.286270
0.171000	0.330591
0.171500	0.371742
0.172000	0.410608
0.172500	0.448251
0.173000	0.486183
0.173500	0.525225
0.174000	0.566393
0.174500	0.610215
0.175000	0.656387
0.175500	0.705021
0.176000	0.756182
0.176500	0.809613
0.177000	0.865119
0.177500	0.922428
0.178000	0.980364
0.178500	1.038767
0.179000	1.097074
0.179500	1.154141
0.180000	1.209873
0.180500	1.263914
0.181000	1.315912
0.181500	1.365078
0.182000	1.411523
0.182500	1.455201
0.183000	1.495402
0.183500	1.532305
0.184000	1.566037
0.184500	1.596566
0.185000	1.623506
0.185500	1.646520
0.186000	1.665027
0.186500	1.678707
0.187000	1.687558
0.187500	1.691903
0.188000	1.691581
0.188500	1.687236
0.189000	1.679190
0.189500	1.668085
0.190000	1.654084
0.190500	1.637508
0.191000	1.618839
0.191500	1.598497
0.192000	1.575998
0.192500	1.551681
0.193000	1.525867
0.193500	1.498686
0.194000	1.469766
0.194500	1.439558
0.195000	1.408627
0.195500	1.377309
0.196000	1.345975
0.196500	1.314673
0.197000	1.283822
0.197500	1.254049
0.198000	1.225612
0.198500	1.198784
0.199000	1.174596
0.199500	1.153578
0.200000	1.135988
0.200500	1.122131
0.201000	1.112218
0.201500	1.106070
0.202000	1.103736
0.202500	1.105201
0.203000	1.109997
0.203500	1.118140
0.204000	1.129486
0.204500	1.143616
0.205000	1.160611
0.205500	1.180615
0.206000	1.203934
0.206500	1.231325
0.207000	1.261983
0.207500	1.295667
0.208000	1.333164
0.208500	1.374171
0.209000	1.417993
0.209500	1.464229
0.210000	1.512542
0.210500	1.561788
0.211000	1.610953
0.211500	1.659556
0.212000	1.707031
0.212500	1.753541
0.213000	1.799247
0.213500	1.845113
0.214000	1.891140
0.214500	1.938294
0.215000	1.987218
0.215500	2.037751
0.216000	2.090055
0.216500	2.143807
0.217000	2.199008
0.217500	2.255496
0.218000	2.312145
0.218500	2.368793
0.219000	2.425764
0.219500	2.481448
0.220000	2.534717
0.220500	2.583963
0.221000	2.627254
0.221500	2.663786
0.222000	2.692593
0.222500	2.713193
0.223000	2.725424
0.223500	2.728804
0.224000	2.723654
0.224500	2.710457
0.225000	2.690018
0.225500	2.663786
0.226000	2.633531
0.226500	2.600539
0.227000	2.565777
0.227500	2.529245
0.228000	2.491103
0.228500	2.451674
0.229000	2.410154
0.229500	2.366701
0.230000	2.321479
0.230500	2.274647
0.231000	2.225884
0.231500	2.176316
0.232000	2.126104
0.232500	2.076215
0.233000	2.027773
0.233500	1.981585
0.234000	1.938455
0.234500	1.898865
0.235000	1.863459
0.235500	1.832560
0.236000	1.806810
0.236500	1.787176
0.237000	1.773980
0.237500	1.766738
0.238000	1.765611
0.238500	1.770761
0.239000	1.781544
0.239500	1.797798
0.240000	1.819685
0.240500	1.846239
0.241000	1.877139
0.241500	1.911418
0.242000	1.948433
0.242500	1.988023
0.243000	2.029222
0.243500	2.070582
0.244000	2.110816
0.244500	2.149118
0.245000	2.184523
0.245500	2.216067
0.246000	2.243104
0.246500	2.265152
0.247000	2.281567
0.247500	2.292189
0.248000	2.297500
0.248500	2.297661
0.249000	2.293476
0.249500	2.284947
0.250000	2.272716
0.250500	2.258232
0.251000	2.241977
0.251500	2.224596
0.252000	2.206411
0.252500	2.187903
0.253000	2.168269
0.253500	2.147991
0.254000	2.127231
0.254500	2.105988
0.255000	2.084100
0.255500	2.060765
0.256000	2.036303
0.256500	2.011197
0.257000	1.986091
0.257500	1.960825
0.258000	1.935880
0.258500	1.911579
0.259000	1.887599
0.259500	1.863781
0.260000	1.840768
0.260500	1.817754
0.261000	1.794901
0.261500	1.772049
0.262000	1.749357
0.262500	1.726504
0.263000	1.703812
0.263500	1.681603
0.264000	1.659877
0.264500	1.639117
0.265000	1.619161
0.265500	1.600203
0.266000	1.582516
0.266500	1.566214
0.267000	1.550893
0.267500	1.536280
0.268000	1.523276
0.268500	1.511303
0.269000	1.500214
0.269500	1.490301
0.270000	1.480773
0.270500	1.471552
0.271000	1.462411
0.271500	1.453028
0.272000	1.443775
0.272500	1.434618
0.273000	1.425605
0.273500	1.416915
0.274000	1.408884
0.274500	1.401385
0.275000	1.394915
0.275500	1.390264
0.276000	1.387174
0.276500	1.386096
0.277000	1.387029
0.277500	1.389765
0.278000	1.394062
0.278500	1.399035
0.279000	1.404829
0.279500	1.411363
0.280000	1.417977
0.280500	1.424479
0.281000	1.431318
0.281500	1.438577
0.282000	1.446237
0.282500	1.454203
0.283000	1.462491
0.283500	1.471037
0.284000	1.480291
0.284500	1.490574
0.285000	1.501325
0.285500	1.512928
0.286000	1.525417
0.286500	1.538308
0.287000	1.551536
0.287500	1.564620
0.288000	1.577141
0.288500	1.589243
0.289000	1.600831
0.289500	1.611275
0.290000	1.620770
0.290500	1.629300
0.291000	1.636381
0.291500	1.642496
0.292000	1.647324
0.292500	1.650704
0.293000	1.652153
0.293500	1.652475
0.294000	1.651670
0.294500	1.649739
0.295000	1.647485
0.295500	1.645071
0.296000	1.642657
0.296500	1.641692
0.297000	1.642496
0.297500	1.644589
0.298000	1.647807
0.298500	1.651670
