0.000000	0.007620
0.000500	0.007189
0.001000	0.006451
0.001500	0.005747
0.002000	0.005350
0.002500	0.004885
0.003000	0.004385
0.003500	0.003544
0.004000	0.002704
0.004500	0.002068
0.005000	0.000885
0.005500	-0.000297
0.006000	-0.001241
0.006500	-0.002013
0.007000	-0.002615
0.007500	-0.003217
0.008000	-0.003818
0.008500	-0.004659
0.009000	-0.005364
0.009500	-0.005829
0.010000	-0.006328
0.010500	-0.006827
0.011000	-0.007327
0.011500	-0.007826
0.012000	-0.008121
0.012500	-0.008415
0.013000	-0.009119
0.013500	-0.009789
0.014000	-0.010528
0.014500	-0.011505
0.015000	-0.012210
0.015500	-0.012675
0.016000	-0.013208
0.016500	-0.014049
0.017000	-0.015334
0.017500	-0.016687
0.018000	-0.018041
0.018500	-0.019599
0.019000	-0.021226
0.019500	-0.022851
0.020000	-0.024409
0.020500	-0.026070
0.021000	-0.027798
0.021500	-0.029903
0.022000	-0.032486
0.022500	-0.035137
0.023000	-0.037412
0.023500	-0.039756
0.024000	-0.042236
0.024500	-0.044545
0.025000	-0.047265
0.025500	-0.050292
0.026000	-0.053182
0.026500	-0.055867
0.027000	-0.058757
0.027500	-0.061784
0.028000	-0.064503
0.028500	-0.067086
0.029000	-0.069736
0.029500	-0.072456
0.030000	-0.075517
0.030500	-0.078919
0.031000	-0.082220
0.031500	-0.085656
0.032000	-0.089298
0.032500	-0.093315
0.033000	-0.097742
0.033500	-0.102374
0.034000	-0.107176
0.034500	-0.111841
0.035000	-0.116645
0.035500	-0.122336
0.036000	-0.128913
0.036500	-0.136107
0.037000	-0.144497
0.037500	-0.154217
0.038000	-0.165408
0.038500	-0.177929
0.039000	-0.191753
0.039500	-0.206994
0.040000	-0.223989
0.040500	-0.243172
0.041000	-0.264303
0.041500	-0.287622
0.042000	-0.314241
0.042500	-0.344899
0.043000	-0.379210
0.043500	-0.417753
0.044000	-0.460643
0.044500	-0.507281
0.045000	-0.558233
0.045500	-0.613128
0.046000	-0.672239
0.046500	-0.735856
0.047000	-0.803610
0.047500	-0.876207
0.048000	-0.953713
0.048500	-1.035404
0.049000	-1.121117
0.049500	-1.210613
0.050000	-1.304309
0.050500	-1.402624
0.051000	-1.505799
0.051500	-1.614655
0.052000	-1.729240
0.052500	-1.849297
0.053000	-1.974665
0.053500	-2.104700
0.054000	-2.239724
0.054500	-2.379737
0.055000	-2.525222
0.055500	-2.676017
0.056000	-2.831641
0.056500	-2.992575
0.057000	-3.158177
0.057500	-3.328606
0.058000	-3.502898
0.058500	-3.682018
0.059000	-3.865805
0.059500	-4.054099
0.060000	-4.247059
0.060500	-4.444525
0.061000	-4.646015
0.061500	-4.850884
0.062000	-5.058812
0.062500	-5.269797
0.063000	-5.483840
0.063500	-5.700940
0.064000	-5.921259
0.064500	-6.144314
0.065000	-6.369462
0.065500	-6.596540
0.066000	-6.825550
0.066500	-7.056169
0.067000	-7.288397
0.067500	-7.522557
0.068000	-7.758486
0.068500	-7.996509
0.069000	-8.236462
0.069500	-8.478185
0.070000	-8.720713
0.070500	-8.963885
0.071000	-9.208506
0.071500	-9.454575
0.072000	-9.701769
0.072500	-9.950574
0.073000	-10.201310
0.073500	-10.453815
0.074000	-10.707127
0.074500	-10.961724
0.075000	-11.216967
0.075500	-11.472530
0.076000	-11.728416
0.076500	-11.985106
0.077000	-12.242119
0.077500	-12.499291
0.078000	-12.756465
0.078500	-13.013477
0.079000	-13.270651
0.079500	-13.527823
0.080000	-13.785318
0.080500	-14.042813
0.081000	-14.300309
0.081500	-14.557965
0.082000	-14.815460
0.082500	-15.072633
0.083000	-15.329967
0.083500	-15.587784
0.084000	-15.845762
0.084500	-16.104706
0.085000	-16.362200
0.085500	-16.619696
0.086000	-16.877192
0.086500	-17.134686
0.087000	-17.392181
0.087500	-17.648066
0.088000	-17.903952
0.088500	-18.159838
0.089000	-18.415724
0.089500	-18.670000
0.090000	-18.925886
0.090500	-19.181770
0.091000	-19.437656
0.091500	-19.693542
0.092000	-19.949429
0.092500	-20.206923
0.093000	-20.464418
0.093500	-20.720304
0.094000	-20.977798
0.094500	-21.233685
0.095000	-21.489571
0.095500	-21.745457
0.096000	-22.001341
0.096500	-22.258837
0.097000	-22.516333
0.097500	-22.777046
0.098000	-23.036150
0.098500	-23.298473
0.099000	-23.559187
0.099500	-23.821510
0.100000	-24.083834
0.100500	-24.346157
0.101000	-24.610088
0.101500	-24.872412
0.102000	-25.136345
0.102500	-25.400276
0.103000	-25.664207
0.103500	-25.928141
0.104000	-26.193682
0.104500	-26.459225
0.105000	-26.724768
0.105500	-26.991917
0.106000	-27.259068
0.106500	-27.524612
0.107000	-27.791759
0.107500	-28.058912
0.108000	-28.326063
0.108500	-28.594824
0.109000	-28.861975
0.109500	-29.130735
0.110000	-29.399496
0.110500	-29.668257
0.111000	-29.938627
0.111500	-30.208996
0.112000	-30.479364
0.112500	-30.751345
0.113000	-31.023325
0.113500	-31.296913
0.114000	-31.570503
0.114500	-31.844091
0.115000	-32.119289
0.115500	-32.391270
0.116000	-32.661636
0.116500	-32.933617
0.117000	-33.203987
0.117500	-33.472744
0.118000	-33.743114
0.118500	-34.011879
0.119000	-34.280636
0.119500	-34.549397
0.120000	-34.816551
0.120500	-35.082088
0.121000	-35.346020
0.121500	-35.609955
0.122000	-35.873886
0.122500	-36.136211
0.123000	-36.396923
0.123500	-36.656029
0.124000	-36.915131
0.124500	-37.172626
0.125000	-37.430122
0.125500	-37.687618
0.126000	-37.943504
0.126500	-38.200996
0.127000	-38.456882
0.127500	-38.714378
0.128000	-38.970264
0.128500	-39.224541
0.129000	-39.477211
0.129500	-39.731483
0.130000	-39.982544
0.130500	-40.235210
0.131000	-40.487877
0.131500	-40.740543
0.132000	-40.991604
0.132500	-41.241047
0.133000	-41.490498
0.133500	-41.738335
0.134000	-41.986176
0.134500	-42.232407
0.135000	-42.478634
0.135500	-42.724865
0.136000	-42.969486
0.136500	-43.212494
0.137000	-43.453896
0.137500	-43.695297
0.138000	-43.935089
0.138500	-44.173275
0.139000	-44.411457
0.139500	-44.648029
0.140000	-44.882996
0.140500	-45.117958
0.141000	-45.349705
0.141500	-45.581451
0.142000	-45.809978
0.142500	-46.036896
0.143000	-46.263813
0.143500	-46.489120
0.144000	-46.712818
0.144500	-46.936520
0.145000	-47.156998
0.145500	-47.377476
0.146000	-47.596352
0.146500	-47.813610
0.147000	-48.029263
0.147500	-48.241695
0.148000	-48.452522
0.148500	-48.661736
0.149000	-48.867729
0.149500	-49.072117
0.150000	-49.274895
0.150500	-49.476063
0.151000	-49.674011
0.151500	-49.871964
0.152000	-50.068302
0.152500	-50.263031
0.153000	-50.456154
0.153500	-50.649273
0.154000	-50.840786
0.154500	-51.030689
0.155000	-51.218983
0.155500	-51.407276
0.156000	-51.593956
0.156500	-51.780643
0.157000	-51.967327
0.157500	-52.152397
0.158000	-52.337475
0.158500	-52.519329
0.159000	-52.701191
0.159500	-52.881435
0.160000	-53.058464
0.160500	-53.233879
0.161000	-53.407692
0.161500	-53.579887
0.162000	-53.750477
0.162500	-53.919464
0.163000	-54.086838
0.163500	-54.254208
0.164000	-54.419964
0.164500	-54.585728
0.165000	-54.749886
0.165500	-54.914040
0.166000	-55.078186
0.166500	-55.240734
0.167000	-55.401665
0.167500	-55.560989
0.168000	-55.720318
0.168500	-55.879642
0.169000	-56.038967
0.169500	-56.196682
0.170000	-56.354397
0.170500	-56.510502
0.171000	-56.666611
0.171500	-56.817890
0.172000	-56.969166
0.172500	-57.117229
0.173000	-57.263680
0.173500	-57.408520
0.174000	-57.551754
0.174500	-57.691765
0.175000	-57.831779
0.175500	-57.970181
0.176000	-58.105366
0.176500	-58.238941
0.177000	-58.370907
0.177500	-58.499653
0.178000	-58.625187
0.178500	-58.749104
0.179000	-58.869808
0.179500	-58.988895
0.180000	-59.104771
0.180500	-59.217422
0.181000	-59.328468
0.181500	-59.439510
0.182000	-59.547337
0.182500	-59.653557
0.183000	-59.758163
0.183500	-59.859550
0.184000	-59.957722
0.184500	-60.054283
0.185000	-60.149231
0.185500	-60.242573
0.186000	-60.332695
0.186500	-60.421207
0.187000	-60.509724
0.187500	-60.595020
0.188000	-60.678703
0.188500	-60.759174
0.189000	-60.838036
0.189500	-60.915283
0.190000	-60.989307
0.190500	-61.061733
0.191000	-61.130932
0.191500	-61.196918
0.192000	-61.261292
0.192500	-61.324051
0.193000	-61.385212
0.193500	-61.443146
0.194000	-61.497864
0.194500	-61.552582
0.195000	-61.604076
0.195500	-61.653973
0.196000	-61.702248
0.196500	-61.747311
0.197000	-61.789154
0.197500	-61.829384
0.198000	-61.868011
0.198500	-61.901810
0.199000	-61.933998
0.199500	-61.962959
0.200000	-61.990322
0.200500	-62.012856
0.201000	-62.033775
0.201500	-62.053085
0.202000	-62.069180
0.202500	-62.083664
0.203000	-62.094929
0.203500	-62.104584
0.204000	-62.111027
0.204500	-62.114243
0.205000	-62.117458
0.205500	-62.117458
0.206000	-62.114243
0.206500	-62.109409
0.207000	-62.102978
0.207500	-62.093319
0.208000	-62.085270
0.208500	-62.074005
0.209000	-62.064350
0.209500	-62.053085
0.210000	-62.041821
0.210500	-62.030552
0.211000	-62.019287
0.211500	-62.009632
0.212000	-61.999981
0.212500	-61.991932
0.213000	-61.985493
0.213500	-61.979057
0.214000	-61.972618
0.214500	-61.967793
0.215000	-61.964569
0.215500	-61.961353
0.216000	-61.958138
0.216500	-61.954918
0.217000	-61.954918
0.217500	-61.953304
0.218000	-61.951694
0.218500	-61.951694
0.219000	-61.950089
0.219500	-61.950089
0.220000	-61.948479
0.220500	-61.946869
0.221000	-61.945263
0.221500	-61.945263
0.222000	-61.945263
0.222500	-61.945263
0.223000	-61.946869
0.223500	-61.948479
0.224000	-61.951694
0.224500	-61.954918
0.225000	-61.958138
0.225500	-61.961353
0.226000	-61.966183
0.226500	-61.971008
0.227000	-61.974228
0.227500	-61.979057
0.228000	-61.985493
0.228500	-61.990322
0.229000	-61.995148
0.229500	-62.001587
0.230000	-62.006413
0.230500	-62.011246
0.231000	-62.016071
0.231500	-62.020897
0.232000	-62.025726
0.232500	-62.028946
0.233000	-62.032162
0.233500	-62.035385
0.234000	-62.038601
0.234500	-62.041821
0.235000	-62.043427
0.235500	-62.045040
0.236000	-62.046650
0.236500	-62.048260
0.237000	-62.049866
0.237500	-62.051476
0.238000	-62.053085
0.238500	-62.053085
0.239000	-62.054691
0.239500	-62.056309
0.240000	-62.059525
0.240500	-62.061134
0.241000	-62.062740
0.241500	-62.065964
0.242000	-62.067574
0.242500	-62.070789
0.243000	-62.072399
0.243500	-62.072399
0.244000	-62.072399
0.244500	-62.070789
0.245000	-62.067574
0.245500	-62.064350
0.246000	-62.057915
0.246500	-62.053085
0.247000	-62.046650
0.247500	-62.040211
0.248000	-62.033775
0.248500	-62.025726
0.249000	-62.019287
0.249500	-62.011246
0.250000	-62.001587
0.250500	-61.993542
0.251000	-61.983883
0.251500	-61.974228
0.252000	-61.966183
0.252500	-61.958138
0.253000	-61.953304
0.253500	-61.950089
0.254000	-61.946869
0.254500	-61.943653
0.255000	-61.942039
0.255500	-61.938824
0.256000	-61.935604
0.256500	-61.929165
0.257000	-61.922729
0.257500	-61.914684
0.258000	-61.905025
0.258500	-61.896976
0.259000	-61.887325
0.259500	-61.877670
0.260000	-61.868011
0.260500	-61.858356
0.261000	-61.847092
0.261500	-61.837433
0.262000	-61.826168
0.262500	-61.816513
0.263000	-61.805244
0.263500	-61.795589
0.264000	-61.785931
0.264500	-61.776283
0.265000	-61.766624
0.265500	-61.758575
0.266000	-61.752136
0.266500	-61.747311
0.267000	-61.744095
0.267500	-61.740871
0.268000	-61.739262
0.268500	-61.737656
0.269000	-61.734436
0.269500	-61.731220
0.270000	-61.727997
0.270500	-61.724781
0.271000	-61.719955
0.271500	-61.718342
0.272000	-61.715122
0.272500	-61.711906
0.273000	-61.710297
0.273500	-61.707073
0.274000	-61.705467
0.274500	-61.703857
0.275000	-61.702248
0.275500	-61.702248
0.276000	-61.702248
0.276500	-61.702248
0.277000	-61.702248
0.277500	-61.703857
0.278000	-61.705467
0.278500	-61.707073
0.279000	-61.708691
0.279500	-61.711906
0.280000	-61.713516
0.280500	-61.715122
0.281000	-61.718342
0.281500	-61.719955
0.282000	-61.719955
0.282500	-61.721561
0.283000	-61.723171
0.283500	-61.726387
0.284000	-61.727997
0.284500	-61.729607
0.285000	-61.731220
0.285500	-61.731220
0.286000	-61.731220
0.286500	-61.731220
0.287000	-61.729607
0.287500	-61.729607
0.288000	-61.731220
0.288500	-61.732830
0.289000	-61.734436
0.289500	-61.734436
0.290000	-61.734436
0.290500	-61.734436
0.291000	-61.734436
0.291500	-61.734436
0.292000	-61.732830
0.292500	-61.732830
0.293000	-61.734436
0.293500	-61.736046
0.294000	-61.736046
0.294500	-61.737656
0.295000	-61.739262
0.295500	-61.740871
0.296000	-61.742485
0.296500	-61.740871
0.297000	-61.739262
0.297500	-61.736046
0.298000	-61.732830
0.298500	-61.729607
