0.000000	-0.084780
0.000500	-0.084780
0.001000	-0.084780
0.001500	-0.084780
0.002000	-0.084780
0.002500	-0.084780
0.003000	-0.084780
0.003500	-0.084780
0.004000	-0.084780
0.004500	-0.084786
0.005000	-0.084799
0.005500	-0.084818
0.006000	-0.084843
0.006500	-0.084872
0.007000	-0.084907
0.007500	-0.084953
0.008000	-0.085016
0.008500	-0.085093
0.009000	-0.085174
0.009500	-0.085257
0.010000	-0.085336
0.010500	-0.085411
0.011000	-0.085482
0.011500	-0.085555
0.012000	-0.085630
0.012500	-0.085712
0.013000	-0.085800
0.013500	-0.085891
0.014000	-0.085981
0.014500	-0.086067
0.015000	-0.086148
0.015500	-0.086226
0.016000	-0.086298
0.016500	-0.086358
0.017000	-0.086381
0.017500	-0.086367
0.018000	-0.086319
0.018500	-0.086245
0.019000	-0.086165
0.019500	-0.086082
0.020000	-0.085998
0.020500	-0.085912
0.021000	-0.085820
0.021500	-0.085726
0.022000	-0.085637
0.022500	-0.085563
0.023000	-0.085529
0.023500	-0.085530
0.024000	-0.085554
0.024500	-0.085587
0.025000	-0.085620
0.025500	-0.085656
0.026000	-0.085696
0.026500	-0.085742
0.027000	-0.085791
0.027500	-0.085840
0.028000	-0.085889
0.028500	-0.085939
0.029000	-0.085989
0.029500	-0.086041
0.030000	-0.086093
0.030500	-0.086143
0.031000	-0.086173
0.031500	-0.086171
0.032000	-0.086145
0.032500	-0.086102
0.033000	-0.086044
0.033500	-0.085971
0.034000	-0.085896
0.034500	-0.085831
0.035000	-0.085780
0.035500	-0.085733
0.036000	-0.085692
0.036500	-0.085660
0.037000	-0.085640
0.037500	-0.085626
0.038000	-0.085620
0.038500	-0.085620
0.039000	-0.085627
0.039500	-0.085637
0.040000	-0.085648
0.040500	-0.085661
0.041000	-0.085675
0.041500	-0.085695
0.042000	-0.085718
0.042500	-0.085739
0.043000	-0.085749
0.043500	-0.085735
0.044000	-0.085698
0.044500	-0.085641
0.045000	-0.085567
0.045500	-0.085488
0.046000	-0.085407
0.046500	-0.085324
0.047000	-0.085239
0.047500	-0.085146
0.048000	-0.085049
0.048500	-0.084960
0.049000	-0.084891
0.049500	-0.084842
0.050000	-0.084804
0.050500	-0.084772
0.051000	-0.084738
0.051500	-0.084705
0.052000	-0.084676
0.052500	-0.084644
0.053000	-0.084603
0.053500	-0.084539
0.054000	-0.084449
0.054500	-0.084344
0.055000	-0.084235
0.055500	-0.084126
0.056000	-0.084014
0.056500	-0.083901
0.057000	-0.083792
0.057500	-0.083691
0.058000	-0.083601
0.058500	-0.083512
0.059000	-0.083414
0.059500	-0.083299
0.060000	-0.083171
0.060500	-0.083035
0.061000	-0.082895
0.061500	-0.082754
0.062000	-0.082611
0.062500	-0.082465
0.063000	-0.082313
0.063500	-0.082152
0.064000	-0.081973
0.064500	-0.081785
0.065000	-0.081600
0.065500	-0.081427
0.066000	-0.081256
0.066500	-0.081090
0.067000	-0.080938
0.067500	-0.080804
0.068000	-0.080679
0.068500	-0.080555
0.069000	-0.080431
0.069500	-0.080307
0.070000	-0.080184
0.070500	-0.080060
0.071000	-0.079937
0.071500	-0.079813
0.072000	-0.079677
0.072500	-0.079518
0.073000	-0.079330
0.073500	-0.079105
0.074000	-0.078844
0.074500	-0.078554
0.075000	-0.078242
0.075500	-0.077912
0.076000	-0.077576
0.076500	-0.077238
0.077000	-0.076901
0.077500	-0.076565
0.078000	-0.076231
0.078500	-0.075897
0.079000	-0.075563
0.079500	-0.075229
0.080000	-0.074892
0.080500	-0.074549
0.081000	-0.074202
0.081500	-0.073854
0.082000	-0.073497
0.082500	-0.073102
0.083000	-0.072677
0.083500	-0.072235
0.084000	-0.071767
0.084500	-0.071203
0.085000	-0.070552
0.085500	-0.069832
0.086000	-0.069050
0.086500	-0.068136
0.087000	-0.067096
0.087500	-0.065961
0.088000	-0.064753
0.088500	-0.063420
0.089000	-0.061970
0.089500	-0.060429
0.090000	-0.058813
0.090500	-0.057042
0.091000	-0.055096
0.091500	-0.052975
0.092000	-0.050677
0.092500	-0.048090
0.093000	-0.045222
0.093500	-0.042153
0.094000	-0.038963
0.094500	-0.035632
0.095000	-0.032087
0.095500	-0.028276
0.096000	-0.024145
0.096500	-0.019622
0.097000	-0.014729
0.097500	-0.009549
0.098000	-0.004164
0.098500	0.001264
0.099000	0.006789
0.099500	0.012652
0.100000	0.019095
0.100500	0.026073
0.101000	0.033095
0.101500	0.040126
0.102000	0.047145
0.102500	0.054116
0.103000	0.061039
0.103500	0.067988
0.104000	0.075039
0.104500	0.082285
0.105000	0.089790
0.105500	0.097439
0.106000	0.105110
0.106500	0.112700
0.107000	0.120270
0.107500	0.127860
0.108000	0.135490
0.108500	0.143240
0.109000	0.151530
0.109500	0.160150
0.110000	0.168720
0.110500	0.176930
0.111000	0.184970
0.111500	0.192980
0.112000	0.201000
0.112500	0.209100
0.113000	0.217390
0.113500	0.225780
0.114000	0.234070
0.114500	0.242050
0.115000	0.249790
0.115500	0.257410
0.116000	0.264960
0.116500	0.272520
0.117000	0.280120
0.117500	0.287710
0.118000	0.295210
0.118500	0.302530
0.119000	0.309500
0.119500	0.316120
0.120000	0.322550
0.120500	0.328950
0.121000	0.335430
0.121500	0.341880
0.122000	0.348240
0.122500	0.354420
0.123000	0.360290
0.123500	0.365800
0.124000	0.371080
0.124500	0.376260
0.125000	0.381430
0.125500	0.386580
0.126000	0.391590
0.126500	0.396360
0.127000	0.400810
0.127500	0.405010
0.128000	0.409030
0.128500	0.412900
0.129000	0.416710
0.129500	0.420470
0.130000	0.424160
0.130500	0.427770
0.131000	0.431250
0.131500	0.434650
0.132000	0.437930
0.132500	0.441030
0.133000	0.443890
0.133500	0.446700
0.134000	0.449500
0.134500	0.452300
0.135000	0.455090
0.135500	0.457880
0.136000	0.460680
0.136500	0.463460
0.137000	0.466240
0.137500	0.468930
0.138000	0.471540
0.138500	0.474140
0.139000	0.476800
0.139500	0.479590
0.140000	0.482450
0.140500	0.485300
0.141000	0.488030
0.141500	0.490650
0.142000	0.493250
0.142500	0.495830
0.143000	0.498410
0.143500	0.500990
0.144000	0.503580
0.144500	0.506140
0.145000	0.508660
0.145500	0.511090
0.146000	0.513400
0.146500	0.515620
0.147000	0.517820
0.147500	0.520020
0.148000	0.522230
0.148500	0.524420
0.149000	0.526550
0.149500	0.528610
0.150000	0.530650
0.150500	0.532680
0.151000	0.534710
0.151500	0.536740
0.152000	0.538770
0.152500	0.540800
0.153000	0.542820
0.153500	0.544800
0.154000	0.546570
0.154500	0.548140
0.155000	0.549610
0.155500	0.551070
0.156000	0.552510
0.156500	0.553880
0.157000	0.555160
0.157500	0.556320
0.158000	0.557360
0.158500	0.558310
0.159000	0.559190
0.159500	0.560020
0.160000	0.560810
0.160500	0.561560
0.161000	0.562260
0.161500	0.562880
0.162000	0.563430
0.162500	0.563900
0.163000	0.564310
0.163500	0.564670
0.164000	0.564990
0.164500	0.565230
0.165000	0.565420
0.165500	0.565540
0.166000	0.565590
0.166500	0.565550
0.167000	0.565430
0.167500	0.565210
0.168000	0.564900
0.168500	0.564500
0.169000	0.564030
0.169500	0.563490
0.170000	0.562890
0.170500	0.562250
0.171000	0.561560
0.171500	0.560800
0.172000	0.559950
0.172500	0.559040
0.173000	0.558060
0.173500	0.557030
0.174000	0.555940
0.174500	0.554810
0.175000	0.553650
0.175500	0.552450
0.176000	0.551230
0.176500	0.549980
0.177000	0.548700
0.177500	0.547350
0.178000	0.545930
0.178500	0.544420
0.179000	0.542860
0.179500	0.541260
0.180000	0.539650
0.180500	0.538040
0.181000	0.536410
0.181500	0.534730
0.182000	0.532970
0.182500	0.531090
0.183000	0.529100
0.183500	0.527030
0.184000	0.524940
0.184500	0.522880
0.185000	0.520800
0.185500	0.518640
0.186000	0.516320
0.186500	0.513830
0.187000	0.511290
0.187500	0.508720
0.188000	0.506150
0.188500	0.503580
0.189000	0.501030
0.189500	0.498450
0.190000	0.495820
0.190500	0.493110
0.191000	0.490310
0.191500	0.487480
0.192000	0.484650
0.192500	0.481870
0.193000	0.479130
0.193500	0.476390
0.194000	0.473610
0.194500	0.470760
0.195000	0.467790
0.195500	0.464760
0.196000	0.461720
0.196500	0.458740
0.197000	0.455810
0.197500	0.452890
0.198000	0.449950
0.198500	0.446950
0.199000	0.443840
0.199500	0.440640
0.200000	0.437360
0.200500	0.434060
0.201000	0.430720
0.201500	0.427360
0.202000	0.424000
0.202500	0.420700
0.203000	0.417450
0.203500	0.414230
0.204000	0.411000
0.204500	0.407750
0.205000	0.404410
0.205500	0.400980
0.206000	0.397570
0.206500	0.394280
0.207000	0.391110
0.207500	0.388000
0.208000	0.384910
0.208500	0.381790
0.209000	0.378600
0.209500	0.375370
0.210000	0.372150
0.210500	0.369010
0.211000	0.365970
0.211500	0.362990
0.212000	0.360050
0.212500	0.357090
0.213000	0.354080
0.213500	0.351040
0.214000	0.348000
0.214500	0.344990
0.215000	0.342090
0.215500	0.339310
0.216000	0.336590
0.216500	0.333860
0.217000	0.331050
0.217500	0.328200
0.218000	0.325350
0.218500	0.322500
0.219000	0.319660
0.219500	0.316830
0.220000	0.314000
0.220500	0.311200
0.221000	0.308430
0.221500	0.305770
0.222000	0.303160
0.222500	0.300560
0.223000	0.297900
0.223500	0.295170
0.224000	0.292410
0.224500	0.289670
0.225000	0.286970
0.225500	0.284360
0.226000	0.281790
0.226500	0.279220
0.227000	0.276610
0.227500	0.273890
0.228000	0.271100
0.228500	0.268320
0.229000	0.265670
0.229500	0.263140
0.230000	0.260630
0.230500	0.258130
0.231000	0.255610
0.231500	0.253070
0.232000	0.250520
0.232500	0.247970
0.233000	0.245420
0.233500	0.242870
0.234000	0.240320
0.234500	0.237780
0.235000	0.235250
0.235500	0.232770
0.236000	0.230380
0.236500	0.228030
0.237000	0.225670
0.237500	0.223240
0.238000	0.220750
0.238500	0.218260
0.239000	0.215840
0.239500	0.213530
0.240000	0.211270
0.240500	0.209030
0.241000	0.206800
0.241500	0.204530
0.242000	0.202210
0.242500	0.199880
0.243000	0.197620
0.243500	0.195500
0.244000	0.193410
0.244500	0.191330
0.245000	0.189250
0.245500	0.187160
0.246000	0.185070
0.246500	0.182990
0.247000	0.180900
0.247500	0.178820
0.248000	0.176750
0.248500	0.174720
0.249000	0.172720
0.249500	0.170750
0.250000	0.168820
0.250500	0.166930
0.251000	0.165040
0.251500	0.163120
0.252000	0.161160
0.252500	0.159170
0.253000	0.157180
0.253500	0.155220
0.254000	0.153320
0.254500	0.151450
0.255000	0.149590
0.255500	0.147710
0.256000	0.145740
0.256500	0.143700
0.257000	0.141670
0.257500	0.139700
0.258000	0.137830
0.258500	0.135960
0.259000	0.134090
0.259500	0.132230
0.260000	0.130370
0.260500	0.128510
0.261000	0.126650
0.261500	0.124790
0.262000	0.122940
0.262500	0.121080
0.263000	0.119280
0.263500	0.117540
0.264000	0.115900
0.264500	0.114270
0.265000	0.112640
0.265500	0.111010
0.266000	0.109380
0.266500	0.107740
0.267000	0.106090
0.267500	0.104470
0.268000	0.102890
0.268500	0.101370
0.269000	0.099904
0.269500	0.098448
0.270000	0.096975
0.270500	0.095491
0.271000	0.094007
0.271500	0.092525
0.272000	0.091044
0.272500	0.089596
0.273000	0.088200
0.273500	0.086866
0.274000	0.085599
0.274500	0.084359
0.275000	0.083122
0.275500	0.081887
0.276000	0.080653
0.276500	0.079404
0.277000	0.078144
0.277500	0.076908
0.278000	0.075729
0.278500	0.074607
0.279000	0.073513
0.279500	0.072431
0.280000	0.071346
0.280500	0.070248
0.281000	0.069146
0.281500	0.068046
0.282000	0.066951
0.282500	0.065898
0.283000	0.064933
0.283500	0.064020
0.284000	0.063119
0.284500	0.062201
0.285000	0.061285
0.285500	0.060378
0.286000	0.059484
0.286500	0.058611
0.287000	0.057767
0.287500	0.056955
0.288000	0.056179
0.288500	0.055440
0.289000	0.054724
0.289500	0.054016
0.290000	0.053299
0.290500	0.052562
0.291000	0.051815
0.291500	0.051065
0.292000	0.050317
0.292500	0.049577
0.293000	0.048846
0.293500	0.048122
0.294000	0.047402
0.294500	0.046684
0.295000	0.045982
0.295500	0.045303
0.296000	0.044645
0.296500	0.044006
0.297000	0.043409
0.297500	0.042864
0.298000	0.042372
0.298500	0.041933
0.299000	0.041521
0.299500	0.041123
0.300000	0.040739
0.300500	0.040370
0.301000	0.040007
0.301500	0.039646
0.302000	0.039296
0.302500	0.038965
0.303000	0.038649
0.303500	0.038341
0.304000	0.038041
0.304500	0.037749
0.305000	0.037465
0.305500	0.037184
0.306000	0.036904
0.306500	0.036622
0.307000	0.036337
0.307500	0.036051
0.308000	0.035758
0.308500	0.035453
0.309000	0.035130
0.309500	0.034793
0.310000	0.034449
0.310500	0.034108
0.311000	0.033769
0.311500	0.033421
0.312000	0.033082
0.312500	0.032776
0.313000	0.032514
0.313500	0.032257
0.314000	0.032000
0.314500	0.031744
0.315000	0.031487
0.315500	0.031230
0.316000	0.030973
0.316500	0.030716
0.317000	0.030462
0.317500	0.030233
0.318000	0.030028
0.318500	0.029841
0.319000	0.029666
0.319500	0.029508
0.320000	0.029366
0.320500	0.029239
0.321000	0.029122
0.321500	0.029019
0.322000	0.028931
0.322500	0.028858
0.323000	0.028799
0.323500	0.028762
0.324000	0.028747
0.324500	0.028751
0.325000	0.028768
0.325500	0.028806
0.326000	0.028873
0.326500	0.028967
0.327000	0.029086
0.327500	0.029237
0.328000	0.029426
0.328500	0.029651
0.329000	0.029910
0.329500	0.030193
0.330000	0.030501
0.330500	0.030845
0.331000	0.031236
0.331500	0.031672
0.332000	0.032125
0.332500	0.032580
0.333000	0.033024
0.333500	0.033452
0.334000	0.033873
0.334500	0.034293
0.335000	0.034718
0.335500	0.035153
0.336000	0.035602
0.336500	0.036064
0.337000	0.036535
0.337500	0.037016
0.338000	0.037520
0.338500	0.038049
0.339000	0.038600
0.339500	0.039174
0.340000	0.039772
0.340500	0.040396
0.341000	0.041045
0.341500	0.041715
0.342000	0.042394
0.342500	0.043085
0.343000	0.043794
0.343500	0.044525
0.344000	0.045264
0.344500	0.046003
0.345000	0.046742
0.345500	0.047479
0.346000	0.048216
0.346500	0.048951
0.347000	0.049685
0.347500	0.050417
0.348000	0.051131
0.348500	0.051820
0.349000	0.052481
0.349500	0.053113
0.350000	0.053729
0.350500	0.054336
0.351000	0.054936
0.351500	0.055531
0.352000	0.056123
0.352500	0.056714
0.353000	0.057301
0.353500	0.057885
0.354000	0.058464
0.354500	0.059035
0.355000	0.059591
0.355500	0.060126
0.356000	0.060641
0.356500	0.061145
0.357000	0.061647
0.357500	0.062156
0.358000	0.062673
0.358500	0.063193
0.359000	0.063712
0.359500	0.064231
0.360000	0.064744
0.360500	0.065249
0.361000	0.065754
0.361500	0.066264
0.362000	0.066789
0.362500	0.067339
0.363000	0.067909
0.363500	0.068498
0.364000	0.069098
0.364500	0.069699
0.365000	0.070301
0.365500	0.070902
0.366000	0.071503
0.366500	0.072104
0.367000	0.072704
0.367500	0.073305
0.368000	0.073912
0.368500	0.074563
0.369000	0.075240
0.369500	0.075906
0.370000	0.076532
0.370500	0.077142
0.371000	0.077745
0.371500	0.078341
0.372000	0.078933
0.372500	0.079520
0.373000	0.080104
0.373500	0.080684
0.374000	0.081258
0.374500	0.081825
0.375000	0.082382
0.375500	0.082928
0.376000	0.083459
0.376500	0.083974
0.377000	0.084478
0.377500	0.084980
0.378000	0.085491
0.378500	0.086019
0.379000	0.086556
0.379500	0.087092
0.380000	0.087614
0.380500	0.088111
0.381000	0.088588
0.381500	0.089051
0.382000	0.089506
0.382500	0.089960
0.383000	0.090403
0.383500	0.090832
0.384000	0.091240
0.384500	0.091625
0.385000	0.091987
0.385500	0.092325
0.386000	0.092640
0.386500	0.092938
0.387000	0.093234
0.387500	0.093529
0.388000	0.093820
0.388500	0.094109
0.389000	0.094397
0.389500	0.094684
0.390000	0.094971
0.390500	0.095263
0.391000	0.095566
0.391500	0.095872
0.392000	0.096173
0.392500	0.096457
0.393000	0.096716
0.393500	0.096950
0.394000	0.097160
0.394500	0.097350
0.395000	0.097533
0.395500	0.097713
0.396000	0.097895
0.396500	0.098079
0.397000	0.098264
0.397500	0.098450
0.398000	0.098639
0.398500	0.098831
0.399000	0.099052
0.399500	0.099305
0.400000	0.099578
0.400500	0.099861
0.401000	0.100150
0.401500	0.100460
0.402000	0.100770
0.402500	0.101100
0.403000	0.101450
0.403500	0.101800
0.404000	0.102170
0.404500	0.102540
0.405000	0.102940
0.405500	0.103360
0.406000	0.103780
0.406500	0.104170
0.407000	0.104540
0.407500	0.104890
0.408000	0.105250
0.408500	0.105610
0.409000	0.105990
0.409500	0.106360
0.410000	0.106750
0.410500	0.107120
0.411000	0.107500
0.411500	0.107870
0.412000	0.108220
0.412500	0.108550
0.413000	0.108850
0.413500	0.109110
0.414000	0.109330
0.414500	0.109540
0.415000	0.109740
0.415500	0.109940
0.416000	0.110130
0.416500	0.110310
0.417000	0.110480
0.417500	0.110640
0.418000	0.110790
0.418500	0.110930
0.419000	0.111040
0.419500	0.111140
0.420000	0.111240
0.420500	0.111330
0.421000	0.111410
0.421500	0.111500
0.422000	0.111580
0.422500	0.111650
0.423000	0.111720
0.423500	0.111780
0.424000	0.111830
0.424500	0.111880
0.425000	0.111940
0.425500	0.112010
0.426000	0.112080
0.426500	0.112150
0.427000	0.112230
0.427500	0.112320
0.428000	0.112430
0.428500	0.112530
0.429000	0.112590
0.429500	0.112640
0.430000	0.112690
0.430500	0.112740
0.431000	0.112780
0.431500	0.112830
0.432000	0.112870
0.432500	0.112920
0.433000	0.112970
0.433500	0.113020
0.434000	0.113090
0.434500	0.113160
0.435000	0.113240
0.435500	0.113320
0.436000	0.113410
0.436500	0.113510
0.437000	0.113610
0.437500	0.113690
0.438000	0.113740
0.438500	0.113780
0.439000	0.113850
0.439500	0.113990
0.440000	0.114250
0.440500	0.114590
0.441000	0.114990
0.441500	0.115430
0.442000	0.115950
0.442500	0.116480
0.443000	0.116990
0.443500	0.117420
0.444000	0.117820
0.444500	0.118170
0.445000	0.118450
0.445500	0.118640
0.446000	0.118780
0.446500	0.118890
0.447000	0.118970
0.447500	0.119040
0.448000	0.119040
0.448500	0.119030
0.449000	0.119060
0.449500	0.119170
0.450000	0.119350
0.450500	0.119570
0.451000	0.119820
0.451500	0.120090
0.452000	0.120400
0.452500	0.120720
0.453000	0.121020
0.453500	0.121270
0.454000	0.121500
0.454500	0.121720
0.455000	0.121950
0.455500	0.122170
0.456000	0.122390
0.456500	0.122600
0.457000	0.122820
0.457500	0.123030
0.458000	0.123200
0.458500	0.123320
0.459000	0.123370
0.459500	0.123360
0.460000	0.123310
0.460500	0.123240
0.461000	0.123170
0.461500	0.123100
0.462000	0.123050
0.462500	0.123000
0.463000	0.122960
0.463500	0.122930
0.464000	0.122930
0.464500	0.122970
0.465000	0.123070
0.465500	0.123220
0.466000	0.123400
0.466500	0.123590
0.467000	0.123780
0.467500	0.123960
0.468000	0.124150
0.468500	0.124330
0.469000	0.124510
0.469500	0.124700
0.470000	0.124890
0.470500	0.125090
0.471000	0.125300
0.471500	0.125500
0.472000	0.125670
0.472500	0.125750
0.473000	0.125770
0.473500	0.125740
0.474000	0.125690
0.474500	0.125600
0.475000	0.125500
0.475500	0.125420
0.476000	0.125380
0.476500	0.125350
0.477000	0.125320
0.477500	0.125290
0.478000	0.125260
0.478500	0.125230
0.479000	0.125190
0.479500	0.125150
0.480000	0.125110
0.480500	0.125000
0.481000	0.124840
0.481500	0.124680
0.482000	0.124590
0.482500	0.124530
0.483000	0.124480
0.483500	0.124450
0.484000	0.124430
0.484500	0.124420
0.485000	0.124420
0.485500	0.124420
0.486000	0.124410
0.486500	0.124360
0.487000	0.124260
0.487500	0.124150
0.488000	0.124040
0.488500	0.123980
0.489000	0.123980
0.489500	0.124030
0.490000	0.124150
0.490500	785.570007
0.491000	2888.000000
0.491500	5927.100098
0.492000	9522.900391
0.492500	13564.000000
0.493000	18406.000000
0.493500	24016.000000
