0.000000	-0.077375
0.000500	-0.138570
0.001000	-0.131250
0.001500	-0.134650
0.002000	-0.117990
0.002500	-0.125290
0.003000	-0.131930
0.003500	-0.145980
0.004000	-0.139870
0.004500	-0.119420
0.005000	-0.121400
0.005500	-0.125930
0.006000	-0.097041
0.006500	-0.114680
0.007000	-0.101700
0.007500	-0.104660
0.008000	-0.107620
0.008500	-0.097950
0.009000	-0.084599
0.009500	-0.083471
0.010000	-0.106290
0.010500	-0.098915
0.011000	-0.086433
0.011500	-0.096120
0.012000	-0.111760
0.012500	-0.108510
0.013000	-0.092088
0.013500	-0.110780
0.014000	-0.069743
0.014500	-0.086572
0.015000	-0.087500
0.015500	-0.047596
0.016000	-0.070983
0.016500	-0.054516
0.017000	-0.056191
0.017500	-0.060181
0.018000	-0.070841
0.018500	-0.016449
0.019000	-0.057360
0.019500	-0.043481
0.020000	-0.059117
0.020500	-0.028171
0.021000	-0.068580
0.021500	-0.050898
0.022000	-0.046783
0.022500	-0.049461
0.023000	-0.040150
0.023500	-0.044815
0.024000	-0.048298
0.024500	-0.063832
0.025000	-0.066017
0.025500	-0.053116
0.026000	-0.032708
0.026500	-0.073287
0.027000	-0.054618
0.027500	-0.073091
0.028000	-0.026151
0.028500	-0.077334
0.029000	-0.042311
0.029500	-0.062882
0.030000	-0.062375
0.030500	-0.066892
0.031000	-0.071096
0.031500	-0.047371
0.032000	-0.055550
0.032500	-0.079117
0.033000	-0.053206
0.033500	-0.066375
0.034000	-0.096719
0.034500	-0.097563
0.035000	-0.075570
0.035500	-0.112560
0.036000	-0.075262
0.036500	-0.127400
0.037000	-0.097306
0.037500	-0.136730
0.038000	-0.146100
0.038500	-0.082832
0.039000	-0.082547
0.039500	-0.121540
0.040000	-0.100160
0.040500	-0.105560
0.041000	-0.085024
0.041500	-0.099157
0.042000	-0.120370
0.042500	-0.064893
0.043000	-0.120420
0.043500	-0.101350
0.044000	-0.079185
0.044500	-0.079778
0.045000	-0.078697
0.045500	-0.107470
0.046000	-0.104870
0.046500	-0.125580
0.047000	-0.146960
0.047500	-0.204790
0.048000	-0.215970
0.048500	-0.273530
0.049000	-0.274050
0.049500	-0.353410
0.050000	-0.327820
0.050500	-0.373860
0.051000	-0.429170
0.051500	-0.458030
0.052000	-0.545550
0.052500	-0.599790
0.053000	-0.661400
0.053500	-0.724890
0.054000	-0.825480
0.054500	-0.916400
0.055000	-1.035700
0.055500	-1.140100
0.056000	-1.206600
0.056500	-1.294500
0.057000	-1.375800
0.057500	-1.442300
0.058000	-1.525200
0.058500	-1.610000
0.059000	-1.695100
0.059500	-1.799600
0.060000	-1.891500
0.060500	-1.921500
0.061000	-1.981500
0.061500	-2.021000
0.062000	-1.985700
0.062500	-2.036000
0.063000	-2.032100
0.063500	-2.116600
0.064000	-2.262500
0.064500	-2.460400
0.065000	-2.727300
0.065500	-3.047100
0.066000	-3.353100
0.066500	-3.578300
0.067000	-3.735800
0.067500	-3.848000
0.068000	-3.892100
0.068500	-3.953400
0.069000	-3.979000
0.069500	-4.038800
0.070000	-4.156700
0.070500	-4.290400
0.071000	-4.473100
0.071500	-4.609600
0.072000	-4.740500
0.072500	-4.839300
0.073000	-4.941100
0.073500	-4.959100
0.074000	-4.999300
0.074500	-5.113800
0.075000	-5.191800
0.075500	-5.353500
0.076000	-5.491100
0.076500	-5.762000
0.077000	-5.944100
0.077500	-6.201400
0.078000	-6.416200
0.078500	-6.719100
0.079000	-7.054900
0.079500	-7.434400
0.080000	-7.849000
0.080500	-8.290400
0.081000	-8.738900
0.081500	-9.218400
0.082000	-9.789300
0.082500	-10.331000
0.083000	-10.901000
0.083500	-11.457000
0.084000	-12.036000
0.084500	-12.526000
0.085000	-12.905000
0.085500	-13.189000
0.086000	-13.250000
0.086500	-13.470000
0.087000	-13.448000
0.087500	-13.588000
0.088000	-13.698000
0.088500	-13.682000
0.089000	-13.611000
0.089500	-13.422000
0.090000	-13.095000
0.090500	-12.593000
0.091000	-11.830000
0.091500	-10.959000
0.092000	-9.971500
0.092500	-8.838800
0.093000	-7.784500
0.093500	-6.648200
0.094000	-5.861500
0.094500	-5.084900
0.095000	-4.601200
0.095500	-4.159200
0.096000	-3.834200
0.096500	-3.571200
0.097000	-3.297900
0.097500	-2.939400
0.098000	-2.468100
0.098500	-1.742700
0.099000	-0.751890
0.099500	0.327610
0.100000	1.583800
0.100500	2.719900
0.101000	3.624100
0.101500	4.222000
0.102000	4.344800
0.102500	4.241700
0.103000	3.913900
0.103500	3.590200
0.104000	3.309500
0.104500	3.114000
0.105000	3.139400
0.105500	3.274800
0.106000	3.403500
0.106500	3.545800
0.107000	3.639200
0.107500	3.578100
0.108000	3.423600
0.108500	3.209500
0.109000	2.890900
0.109500	2.523300
0.110000	2.091300
0.110500	1.747800
0.111000	1.280400
0.111500	0.845560
0.112000	0.406800
0.112500	-0.165690
0.113000	-0.793920
0.113500	-1.927000
0.114000	-2.828100
0.114500	-4.215300
0.115000	-5.487100
0.115500	-6.822100
0.116000	-7.701700
0.116500	-8.302000
0.117000	-8.538600
0.117500	-8.548200
0.118000	-8.223500
0.118500	-7.757600
0.119000	-7.339500
0.119500	-7.003300
0.120000	-6.816900
0.120500	-6.784100
0.121000	-6.851300
0.121500	-6.962600
0.122000	-7.094000
0.122500	-7.189100
0.123000	-7.241900
0.123500	-7.107500
0.124000	-6.885300
0.124500	-6.568500
0.125000	-6.166300
0.125500	-5.632200
0.126000	-5.036700
0.126500	-4.426700
0.127000	-3.779400
0.127500	-3.157400
0.128000	-2.513100
0.128500	-1.845100
0.129000	-1.186600
0.129500	-0.464980
0.130000	0.264130
0.130500	1.035100
0.131000	1.810200
0.131500	2.610200
0.132000	3.348400
0.132500	4.116800
0.133000	4.850600
0.133500	5.574500
0.134000	6.266900
0.134500	6.922100
0.135000	7.538200
0.135500	8.111700
0.136000	8.648500
0.136500	9.106800
0.137000	9.586200
0.137500	9.959000
0.138000	10.355000
0.138500	10.759000
0.139000	11.168000
0.139500	11.572000
0.140000	11.939000
0.140500	12.300000
0.141000	12.660000
0.141500	12.945000
0.142000	13.216000
0.142500	13.489000
0.143000	13.682000
0.143500	13.889000
0.144000	14.053000
0.144500	14.194000
0.145000	14.271000
0.145500	14.306000
0.146000	14.346000
0.146500	14.371000
0.147000	14.398000
0.147500	14.449000
0.148000	14.514000
0.148500	14.544000
0.149000	14.582000
0.149500	14.629000
0.150000	14.627000
0.150500	14.580000
0.151000	14.501000
0.151500	14.447000
0.152000	14.362000
0.152500	14.287000
0.153000	14.229000
0.153500	14.182000
0.154000	14.151000
0.154500	14.095000
0.155000	14.049000
0.155500	14.003000
0.156000	13.937000
0.156500	13.852000
0.157000	13.782000
0.157500	13.671000
0.158000	13.538000
0.158500	13.412000
0.159000	13.279000
0.159500	13.139000
0.160000	12.995000
0.160500	12.866000
0.161000	12.698000
0.161500	12.522000
0.162000	12.345000
0.162500	12.189000
0.163000	12.029000
0.163500	11.856000
0.164000	11.651000
0.164500	11.433000
0.165000	11.199000
0.165500	10.938000
0.166000	10.695000
0.166500	10.470000
0.167000	10.287000
0.167500	10.091000
0.168000	9.947100
0.168500	9.785300
0.169000	9.632000
0.169500	9.461000
0.170000	9.276600
0.170500	9.106800
0.171000	8.923700
0.171500	8.749200
0.172000	8.576400
0.172500	8.390800
0.173000	8.210400
0.173500	8.061000
0.174000	7.923000
0.174500	7.792200
0.175000	7.664700
0.175500	7.536400
0.176000	7.424000
0.176500	7.285800
0.177000	7.159100
0.177500	6.990600
0.178000	6.818300
0.178500	6.630400
0.179000	6.459900
0.179500	6.303400
0.180000	6.123000
0.180500	5.949300
0.181000	5.776300
0.181500	5.612700
0.182000	5.445700
0.182500	5.288600
0.183000	5.121100
0.183500	4.940400
0.184000	4.739700
0.184500	4.530700
0.185000	4.358000
0.185500	4.168000
0.186000	3.978800
0.186500	3.773500
0.187000	3.580600
0.187500	3.396400
0.188000	3.240200
0.188500	3.090600
0.189000	2.953000
0.189500	2.831200
0.190000	2.723500
0.190500	2.644300
0.191000	2.567000
0.191500	2.469100
0.192000	2.351700
0.192500	2.268700
0.193000	2.139600
0.193500	2.031900
0.194000	1.926500
0.194500	1.822200
0.195000	1.721500
0.195500	1.641300
0.196000	1.572300
0.196500	1.511900
0.197000	1.455800
0.197500	1.410200
0.198000	1.377900
0.198500	1.319200
0.199000	1.280600
0.199500	1.230000
0.200000	1.176200
0.200500	1.097800
0.201000	1.000600
0.201500	0.942740
0.202000	0.855240
0.202500	0.773360
0.203000	0.705790
0.203500	0.623910
0.204000	0.562530
0.204500	0.504670
0.205000	0.446500
0.205500	0.391700
0.206000	0.326400
0.206500	0.268030
0.207000	0.216980
0.207500	0.138640
0.208000	0.058173
0.208500	-0.024569
0.209000	-0.115040
0.209500	-0.209000
0.210000	-0.299570
0.210500	-0.394850
0.211000	-0.483440
0.211500	-0.552880
0.212000	-0.655250
0.212500	-0.712350
0.213000	-0.781890
0.213500	-0.844010
0.214000	-0.897130
0.214500	-0.945860
0.215000	-0.982140
0.215500	-1.039100
0.216000	-1.081600
0.216500	-1.113600
0.217000	-1.150200
0.217500	-1.242800
0.218000	-1.276400
0.218500	-1.322000
0.219000	-1.349100
0.219500	-1.369000
0.220000	-1.371400
0.220500	-1.367000
0.221000	-1.370400
0.221500	-1.348000
0.222000	-1.328600
0.222500	-1.337800
0.223000	-1.346400
0.223500	-1.311200
0.224000	-1.335000
0.224500	-1.326500
0.225000	-1.361100
0.225500	-1.356100
0.226000	-1.355200
0.226500	-1.394600
0.227000	-1.418500
0.227500	-1.437600
0.228000	-1.461600
0.228500	-1.502000
0.229000	-1.546600
0.229500	-1.573800
0.230000	-1.615700
0.230500	-1.672600
0.231000	-1.693200
0.231500	-1.716400
0.232000	-1.772400
0.232500	-1.796200
0.233000	-1.839900
0.233500	-1.855000
0.234000	-1.905200
0.234500	-1.915600
0.235000	-1.943400
0.235500	-1.980200
0.236000	-1.994500
0.236500	-2.034000
0.237000	-2.065900
0.237500	-2.106500
0.238000	-2.136300
0.238500	-2.189900
0.239000	-2.220500
0.239500	-2.274900
0.240000	-2.306800
0.240500	-2.337400
0.241000	-2.378600
0.241500	-2.411800
0.242000	-2.445800
0.242500	-2.427800
0.243000	-2.489300
0.243500	-2.492100
0.244000	-2.525600
0.244500	-2.549200
0.245000	-2.599400
0.245500	-2.622300
0.246000	-2.692700
0.246500	-2.705500
0.247000	-2.745300
0.247500	-2.756000
0.248000	-2.768300
0.248500	-2.799800
0.249000	-2.837000
0.249500	-2.797500
0.250000	-2.839100
0.250500	-2.837500
0.251000	-2.857000
0.251500	-2.844300
0.252000	-2.856300
0.252500	-2.852300
0.253000	-2.842100
0.253500	-2.841500
0.254000	-2.833200
0.254500	-2.830200
0.255000	-2.813900
0.255500	-2.823600
0.256000	-2.823900
0.256500	-2.827300
0.257000	-2.818900
0.257500	-2.834800
0.258000	-2.871000
0.258500	-2.881200
0.259000	-2.934600
0.259500	-2.925700
0.260000	-2.963200
0.260500	-2.940700
0.261000	-2.966600
0.261500	-2.971500
0.262000	-2.986300
0.262500	-3.013100
0.263000	-3.022200
0.263500	-3.044100
0.264000	-3.066500
0.264500	-3.052400
0.265000	-3.060700
0.265500	-3.045100
0.266000	-3.015200
0.266500	-2.958600
0.267000	-2.902200
0.267500	-2.913400
0.268000	-2.874100
0.268500	-2.891300
0.269000	-2.867100
0.269500	-2.873300
0.270000	-2.858600
0.270500	-2.839700
0.271000	-2.788700
0.271500	-2.743400
0.272000	-2.703200
0.272500	-2.632600
0.273000	-2.602600
0.273500	-2.553100
0.274000	-2.472800
0.274500	-2.416600
0.275000	-2.386500
0.275500	-2.336700
0.276000	-2.262900
0.276500	-2.222100
0.277000	-2.185100
0.277500	-2.146400
0.278000	-2.090300
0.278500	-2.043100
0.279000	-2.048500
0.279500	-1.970200
0.280000	-1.984700
0.280500	-1.968200
0.281000	-1.932100
0.281500	-1.902300
0.282000	-1.923100
0.282500	-1.923500
0.283000	-1.881900
0.283500	-1.895400
0.284000	-1.863100
0.284500	-1.828600
0.285000	-1.803400
0.285500	-1.784100
0.286000	-1.791200
0.286500	-1.789100
0.287000	-1.787400
0.287500	-1.783000
0.288000	-1.782300
0.288500	-1.796200
0.289000	-1.775400
0.289500	-1.786100
0.290000	-1.773500
0.290500	-1.808600
0.291000	-1.824900
0.291500	-1.854900
0.292000	-1.876700
0.292500	-1.921500
0.293000	-1.987700
0.293500	-2.016600
0.294000	-2.045000
0.294500	-2.107800
0.295000	-2.145600
0.295500	-2.151200
0.296000	-2.162100
0.296500	-2.210200
0.297000	-2.209000
0.297500	-2.176300
0.298000	-2.175200
0.298500	-2.155300
