0.000000	-0.156567
0.000500	-0.156567
0.001000	-0.156567
0.001500	-0.156567
0.002000	-0.156567
0.002500	-0.156567
0.003000	-0.156567
0.003500	-0.156567
0.004000	-0.162029
0.004500	-0.185026
0.005000	-0.200202
0.005500	-0.206785
0.006000	-0.203952
0.006500	-0.191995
0.007000	-0.172473
0.007500	-0.146497
0.008000	-0.115229
0.008500	-0.072831
0.009000	-0.019650
0.009500	0.033902
0.010000	0.077416
0.010500	0.104351
0.011000	0.118451
0.011500	0.120892
0.012000	0.112693
0.012500	0.090542
0.013000	0.053641
0.013500	0.015793
0.014000	-0.008847
0.014500	-0.016369
0.015000	-0.020938
0.015500	-0.022281
0.016000	-0.019570
0.016500	-0.012492
0.017000	-0.003376
0.017500	0.005970
0.018000	0.013901
0.018500	0.019508
0.019000	0.024615
0.019500	0.028901
0.020000	0.031741
0.020500	0.032629
0.021000	0.032295
0.021500	0.031262
0.022000	0.029855
0.022500	0.028205
0.023000	0.025109
0.023500	0.021342
0.024000	0.018186
0.024500	0.017104
0.025000	0.023677
0.025500	0.035708
0.026000	0.047320
0.026500	0.052828
0.027000	0.054291
0.027500	0.054871
0.028000	0.055374
0.028500	0.056609
0.029000	0.058607
0.029500	0.061345
0.030000	0.065531
0.030500	0.071885
0.031000	0.085968
0.031500	0.109022
0.032000	0.135277
0.032500	0.158958
0.033000	0.178058
0.033500	0.195503
0.034000	0.207428
0.034500	0.209826
0.035000	0.195407
0.035500	0.162206
0.036000	0.121721
0.036500	0.085828
0.037000	0.061696
0.037500	0.038689
0.038000	0.019103
0.038500	0.007106
0.039000	0.004805
0.039500	0.005982
0.040000	0.009481
0.040500	0.014940
0.041000	0.021914
0.041500	0.029393
0.042000	0.037166
0.042500	0.045232
0.043000	0.053936
0.043500	0.065531
0.044000	0.078192
0.044500	0.089156
0.045000	0.095016
0.045500	0.089904
0.046000	0.077899
0.046500	0.065053
0.047000	0.057264
0.047500	0.053878
0.048000	0.053359
0.048500	0.056179
0.049000	0.063059
0.049500	0.081856
0.050000	0.114062
0.050500	0.156863
0.051000	0.207444
0.051500	0.272510
0.052000	0.350644
0.052500	0.426814
0.053000	0.486022
0.053500	0.528412
0.054000	0.566698
0.054500	0.604631
0.055000	0.645975
0.055500	0.692227
0.056000	0.740057
0.056500	0.788820
0.057000	0.837969
0.057500	0.887762
0.058000	0.941161
0.058500	1.001205
0.059000	1.070890
0.059500	1.166436
0.060000	1.325263
0.060500	1.511029
0.061000	1.680316
0.061500	1.803270
0.062000	1.913027
0.062500	2.020049
0.063000	2.129806
0.063500	2.248254
0.064000	2.379093
0.064500	2.515566
0.065000	2.649624
0.065500	2.766140
0.066000	2.815225
0.066500	2.835181
0.067000	2.882818
0.067500	3.013497
0.068000	3.200502
0.068500	3.404407
0.069000	3.610080
0.069500	3.803202
0.070000	3.991495
0.070500	4.176086
0.071000	4.349091
0.071500	4.500370
0.072000	4.589045
0.072500	4.627508
0.073000	4.653579
0.073500	4.705722
0.074000	4.814192
0.074500	4.954205
0.075000	5.081504
0.075500	5.151993
0.076000	5.131715
0.076500	5.046903
0.077000	4.943261
0.077500	4.866496
0.078000	4.849758
0.078500	4.867300
0.079000	4.880818
0.079500	4.852494
0.080000	4.755129
0.080500	4.610771
0.081000	4.449514
0.081500	4.300811
0.082000	4.193950
0.082500	4.126358
0.083000	4.062145
0.083500	3.963653
0.084000	3.797569
0.084500	3.576123
0.085000	3.332469
0.085500	3.099918
0.086000	2.907280
0.086500	2.733149
0.087000	2.561754
0.087500	2.384404
0.088000	2.193536
0.088500	1.993977
0.089000	1.791361
0.089500	1.589646
0.090000	1.392823
0.090500	1.202840
0.091000	1.019584
0.091500	0.842926
0.092000	0.673446
0.092500	0.532725
0.093000	0.426685
0.093500	0.349405
0.094000	0.294816
0.094500	0.255693
0.095000	0.233628
0.095500	0.233130
0.096000	0.258734
0.096500	0.301092
0.097000	0.347634
0.097500	0.398023
0.098000	0.451904
0.098500	0.500281
0.099000	0.545407
0.099500	0.603858
0.100000	0.692163
0.100500	0.810224
0.101000	0.930764
0.101500	1.051948
0.102000	1.172874
0.102500	1.293011
0.103000	1.412891
0.103500	1.532739
0.104000	1.652796
0.104500	1.784601
0.105000	1.960825
0.105500	2.153302
0.106000	2.327916
0.106500	2.455215
0.107000	2.545017
0.107500	2.619529
0.108000	2.699996
0.108500	2.809110
0.109000	2.962481
0.109500	3.128565
0.110000	3.268899
0.110500	3.348884
0.111000	3.381875
0.111500	3.393785
0.112000	3.405855
0.112500	3.439490
0.113000	3.495978
0.113500	3.560835
0.114000	3.621829
0.114500	3.665442
0.115000	3.653211
0.115500	3.601712
0.116000	3.552144
0.116500	3.545063
0.117000	3.610563
0.117500	3.718550
0.118000	3.821065
0.118500	3.870150
0.119000	3.873208
0.119500	3.871599
0.120000	3.869024
0.120500	3.868702
0.121000	3.874496
0.121500	3.885761
0.122000	3.897831
0.122500	3.905556
0.123000	3.850034
0.123500	3.673167
0.124000	3.472160
0.124500	3.348240
0.125000	3.362242
0.125500	3.401992
0.126000	3.445927
0.126500	3.486965
0.127000	3.519635
0.127500	3.546672
0.128000	3.572744
0.128500	3.602517
0.129000	3.648383
0.129500	3.769084
0.130000	3.932110
0.130500	4.083228
0.131000	4.175282
0.131500	4.234023
0.132000	4.269268
0.132500	4.278924
0.133000	4.259450
0.133500	4.205055
0.134000	4.132634
0.134500	4.064237
0.135000	4.022233
0.135500	4.041867
0.136000	4.090952
0.136500	4.113805
0.137000	4.056029
0.137500	3.931628
0.138000	3.780349
0.138500	3.625369
0.139000	3.490184
0.139500	3.380910
0.140000	3.280326
0.140500	3.176845
0.141000	3.058398
0.141500	2.897785
0.142000	2.699996
0.142500	2.503174
0.143000	2.344814
0.143500	2.233126
0.144000	2.123851
0.144500	2.014899
0.145000	1.906429
0.145500	1.797476
0.146000	1.688202
0.146500	1.579555
0.147000	1.473065
0.147500	1.376037
0.148000	1.306642
0.148500	1.251152
0.149000	1.192717
0.149500	1.119749
0.150000	1.044110
0.150500	0.967634
0.151000	0.890273
0.151500	0.812670
0.152000	0.738077
0.152500	0.659396
0.153000	0.567471
0.153500	0.455090
0.154000	0.334937
0.154500	0.212289
0.155000	0.088573
0.155500	-0.034831
0.156000	-0.157983
0.156500	-0.281329
0.157000	-0.404927
0.157500	-0.529072
0.158000	-0.659493
0.158500	-0.796883
0.159000	-0.938553
0.159500	-1.081785
0.160000	-1.244506
0.160500	-1.429741
0.161000	-1.612402
0.161500	-1.767703
0.162000	-1.884381
0.162500	-1.978849
0.163000	-2.066880
0.163500	-2.163763
0.164000	-2.288326
0.164500	-2.437351
0.165000	-2.580583
0.165500	-2.687765
0.166000	-2.743288
0.166500	-2.772095
0.167000	-2.789959
0.167500	-2.811846
0.168000	-2.850148
0.168500	-2.900038
0.169000	-2.951376
0.169500	-2.994828
0.170000	-3.008186
0.170500	-2.954273
0.171000	-2.871070
0.171500	-2.803638
0.172000	-2.792212
0.172500	-2.818122
0.173000	-2.855137
0.173500	-2.883945
0.174000	-2.887807
0.174500	-2.881531
0.175000	-2.864954
0.175500	-2.831641
0.176000	-2.775635
0.176500	-2.701123
0.177000	-2.617920
0.177500	-2.535039
0.178000	-2.462457
0.178500	-2.414660
0.179000	-2.377484
0.179500	-2.326307
0.180000	-2.237310
0.180500	-2.106953
0.181000	-1.954066
0.181500	-1.796994
0.182000	-1.654406
0.182500	-1.526028
0.183000	-1.399614
0.183500	-1.274987
0.184000	-1.152097
0.184500	-1.027019
0.185000	-0.905401
0.185500	-0.801453
0.186000	-0.729355
0.186500	-0.696186
0.187000	-0.688574
0.187500	-0.696492
0.188000	-0.710220
0.188500	-0.722789
0.189000	-0.735454
0.189500	-0.748554
0.190000	-0.762282
0.190500	-0.777909
0.191000	-0.798009
0.191500	-0.818770
0.192000	-0.835781
0.192500	-0.842250
0.193000	-0.828732
0.193500	-0.801099
0.194000	-0.766643
0.194500	-0.731688
0.195000	-0.693064
0.195500	-0.650030
0.196000	-0.603472
0.196500	-0.552021
0.197000	-0.479971
0.197500	-0.395722
0.198000	-0.313549
0.198500	-0.247485
0.199000	-0.202214
0.199500	-0.186571
0.200000	-0.213785
0.200500	-0.296055
0.201000	-0.408371
0.201500	-0.533594
0.202000	-0.669664
0.202500	-0.814392
0.203000	-0.962066
0.203500	-1.110093
0.204000	-1.258089
0.204500	-1.405617
0.205000	-1.552438
0.205500	-1.698019
0.206000	-1.841411
0.206500	-1.981907
0.207000	-2.073961
0.207500	-2.102930
0.208000	-2.113552
0.208500	-2.150727
0.209000	-2.245679
0.209500	-2.372817
0.210000	-2.497863
0.210500	-2.587020
0.211000	-2.629346
0.211500	-2.660889
0.212000	-2.689053
0.212500	-2.719952
0.213000	-2.759542
0.213500	-2.806535
0.214000	-2.855459
0.214500	-2.900360
0.215000	-2.920477
0.215500	-2.873001
0.216000	-2.798649
0.216500	-2.746667
0.217000	-2.761312
0.217500	-2.826330
0.218000	-2.910338
0.218500	-2.987908
0.219000	-3.037315
0.219500	-3.075295
0.220000	-3.099597
0.220500	-3.099597
0.221000	-3.062904
0.221500	-2.977286
0.222000	-2.866564
0.222500	-2.761473
0.223000	-2.691306
0.223500	-2.649946
0.224000	-2.617276
0.224500	-2.581227
0.225000	-2.529567
0.225500	-2.452479
0.226000	-2.361391
0.226500	-2.273037
0.227000	-2.204319
0.227500	-2.173580
0.228000	-2.170039
0.228500	-2.167786
0.229000	-2.140428
0.229500	-2.076859
0.230000	-1.995426
0.230500	-1.914154
0.231000	-1.851389
0.231500	-1.812926
0.232000	-1.781383
0.232500	-1.756599
0.233000	-1.739540
0.233500	-1.732620
0.234000	-1.734712
0.234500	-1.735999
0.235000	-1.726665
0.235500	-1.703491
0.236000	-1.676615
0.236500	-1.648451
0.237000	-1.621414
0.237500	-1.597998
0.238000	-1.579008
0.238500	-1.560404
0.239000	-1.537744
0.239500	-1.503739
0.240000	-1.449568
0.240500	-1.386241
0.241000	-1.326518
0.241500	-1.281279
0.242000	-1.241496
0.242500	-1.202647
0.243000	-1.163524
0.243500	-1.121407
0.244000	-1.066239
0.244500	-1.009171
0.245000	-0.965816
0.245500	-0.951138
0.246000	-0.953392
0.246500	-0.960489
0.247000	-0.969356
0.247500	-0.977097
0.248000	-0.984742
0.248500	-0.992708
0.249000	-0.999869
0.249500	-1.004794
0.250000	-0.998678
0.250500	-0.981475
0.251000	-0.958316
0.251500	-0.934353
0.252000	-0.910197
0.252500	-0.884190
0.253000	-0.858038
0.253500	-0.833447
0.254000	-0.812574
0.254500	-0.795949
0.255000	-0.782656
0.255500	-0.771793
0.256000	-0.774642
0.256500	-0.803626
0.257000	-0.837052
0.257500	-0.852389
0.258000	-0.839997
0.258500	-0.815712
0.259000	-0.779309
0.259500	-0.729886
0.260000	-0.668956
0.260500	-0.605966
0.261000	-0.542172
0.261500	-0.477782
0.262000	-0.412024
0.262500	-0.342839
0.263000	-0.273540
0.263500	-0.207992
0.264000	-0.154532
0.264500	-0.129419
0.265000	-0.124674
0.265500	-0.129961
0.266000	-0.136120
0.266500	-0.145724
0.267000	-0.156860
0.267500	-0.165328
0.268000	-0.167195
0.268500	-0.163365
0.269000	-0.157466
0.269500	-0.152950
0.270000	-0.153166
0.270500	-0.157132
0.271000	-0.163944
0.271500	-0.174244
0.272000	-0.188615
0.272500	-0.206382
0.273000	-0.226499
0.273500	-0.248225
0.274000	-0.270885
0.274500	-0.294944
0.275000	-0.321048
0.275500	-0.349485
0.276000	-0.380529
0.276500	-0.421358
0.277000	-0.472954
0.277500	-0.526336
0.278000	-0.572508
0.278500	-0.608606
0.279000	-0.638491
0.279500	-0.663195
0.280000	-0.683778
0.280500	-0.701738
0.281000	-0.713792
0.281500	-0.711298
0.282000	-0.685516
0.282500	-0.638556
0.283000	-0.589100
0.283500	-0.538374
0.284000	-0.486971
0.284500	-0.435215
0.285000	-0.382670
0.285500	-0.329964
0.286000	-0.277821
0.286500	-0.227642
0.287000	-0.184946
0.287500	-0.155564
0.288000	-0.145189
0.288500	-0.154714
0.289000	-0.167533
0.289500	-0.181244
0.290000	-0.195407
0.290500	-0.209826
0.291000	-0.225646
0.291500	-0.241595
0.292000	-0.255870
0.292500	-0.265493
0.293000	-0.260665
0.293500	-0.244604
0.294000	-0.223586
0.294500	-0.203791
0.295000	-0.185847
0.295500	-0.167114
0.296000	-0.145877
0.296500	-0.120440
0.297000	-0.089686
0.297500	-0.056192
0.298000	-0.023406
0.298500	0.005366
0.299000	0.032063
0.299500	0.058582
0.300000	0.084996
0.300500	0.111379
0.301000	0.137612
0.301500	0.163509
0.302000	0.189034
0.302500	0.214172
0.303000	0.231858
0.303500	0.236364
0.304000	0.229589
0.304500	0.213447
0.305000	0.188840
0.305500	0.157624
0.306000	0.125435
0.306500	0.097977
0.307000	0.077757
0.307500	0.059642
0.308000	0.041336
0.308500	0.020690
0.309000	-0.003170
0.309500	-0.028238
0.310000	-0.053787
0.310500	-0.079152
0.311000	-0.103700
0.311500	-0.126966
0.312000	-0.148467
0.312500	-0.167710
0.313000	-0.179217
0.313500	-0.165698
0.314000	-0.133041
0.314500	-0.089549
0.315000	-0.041489
0.315500	0.020696
0.316000	0.089906
0.316500	0.154178
0.317000	0.203212
0.317500	0.242448
0.318000	0.269839
0.318500	0.279978
0.319000	0.269018
0.319500	0.248113
0.320000	0.221526
0.320500	0.190353
0.321000	0.155661
0.321500	0.116648
0.322000	0.075246
0.322500	0.034794
0.323000	-0.001409
0.323500	-0.031789
0.324000	-0.054500
0.324500	-0.067020
0.325000	-0.066828
0.325500	-0.053335
0.326000	-0.029660
0.326500	0.001149
0.327000	0.036049
0.327500	0.077052
0.328000	0.123551
0.328500	0.168579
0.329000	0.205143
0.329500	0.231359
0.330000	0.250446
0.330500	0.263096
0.331000	0.270016
0.331500	0.273025
0.332000	0.273540
0.332500	0.269485
0.333000	0.258718
0.333500	0.241868
0.334000	0.223699
0.334500	0.204290
0.335000	0.183594
0.335500	0.161353
0.336000	0.137472
0.336500	0.113473
0.337000	0.091013
0.337500	0.071532
0.338000	0.054555
0.338500	0.038750
0.339000	0.022804
0.339500	0.004894
0.340000	-0.016509
0.340500	-0.038619
0.341000	-0.058308
0.341500	-0.068817
0.342000	-0.056855
0.342500	-0.028521
0.343000	0.008166
0.343500	0.047270
0.344000	0.098685
0.344500	0.155443
0.345000	0.205674
0.345500	0.237942
0.346000	0.257962
0.346500	0.272655
0.347000	0.283341
0.347500	0.291243
0.348000	0.294655
0.348500	0.295411
0.349000	0.297342
0.349500	0.304359
0.350000	0.319921
0.350500	0.343305
0.351000	0.372676
0.351500	0.406279
0.352000	0.452354
0.352500	0.511932
0.353000	0.572379
0.353500	0.621046
0.354000	0.655116
0.354500	0.678274
0.355000	0.687657
0.355500	0.680398
0.356000	0.660410
0.356500	0.633631
0.357000	0.600317
0.357500	0.560663
0.358000	0.516744
0.358500	0.471538
0.359000	0.423563
0.359500	0.371211
0.360000	0.312583
0.360500	0.248788
0.361000	0.184238
0.361500	0.123427
0.362000	0.069546
0.362500	0.019051
0.363000	-0.030285
0.363500	-0.080269
0.364000	-0.133081
0.364500	-0.189935
0.365000	-0.248064
0.365500	-0.304407
0.366000	-0.355568
0.366500	-0.396977
0.367000	-0.425301
0.367500	-0.437371
0.368000	-0.431513
0.368500	-0.420039
0.369000	-0.407534
0.369500	-0.395368
0.370000	-0.384746
0.370500	-0.374655
0.371000	-0.364790
0.371500	-0.355295
0.372000	-0.346588
0.372500	-0.346975
0.373000	-0.354313
0.373500	-0.360702
0.374000	-0.358465
0.374500	-0.346926
0.375000	-0.326809
0.375500	-0.296731
0.376000	-0.255532
0.376500	-0.209279
0.377000	-0.161578
0.377500	-0.112867
0.378000	-0.063558
0.378500	-0.012694
0.379000	0.039765
0.379500	0.092021
0.380000	0.142268
0.380500	0.184061
0.381000	0.212691
0.381500	0.228929
0.382000	0.233580
0.382500	0.228704
0.383000	0.218082
0.383500	0.203212
0.384000	0.185509
0.384500	0.161916
0.385000	0.129831
0.385500	0.100014
0.386000	0.083546
0.386500	0.084241
0.387000	0.091070
0.387500	0.101550
0.388000	0.113563
0.388500	0.126589
0.389000	0.143603
0.389500	0.159898
0.390000	0.169979
0.390500	0.170590
0.391000	0.168466
0.391500	0.165505
0.392000	0.162785
0.392500	0.161095
0.393000	0.159690
0.393500	0.158339
0.394000	0.156897
0.394500	0.155109
0.395000	0.151829
0.395500	0.146775
0.396000	0.139939
0.396500	0.131078
0.397000	0.118329
0.397500	0.101867
0.398000	0.082416
0.398500	0.060709
0.399000	0.037525
0.399500	0.013042
0.400000	-0.012748
0.400500	-0.039902
0.401000	-0.069445
0.401500	-0.100516
0.402000	-0.131368
0.402500	-0.160192
0.403000	-0.184350
0.403500	-0.205079
0.404000	-0.225035
0.404500	-0.246889
0.405000	-0.281008
0.405500	-0.326600
0.406000	-0.369586
0.406500	-0.395883
0.407000	-0.395657
0.407500	-0.373513
0.408000	-0.336964
0.408500	-0.293528
0.409000	-0.244974
0.409500	-0.187907
0.410000	-0.131384
0.410500	-0.084769
0.411000	-0.051485
0.411500	-0.023673
0.412000	-0.001290
0.412500	0.015394
0.413000	0.026152
0.413500	0.032832
0.414000	0.038922
0.414500	0.047929
0.415000	0.062737
0.415500	0.081673
0.416000	0.102016
0.416500	0.121163
0.417000	0.137057
0.417500	0.149848
0.418000	0.158298
0.418500	0.160950
0.419000	0.153976
0.419500	0.131268
0.420000	0.102108
0.420500	0.077170
0.421000	0.065404
0.421500	0.058210
0.422000	0.052500
0.422500	0.048407
0.423000	0.046317
0.423500	0.047785
0.424000	0.050820
0.424500	0.052687
0.425000	0.050635
0.425500	0.042434
0.426000	0.028373
0.426500	0.009296
0.427000	-0.014126
0.427500	-0.045229
0.428000	-0.080585
0.428500	-0.113401
0.429000	-0.137190
0.429500	-0.156676
0.430000	-0.175982
0.430500	-0.195181
0.431000	-0.214365
0.431500	-0.233789
0.432000	-0.253246
0.432500	-0.272092
0.433000	-0.289682
0.433500	-0.292064
0.434000	-0.272848
0.434500	-0.242770
0.435000	-0.212546
0.435500	-0.185767
0.436000	-0.155120
0.436500	-0.124834
0.437000	-0.099541
0.437500	-0.084569
0.438000	-0.081500
0.438500	-0.086765
0.439000	-0.096697
0.439500	-0.111315
0.440000	-0.133421
0.440500	-0.157490
0.441000	-0.177768
0.441500	-0.190321
0.442000	-0.197273
0.442500	-0.194296
0.443000	-0.176288
0.443500	-0.140174
0.444000	-0.093892
0.444500	-0.043819
0.445000	0.004277
0.445500	0.046521
0.446000	0.086938
0.446500	0.125271
0.447000	0.160547
0.447500	0.190852
0.448000	0.207493
0.448500	0.210261
0.449000	0.201200
0.449500	0.181614
0.450000	0.148549
0.450500	0.109522
0.451000	0.074369
0.451500	0.051383
0.452000	0.033466
0.452500	0.019121
0.453000	0.009804
0.453500	0.006908
0.454000	0.009457
0.454500	0.016457
0.455000	0.027727
0.455500	0.043101
0.456000	0.062636
0.456500	0.085694
0.457000	0.111373
0.457500	0.138761
0.458000	0.175563
0.458500	0.222588
0.459000	0.268600
0.459500	0.302347
0.460000	0.317089
0.460500	0.316156
0.461000	0.303377
0.461500	0.282617
0.462000	0.250510
0.462500	0.208748
0.463000	0.168724
0.463500	0.141783
0.464000	0.131137
0.464500	0.123958
0.465000	0.117604
0.465500	0.109849
0.466000	0.100030
0.466500	0.089573
0.467000	0.077166
0.467500	0.061403
0.468000	0.034768
0.468500	-0.009903
0.469000	-0.061825
0.469500	-0.109744
0.470000	-0.146853
0.470500	-0.182017
0.471000	-0.210213
0.471500	-0.224552
0.472000	-0.220850
0.472500	-0.208136
0.473000	-0.192043
0.473500	-0.177366
0.474000	-0.168128
0.474500	-0.162672
0.475000	-0.157867
0.475500	-0.150638
0.476000	-0.136511
0.476500	-0.104128
0.477000	-0.061446
0.477500	-0.020566
0.478000	0.008134
0.478500	0.031340
0.479000	0.049257
0.479500	0.058772
0.480000	0.056771
0.480500	0.042372
0.481000	0.021385
0.481500	0.000783
0.482000	-0.012723
0.482500	-0.022349
0.483000	-0.029966
0.483500	-0.033627
0.484000	-0.031316
0.484500	-0.020326
0.485000	-0.003635
0.485500	0.013891
0.486000	0.027388
0.486500	0.033882
0.487000	0.035565
0.487500	0.035325
0.488000	0.036048
0.488500	-0.003016
0.489000	-0.081088
0.489500	-0.132990
0.490000	-0.036041
0.490500	1608475.000000
0.491000	5671167.500000
0.491500	11044767.000000
0.492000	16587509.000000
0.492500	21631192.000000
0.493000	26694190.000000
0.493500	31914900.000000
