0.000000	-0.001973
0.000500	-0.006759
0.001000	-0.012214
0.001500	-0.017600
0.002000	-0.022575
0.002500	-0.027336
0.003000	-0.032425
0.003500	-0.037793
0.004000	-0.043353
0.004500	-0.048322
0.005000	-0.052798
0.005500	-0.057467
0.006000	-0.061666
0.006500	-0.065448
0.007000	-0.069224
0.007500	-0.072780
0.008000	-0.076229
0.008500	-0.079353
0.009000	-0.081953
0.009500	-0.084238
0.010000	-0.086827
0.010500	-0.089489
0.011000	-0.091593
0.011500	-0.093656
0.012000	-0.096088
0.012500	-0.098566
0.013000	-0.100700
0.013500	-0.102740
0.014000	-0.104080
0.014500	-0.105100
0.015000	-0.106740
0.015500	-0.107520
0.016000	-0.107790
0.016500	-0.108270
0.017000	-0.108840
0.017500	-0.109240
0.018000	-0.109710
0.018500	-0.109740
0.019000	-0.109490
0.019500	-0.109600
0.020000	-0.109620
0.020500	-0.109450
0.021000	-0.109430
0.021500	-0.109720
0.022000	-0.109670
0.022500	-0.109620
0.023000	-0.109330
0.023500	-0.108850
0.024000	-0.108410
0.024500	-0.108300
0.025000	-0.108410
0.025500	-0.108180
0.026000	-0.107460
0.026500	-0.107050
0.027000	-0.106930
0.027500	-0.106660
0.028000	-0.105680
0.028500	-0.104680
0.029000	-0.103870
0.029500	-0.102680
0.030000	-0.101490
0.030500	-0.099959
0.031000	-0.098432
0.031500	-0.096349
0.032000	-0.093853
0.032500	-0.091812
0.033000	-0.089622
0.033500	-0.087059
0.034000	-0.084923
0.034500	-0.083131
0.035000	-0.080900
0.035500	-0.078684
0.036000	-0.076306
0.036500	-0.073908
0.037000	-0.071674
0.037500	-0.069454
0.038000	-0.067792
0.038500	-0.065136
0.039000	-0.061345
0.039500	-0.058086
0.040000	-0.055001
0.040500	-0.051662
0.041000	-0.047957
0.041500	-0.044039
0.042000	-0.040724
0.042500	-0.036860
0.043000	-0.032829
0.043500	-0.029153
0.044000	-0.024662
0.044500	-0.019530
0.045000	-0.014073
0.045500	-0.008851
0.046000	-0.003945
0.046500	0.000862
0.047000	0.005265
0.047500	0.008771
0.048000	0.011522
0.048500	0.013722
0.049000	0.015688
0.049500	0.016868
0.050000	0.018086
0.050500	0.020209
0.051000	0.022002
0.051500	0.023653
0.052000	0.024604
0.052500	0.024665
0.053000	0.024411
0.053500	0.024025
0.054000	0.023051
0.054500	0.021289
0.055000	0.018691
0.055500	0.015321
0.056000	0.012285
0.056500	0.010036
0.057000	0.008727
0.057500	0.008941
0.058000	0.010650
0.058500	0.013499
0.059000	0.017418
0.059500	0.021971
0.060000	0.026990
0.060500	0.033623
0.061000	0.042606
0.061500	0.054088
0.062000	0.069915
0.062500	0.089945
0.063000	0.113150
0.063500	0.138610
0.064000	0.163120
0.064500	0.184300
0.065000	0.200070
0.065500	0.208970
0.066000	0.211340
0.066500	0.209880
0.067000	0.208730
0.067500	0.211840
0.068000	0.222160
0.068500	0.240660
0.069000	0.267220
0.069500	0.300390
0.070000	0.337000
0.070500	0.374250
0.071000	0.410120
0.071500	0.444200
0.072000	0.477750
0.072500	0.512510
0.073000	0.550180
0.073500	0.593150
0.074000	0.643050
0.074500	0.698400
0.075000	0.758700
0.075500	0.823190
0.076000	0.890820
0.076500	0.960300
0.077000	1.031900
0.077500	1.106900
0.078000	1.185400
0.078500	1.268000
0.079000	1.354000
0.079500	1.442800
0.080000	1.534700
0.080500	1.630600
0.081000	1.732200
0.081500	1.841400
0.082000	1.959000
0.082500	2.086200
0.083000	2.224600
0.083500	2.375300
0.084000	2.541000
0.084500	2.725500
0.085000	2.933000
0.085500	3.169200
0.086000	3.442700
0.086500	3.754500
0.087000	4.106200
0.087500	4.500800
0.088000	4.935700
0.088500	5.411700
0.089000	5.930000
0.089500	6.491000
0.090000	7.095000
0.090500	7.744100
0.091000	8.443000
0.091500	9.195000
0.092000	9.998700
0.092500	10.852000
0.093000	11.750000
0.093500	12.683000
0.094000	13.636000
0.094500	14.596000
0.095000	15.548000
0.095500	16.481001
0.096000	17.389999
0.096500	18.267000
0.097000	19.114000
0.097500	19.931000
0.098000	20.725000
0.098500	21.504000
0.099000	22.278999
0.099500	23.056999
0.100000	23.844000
0.100500	24.643999
0.101000	25.450001
0.101500	26.250999
0.102000	27.033001
0.102500	27.780001
0.103000	28.485001
0.103500	29.143000
0.104000	29.761000
0.104500	30.344999
0.105000	30.906000
0.105500	31.455000
0.106000	31.997000
0.106500	32.533001
0.107000	33.061001
0.107500	33.574001
0.108000	34.066002
0.108500	34.529999
0.109000	34.962002
0.109500	35.358002
0.110000	35.716000
0.110500	36.040001
0.111000	36.331001
0.111500	36.587002
0.112000	36.808998
0.112500	36.993999
0.113000	37.133999
0.113500	37.208000
0.114000	37.200001
0.114500	37.095001
0.115000	36.872002
0.115500	36.526001
0.116000	36.063000
0.116500	35.507999
0.117000	34.887001
0.117500	34.236000
0.118000	33.584000
0.118500	32.957001
0.119000	32.365002
0.119500	31.806000
0.120000	31.271999
0.120500	30.743999
0.121000	30.202999
0.121500	29.634001
0.122000	29.028999
0.122500	28.384001
0.123000	27.702000
0.123500	26.990999
0.124000	26.264000
0.124500	25.533001
0.125000	24.809999
0.125500	24.104000
0.126000	23.420000
0.126500	22.760000
0.127000	22.122999
0.127500	21.503000
0.128000	20.899000
0.128500	20.306999
0.129000	19.730000
0.129500	19.171000
0.130000	18.635000
0.130500	18.131001
0.131000	17.662001
0.131500	17.233999
0.132000	16.848000
0.132500	16.504000
0.133000	16.200001
0.133500	15.931000
0.134000	15.691000
0.134500	15.473000
0.135000	15.269000
0.135500	15.073000
0.136000	14.884000
0.136500	14.700000
0.137000	14.522000
0.137500	14.350000
0.138000	14.189000
0.138500	14.040000
0.139000	13.904000
0.139500	13.782000
0.140000	13.676000
0.140500	13.587000
0.141000	13.517000
0.141500	13.464000
0.142000	13.427000
0.142500	13.403000
0.143000	13.385000
0.143500	13.366000
0.144000	13.339000
0.144500	13.300000
0.145000	13.247000
0.145500	13.176000
0.146000	13.088000
0.146500	12.980000
0.147000	12.851000
0.147500	12.702000
0.148000	12.534000
0.148500	12.350000
0.149000	12.155000
0.149500	11.952000
0.150000	11.745000
0.150500	11.537000
0.151000	11.325000
0.151500	11.112000
0.152000	10.892000
0.152500	10.663000
0.153000	10.422000
0.153500	10.167000
0.154000	9.898100
0.154500	9.615600
0.155000	9.321200
0.155500	9.017000
0.156000	8.703200
0.156500	8.381000
0.157000	8.052300
0.157500	7.718100
0.158000	7.380400
0.158500	7.043700
0.159000	6.712500
0.159500	6.388600
0.160000	6.072200
0.160500	5.761900
0.161000	5.454800
0.161500	5.146500
0.162000	4.832500
0.162500	4.508700
0.163000	4.173200
0.163500	3.828200
0.164000	3.479000
0.164500	3.131000
0.165000	2.787300
0.165500	2.449600
0.166000	2.117800
0.166500	1.788300
0.167000	1.454800
0.167500	1.112400
0.168000	0.758540
0.168500	0.393160
0.169000	0.018606
0.169500	-0.360650
0.170000	-0.737910
0.170500	-1.108000
0.171000	-1.467700
0.171500	-1.814000
0.172000	-2.144800
0.172500	-2.460300
0.173000	-2.761000
0.173500	-3.049100
0.174000	-3.327900
0.174500	-3.600100
0.175000	-3.868000
0.175500	-4.133700
0.176000	-4.398100
0.176500	-4.661400
0.177000	-4.921000
0.177500	-5.174200
0.178000	-5.418700
0.178500	-5.654400
0.179000	-5.882800
0.179500	-6.104900
0.180000	-6.324000
0.180500	-6.542000
0.181000	-6.761300
0.181500	-6.985000
0.182000	-7.214600
0.182500	-7.450500
0.183000	-7.693100
0.183500	-7.940300
0.184000	-8.189200
0.184500	-8.437300
0.185000	-8.681900
0.185500	-8.925300
0.186000	-9.164200
0.186500	-9.396600
0.187000	-9.625100
0.187500	-9.846100
0.188000	-10.058000
0.188500	-10.263000
0.189000	-10.459000
0.189500	-10.645000
0.190000	-10.828000
0.190500	-11.008000
0.191000	-11.186000
0.191500	-11.364000
0.192000	-11.541000
0.192500	-11.713000
0.193000	-11.879000
0.193500	-12.036000
0.194000	-12.181000
0.194500	-12.310000
0.195000	-12.423000
0.195500	-12.519000
0.196000	-12.601000
0.196500	-12.669000
0.197000	-12.725000
0.197500	-12.772000
0.198000	-12.811000
0.198500	-12.844000
0.199000	-12.872000
0.199500	-12.895000
0.200000	-12.915000
0.200500	-12.933000
0.201000	-12.948000
0.201500	-12.959000
0.202000	-12.966000
0.202500	-12.969000
0.203000	-12.965000
0.203500	-12.954000
0.204000	-12.935000
0.204500	-12.908000
0.205000	-12.873000
0.205500	-12.832000
0.206000	-12.786000
0.206500	-12.736000
0.207000	-12.683000
0.207500	-12.629000
0.208000	-12.576000
0.208500	-12.524000
0.209000	-12.475000
0.209500	-12.429000
0.210000	-12.386000
0.210500	-12.344000
0.211000	-12.304000
0.211500	-12.265000
0.212000	-12.226000
0.212500	-12.185000
0.213000	-12.143000
0.213500	-12.096000
0.214000	-12.045000
0.214500	-11.988000
0.215000	-11.927000
0.215500	-11.863000
0.216000	-11.797000
0.216500	-11.733000
0.217000	-11.670000
0.217500	-11.612000
0.218000	-11.559000
0.218500	-11.509000
0.219000	-11.461000
0.219500	-11.413000
0.220000	-11.364000
0.220500	-11.311000
0.221000	-11.256000
0.221500	-11.197000
0.222000	-11.134000
0.222500	-11.070000
0.223000	-11.004000
0.223500	-10.937000
0.224000	-10.869000
0.224500	-10.802000
0.225000	-10.735000
0.225500	-10.669000
0.226000	-10.601000
0.226500	-10.535000
0.227000	-10.469000
0.227500	-10.405000
0.228000	-10.340000
0.228500	-10.277000
0.229000	-10.215000
0.229500	-10.154000
0.230000	-10.093000
0.230500	-10.033000
0.231000	-9.974100
0.231500	-9.914800
0.232000	-9.856400
0.232500	-9.799000
0.233000	-9.742300
0.233500	-9.686500
0.234000	-9.631000
0.234500	-9.575200
0.235000	-9.518700
0.235500	-9.462300
0.236000	-9.405500
0.236500	-9.348300
0.237000	-9.291400
0.237500	-9.235200
0.238000	-9.179500
0.238500	-9.124900
0.239000	-9.071500
0.239500	-9.019100
0.240000	-8.967200
0.240500	-8.915100
0.241000	-8.863300
0.241500	-8.811400
0.242000	-8.759600
0.242500	-8.706700
0.243000	-8.653400
0.243500	-8.600000
0.244000	-8.546200
0.244500	-8.492300
0.245000	-8.438800
0.245500	-8.385100
0.246000	-8.331900
0.246500	-8.279100
0.247000	-8.225400
0.247500	-8.170900
0.248000	-8.115700
0.248500	-8.059900
0.249000	-8.004400
0.249500	-7.947500
0.250000	-7.889700
0.250500	-7.832500
0.251000	-7.774500
0.251500	-7.716200
0.252000	-7.657400
0.252500	-7.598600
0.253000	-7.540000
0.253500	-7.481500
0.254000	-7.423600
0.254500	-7.366300
0.255000	-7.309300
0.255500	-7.252900
0.256000	-7.197200
0.256500	-7.141500
0.257000	-7.085900
0.257500	-7.030700
0.258000	-6.976300
0.258500	-6.922600
0.259000	-6.869500
0.259500	-6.816300
0.260000	-6.762100
0.260500	-6.706200
0.261000	-6.648200
0.261500	-6.588600
0.262000	-6.527500
0.262500	-6.465600
0.263000	-6.403600
0.263500	-6.341500
0.264000	-6.279800
0.264500	-6.217900
0.265000	-6.155500
0.265500	-6.091900
0.266000	-6.026400
0.266500	-5.959000
0.267000	-5.889300
0.267500	-5.819200
0.268000	-5.749900
0.268500	-5.682300
0.269000	-5.617300
0.269500	-5.554200
0.270000	-5.493000
0.270500	-5.432200
0.271000	-5.370400
0.271500	-5.305900
0.272000	-5.238700
0.272500	-5.168000
0.273000	-5.093800
0.273500	-5.017000
0.274000	-4.936900
0.274500	-4.853400
0.275000	-4.768100
0.275500	-4.681500
0.276000	-4.593600
0.276500	-4.504700
0.277000	-4.416300
0.277500	-4.328800
0.278000	-4.241700
0.278500	-4.155200
0.279000	-4.070600
0.279500	-3.987200
0.280000	-3.905300
0.280500	-3.826200
0.281000	-3.748700
0.281500	-3.672600
0.282000	-3.598800
0.282500	-3.527600
0.283000	-3.457100
0.283500	-3.387300
0.284000	-3.318200
0.284500	-3.248000
0.285000	-3.177300
0.285500	-3.106900
0.286000	-3.037600
0.286500	-2.970100
0.287000	-2.904700
0.287500	-2.841600
0.288000	-2.780500
0.288500	-2.721900
0.289000	-2.665500
0.289500	-2.611000
0.290000	-2.558500
0.290500	-2.508500
0.291000	-2.461800
0.291500	-2.418000
0.292000	-2.377200
0.292500	-2.339800
0.293000	-2.306400
0.293500	-2.275800
0.294000	-2.246600
0.294500	-2.218800
0.295000	-2.191800
0.295500	-2.163700
0.296000	-2.133300
0.296500	-2.101000
0.297000	-2.066400
0.297500	-2.028300
0.298000	-1.987000
0.298500	-1.943500
