0.000000	75.636116
0.000500	75.636116
0.001000	75.636116
0.001500	75.636116
0.002000	75.636116
0.002500	75.636116
0.003000	75.636116
0.003500	75.636116
0.004000	75.643738
0.004500	75.669136
0.005000	75.679306
0.005500	75.671677
0.006000	75.648819
0.006500	75.592934
0.007000	75.504044
0.007500	75.420219
0.008000	75.371956
0.008500	75.374496
0.009000	75.399895
0.009500	75.427841
0.010000	75.440544
0.010500	75.422760
0.011000	75.384659
0.011500	75.344017
0.012000	75.323700
0.012500	75.336403
0.013000	75.379578
0.013500	75.432922
0.014000	75.471016
0.014500	75.488800
0.015000	75.493881
0.015500	75.478645
0.016000	75.440544
0.016500	75.366875
0.017000	75.257660
0.017500	75.117958
0.018000	74.950317
0.018500	74.767441
0.019000	74.574402
0.019500	74.373741
0.020000	74.168007
0.020500	73.954643
0.021000	73.705719
0.021500	73.441566
0.022000	73.197716
0.022500	73.007217
0.023000	72.915779
0.023500	72.910706
0.024000	72.971657
0.024500	73.080872
0.025000	73.215500
0.025500	73.362823
0.026000	73.502518
0.026500	73.619362
0.027000	73.723495
0.027500	73.820015
0.028000	73.921623
0.028500	74.030838
0.029000	74.157845
0.029500	74.294998
0.030000	74.434700
0.030500	74.566772
0.031000	74.688705
0.031500	74.797913
0.032000	74.891891
0.032500	74.960480
0.033000	74.996040
0.033500	74.980797
0.034000	74.927460
0.034500	74.843636
0.035000	74.747124
0.035500	74.645523
0.036000	74.533760
0.036500	74.406761
0.037000	74.259438
0.037500	74.112114
0.038000	73.962265
0.038500	73.812393
0.039000	73.665077
0.039500	73.520302
0.040000	73.375519
0.040500	73.233276
0.041000	73.093575
0.041500	72.976738
0.042000	72.887840
0.042500	72.824333
0.043000	72.786240
0.043500	72.760834
0.044000	72.737976
0.044500	72.715118
0.045000	72.687180
0.045500	72.656700
0.046000	72.623680
0.046500	72.588120
0.047000	72.544937
0.047500	72.486519
0.048000	72.417938
0.048500	72.344284
0.049000	72.268082
0.049500	72.179184
0.050000	72.080124
0.050500	71.988678
0.051000	71.917557
0.051500	71.881996
0.052000	71.874382
0.052500	71.874382
0.053000	71.866760
0.053500	71.871841
0.054000	71.889626
0.054500	71.864220
0.055000	71.742302
0.055500	71.503532
0.056000	71.188576
0.056500	70.835518
0.057000	70.482452
0.057500	70.144638
0.058000	69.809357
0.058500	69.471535
0.059000	69.128639
0.059500	68.778122
0.060000	68.402199
0.060500	68.008499
0.061000	67.604637
0.061500	67.198242
0.062000	66.776596
0.062500	66.324478
0.063000	65.819016
0.063500	65.250061
0.064000	64.635376
0.064500	63.990219
0.065000	63.332363
0.065500	62.671959
0.066000	62.006481
0.066500	61.333382
0.067000	60.650116
0.067500	59.954159
0.068000	59.220100
0.068500	58.432697
0.069000	57.581799
0.069500	56.662319
0.070000	55.681877
0.070500	54.660797
0.071000	53.616859
0.071500	52.565300
0.072000	51.475636
0.072500	50.358040
0.073000	49.245518
0.073500	48.166019
0.074000	47.175423
0.074500	46.314358
0.075000	45.592999
0.075500	45.024040
0.076000	44.566841
0.076500	44.178223
0.077000	43.853100
0.077500	43.599098
0.078000	43.393360
0.078500	43.187618
0.079000	42.984417
0.079500	42.783760
0.080000	42.585636
0.080500	42.395142
0.081000	42.199558
0.081500	41.998898
0.082000	41.770302
0.082500	41.457882
0.083000	41.107361
0.083500	40.764458
0.084000	40.462200
0.084500	40.165020
0.085000	39.880535
0.085500	39.623997
0.086000	39.403023
0.086500	39.217598
0.087000	39.055042
0.087500	38.907722
0.088000	38.762943
0.088500	38.620701
0.089000	38.488621
0.089500	38.366699
0.090000	38.262562
0.090500	38.193977
0.091000	38.150799
0.091500	38.125401
0.092000	38.102543
0.092500	38.133018
0.093000	38.196518
0.093500	38.239700
0.094000	38.214298
0.094500	38.102543
0.095000	37.927277
0.095500	37.708839
0.096000	37.470081
0.096500	37.198299
0.097000	36.890957
0.097500	36.578541
0.098000	36.296600
0.098500	36.024818
0.099000	35.783520
0.099500	35.664139
0.100000	35.765739
0.100500	36.070541
0.101000	36.400738
0.101500	36.738560
0.102000	37.071301
0.102500	37.393879
0.103000	37.716461
0.103500	38.033962
0.104000	38.348915
0.104500	38.607998
0.105000	38.648640
0.105500	38.506401
0.106000	38.234623
0.106500	37.886642
0.107000	37.480240
0.107500	36.995102
0.108000	36.415977
0.108500	35.730179
0.109000	35.001198
0.109500	34.249359
0.110000	33.469582
0.110500	32.672016
0.111000	31.884623
0.111500	31.074360
0.112000	30.198059
0.112500	29.212540
0.113000	28.143202
0.113500	27.038298
0.114000	25.933399
0.114500	24.855677
0.115000	23.813261
0.115500	22.779482
0.116000	21.728939
0.116500	20.636229
0.117000	19.512280
0.117500	18.385534
0.118000	17.258030
0.118500	16.130270
0.119000	15.004797
0.119500	13.880083
0.120000	12.752578
0.120500	11.618468
0.121000	10.432796
0.121500	9.141460
0.122000	7.806182
0.122500	6.490716
0.123000	5.221478
0.123500	3.953256
0.124000	2.687574
0.124500	1.427505
0.125000	0.175209
0.125500	-1.074699
0.126000	-2.323617
0.126500	-3.572256
0.127000	-4.819396
0.127500	-6.061202
0.128000	-7.301738
0.128500	-8.547099
0.129000	-9.811004
0.129500	-11.154664
0.130000	-12.550649
0.130500	-13.951457
0.131000	-15.314167
0.131500	-16.658083
0.132000	-17.988279
0.132500	-19.299683
0.133000	-20.581114
0.133500	-21.781261
0.134000	-22.905973
0.134500	-23.976074
0.135000	-25.012140
0.135500	-26.027382
0.136000	-27.012901
0.136500	-27.942539
0.137000	-28.803598
0.137500	-29.629099
0.138000	-30.441900
0.138500	-31.247082
0.139000	-32.044643
0.139500	-32.852360
0.140000	-33.665157
0.140500	-34.444939
0.141000	-35.161221
0.141500	-35.829239
0.142000	-36.489639
0.142500	-37.150040
0.143000	-37.810440
0.143500	-38.473381
0.144000	-39.138863
0.144500	-39.804340
0.145000	-40.469818
0.145500	-41.117519
0.146000	-41.711880
0.146500	-42.260521
0.147000	-42.760902
0.147500	-43.210480
0.148000	-43.581322
0.148500	-43.886120
0.149000	-44.142658
0.149500	-44.363640
0.150000	-44.559219
0.150500	-44.729401
0.151000	-44.874180
0.151500	-44.991020
0.152000	-45.082458
0.152500	-45.133259
0.153000	-45.133259
0.153500	-45.069759
0.154000	-44.955460
0.154500	-44.795437
0.155000	-44.592239
0.155500	-44.350937
0.156000	-44.074081
0.156500	-43.784519
0.157000	-43.500038
0.157500	-43.235878
0.158000	-42.984417
0.158500	-42.745659
0.159000	-42.534840
0.159500	-42.369740
0.160000	-42.257980
0.160500	-42.181778
0.161000	-42.113201
0.161500	-42.026840
0.162000	-41.917618
0.162500	-41.800777
0.163000	-41.673779
0.163500	-41.536621
0.164000	-41.374062
0.164500	-41.135300
0.165000	-40.830498
0.165500	-40.464737
0.166000	-40.025318
0.166500	-39.491920
0.167000	-38.869621
0.167500	-38.171120
0.168000	-37.391338
0.168500	-36.527737
0.169000	-35.643818
0.169500	-34.808159
0.170000	-34.066479
0.170500	-33.357822
0.171000	-32.666939
0.171500	-31.996376
0.172000	-31.346138
0.172500	-30.726379
0.173000	-30.134560
0.173500	-29.568142
0.174000	-29.029659
0.174500	-28.572458
0.175000	-28.201620
0.175500	-27.901901
0.176000	-27.668221
0.176500	-27.538679
0.177000	-27.510738
0.177500	-27.561543
0.178000	-27.680920
0.178500	-27.848560
0.179000	-28.100019
0.179500	-28.475939
0.180000	-29.016960
0.180500	-29.654501
0.181000	-30.337759
0.181500	-31.061661
0.182000	-31.818581
0.182500	-32.618679
0.183000	-33.449257
0.183500	-34.269680
0.184000	-35.036762
0.184500	-35.740337
0.185000	-36.395657
0.185500	-37.000179
0.186000	-37.551357
0.186500	-38.056816
0.187000	-38.544502
0.187500	-39.016941
0.188000	-39.481758
0.188500	-39.921181
0.189000	-40.332661
0.189500	-40.741600
0.190000	-41.186100
0.190500	-41.699177
0.191000	-42.303699
0.191500	-42.941238
0.192000	-43.555920
0.192500	-44.107101
0.193000	-44.643036
0.193500	-45.173897
0.194000	-45.689518
0.194500	-46.192440
0.195000	-46.680119
0.195500	-47.155102
0.196000	-47.622456
0.196500	-48.089821
0.197000	-48.562263
0.197500	-49.006760
0.198000	-49.377598
0.198500	-49.631599
0.199000	-49.827179
0.199500	-50.004982
0.200000	-50.177700
0.200500	-50.350422
0.201000	-50.518059
0.201500	-50.683159
0.202000	-50.853336
0.202500	-51.036221
0.203000	-51.285137
0.203500	-51.595020
0.204000	-51.915062
0.204500	-52.199539
0.205000	-52.440842
0.205500	-52.661816
0.206000	-52.852322
0.206500	-53.004723
0.207000	-53.113937
0.207500	-53.177437
0.208000	-53.197758
0.208500	-53.174896
0.209000	-53.119019
0.209500	-53.052982
0.210000	-52.971699
0.210500	-52.880257
0.211000	-52.783737
0.211500	-52.689758
0.212000	-52.575462
0.212500	-52.417980
0.213000	-52.207157
0.213500	-51.976017
0.214000	-51.737259
0.214500	-51.503578
0.215000	-51.280060
0.215500	-51.056538
0.216000	-50.833019
0.216500	-50.612041
0.217000	-50.391060
0.217500	-50.172619
0.218000	-49.954178
0.218500	-49.735741
0.219000	-49.519840
0.219500	-49.309017
0.220000	-49.121059
0.220500	-48.966122
0.221000	-48.859440
0.221500	-48.773079
0.222000	-48.694340
0.222500	-48.623219
0.223000	-48.549561
0.223500	-48.483521
0.224000	-48.422562
0.224500	-48.353977
0.225000	-48.267620
0.225500	-48.132999
0.226000	-47.957741
0.226500	-47.757080
0.227000	-47.548801
0.227500	-47.343056
0.228000	-47.134781
0.228500	-46.926498
0.229000	-46.718220
0.229500	-46.517563
0.230000	-46.321976
0.230500	-46.126400
0.231000	-45.925739
0.231500	-45.702221
0.232000	-45.438057
0.232500	-45.145958
0.233000	-44.846241
0.233500	-44.538898
0.234000	-44.208698
0.234500	-43.858177
0.235000	-43.484798
0.235500	-43.086018
0.236000	-42.636440
0.236500	-42.138599
0.237000	-41.587421
0.237500	-40.977818
0.238000	-40.307262
0.238500	-39.618919
0.239000	-38.953438
0.239500	-38.341297
0.240000	-37.744400
0.240500	-37.165279
0.241000	-36.598858
0.241500	-36.050220
0.242000	-35.514278
0.242500	-35.006283
0.243000	-34.554157
0.243500	-34.173161
0.244000	-33.822636
0.244500	-33.484821
0.245000	-33.144459
0.245500	-32.796478
0.246000	-32.438339
0.246500	-32.077660
0.247000	-31.709358
0.247500	-31.335979
0.248000	-30.904179
0.248500	-30.403801
0.249000	-29.855160
0.249500	-29.276041
0.250000	-28.653742
0.250500	-27.978100
0.251000	-27.244041
0.251500	-26.443939
0.252000	-25.570181
0.252500	-24.647907
0.253000	-23.724108
0.253500	-22.846283
0.254000	-22.040089
0.254500	-21.269960
0.255000	-20.491449
0.255500	-19.660109
0.256000	-18.761711
0.256500	-17.842484
0.257000	-16.909542
0.257500	-15.969234
0.258000	-15.023846
0.258500	-14.069568
0.259000	-13.106908
0.259500	-12.136628
0.260000	-11.151616
0.260500	-10.117328
0.261000	-9.018778
0.261500	-7.845044
0.262000	-6.588506
0.262500	-5.265420
0.263000	-3.892042
0.263500	-2.482723
0.264000	-1.052627
0.264500	0.391389
0.265000	1.849653
0.265500	3.322828
0.266000	4.819650
0.266500	6.395974
0.267000	8.008367
0.267500	9.590023
0.268000	11.079734
0.268500	12.478257
0.269000	13.801598
0.269500	15.060167
0.270000	16.264383
0.270500	17.439642
0.271000	18.588228
0.271500	19.701002
0.272000	20.769581
0.272500	21.813774
0.273000	22.842983
0.273500	23.853901
0.274000	24.843231
0.274500	25.801319
0.275000	26.738581
0.275500	27.678379
0.276000	28.641037
0.276500	29.672279
0.277000	30.764479
0.277500	31.833820
0.278000	32.811722
0.278500	33.703259
0.279000	34.584641
0.279500	35.460941
0.280000	36.344860
0.280500	37.233860
0.281000	38.125401
0.281500	39.019482
0.282000	39.923721
0.282500	40.858440
0.283000	41.849041
0.283500	42.865040
0.284000	43.870880
0.284500	44.843700
0.285000	45.801277
0.285500	46.730919
0.286000	47.624996
0.286500	48.458118
0.287000	49.204880
0.287500	49.888138
0.288000	50.525681
0.288500	51.130199
0.289000	51.699158
0.289500	52.260494
0.290000	52.847240
0.290500	53.484779
0.291000	54.147717
0.291500	54.820816
0.292000	55.488842
0.292500	56.146702
0.293000	56.791859
0.293500	57.429394
0.294000	58.061859
0.294500	58.686695
0.295000	59.260742
0.295500	59.776360
0.296000	60.251343
0.296500	60.700920
0.297000	61.069221
0.297500	61.335918
0.298000	61.516258
0.298500	61.625477
0.299000	61.658497
0.299500	61.582302
0.300000	61.379101
0.300500	61.023495
0.301000	60.566299
0.301500	60.060837
0.302000	59.507118
0.302500	58.897518
0.303000	58.254898
0.303500	57.604660
0.304000	56.949341
0.304500	56.283859
0.305000	55.598057
0.305500	54.886864
0.306000	54.170578
0.306500	53.469540
0.307000	52.801521
0.307500	52.197002
0.308000	51.706779
0.308500	51.368954
0.309000	51.178459
0.309500	51.033684
0.310000	50.914299
0.310500	50.812698
0.311000	50.711098
0.311500	50.606964
0.312000	50.512981
0.312500	50.449478
0.313000	50.436779
0.313500	50.485039
0.314000	50.576477
0.314500	50.685699
0.315000	50.805080
0.315500	50.990498
0.316000	51.191158
0.316500	51.328323
0.317000	51.335941
0.317500	51.300381
0.318000	51.252125
0.318500	51.203857
0.319000	51.165760
0.319500	51.127663
0.320000	51.089558
0.320500	51.059078
0.321000	51.043839
0.321500	51.081940
0.322000	51.178459
0.322500	51.307999
0.323000	51.440075
0.323500	51.574699
0.324000	51.714397
0.324500	51.861717
0.325000	52.016655
0.325500	52.189377
0.326000	52.374798
0.326500	52.565300
0.327000	52.748177
0.327500	52.913277
0.328000	53.047897
0.328500	53.146961
0.329000	53.190140
0.329500	53.146961
0.330000	53.009796
0.330500	52.811680
0.331000	52.585621
0.331500	52.329079
0.332000	52.019199
0.332500	51.706779
0.333000	51.447701
0.333500	51.274979
0.334000	51.153061
0.334500	51.084476
0.335000	51.069241
0.335500	51.099720
0.336000	51.153061
0.336500	51.224178
0.337000	51.307999
0.337500	51.404518
0.338000	51.513741
0.338500	51.643280
0.339000	51.800762
0.339500	52.016655
0.340000	52.351940
0.340500	52.738018
0.341000	53.093620
0.341500	53.367939
0.342000	53.616859
0.342500	53.812435
0.343000	53.921658
0.343500	53.911499
0.344000	53.853077
0.344500	53.766720
0.345000	53.662579
0.345500	53.543198
0.346000	53.413658
0.346500	53.281582
0.347000	53.152042
0.347500	53.032658
0.348000	52.925980
0.348500	52.826916
0.349000	52.745640
0.349500	52.684677
0.350000	52.644035
0.350500	52.616100
0.351000	52.595779
0.351500	52.580544
0.352000	52.565300
0.352500	52.557682
0.353000	52.562763
0.353500	52.588161
0.354000	52.649117
0.354500	52.743099
0.355000	52.862476
0.355500	52.997097
0.356000	53.136799
0.356500	53.289200
0.357000	53.446678
0.357500	53.611778
0.358000	53.781956
0.358500	53.975002
0.359000	54.183277
0.359500	54.411880
0.360000	54.673496
0.360500	54.991001
0.361000	55.361839
0.361500	55.780941
0.362000	56.240681
0.362500	56.728363
0.363000	57.238899
0.363500	57.774841
0.364000	58.338718
0.364500	58.925461
0.365000	59.524899
0.365500	60.111641
0.366000	60.670444
0.366500	61.201298
0.367000	61.701679
0.367500	62.166500
0.368000	62.590679
0.368500	62.951355
0.369000	63.251080
0.369500	63.489838
0.370000	63.670181
0.370500	63.820034
0.371000	63.954659
0.371500	64.094368
0.372000	64.254379
0.372500	64.427101
0.373000	64.607445
0.373500	64.810638
0.374000	65.046860
0.374500	65.351654
0.375000	65.702179
0.375500	66.050156
0.376000	66.360039
0.376500	66.644516
0.377000	66.913757
0.377500	67.167763
0.378000	67.401436
0.378500	67.607178
0.379000	67.774818
0.379500	67.917053
0.380000	68.044060
0.380500	68.150734
0.381000	68.226944
0.381500	68.262505
0.382000	68.247261
0.382500	68.178680
0.383000	68.051682
0.383500	67.873878
0.384000	67.645271
0.384500	67.388741
0.385000	67.122040
0.385500	66.835014
0.386000	66.514977
0.386500	66.167000
0.387000	65.816483
0.387500	65.465958
0.388000	65.112900
0.388500	64.759834
0.389000	64.404236
0.389500	64.046097
0.390000	63.693039
0.390500	63.365379
0.391000	63.126625
0.391500	62.951355
0.392000	62.798954
0.392500	62.654182
0.393000	62.560200
0.393500	62.476383
0.394000	62.354462
0.394500	62.151257
0.395000	61.887100
0.395500	61.592461
0.396000	61.285118
0.396500	60.970158
0.397000	60.629799
0.397500	60.271660
0.398000	59.921143
0.398500	59.606178
0.399000	59.364876
0.399500	59.227718
0.400000	59.212475
0.400500	59.339478
0.401000	59.532520
0.401500	59.745880
0.402000	59.969398
0.402500	60.203075
0.403000	60.449459
0.403500	60.700920
0.404000	60.952377
0.404500	61.191143
0.405000	61.366398
0.405500	61.447678
0.406000	61.452759
0.406500	61.396881
0.407000	61.282578
0.407500	61.092079
0.408000	60.805058
0.408500	60.403740
0.409000	59.903362
0.409500	59.377579
0.410000	58.844177
0.410500	58.326015
0.411000	57.825638
0.411500	57.332882
0.412000	56.852821
0.412500	56.390537
0.413000	55.979061
0.413500	55.666641
0.414000	55.438042
0.414500	55.270405
0.415000	55.153561
0.415500	55.077358
0.416000	55.044338
0.416500	55.051956
0.417000	55.105301
0.417500	55.214520
0.418000	55.338978
0.418500	55.448200
0.419000	55.509163
0.419500	55.537102
0.420000	55.506622
0.420500	55.384701
0.421000	55.148479
0.421500	54.803036
0.422000	54.378857
0.422500	53.898800
0.423000	53.385719
0.423500	52.839622
0.424000	52.283360
0.424500	51.734715
0.425000	51.221634
0.425500	50.739040
0.426000	50.286919
0.426500	49.862740
0.427000	49.469040
0.427500	49.123600
0.428000	48.831501
0.428500	48.597820
0.429000	48.420021
0.429500	48.287941
0.430000	48.191422
0.430500	48.125381
0.431000	48.092358
0.431500	48.105061
0.432000	48.153320
0.432500	48.196503
0.433000	48.186340
0.433500	48.120300
0.434000	48.028862
0.434500	47.917099
0.435000	47.785019
0.435500	47.640240
0.436000	47.480217
0.436500	47.297340
0.437000	47.086521
0.437500	46.840137
0.438000	46.555660
0.438500	46.243240
0.439000	45.907959
0.439500	45.542198
0.440000	45.145958
0.440500	44.739559
0.441000	44.345860
0.441500	43.985176
0.442000	43.665142
0.442500	43.380657
0.443000	43.131741
0.443500	42.928539
0.444000	42.826939
0.444500	42.821857
0.445000	42.898060
0.445500	43.047920
0.446000	43.266361
0.446500	43.548298
0.447000	43.881039
0.447500	44.269657
0.448000	44.764961
0.448500	45.303436
0.449000	45.801277
0.449500	46.184818
0.450000	46.492161
0.450500	46.728378
0.451000	46.875702
0.451500	46.913799
0.452000	46.893478
0.452500	46.852837
0.453000	46.824898
0.453500	46.842678
0.454000	46.883324
0.454500	46.926498
0.455000	46.967136
0.455500	47.000160
0.456000	47.028103
0.456500	47.056038
0.457000	47.081440
0.457500	47.106838
0.458000	47.124619
0.458500	47.132240
0.459000	47.147480
0.459500	47.183041
0.460000	47.249081
0.460500	47.332897
0.461000	47.429420
0.461500	47.520863
0.462000	47.612301
0.462500	47.711357
0.463000	47.807880
0.463500	47.894241
0.464000	47.945038
0.464500	47.919640
0.465000	47.840900
0.465500	47.739300
0.466000	47.630077
0.466500	47.513241
0.467000	47.386242
0.467500	47.256702
0.468000	47.116997
0.468500	46.969677
0.469000	46.809662
0.469500	46.631859
0.470000	46.421040
0.470500	46.131481
0.471000	45.813976
0.471500	45.519337
0.472000	45.285656
0.472500	45.064682
0.473000	44.869099
0.473500	44.716698
0.474000	44.610020
0.474500	44.513500
0.475000	44.419521
0.475500	44.325542
0.476000	44.231560
0.476500	44.135036
0.477000	44.038521
0.477500	43.954700
0.478000	43.898819
0.478500	43.954700
0.479000	44.099480
0.479500	44.282356
0.480000	44.447460
0.480500	44.617641
0.481000	44.795437
0.481500	44.968163
0.482000	45.115482
0.482500	45.194221
0.483000	45.229778
0.483500	45.262798
0.484000	45.344082
0.484500	45.463459
0.485000	45.620941
0.485500	45.836842
0.486000	46.136562
0.486500	46.509941
0.487000	46.923958
0.487500	47.355759
0.488000	47.779942
0.488500	48.206661
0.489000	48.666397
0.489500	49.151539
0.490000	49.837341
0.490500	5067300.000000
0.491000	18631662.000000
0.491500	38239700.000000
0.492000	61437520.000000
0.492500	87510616.000000
0.493000	118750080.000000
0.493500	154940000.000000
