0.000000	0.000261
0.000500	0.000534
0.001000	0.000084
0.001500	-0.001008
0.002000	-0.001631
0.002500	-0.002595
0.003000	-0.003675
0.003500	-0.004263
0.004000	-0.005309
0.004500	-0.005615
0.005000	-0.005917
0.005500	-0.006665
0.006000	-0.006251
0.006500	-0.005490
0.007000	-0.004537
0.007500	-0.003778
0.008000	-0.003460
0.008500	-0.002427
0.009000	-0.000866
0.009500	0.001215
0.010000	0.004142
0.010500	0.006560
0.011000	0.008300
0.011500	0.011079
0.012000	0.014082
0.012500	0.017111
0.013000	0.020224
0.013500	0.023325
0.014000	0.026917
0.014500	0.030214
0.015000	0.032589
0.015500	0.034361
0.016000	0.035869
0.016500	0.037694
0.017000	0.039533
0.017500	0.040459
0.018000	0.041381
0.018500	0.042184
0.019000	0.042587
0.019500	0.042660
0.020000	0.042222
0.020500	0.042227
0.021000	0.042191
0.021500	0.041266
0.022000	0.040028
0.022500	0.038934
0.023000	0.037676
0.023500	0.035668
0.024000	0.033415
0.024500	0.030681
0.025000	0.027402
0.025500	0.024382
0.026000	0.020986
0.026500	0.017153
0.027000	0.013455
0.027500	0.009646
0.028000	0.005985
0.028500	0.002907
0.029000	0.000432
0.029500	-0.000362
0.030000	-0.000206
0.030500	0.000471
0.031000	0.001656
0.031500	0.003507
0.032000	0.005434
0.032500	0.006906
0.033000	0.009243
0.033500	0.011645
0.034000	0.014831
0.034500	0.018722
0.035000	0.022732
0.035500	0.026776
0.036000	0.030997
0.036500	0.035973
0.037000	0.041190
0.037500	0.046654
0.038000	0.052224
0.038500	0.057615
0.039000	0.062125
0.039500	0.065341
0.040000	0.067225
0.040500	0.067685
0.041000	0.066839
0.041500	0.064892
0.042000	0.061404
0.042500	0.056916
0.043000	0.052824
0.043500	0.049022
0.044000	0.045280
0.044500	0.041787
0.045000	0.038399
0.045500	0.035335
0.046000	0.032375
0.046500	0.029164
0.047000	0.025741
0.047500	0.021609
0.048000	0.017619
0.048500	0.014281
0.049000	0.012371
0.049500	0.013307
0.050000	0.016006
0.050500	0.020474
0.051000	0.028655
0.051500	0.040421
0.052000	0.054732
0.052500	0.072203
0.053000	0.093542
0.053500	0.118570
0.054000	0.147060
0.054500	0.179570
0.055000	0.215570
0.055500	0.253940
0.056000	0.296220
0.056500	0.342080
0.057000	0.390320
0.057500	0.442720
0.058000	0.498730
0.058500	0.557000
0.059000	0.618390
0.059500	0.683980
0.060000	0.753100
0.060500	0.826690
0.061000	0.906100
0.061500	0.990210
0.062000	1.079700
0.062500	1.173000
0.063000	1.266100
0.063500	1.357400
0.064000	1.445000
0.064500	1.526400
0.065000	1.600100
0.065500	1.664300
0.066000	1.718700
0.066500	1.765600
0.067000	1.806200
0.067500	1.841400
0.068000	1.872600
0.068500	1.900800
0.069000	1.927800
0.069500	1.954400
0.070000	1.982300
0.070500	2.011800
0.071000	2.041600
0.071500	2.070900
0.072000	2.097200
0.072500	2.117200
0.073000	2.127500
0.073500	2.123800
0.074000	2.104800
0.074500	2.069300
0.075000	2.018000
0.075500	1.952500
0.076000	1.874400
0.076500	1.785500
0.077000	1.685600
0.077500	1.573700
0.078000	1.447300
0.078500	1.302700
0.079000	1.134700
0.079500	0.937990
0.080000	0.708340
0.080500	0.436570
0.081000	0.113510
0.081500	-0.270350
0.082000	-0.724130
0.082500	-1.255700
0.083000	-1.869700
0.083500	-2.564500
0.084000	-3.335200
0.084500	-4.172800
0.085000	-5.066100
0.085500	-6.000100
0.086000	-6.956800
0.086500	-7.916300
0.087000	-8.856000
0.087500	-9.747800
0.088000	-10.559000
0.088500	-11.254000
0.089000	-11.802000
0.089500	-12.182000
0.090000	-12.389000
0.090500	-12.436000
0.091000	-12.349000
0.091500	-12.162000
0.092000	-11.909000
0.092500	-11.618000
0.093000	-11.308000
0.093500	-10.982000
0.094000	-10.639000
0.094500	-10.267000
0.095000	-9.862700
0.095500	-9.435200
0.096000	-9.014000
0.096500	-8.644600
0.097000	-8.378900
0.097500	-8.262400
0.098000	-8.316900
0.098500	-8.531600
0.099000	-8.854000
0.099500	-9.194600
0.100000	-9.443200
0.100500	-9.484500
0.101000	-9.215300
0.101500	-8.569900
0.102000	-7.536000
0.102500	-6.148100
0.103000	-4.474400
0.103500	-2.609900
0.104000	-0.653620
0.104500	1.308700
0.105000	3.206900
0.105500	4.992000
0.106000	6.628600
0.106500	8.092100
0.107000	9.368900
0.107500	10.454000
0.108000	11.347000
0.108500	12.054000
0.109000	12.587000
0.109500	12.958000
0.110000	13.183000
0.110500	13.281000
0.111000	13.269000
0.111500	13.167000
0.112000	12.991000
0.112500	12.761000
0.113000	12.493000
0.113500	12.204000
0.114000	11.907000
0.114500	11.614000
0.115000	11.332000
0.115500	11.062000
0.116000	10.808000
0.116500	10.571000
0.117000	10.354000
0.117500	10.158000
0.118000	9.986000
0.118500	9.838500
0.119000	9.714600
0.119500	9.612000
0.120000	9.526400
0.120500	9.453600
0.121000	9.391200
0.121500	9.337300
0.122000	9.288500
0.122500	9.240900
0.123000	9.190800
0.123500	9.134200
0.124000	9.067800
0.124500	8.993800
0.125000	8.914500
0.125500	8.834200
0.126000	8.760400
0.126500	8.699800
0.127000	8.657000
0.127500	8.633500
0.128000	8.628900
0.128500	8.642200
0.129000	8.669500
0.129500	8.705600
0.130000	8.746000
0.130500	8.785400
0.131000	8.817800
0.131500	8.836400
0.132000	8.831400
0.132500	8.795400
0.133000	8.726300
0.133500	8.624200
0.134000	8.491200
0.134500	8.332300
0.135000	8.154500
0.135500	7.965600
0.136000	7.771400
0.136500	7.575900
0.137000	7.383500
0.137500	7.198700
0.138000	7.026500
0.138500	6.871600
0.139000	6.733900
0.139500	6.609100
0.140000	6.490700
0.140500	6.370700
0.141000	6.244100
0.141500	6.109300
0.142000	5.966600
0.142500	5.816200
0.143000	5.658000
0.143500	5.494100
0.144000	5.327900
0.144500	5.164200
0.145000	5.007600
0.145500	4.861000
0.146000	4.727800
0.146500	4.609200
0.147000	4.504400
0.147500	4.409900
0.148000	4.320800
0.148500	4.231200
0.149000	4.135100
0.149500	4.027800
0.150000	3.904300
0.150500	3.761800
0.151000	3.600500
0.151500	3.422800
0.152000	3.233300
0.152500	3.037400
0.153000	2.840800
0.153500	2.651700
0.154000	2.476000
0.154500	2.315600
0.155000	2.172400
0.155500	2.046900
0.156000	1.936100
0.156500	1.834400
0.157000	1.735600
0.157500	1.632100
0.158000	1.518900
0.158500	1.392700
0.159000	1.250300
0.159500	1.090700
0.160000	0.910680
0.160500	0.706740
0.161000	0.478190
0.161500	0.223670
0.162000	-0.056545
0.162500	-0.358540
0.163000	-0.677450
0.163500	-1.004800
0.164000	-1.330700
0.164500	-1.648200
0.165000	-1.949800
0.165500	-2.229100
0.166000	-2.480700
0.166500	-2.701500
0.167000	-2.892900
0.167500	-3.057400
0.168000	-3.196700
0.168500	-3.314800
0.169000	-3.416900
0.169500	-3.506800
0.170000	-3.587200
0.170500	-3.660600
0.171000	-3.728400
0.171500	-3.790200
0.172000	-3.845400
0.172500	-3.893500
0.173000	-3.935500
0.173500	-3.975700
0.174000	-4.016600
0.174500	-4.058400
0.175000	-4.100300
0.175500	-4.140900
0.176000	-4.179100
0.176500	-4.211700
0.177000	-4.236800
0.177500	-4.253500
0.178000	-4.261300
0.178500	-4.256400
0.179000	-4.233700
0.179500	-4.189500
0.180000	-4.118100
0.180500	-4.014500
0.181000	-3.875000
0.181500	-3.695100
0.182000	-3.472400
0.182500	-3.204900
0.183000	-2.892900
0.183500	-2.540300
0.184000	-2.152800
0.184500	-1.737400
0.185000	-1.300200
0.185500	-0.848590
0.186000	-0.390080
0.186500	0.068960
0.187000	0.522050
0.187500	0.962360
0.188000	1.384500
0.188500	1.785400
0.189000	2.162000
0.189500	2.512600
0.190000	2.837300
0.190500	3.135900
0.191000	3.410600
0.191500	3.662100
0.192000	3.890400
0.192500	4.096100
0.193000	4.279800
0.193500	4.440900
0.194000	4.576500
0.194500	4.684300
0.195000	4.762400
0.195500	4.808700
0.196000	4.822000
0.196500	4.803300
0.197000	4.751700
0.197500	4.668100
0.198000	4.554500
0.198500	4.410000
0.199000	4.235100
0.199500	4.031500
0.200000	3.799400
0.200500	3.541300
0.201000	3.259800
0.201500	2.958900
0.202000	2.641400
0.202500	2.310600
0.203000	1.969300
0.203500	1.620000
0.204000	1.265100
0.204500	0.906120
0.205000	0.545500
0.205500	0.186600
0.206000	-0.166940
0.206500	-0.511000
0.207000	-0.842340
0.207500	-1.158500
0.208000	-1.455400
0.208500	-1.731500
0.209000	-1.985500
0.209500	-2.216100
0.210000	-2.422000
0.210500	-2.601200
0.211000	-2.753400
0.211500	-2.879800
0.212000	-2.980000
0.212500	-3.055400
0.213000	-3.108200
0.213500	-3.140700
0.214000	-3.154600
0.214500	-3.148200
0.215000	-3.119900
0.215500	-3.069700
0.216000	-2.996100
0.216500	-2.898500
0.217000	-2.777900
0.217500	-2.635700
0.218000	-2.473500
0.218500	-2.296100
0.219000	-2.107400
0.219500	-1.910100
0.220000	-1.706800
0.220500	-1.501100
0.221000	-1.294700
0.221500	-1.087300
0.222000	-0.879710
0.222500	-0.672560
0.223000	-0.465630
0.223500	-0.256360
0.224000	-0.042708
0.224500	0.177530
0.225000	0.404330
0.225500	0.635380
0.226000	0.868860
0.226500	1.100700
0.227000	1.326600
0.227500	1.542500
0.228000	1.745100
0.228500	1.930700
0.229000	2.093100
0.229500	2.228800
0.230000	2.335500
0.230500	2.410500
0.231000	2.453700
0.231500	2.466100
0.232000	2.448600
0.232500	2.402300
0.233000	2.329000
0.233500	2.231300
0.234000	2.111200
0.234500	1.971300
0.235000	1.815000
0.235500	1.646300
0.236000	1.469000
0.236500	1.286500
0.237000	1.102600
0.237500	0.921140
0.238000	0.745700
0.238500	0.578530
0.239000	0.423700
0.239500	0.283860
0.240000	0.161630
0.240500	0.059057
0.241000	-0.022716
0.241500	-0.084294
0.242000	-0.127190
0.242500	-0.151860
0.243000	-0.158690
0.243500	-0.149830
0.244000	-0.127700
0.244500	-0.092906
0.245000	-0.046435
0.245500	0.011145
0.246000	0.078995
0.246500	0.155620
0.247000	0.239400
0.247500	0.328870
0.248000	0.422690
0.248500	0.518320
0.249000	0.613970
0.249500	0.708690
0.250000	0.799550
0.250500	0.886450
0.251000	0.970060
0.251500	1.050400
0.252000	1.126800
0.252500	1.198500
0.253000	1.266000
0.253500	1.327800
0.254000	1.383500
0.254500	1.433800
0.255000	1.478200
0.255500	1.516300
0.256000	1.548800
0.256500	1.576900
0.257000	1.601900
0.257500	1.624300
0.258000	1.646500
0.258500	1.670300
0.259000	1.696200
0.259500	1.726100
0.260000	1.761100
0.260500	1.799800
0.261000	1.841600
0.261500	1.885200
0.262000	1.929400
0.262500	1.972800
0.263000	2.015400
0.263500	2.056600
0.264000	2.095400
0.264500	2.132200
0.265000	2.166800
0.265500	2.198100
0.266000	2.225600
0.266500	2.249900
0.267000	2.270300
0.267500	2.286200
0.268000	2.297300
0.268500	2.304600
0.269000	2.308800
0.269500	2.310000
0.270000	2.310800
0.270500	2.310800
0.271000	2.308700
0.271500	2.303200
0.272000	2.292700
0.272500	2.277500
0.273000	2.256600
0.273500	2.231100
0.274000	2.201800
0.274500	2.169200
0.275000	2.134200
0.275500	2.097800
0.276000	2.061100
0.276500	2.025600
0.277000	1.993500
0.277500	1.965700
0.278000	1.941600
0.278500	1.922700
0.279000	1.908500
0.279500	1.896200
0.280000	1.884400
0.280500	1.872000
0.281000	1.858300
0.281500	1.842500
0.282000	1.824000
0.282500	1.803400
0.283000	1.781600
0.283500	1.758800
0.284000	1.736600
0.284500	1.718000
0.285000	1.705200
0.285500	1.700200
0.286000	1.704400
0.286500	1.719000
0.287000	1.744000
0.287500	1.777700
0.288000	1.817800
0.288500	1.862700
0.289000	1.909100
0.289500	1.953500
0.290000	1.992400
0.290500	2.022900
0.291000	2.044900
0.291500	2.059100
0.292000	2.067300
0.292500	2.071500
0.293000	2.071700
0.293500	2.069400
0.294000	2.067400
0.294500	2.068000
0.295000	2.074500
0.295500	2.089100
0.296000	2.114300
0.296500	2.152000
0.297000	2.201700
0.297500	2.263200
0.298000	2.335300
0.298500	2.415900
