0.000000	-0.015248
0.000500	0.005326
0.001000	0.037046
0.001500	0.045839
0.002000	0.008965
0.002500	0.065442
0.003000	0.017832
0.003500	0.040935
0.004000	0.054600
0.004500	0.002047
0.005000	0.049446
0.005500	0.025623
0.006000	-0.018594
0.006500	0.015783
0.007000	-0.022737
0.007500	0.027778
0.008000	0.013740
0.008500	0.001862
0.009000	-0.025369
0.009500	-0.034172
0.010000	-0.070751
0.010500	-0.009678
0.011000	-0.030124
0.011500	-0.074955
0.012000	-0.040117
0.012500	-0.079470
0.013000	-0.054275
0.013500	-0.075442
0.014000	-0.095042
0.014500	-0.075447
0.015000	-0.035174
0.015500	-0.038086
0.016000	-0.048293
0.016500	-0.080028
0.017000	-0.049320
0.017500	-0.023758
0.018000	-0.060742
0.018500	-0.028017
0.019000	-0.039136
0.019500	-0.008046
0.020000	-0.011235
0.020500	-0.054478
0.021000	-0.014370
0.021500	0.006740
0.022000	0.001607
0.022500	-0.004501
0.023000	0.021594
0.023500	0.045378
0.024000	0.035019
0.024500	0.085143
0.025000	0.079003
0.025500	0.078153
0.026000	0.110020
0.026500	0.115950
0.027000	0.109130
0.027500	0.144750
0.028000	0.108510
0.028500	0.106450
0.029000	0.084348
0.029500	0.008330
0.030000	0.043816
0.030500	-0.001953
0.031000	0.026025
0.031500	-0.046098
0.032000	0.026726
0.032500	-0.004213
0.033000	-0.034255
0.033500	-0.014839
0.034000	-0.071767
0.034500	-0.053346
0.035000	-0.085799
0.035500	-0.062286
0.036000	-0.110430
0.036500	-0.112420
0.037000	-0.135610
0.037500	-0.146640
0.038000	-0.153890
0.038500	-0.143820
0.039000	-0.115820
0.039500	-0.069515
0.040000	-0.039247
0.040500	-0.007311
0.041000	0.010758
0.041500	0.061445
0.042000	0.110950
0.042500	0.094365
0.043000	0.087691
0.043500	0.081556
0.044000	0.076958
0.044500	0.076597
0.045000	0.091425
0.045500	0.092578
0.046000	0.119810
0.046500	0.142530
0.047000	0.184500
0.047500	0.241300
0.048000	0.226310
0.048500	0.270210
0.049000	0.216890
0.049500	0.165820
0.050000	0.182490
0.050500	0.151450
0.051000	0.055479
0.051500	0.021403
0.052000	-0.000054
0.052500	-0.065399
0.053000	-0.123700
0.053500	-0.168850
0.054000	-0.205650
0.054500	-0.279530
0.055000	-0.287640
0.055500	-0.290240
0.056000	-0.387700
0.056500	-0.359370
0.057000	-0.394480
0.057500	-0.497650
0.058000	-0.490140
0.058500	-0.517720
0.059000	-0.586490
0.059500	-0.684510
0.060000	-0.717420
0.060500	-0.902470
0.061000	-1.038700
0.061500	-1.168200
0.062000	-1.358500
0.062500	-1.393000
0.063000	-1.323000
0.063500	-1.229500
0.064000	-1.030900
0.064500	-0.765260
0.065000	-0.440370
0.065500	-0.025107
0.066000	0.294680
0.066500	0.574190
0.067000	0.850680
0.067500	1.065300
0.068000	1.270600
0.068500	1.402900
0.069000	1.527500
0.069500	1.589900
0.070000	1.599900
0.070500	1.590200
0.071000	1.637300
0.071500	1.581600
0.072000	1.691100
0.072500	1.740300
0.073000	1.971200
0.073500	2.173500
0.074000	2.382100
0.074500	2.575600
0.075000	2.633100
0.075500	2.645500
0.076000	2.542400
0.076500	2.380800
0.077000	2.231500
0.077500	2.040500
0.078000	1.953300
0.078500	1.928400
0.079000	2.104700
0.079500	2.341600
0.080000	2.722400
0.080500	3.474200
0.081000	4.332900
0.081500	5.561200
0.082000	6.862400
0.082500	8.431400
0.083000	9.879200
0.083500	11.234000
0.084000	12.339000
0.084500	13.140000
0.085000	13.544000
0.085500	13.497000
0.086000	12.996000
0.086500	11.998000
0.087000	10.446000
0.087500	8.151800
0.088000	5.090600
0.088500	1.177900
0.089000	-3.231100
0.089500	-7.844800
0.090000	-12.015000
0.090500	-15.301000
0.091000	-17.483999
0.091500	-18.291000
0.092000	-18.143000
0.092500	-17.090000
0.093000	-15.603000
0.093500	-14.023000
0.094000	-12.531000
0.094500	-11.299000
0.095000	-9.793000
0.095500	-7.686800
0.096000	-4.075200
0.096500	1.208700
0.097000	8.385100
0.097500	16.806999
0.098000	25.483999
0.098500	33.244999
0.099000	38.419998
0.099500	40.095001
0.100000	37.681000
0.100500	31.257000
0.101000	21.372999
0.101500	9.607900
0.102000	-2.335000
0.102500	-13.295000
0.103000	-22.263000
0.103500	-28.327000
0.104000	-31.962999
0.104500	-33.362999
0.105000	-33.058998
0.105500	-31.596001
0.106000	-29.056000
0.106500	-25.832001
0.107000	-22.110001
0.107500	-18.141001
0.108000	-14.036000
0.108500	-9.982900
0.109000	-6.227500
0.109500	-2.647900
0.110000	0.452130
0.110500	3.005900
0.111000	5.215600
0.111500	6.852600
0.112000	8.004500
0.112500	8.698200
0.113000	8.894100
0.113500	8.730700
0.114000	8.168700
0.114500	7.488600
0.115000	6.706100
0.115500	6.039900
0.116000	5.322300
0.116500	4.644600
0.117000	3.977500
0.117500	3.262000
0.118000	2.427600
0.118500	1.712700
0.119000	0.929880
0.119500	0.311240
0.120000	-0.264030
0.120500	-0.676020
0.121000	-1.131800
0.121500	-1.471100
0.122000	-1.764300
0.122500	-1.876300
0.123000	-1.951600
0.123500	-1.843600
0.124000	-1.694700
0.124500	-1.657300
0.125000	-1.616000
0.125500	-1.768500
0.126000	-2.137200
0.126500	-2.656400
0.127000	-3.313100
0.127500	-3.903000
0.128000	-4.534600
0.128500	-5.056500
0.129000	-5.457300
0.129500	-5.681800
0.130000	-5.799500
0.130500	-5.664400
0.131000	-5.378200
0.131500	-4.768200
0.132000	-3.837600
0.132500	-2.743300
0.133000	-1.635100
0.133500	-0.514410
0.134000	0.526630
0.134500	1.369500
0.135000	1.965500
0.135500	2.316500
0.136000	2.554600
0.136500	2.653000
0.137000	2.596900
0.137500	2.396100
0.138000	1.998200
0.138500	1.477800
0.139000	1.076000
0.139500	0.832620
0.140000	0.856710
0.140500	1.164100
0.141000	1.567800
0.141500	2.066700
0.142000	2.511000
0.142500	2.960600
0.143000	3.350900
0.143500	3.573100
0.144000	3.696200
0.144500	3.544400
0.145000	3.366200
0.145500	3.029700
0.146000	2.623700
0.146500	2.223800
0.147000	1.867900
0.147500	1.671700
0.148000	1.602300
0.148500	1.770900
0.149000	2.073700
0.149500	2.546500
0.150000	3.159800
0.150500	3.814900
0.151000	4.453300
0.151500	4.972400
0.152000	5.351400
0.152500	5.538000
0.153000	5.585800
0.153500	5.333600
0.154000	5.047500
0.154500	4.706000
0.155000	4.325700
0.155500	3.966600
0.156000	3.781900
0.156500	3.743600
0.157000	3.911900
0.157500	4.248200
0.158000	4.661300
0.158500	5.091900
0.159000	5.575500
0.159500	5.965100
0.160000	6.522200
0.160500	7.047400
0.161000	7.607500
0.161500	8.192400
0.162000	8.744000
0.162500	9.126300
0.163000	9.437100
0.163500	9.403300
0.164000	9.204300
0.164500	8.829600
0.165000	8.288000
0.165500	7.634000
0.166000	6.868900
0.166500	6.093400
0.167000	5.474000
0.167500	4.909600
0.168000	4.405700
0.168500	4.066700
0.169000	3.836200
0.169500	3.675600
0.170000	3.528600
0.170500	3.406100
0.171000	3.296000
0.171500	3.108300
0.172000	2.917700
0.172500	2.706400
0.173000	2.577800
0.173500	2.631800
0.174000	2.678000
0.174500	2.769800
0.175000	2.755400
0.175500	2.721800
0.176000	2.608400
0.176500	2.383600
0.177000	2.167400
0.177500	1.932300
0.178000	1.712200
0.178500	1.291200
0.179000	0.803290
0.179500	0.185180
0.180000	-0.639770
0.180500	-1.539900
0.181000	-2.570100
0.181500	-3.753200
0.182000	-4.924300
0.182500	-6.218100
0.183000	-7.376000
0.183500	-8.431600
0.184000	-9.242600
0.184500	-9.903500
0.185000	-10.393000
0.185500	-10.643000
0.186000	-10.734000
0.186500	-10.665000
0.187000	-10.424000
0.187500	-9.984200
0.188000	-9.414500
0.188500	-8.810700
0.189000	-8.040300
0.189500	-7.314400
0.190000	-6.535200
0.190500	-5.807900
0.191000	-5.133200
0.191500	-4.462700
0.192000	-3.839100
0.192500	-3.250700
0.193000	-2.699700
0.193500	-2.128100
0.194000	-1.478700
0.194500	-0.813850
0.195000	-0.114130
0.195500	0.653320
0.196000	1.383100
0.196500	2.106500
0.197000	2.885400
0.197500	3.519400
0.198000	4.143800
0.198500	4.830000
0.199000	5.403300
0.199500	5.981400
0.200000	6.523600
0.200500	6.981400
0.201000	7.391200
0.201500	7.630900
0.202000	7.884800
0.202500	7.965500
0.203000	8.082700
0.203500	8.064200
0.204000	8.072000
0.204500	7.999400
0.205000	7.891400
0.205500	7.665300
0.206000	7.397600
0.206500	6.993700
0.207000	6.591300
0.207500	6.102000
0.208000	5.551600
0.208500	5.041700
0.209000	4.460500
0.209500	3.927100
0.210000	3.303700
0.210500	2.652100
0.211000	2.051200
0.211500	1.459600
0.212000	0.857420
0.212500	0.379460
0.213000	-0.076088
0.213500	-0.367120
0.214000	-0.699160
0.214500	-1.116200
0.215000	-1.512600
0.215500	-1.932500
0.216000	-2.426700
0.216500	-2.910100
0.217000	-3.325800
0.217500	-3.732500
0.218000	-4.032200
0.218500	-4.179000
0.219000	-4.241200
0.219500	-4.259900
0.220000	-4.218000
0.220500	-4.075500
0.221000	-4.007400
0.221500	-3.938100
0.222000	-3.882400
0.222500	-3.788700
0.223000	-3.754400
0.223500	-3.832900
0.224000	-3.928100
0.224500	-4.153000
0.225000	-4.278600
0.225500	-4.402800
0.226000	-4.467800
0.226500	-4.376800
0.227000	-4.220100
0.227500	-3.896900
0.228000	-3.564100
0.228500	-3.088800
0.229000	-2.483600
0.229500	-1.937800
0.230000	-1.302100
0.230500	-0.670380
0.231000	-0.088067
0.231500	0.448580
0.232000	1.007800
0.232500	1.483700
0.233000	1.941000
0.233500	2.310700
0.234000	2.689200
0.234500	2.935300
0.235000	3.122600
0.235500	3.174700
0.236000	3.193100
0.236500	3.092600
0.237000	2.958100
0.237500	2.702700
0.238000	2.443900
0.238500	2.117300
0.239000	1.710400
0.239500	1.325900
0.240000	0.835390
0.240500	0.388850
0.241000	-0.111060
0.241500	-0.497090
0.242000	-0.894780
0.242500	-1.252200
0.243000	-1.610800
0.243500	-1.833700
0.244000	-2.065900
0.244500	-2.251200
0.245000	-2.437700
0.245500	-2.580200
0.246000	-2.710400
0.246500	-2.752300
0.247000	-2.785000
0.247500	-2.749100
0.248000	-2.716700
0.248500	-2.542000
0.249000	-2.416400
0.249500	-2.218600
0.250000	-1.951600
0.250500	-1.768700
0.251000	-1.550900
0.251500	-1.420900
0.252000	-1.206900
0.252500	-1.066400
0.253000	-0.910790
0.253500	-0.729940
0.254000	-0.578010
0.254500	-0.438430
0.255000	-0.268700
0.255500	-0.114590
0.256000	0.022899
0.256500	0.118360
0.257000	0.179140
0.257500	0.217870
0.258000	0.146850
0.258500	0.060287
0.259000	-0.086765
0.259500	-0.304210
0.260000	-0.514890
0.260500	-0.683260
0.261000	-0.841770
0.261500	-0.914980
0.262000	-0.982440
0.262500	-0.979060
0.263000	-1.030800
0.263500	-0.985220
0.264000	-0.986870
0.264500	-0.975500
0.265000	-0.959510
0.265500	-0.879300
0.266000	-0.808520
0.266500	-0.751650
0.267000	-0.625710
0.267500	-0.498410
0.268000	-0.356820
0.268500	-0.325210
0.269000	-0.253840
0.269500	-0.251630
0.270000	-0.392320
0.270500	-0.402320
0.271000	-0.486130
0.271500	-0.432490
0.272000	-0.442750
0.272500	-0.389650
0.273000	-0.316240
0.273500	-0.325640
0.274000	-0.281060
0.274500	-0.254390
0.275000	-0.223860
0.275500	-0.235190
0.276000	-0.253520
0.276500	-0.323390
0.277000	-0.490640
0.277500	-0.620070
0.278000	-0.772160
0.278500	-0.994140
0.279000	-1.127700
0.279500	-1.192900
0.280000	-1.203100
0.280500	-1.167700
0.281000	-1.097900
0.281500	-0.982080
0.282000	-0.836680
0.282500	-0.735020
0.283000	-0.621030
0.283500	-0.504650
0.284000	-0.457520
0.284500	-0.509290
0.285000	-0.615350
0.285500	-0.777180
0.286000	-0.980190
0.286500	-1.209600
0.287000	-1.439300
0.287500	-1.586500
0.288000	-1.711200
0.288500	-1.788700
0.289000	-1.725400
0.289500	-1.591000
0.290000	-1.331000
0.290500	-1.027300
0.291000	-0.748360
0.291500	-0.496950
0.292000	-0.312430
0.292500	-0.168530
0.293000	0.040413
0.293500	0.138130
0.294000	0.213260
0.294500	0.203610
0.295000	0.104000
0.295500	-0.031553
0.296000	-0.284190
0.296500	-0.541710
0.297000	-0.780370
0.297500	-1.062400
0.298000	-1.263200
0.298500	-1.447800
