0.000000	0.076278
0.000500	0.076278
0.001000	0.076278
0.001500	0.076278
0.002000	0.076278
0.002500	0.076278
0.003000	0.076278
0.003500	0.076278
0.004000	0.080329
0.004500	0.097275
0.005000	0.107647
0.005500	0.109976
0.006000	0.102795
0.006500	0.087064
0.007000	0.065758
0.007500	0.040436
0.008000	0.012658
0.008500	-0.022961
0.009000	-0.066785
0.009500	-0.109738
0.010000	-0.142741
0.010500	-0.152917
0.011000	-0.138577
0.011500	-0.118430
0.012000	-0.111598
0.012500	-0.125975
0.013000	-0.145366
0.013500	-0.165843
0.014000	-0.184045
0.014500	-0.200396
0.015000	-0.217165
0.015500	-0.227239
0.016000	-0.223216
0.016500	-0.198239
0.017000	-0.153564
0.017500	-0.096934
0.018000	-0.036275
0.018500	0.022896
0.019000	0.084920
0.019500	0.148354
0.020000	0.210840
0.020500	0.269951
0.021000	0.321177
0.021500	0.357113
0.022000	0.370117
0.022500	0.350225
0.023000	0.280637
0.023500	0.183385
0.024000	0.087872
0.024500	0.022312
0.025000	-0.029457
0.025500	-0.077417
0.026000	-0.114420
0.026500	-0.133622
0.027000	-0.140679
0.027500	-0.143290
0.028000	-0.145417
0.028500	-0.151027
0.029000	-0.166664
0.029500	-0.189017
0.030000	-0.207235
0.030500	-0.210502
0.031000	-0.189967
0.031500	-0.149877
0.032000	-0.098975
0.032500	-0.046030
0.033000	0.009175
0.033500	0.074208
0.034000	0.136838
0.034500	0.184238
0.035000	0.208989
0.035500	0.219096
0.036000	0.220046
0.036500	0.217101
0.037000	0.215234
0.037500	0.214220
0.038000	0.209408
0.038500	0.195970
0.039000	0.170156
0.039500	0.134931
0.040000	0.094071
0.040500	0.051090
0.041000	0.007857
0.041500	-0.044933
0.042000	-0.100430
0.042500	-0.147627
0.043000	-0.174485
0.043500	-0.168209
0.044000	-0.137972
0.044500	-0.096641
0.045000	-0.055368
0.045500	-0.008610
0.046000	0.041244
0.046500	0.088298
0.047000	0.126871
0.047500	0.158248
0.048000	0.180424
0.048500	0.188036
0.049000	0.176127
0.049500	0.154280
0.050000	0.129441
0.050500	0.102766
0.051000	0.075407
0.051500	0.042123
0.052000	0.003928
0.052500	-0.028645
0.053000	-0.045062
0.053500	-0.040489
0.054000	-0.022544
0.054500	0.000639
0.055000	0.020920
0.055500	0.035108
0.056000	0.048916
0.056500	0.061229
0.057000	0.070674
0.057500	0.068917
0.058000	0.048163
0.058500	0.021198
0.059000	0.001338
0.059500	-0.001965
0.060000	0.001339
0.060500	0.005981
0.061000	0.007945
0.061500	0.004401
0.062000	-0.001805
0.062500	-0.009629
0.063000	-0.018430
0.063500	-0.028049
0.064000	-0.042348
0.064500	-0.061863
0.065000	-0.086045
0.065500	-0.116309
0.066000	-0.168933
0.066500	-0.244089
0.067000	-0.337286
0.067500	-0.444694
0.068000	-0.579283
0.068500	-0.731817
0.069000	-0.880746
0.069500	-1.005229
0.070000	-1.111880
0.070500	-1.207636
0.071000	-1.290066
0.071500	-1.356339
0.072000	-1.396685
0.072500	-1.421855
0.073000	-1.451001
0.073500	-1.503320
0.074000	-1.576755
0.074500	-1.655049
0.075000	-1.736321
0.075500	-1.818237
0.076000	-1.899831
0.076500	-1.984804
0.077000	-2.077824
0.077500	-2.183397
0.078000	-2.343366
0.078500	-2.601826
0.079000	-2.895854
0.079500	-3.160430
0.080000	-3.356770
0.080500	-3.522532
0.081000	-3.682018
0.081500	-3.858724
0.082000	-4.086124
0.082500	-4.393670
0.083000	-4.728414
0.083500	-5.031131
0.084000	-5.236805
0.084500	-5.325159
0.085000	-5.381647
0.085500	-5.498163
0.086000	-5.750508
0.086500	-6.049524
0.087000	-6.355943
0.087500	-6.660431
0.088000	-6.955263
0.088500	-7.245589
0.089000	-7.531569
0.089500	-7.810147
0.090000	-8.065550
0.090500	-8.200734
0.091000	-8.258992
0.091500	-8.317250
0.092000	-8.453401
0.092500	-8.732783
0.093000	-9.081046
0.093500	-9.387947
0.094000	-9.545503
0.094500	-9.561112
0.095000	-9.511384
0.095500	-9.452965
0.096000	-9.442665
0.096500	-9.515085
0.097000	-9.631441
0.097500	-9.738624
0.098000	-9.783202
0.098500	-9.656385
0.099000	-9.377165
0.099500	-9.082815
0.100000	-8.911581
0.100500	-8.913030
0.101000	-8.954712
0.101500	-9.004119
0.102000	-9.033409
0.102500	-9.022143
0.103000	-8.984646
0.103500	-8.941998
0.104000	-8.915122
0.104500	-8.958092
0.105000	-9.165215
0.105500	-9.426572
0.106000	-9.613577
0.106500	-9.611163
0.107000	-9.446366
0.107500	-9.224921
0.108000	-9.053686
0.108500	-9.026167
0.109000	-9.085712
0.109500	-9.171007
0.110000	-9.240048
0.110500	-9.249543
0.111000	-9.177284
0.111500	-9.071067
0.112000	-8.987703
0.112500	-8.986255
0.113000	-9.147190
0.113500	-9.409352
0.114000	-9.662018
0.114500	-9.796399
0.115000	-9.791893
0.115500	-9.723013
0.116000	-9.661535
0.116500	-9.679077
0.117000	-9.840816
0.117500	-10.098473
0.118000	-10.353393
0.118500	-10.507085
0.119000	-10.500005
0.119500	-10.395557
0.120000	-10.278558
0.120500	-10.233979
0.121000	-10.329897
0.121500	-10.524466
0.122000	-10.734968
0.122500	-10.878843
0.123000	-10.877396
0.123500	-10.753154
0.124000	-10.598978
0.124500	-10.509177
0.125000	-10.576447
0.125500	-10.799986
0.126000	-11.068102
0.126500	-11.264764
0.127000	-11.289388
0.127500	-11.180757
0.128000	-11.030444
0.128500	-10.928089
0.129000	-10.957862
0.129500	-11.102703
0.130000	-11.286490
0.130500	-11.436159
0.131000	-11.488946
0.131500	-11.486210
0.132000	-11.447103
0.132500	-11.373073
0.133000	-11.259614
0.133500	-11.066814
0.134000	-10.833300
0.134500	-10.614750
0.135000	-10.469105
0.135500	-10.473451
0.136000	-10.565344
0.136500	-10.634384
0.137000	-10.571459
0.137500	-10.344702
0.138000	-10.035065
0.138500	-9.729611
0.139000	-9.515729
0.139500	-9.438319
0.140000	-9.431400
0.140500	-9.416594
0.141000	-9.315205
0.141500	-9.089897
0.142000	-8.796031
0.142500	-8.494600
0.143000	-8.246279
0.143500	-8.099345
0.144000	-8.021936
0.144500	-7.952895
0.145000	-7.830424
0.145500	-7.602702
0.146000	-7.294513
0.146500	-6.966850
0.147000	-6.680708
0.147500	-6.492576
0.148000	-6.389740
0.148500	-6.307502
0.149000	-6.179237
0.149500	-5.952320
0.150000	-5.660707
0.150500	-5.349298
0.151000	-5.059456
0.151500	-4.829641
0.152000	-4.647464
0.152500	-4.480092
0.153000	-4.297753
0.153500	-4.071479
0.154000	-3.796282
0.154500	-3.502415
0.155000	-3.222550
0.155500	-2.989035
0.156000	-2.800098
0.156500	-2.627576
0.157000	-2.447168
0.157500	-2.235540
0.158000	-2.009588
0.158500	-1.783314
0.159000	-1.556912
0.159500	-1.330219
0.160000	-1.101081
0.160500	-0.870221
0.161000	-0.642112
0.161500	-0.421214
0.162000	-0.215089
0.162500	-0.023073
0.163000	0.162833
0.163500	0.350628
0.164000	0.544779
0.164500	0.740765
0.165000	0.936477
0.165500	1.130017
0.166000	1.298773
0.166500	1.416464
0.167000	1.513411
0.167500	1.621414
0.168000	1.763841
0.168500	1.920269
0.169000	2.079916
0.169500	2.234574
0.170000	2.372978
0.170500	2.486115
0.171000	2.592492
0.171500	2.712549
0.172000	2.865920
0.172500	3.053891
0.173000	3.257473
0.173500	3.456549
0.174000	3.634060
0.174500	3.800788
0.175000	3.961883
0.175500	4.117668
0.176000	4.265727
0.176500	4.388359
0.177000	4.496024
0.177500	4.606103
0.178000	4.737426
0.178500	4.938433
0.179000	5.183053
0.179500	5.413833
0.180000	5.573641
0.180500	5.652660
0.181000	5.690158
0.181500	5.722827
0.182000	5.787683
0.182500	5.911764
0.183000	6.071250
0.183500	6.226069
0.184000	6.336148
0.184500	6.342747
0.185000	6.261796
0.185500	6.166202
0.186000	6.128382
0.186500	6.195492
0.187000	6.322308
0.187500	6.459907
0.188000	6.560329
0.188500	6.580447
0.189000	6.535868
0.189500	6.475840
0.190000	6.450573
0.190500	6.518648
0.191000	6.705009
0.191500	6.924363
0.192000	7.084171
0.192500	7.110565
0.193000	7.051019
0.193500	6.961700
0.194000	6.893786
0.194500	6.896522
0.195000	6.971195
0.195500	7.069526
0.196000	7.141625
0.196500	7.136153
0.197000	7.026718
0.197500	6.871094
0.198000	6.737680
0.198500	6.692940
0.199000	6.726092
0.199500	6.786121
0.200000	6.837780
0.200500	6.846632
0.201000	6.826998
0.201500	6.794651
0.202000	6.749267
0.202500	6.689721
0.203000	6.587045
0.203500	6.454113
0.204000	6.325366
0.204500	6.234921
0.205000	6.226069
0.205500	6.281270
0.206000	6.343551
0.206500	6.355943
0.207000	6.281270
0.207500	6.153488
0.208000	6.022970
0.208500	5.939767
0.209000	5.947814
0.209500	6.026028
0.210000	6.118082
0.210500	6.167167
0.211000	6.131118
0.211500	6.037615
0.212000	5.931720
0.212500	5.858173
0.213000	5.861875
0.213500	5.943307
0.214000	6.046628
0.214500	6.114220
0.215000	6.093620
0.215500	5.998830
0.216000	5.881670
0.216500	5.794765
0.217000	5.785430
0.217500	5.831136
0.218000	5.893901
0.218500	5.942181
0.219000	5.949423
0.219500	5.937192
0.220000	5.914500
0.220500	5.882313
0.221000	5.837734
0.221500	5.757589
0.222000	5.659258
0.222500	5.569457
0.223000	5.516509
0.223500	5.551271
0.224000	5.641716
0.224500	5.724436
0.225000	5.736989
0.225500	5.671489
0.226000	5.570744
0.226500	5.473057
0.227000	5.417052
0.227500	5.426547
0.228000	5.474023
0.228500	5.520854
0.229000	5.527936
0.229500	5.459056
0.230000	5.337873
0.230500	5.214919
0.231000	5.140889
0.231500	5.148613
0.232000	5.203975
0.232500	5.266739
0.233000	5.296995
0.233500	5.280258
0.234000	5.250646
0.234500	5.210090
0.235000	5.159396
0.235500	5.086493
0.236000	4.981081
0.236500	4.870358
0.237000	4.782809
0.237500	4.752232
0.238000	4.795684
0.238500	4.866334
0.239000	4.913488
0.239500	4.895625
0.240000	4.835596
0.240500	4.762210
0.241000	4.702181
0.241500	4.683513
0.242000	4.724391
0.242500	4.789891
0.243000	4.837688
0.243500	4.824975
0.244000	4.733725
0.244500	4.607230
0.245000	4.496185
0.245500	4.449836
0.246000	4.470758
0.246500	4.519038
0.247000	4.559111
0.247500	4.556536
0.248000	4.523544
0.248500	4.475103
0.249000	4.411212
0.249500	4.330905
0.250000	4.209883
0.250500	4.062145
0.251000	3.919396
0.251500	3.814306
0.252000	3.775843
0.252500	3.782441
0.253000	3.789201
0.253500	3.751381
0.254000	3.658200
0.254500	3.543775
0.255000	3.429351
0.255500	3.336492
0.256000	3.275659
0.256500	3.228183
0.257000	3.182961
0.257500	3.128887
0.258000	3.055822
0.258500	2.966343
0.259000	2.872357
0.259500	2.786257
0.260000	2.729608
0.260500	2.728321
0.261000	2.739908
0.261500	2.715929
0.262000	2.622265
0.262500	2.496575
0.263000	2.360264
0.263500	2.230068
0.264000	2.115322
0.264500	2.000254
0.265000	1.893071
0.265500	1.805684
0.266000	1.750162
0.266500	1.733585
0.267000	1.737287
0.267500	1.738896
0.268000	1.718136
0.268500	1.679833
0.269000	1.637186
0.269500	1.601716
0.270000	1.584496
0.270500	1.592897
0.271000	1.616425
0.271500	1.640404
0.272000	1.651509
0.272500	1.656015
0.273000	1.654406
0.273500	1.637669
0.274000	1.597049
0.274500	1.531548
0.275000	1.452465
0.275500	1.372127
0.276000	1.302828
0.276500	1.243411
0.277000	1.185314
0.277500	1.129840
0.278000	1.078277
0.278500	1.029417
0.279000	0.983792
0.279500	0.945232
0.280000	0.917600
0.280500	0.900171
0.281000	0.884753
0.281500	0.869947
0.282000	0.854674
0.282500	0.833463
0.283000	0.804060
0.283500	0.779438
0.284000	0.772952
0.284500	0.791459
0.285000	0.815422
0.285500	0.840931
0.286000	0.866600
0.286500	0.891416
0.287000	0.916264
0.287500	0.941096
0.288000	0.965735
0.288500	0.985128
0.289000	0.983357
0.289500	0.967666
0.290000	0.947759
0.290500	0.931891
0.291000	0.913512
0.291500	0.890080
0.292000	0.861755
0.292500	0.822729
0.293000	0.731141
0.293500	0.610569
0.294000	0.500232
0.294500	0.438128
0.295000	0.412362
0.295500	0.405925
0.296000	0.417641
0.296500	0.446496
0.297000	0.495388
0.297500	0.553679
0.298000	0.605532
0.298500	0.635707
0.299000	0.652042
0.299500	0.663050
0.300000	0.669439
0.300500	0.671949
0.301000	0.673736
0.301500	0.672577
0.302000	0.661102
0.302500	0.631973
0.303000	0.585994
0.303500	0.530778
0.304000	0.469156
0.304500	0.403945
0.305000	0.337769
0.305500	0.270949
0.306000	0.202584
0.306500	0.131714
0.307000	0.056857
0.307500	-0.022639
0.308000	-0.105066
0.308500	-0.188679
0.309000	-0.277982
0.309500	-0.379741
0.310000	-0.484413
0.310500	-0.582084
0.311000	-0.661811
0.311500	-0.715643
0.312000	-0.746446
0.312500	-0.757921
0.313000	-0.751644
0.313500	-0.727053
0.314000	-0.696460
0.314500	-0.673333
0.315000	-0.669906
0.315500	-0.680286
0.316000	-0.694432
0.316500	-0.703911
0.317000	-0.700789
0.317500	-0.686498
0.318000	-0.668200
0.318500	-0.652798
0.319000	-0.646473
0.319500	-0.646795
0.320000	-0.651816
0.320500	-0.660781
0.321000	-0.673559
0.321500	-0.704410
0.322000	-0.745770
0.322500	-0.778842
0.323000	-0.785505
0.323500	-0.776428
0.324000	-0.763811
0.324500	-0.750421
0.325000	-0.738979
0.325500	-0.731914
0.326000	-0.727359
0.326500	-0.721598
0.327000	-0.710912
0.327500	-0.677630
0.328000	-0.615091
0.328500	-0.536153
0.329000	-0.453626
0.329500	-0.365402
0.330000	-0.266958
0.330500	-0.167565
0.331000	-0.076484
0.331500	0.002611
0.332000	0.070048
0.332500	0.113324
0.333000	0.119561
0.333500	0.092048
0.334000	0.058973
0.334500	0.022674
0.335000	-0.015428
0.335500	-0.054698
0.336000	-0.096422
0.336500	-0.138367
0.337000	-0.177913
0.337500	-0.210003
0.338000	-0.224391
0.338500	-0.223184
0.339000	-0.209762
0.339500	-0.187489
0.340000	-0.158709
0.340500	-0.124026
0.341000	-0.083948
0.341500	-0.037900
0.342000	0.015952
0.342500	0.072729
0.343000	0.126929
0.343500	0.173938
0.344000	0.215942
0.344500	0.248064
0.345000	0.263401
0.345500	0.255483
0.346000	0.234240
0.346500	0.207573
0.347000	0.177108
0.347500	0.144408
0.348000	0.110148
0.348500	0.075184
0.349000	0.040737
0.349500	0.008202
0.350000	-0.017428
0.350500	-0.038579
0.351000	-0.061075
0.351500	-0.090738
0.352000	-0.133064
0.352500	-0.184415
0.353000	-0.236895
0.353500	-0.282633
0.354000	-0.321998
0.354500	-0.360042
0.355000	-0.395834
0.355500	-0.428488
0.356000	-0.457633
0.356500	-0.484509
0.357000	-0.510693
0.357500	-0.537762
0.358000	-0.571784
0.358500	-0.615542
0.359000	-0.655824
0.359500	-0.679079
0.360000	-0.679159
0.360500	-0.668457
0.361000	-0.653281
0.361500	-0.639634
0.362000	-0.631539
0.362500	-0.624216
0.363000	-0.616926
0.363500	-0.609587
0.364000	-0.601911
0.364500	-0.593333
0.365000	-0.584675
0.365500	-0.576902
0.366000	-0.574053
0.366500	-0.586413
0.367000	-0.608702
0.367500	-0.634098
0.368000	-0.657304
0.368500	-0.685597
0.369000	-0.716383
0.369500	-0.743694
0.370000	-0.760045
0.370500	-0.751660
0.371000	-0.728985
0.371500	-0.707387
0.372000	-0.702076
0.372500	-0.717832
0.373000	-0.741956
0.373500	-0.760302
0.374000	-0.759305
0.374500	-0.746414
0.375000	-0.728743
0.375500	-0.706035
0.376000	-0.678145
0.376500	-0.648018
0.377000	-0.617473
0.377500	-0.587024
0.378000	-0.557107
0.378500	-0.527784
0.379000	-0.499041
0.379500	-0.471200
0.380000	-0.444613
0.380500	-0.424110
0.381000	-0.412958
0.381500	-0.409144
0.382000	-0.410624
0.382500	-0.416498
0.383000	-0.426364
0.383500	-0.437066
0.384000	-0.445434
0.384500	-0.449844
0.385000	-0.452113
0.385500	-0.452354
0.386000	-0.450568
0.386500	-0.442505
0.387000	-0.423499
0.387500	-0.401081
0.388000	-0.383088
0.388500	-0.378598
0.389000	-0.391553
0.389500	-0.409836
0.390000	-0.420280
0.390500	-0.410882
0.391000	-0.384311
0.391500	-0.352833
0.392000	-0.328789
0.392500	-0.320501
0.393000	-0.318248
0.393500	-0.320163
0.394000	-0.325828
0.394500	-0.336160
0.395000	-0.359173
0.395500	-0.386677
0.396000	-0.406842
0.396500	-0.408789
0.397000	-0.395770
0.397500	-0.376184
0.398000	-0.357451
0.398500	-0.346798
0.399000	-0.343321
0.399500	-0.342275
0.400000	-0.340569
0.400500	-0.335162
0.401000	-0.324669
0.401500	-0.307787
0.402000	-0.282713
0.402500	-0.247404
0.403000	-0.194296
0.403500	-0.129285
0.404000	-0.064029
0.404500	-0.010211
0.405000	0.033054
0.405500	0.073940
0.406000	0.111725
0.406500	0.145691
0.407000	0.173906
0.407500	0.197370
0.408000	0.219756
0.408500	0.244717
0.409000	0.279189
0.409500	0.326134
0.410000	0.375814
0.410500	0.418188
0.411000	0.444662
0.411500	0.451888
0.412000	0.436873
0.412500	0.396526
0.413000	0.331106
0.413500	0.251734
0.414000	0.169206
0.414500	0.094184
0.415000	0.033012
0.415500	-0.025996
0.416000	-0.084513
0.416500	-0.142577
0.417000	-0.200074
0.417500	-0.256256
0.418000	-0.310732
0.418500	-0.363132
0.419000	-0.406955
0.419500	-0.420409
0.420000	-0.409224
0.420500	-0.382074
0.421000	-0.344110
0.421500	-0.277483
0.422000	-0.200235
0.422500	-0.139530
0.423000	-0.117469
0.423500	-0.106117
0.424000	-0.095722
0.424500	-0.086114
0.425000	-0.077112
0.425500	-0.068278
0.426000	-0.059790
0.426500	-0.052086
0.427000	-0.045955
0.427500	-0.052078
0.428000	-0.071199
0.428500	-0.097752
0.429000	-0.126821
0.429500	-0.171894
0.430000	-0.229122
0.430500	-0.283245
0.431000	-0.319004
0.431500	-0.333376
0.432000	-0.334148
0.432500	-0.322271
0.433000	-0.298694
0.433500	-0.266057
0.434000	-0.229090
0.434500	-0.191882
0.435000	-0.158514
0.435500	-0.131342
0.436000	-0.107947
0.436500	-0.086909
0.437000	-0.066878
0.437500	-0.061432
0.438000	-0.084083
0.438500	-0.105109
0.439000	-0.093662
0.439500	-0.020946
0.440000	0.106252
0.440500	0.257157
0.441000	0.400759
0.441500	0.524550
0.442000	0.665560
0.442500	0.782125
0.443000	0.823871
0.443500	0.762411
0.444000	0.665528
0.444500	0.555851
0.445000	0.447961
0.445500	0.351931
0.446000	0.258010
0.446500	0.165424
0.447000	0.075065
0.447500	-0.008868
0.448000	-0.056377
0.448500	-0.064168
0.449000	-0.036785
0.449500	0.025091
0.450000	0.141632
0.450500	0.285160
0.451000	0.417271
0.451500	0.506541
0.452000	0.585544
0.452500	0.649934
0.453000	0.680801
0.453500	0.660555
0.454000	0.617537
0.454500	0.572315
0.455000	0.527318
0.455500	0.484895
0.456000	0.444324
0.456500	0.404106
0.457000	0.363647
0.457500	0.322287
0.458000	0.272092
0.458500	0.211259
0.459000	0.148330
0.459500	0.091844
0.460000	0.044159
0.460500	0.008354
0.461000	-0.005930
0.461500	0.010944
0.462000	0.051847
0.462500	0.101189
0.463000	0.155918
0.463500	0.212964
0.464000	0.272076
0.464500	0.335275
0.465000	0.398457
0.465500	0.457343
0.466000	0.504626
0.466500	0.532612
0.467000	0.541834
0.467500	0.533031
0.468000	0.506831
0.468500	0.468046
0.469000	0.425317
0.469500	0.387337
0.470000	0.362923
0.470500	0.352157
0.471000	0.342822
0.471500	0.322078
0.472000	0.277676
0.472500	0.210599
0.473000	0.134210
0.473500	0.062357
0.474000	0.002506
0.474500	-0.058791
0.475000	-0.113129
0.475500	-0.149360
0.476000	-0.159032
0.476500	-0.160178
0.477000	-0.159805
0.477500	-0.159613
0.478000	-0.161063
0.478500	-0.163091
0.479000	-0.165280
0.479500	-0.167629
0.480000	-0.170510
0.480500	-0.183546
0.481000	-0.203566
0.481500	-0.220496
0.482000	-0.223972
0.482500	-0.199092
0.483000	-0.154716
0.483500	-0.108132
0.484000	-0.076104
0.484500	-0.054785
0.485000	-0.039669
0.485500	-0.033198
0.486000	-0.037812
0.486500	-0.065640
0.487000	-0.117550
0.487500	-0.179088
0.488000	-0.235817
0.488500	-0.300175
0.489000	-0.358852
0.489500	-0.358691
0.490000	-0.189034
0.490500	1608426.625000
0.491000	5671006.500000
0.491500	11044445.000000
0.492000	16585899.000000
0.492500	21629584.000000
0.493000	26692580.000000
0.493500	31914900.000000
