0.000000	0.000060
0.000500	0.000259
0.001000	0.000391
0.001500	0.000484
0.002000	0.000588
0.002500	0.000734
0.003000	0.000805
0.003500	0.000522
0.004000	0.000256
0.004500	-0.000003
0.005000	-0.000369
0.005500	-0.000887
0.006000	-0.001540
0.006500	-0.002283
0.007000	-0.003158
0.007500	-0.003811
0.008000	-0.004384
0.008500	-0.005266
0.009000	-0.006319
0.009500	-0.007397
0.010000	-0.008685
0.010500	-0.009994
0.011000	-0.011352
0.011500	-0.012870
0.012000	-0.014317
0.012500	-0.015801
0.013000	-0.017376
0.013500	-0.019150
0.014000	-0.020872
0.014500	-0.022523
0.015000	-0.024068
0.015500	-0.025286
0.016000	-0.026364
0.016500	-0.027534
0.017000	-0.028661
0.017500	-0.029795
0.018000	-0.031086
0.018500	-0.032351
0.019000	-0.033667
0.019500	-0.034693
0.020000	-0.035349
0.020500	-0.035953
0.021000	-0.036465
0.021500	-0.036870
0.022000	-0.037205
0.022500	-0.037549
0.023000	-0.037963
0.023500	-0.038336
0.024000	-0.038702
0.024500	-0.039070
0.025000	-0.039569
0.025500	-0.040377
0.026000	-0.041222
0.026500	-0.042049
0.027000	-0.043106
0.027500	-0.044313
0.028000	-0.045873
0.028500	-0.047876
0.029000	-0.050166
0.029500	-0.052756
0.030000	-0.055614
0.030500	-0.058591
0.031000	-0.061554
0.031500	-0.064746
0.032000	-0.068077
0.032500	-0.071658
0.033000	-0.075655
0.033500	-0.079769
0.034000	-0.083998
0.034500	-0.088371
0.035000	-0.092914
0.035500	-0.097610
0.036000	-0.102361
0.036500	-0.106880
0.037000	-0.111162
0.037500	-0.115258
0.038000	-0.119191
0.038500	-0.123091
0.039000	-0.126947
0.039500	-0.130845
0.040000	-0.135006
0.040500	-0.139232
0.041000	-0.143278
0.041500	-0.147290
0.042000	-0.151391
0.042500	-0.155595
0.043000	-0.159703
0.043500	-0.163976
0.044000	-0.168611
0.044500	-0.173616
0.045000	-0.179200
0.045500	-0.185364
0.046000	-0.192140
0.046500	-0.200041
0.047000	-0.209134
0.047500	-0.219160
0.048000	-0.230201
0.048500	-0.242432
0.049000	-0.256095
0.049500	-0.271239
0.050000	-0.287767
0.050500	-0.305743
0.051000	-0.325329
0.051500	-0.346556
0.052000	-0.369554
0.052500	-0.394144
0.053000	-0.420393
0.053500	-0.448589
0.054000	-0.478925
0.054500	-0.511804
0.055000	-0.547161
0.055500	-0.585045
0.056000	-0.625890
0.056500	-0.669712
0.057000	-0.716496
0.057500	-0.766531
0.058000	-0.819961
0.058500	-0.876642
0.059000	-0.936574
0.059500	-0.999708
0.060000	-1.065579
0.060500	-1.133992
0.061000	-1.204980
0.061500	-1.278479
0.062000	-1.354440
0.062500	-1.432590
0.063000	-1.513057
0.063500	-1.596003
0.064000	-1.681764
0.064500	-1.771405
0.065000	-1.865551
0.065500	-1.965170
0.066000	-2.070904
0.066500	-2.183719
0.067000	-2.304098
0.067500	-2.432523
0.068000	-2.569639
0.068500	-2.715768
0.069000	-2.871713
0.069500	-3.037959
0.070000	-3.214826
0.070500	-3.402314
0.071000	-3.600425
0.071500	-3.808834
0.072000	-4.027061
0.072500	-4.254622
0.073000	-4.491196
0.073500	-4.736300
0.074000	-4.989771
0.074500	-5.250968
0.075000	-5.520050
0.075500	-5.797501
0.076000	-6.083159
0.076500	-6.377831
0.077000	-6.681996
0.077500	-6.996140
0.078000	-7.320584
0.078500	-7.655488
0.079000	-8.001176
0.079500	-8.357645
0.080000	-8.724575
0.080500	-9.100841
0.081000	-9.484509
0.081500	-9.873165
0.082000	-10.264718
0.082500	-10.656754
0.083000	-11.046860
0.083500	-11.433907
0.084000	-11.817413
0.084500	-12.196897
0.085000	-12.573161
0.085500	-12.947816
0.086000	-13.323276
0.086500	-13.702438
0.087000	-14.088036
0.087500	-14.484257
0.088000	-14.894801
0.088500	-15.322886
0.089000	-15.770284
0.089500	-16.236671
0.090000	-16.721085
0.090500	-17.216763
0.091000	-17.720486
0.091500	-18.222603
0.092000	-18.718279
0.092500	-19.201082
0.093000	-19.666183
0.093500	-20.107145
0.094000	-20.525574
0.094500	-20.916643
0.095000	-21.281965
0.095500	-21.616709
0.096000	-21.919266
0.096500	-22.181589
0.097000	-22.398849
0.097500	-22.564611
0.098000	-22.674047
0.098500	-22.731983
0.099000	-22.743250
0.099500	-22.725548
0.100000	-22.698189
0.100500	-22.678875
0.101000	-22.691751
0.101500	-22.749687
0.102000	-22.860731
0.102500	-23.020056
0.103000	-23.219616
0.103500	-23.448141
0.104000	-23.694370
0.104500	-23.951868
0.105000	-24.214190
0.105500	-24.481340
0.106000	-24.750101
0.106500	-25.017252
0.107000	-25.284405
0.107500	-25.545118
0.108000	-25.801003
0.108500	-26.045624
0.109000	-26.278978
0.109500	-26.499458
0.110000	-26.707062
0.110500	-26.903402
0.111000	-27.090088
0.111500	-27.270334
0.112000	-27.445753
0.112500	-27.619562
0.113000	-27.794981
0.113500	-27.973618
0.114000	-28.155476
0.114500	-28.343765
0.115000	-28.533669
0.115500	-28.726791
0.116000	-28.919910
0.116500	-29.114641
0.117000	-29.306152
0.117500	-29.496056
0.118000	-29.684349
0.118500	-29.872644
0.119000	-30.060938
0.119500	-30.247622
0.120000	-30.437523
0.120500	-30.629034
0.121000	-30.823765
0.121500	-31.024933
0.122000	-31.230930
0.122500	-31.444971
0.123000	-31.662233
0.123500	-31.885933
0.124000	-32.112850
0.124500	-32.344597
0.125000	-32.579559
0.125500	-32.820961
0.126000	-33.065582
0.126500	-33.315029
0.127000	-33.572525
0.127500	-33.834850
0.128000	-34.103607
0.128500	-34.380417
0.129000	-34.663658
0.129500	-34.953342
0.130000	-35.252682
0.130500	-35.556847
0.131000	-35.867451
0.131500	-36.184490
0.132000	-36.503139
0.132500	-36.825008
0.133000	-37.150097
0.133500	-37.473576
0.134000	-37.798660
0.134500	-38.122139
0.135000	-38.445618
0.135500	-38.769096
0.136000	-39.090969
0.136500	-39.414444
0.137000	-39.739532
0.137500	-40.066227
0.138000	-40.396145
0.138500	-40.729279
0.139000	-41.067242
0.139500	-41.405205
0.140000	-41.743164
0.140500	-42.077908
0.141000	-42.411045
0.141500	-42.742569
0.142000	-43.074093
0.142500	-43.407227
0.143000	-43.740360
0.143500	-44.076714
0.144000	-44.413067
0.144500	-44.752640
0.145000	-45.093819
0.145500	-45.439831
0.146000	-45.787445
0.146500	-46.139893
0.147000	-46.493946
0.147500	-46.848003
0.148000	-47.203667
0.148500	-47.559334
0.149000	-47.911781
0.149500	-48.261009
0.150000	-48.608627
0.150500	-48.951416
0.151000	-49.290989
0.151500	-49.627342
0.152000	-49.962086
0.152500	-50.296829
0.153000	-50.631573
0.153500	-50.967926
0.154000	-51.307499
0.154500	-51.647068
0.155000	-51.989857
0.155500	-52.332649
0.156000	-52.675438
0.156500	-53.015011
0.157000	-53.352974
0.157500	-53.684502
0.158000	-54.009586
0.158500	-54.328236
0.159000	-54.638840
0.159500	-54.941395
0.160000	-55.234295
0.160500	-55.514320
0.161000	-55.779861
0.161500	-56.029308
0.162000	-56.262665
0.162500	-56.478321
0.163000	-56.679489
0.163500	-56.866169
0.164000	-57.043198
0.164500	-57.212177
0.165000	-57.374725
0.165500	-57.534050
0.166000	-57.693371
0.166500	-57.851086
0.167000	-58.010418
0.167500	-58.169739
0.168000	-58.330673
0.168500	-58.490002
0.169000	-58.647717
0.169500	-58.802208
0.170000	-58.953491
0.170500	-59.099937
0.171000	-59.241562
0.171500	-59.375141
0.172000	-59.503883
0.172500	-59.622978
0.173000	-59.735630
0.173500	-59.838627
0.174000	-59.931973
0.174500	-60.015656
0.175000	-60.089687
0.175500	-60.155674
0.176000	-60.211998
0.176500	-60.261887
0.177000	-60.303730
0.177500	-60.339134
0.178000	-60.369713
0.178500	-60.395462
0.179000	-60.417992
0.179500	-60.442131
0.180000	-60.464661
0.180500	-60.490417
0.181000	-60.520988
0.181500	-60.556393
0.182000	-60.596630
0.182500	-60.643299
0.183000	-60.698017
0.183500	-60.757561
0.184000	-60.823544
0.184500	-60.892754
0.185000	-60.966778
0.185500	-61.044025
0.186000	-61.121277
0.186500	-61.201740
0.187000	-61.282207
0.187500	-61.361065
0.188000	-61.438316
0.188500	-61.513954
0.189000	-61.587986
0.189500	-61.660404
0.190000	-61.731220
0.190500	-61.802029
0.191000	-61.871231
0.191500	-61.943653
0.192000	-62.016071
0.192500	-62.091713
0.193000	-62.170570
0.193500	-62.252644
0.194000	-62.336334
0.194500	-62.421623
0.195000	-62.508530
0.195500	-62.595436
0.196000	-62.683949
0.196500	-62.772465
0.197000	-62.860977
0.197500	-62.949493
0.198000	-63.039616
0.198500	-63.126514
0.199000	-63.211815
0.199500	-63.295502
0.200000	-63.375969
0.200500	-63.453217
0.201000	-63.527245
0.201500	-63.596443
0.202000	-63.664036
0.202500	-63.726803
0.203000	-63.787960
0.203500	-63.844288
0.204000	-63.897392
0.204500	-63.947285
0.205000	-63.992348
0.205500	-64.034187
0.206000	-64.072815
0.206500	-64.106606
0.207000	-64.138794
0.207500	-64.166153
0.208000	-64.190300
0.208500	-64.209602
0.209000	-64.225700
0.209500	-64.240181
0.210000	-64.249840
0.210500	-64.257889
0.211000	-64.264320
0.211500	-64.269157
0.212000	-64.272369
0.212500	-64.273979
0.213000	-64.275589
0.213500	-64.273979
0.214000	-64.269157
0.214500	-64.262718
0.215000	-64.253059
0.215500	-64.241791
0.216000	-64.228920
0.216500	-64.212830
0.217000	-64.195122
0.217500	-64.174202
0.218000	-64.150063
0.218500	-64.122704
0.219000	-64.088913
0.219500	-64.050285
0.220000	-64.006828
0.220500	-63.958549
0.221000	-63.905441
0.221500	-63.849113
0.222000	-63.791180
0.222500	-63.730019
0.223000	-63.670475
0.223500	-63.614151
0.224000	-63.561039
0.224500	-63.512760
0.225000	-63.470917
0.225500	-63.432297
0.226000	-63.396893
0.226500	-63.363094
0.227000	-63.332516
0.227500	-63.300327
0.228000	-63.269749
0.228500	-63.240784
0.229000	-63.210205
0.229500	-63.179626
0.230000	-63.147438
0.230500	-63.113644
0.231000	-63.078239
0.231500	-63.041225
0.232000	-63.004204
0.232500	-62.965584
0.233000	-62.926964
0.233500	-62.886726
0.234000	-62.846489
0.234500	-62.806259
0.235000	-62.764416
0.235500	-62.724178
0.236000	-62.683949
0.236500	-62.643715
0.237000	-62.603485
0.237500	-62.563248
0.238000	-62.524628
0.238500	-62.486000
0.239000	-62.448986
0.239500	-62.413582
0.240000	-62.379787
0.240500	-62.347599
0.241000	-62.317020
0.241500	-62.288048
0.242000	-62.259083
0.242500	-62.230114
0.243000	-62.201149
0.243500	-62.172176
0.244000	-62.141598
0.244500	-62.111027
0.245000	-62.078838
0.245500	-62.045040
0.246000	-62.012856
0.246500	-61.979057
0.247000	-61.946869
0.247500	-61.914684
0.248000	-61.884102
0.248500	-61.851917
0.249000	-61.819729
0.249500	-61.789154
0.250000	-61.755360
0.250500	-61.721561
0.251000	-61.686157
0.251500	-61.650749
0.252000	-61.613735
0.252500	-61.575115
0.253000	-61.536488
0.253500	-61.496258
0.254000	-61.456020
0.254500	-61.414177
0.255000	-61.372330
0.255500	-61.332100
0.256000	-61.291866
0.256500	-61.254852
0.257000	-61.217838
0.257500	-61.184044
0.258000	-61.153465
0.258500	-61.126102
0.259000	-61.100353
0.259500	-61.077824
0.260000	-61.058510
0.260500	-61.042419
0.261000	-61.029545
0.261500	-61.019886
0.262000	-61.011841
0.262500	-61.007015
0.263000	-61.003792
0.263500	-61.003792
0.264000	-61.003792
0.264500	-61.005405
0.265000	-61.008621
0.265500	-61.011841
0.266000	-61.015057
0.266500	-61.018280
0.267000	-61.021496
0.267500	-61.024712
0.268000	-61.027935
0.268500	-61.029545
0.269000	-61.032761
0.269500	-61.034370
0.270000	-61.035980
0.270500	-61.039200
0.271000	-61.039200
0.271500	-61.040810
0.272000	-61.039200
0.272500	-61.037586
0.273000	-61.032761
0.273500	-61.026321
0.274000	-61.019886
0.274500	-61.011841
0.275000	-61.003792
0.275500	-60.994141
0.276000	-60.984482
0.276500	-60.976437
0.277000	-60.966778
0.277500	-60.958729
0.278000	-60.950687
0.278500	-60.944248
0.279000	-60.937813
0.279500	-60.929764
0.280000	-60.921715
0.280500	-60.913670
0.281000	-60.904018
0.281500	-60.892754
0.282000	-60.878265
0.282500	-60.863781
0.283000	-60.846077
0.283500	-60.826767
0.284000	-60.807453
0.284500	-60.786533
0.285000	-60.765610
0.285500	-60.744686
0.286000	-60.726990
0.286500	-60.707676
0.287000	-60.691586
0.287500	-60.675488
0.288000	-60.661003
0.288500	-60.644909
0.289000	-60.630424
0.289500	-60.614334
0.290000	-60.596630
0.290500	-60.577316
0.291000	-60.554787
0.291500	-60.532253
0.292000	-60.508114
0.292500	-60.483974
0.293000	-60.461445
0.293500	-60.437305
0.294000	-60.416386
0.294500	-60.397072
0.295000	-60.380978
0.295500	-60.369713
0.296000	-60.361664
0.296500	-60.356842
0.297000	-60.355225
0.297500	-60.355225
0.298000	-60.358448
0.298500	-60.363274
