0.000000	-0.046149
0.000500	-0.046149
0.001000	-0.046149
0.001500	-0.046149
0.002000	-0.046149
0.002500	-0.046149
0.003000	-0.046149
0.003500	-0.046149
0.004000	-0.035914
0.004500	0.009556
0.005000	0.045564
0.005500	0.072165
0.006000	0.089413
0.006500	0.096143
0.007000	0.092301
0.007500	0.079599
0.008000	0.059751
0.008500	0.020670
0.009000	-0.037990
0.009500	-0.096915
0.010000	-0.136790
0.010500	-0.139310
0.011000	-0.111950
0.011500	-0.080834
0.012000	-0.072330
0.012500	-0.093691
0.013000	-0.117450
0.013500	-0.142290
0.014000	-0.167890
0.014500	-0.195920
0.015000	-0.227780
0.015500	-0.258950
0.016000	-0.284760
0.016500	-0.295600
0.017000	-0.273980
0.017500	-0.229980
0.018000	-0.176320
0.018500	-0.123580
0.019000	-0.070516
0.019500	-0.017049
0.020000	0.036267
0.020500	0.089934
0.021000	0.149580
0.021500	0.206820
0.022000	0.250270
0.022500	0.265280
0.023000	0.223660
0.023500	0.144530
0.024000	0.056696
0.024500	-0.012049
0.025000	-0.072009
0.025500	-0.131220
0.026000	-0.183900
0.026500	-0.224020
0.027000	-0.241670
0.027500	-0.239210
0.028000	-0.223910
0.028500	-0.203030
0.029000	-0.181530
0.029500	-0.159490
0.030000	-0.136790
0.030500	-0.113350
0.031000	-0.089927
0.031500	-0.066137
0.032000	-0.040121
0.032500	-0.010021
0.033000	0.031052
0.033500	0.088779
0.034000	0.153260
0.034500	0.214220
0.035000	0.266370
0.035500	0.315180
0.036000	0.360600
0.036500	0.402350
0.037000	0.438360
0.037500	0.458690
0.038000	0.456740
0.038500	0.426510
0.039000	0.368480
0.039500	0.306120
0.040000	0.242700
0.040500	0.178780
0.041000	0.114570
0.041500	0.048147
0.042000	-0.018738
0.042500	-0.083461
0.043000	-0.138090
0.043500	-0.139820
0.044000	-0.099603
0.044500	-0.041960
0.045000	0.012291
0.045500	0.076598
0.046000	0.145830
0.046500	0.207270
0.047000	0.248620
0.047500	0.274500
0.048000	0.291640
0.048500	0.301590
0.049000	0.305910
0.049500	0.306820
0.050000	0.304410
0.050500	0.297920
0.051000	0.286590
0.051500	0.264350
0.052000	0.231550
0.052500	0.197000
0.053000	0.169530
0.053500	0.153690
0.054000	0.148910
0.054500	0.156270
0.055000	0.176850
0.055500	0.225750
0.056000	0.314130
0.056500	0.409210
0.057000	0.477110
0.057500	0.507870
0.058000	0.534380
0.058500	0.556460
0.059000	0.572610
0.059500	0.582880
0.060000	0.592470
0.060500	0.601750
0.061000	0.610440
0.061500	0.618290
0.062000	0.625400
0.062500	0.632180
0.063000	0.639070
0.063500	0.647510
0.064000	0.664640
0.064500	0.685640
0.065000	0.702970
0.065500	0.708390
0.066000	0.692890
0.066500	0.661570
0.067000	0.622000
0.067500	0.580730
0.068000	0.517270
0.068500	0.442070
0.069000	0.383900
0.069500	0.370190
0.070000	0.378180
0.070500	0.388040
0.071000	0.398190
0.071500	0.407070
0.072000	0.415270
0.072500	0.423260
0.073000	0.430780
0.073500	0.437580
0.074000	0.432030
0.074500	0.406590
0.075000	0.367140
0.075500	0.319530
0.076000	0.263660
0.076500	0.197240
0.077000	0.122920
0.077500	0.043338
0.078000	-0.050851
0.078500	-0.169660
0.079000	-0.289050
0.079500	-0.384100
0.080000	-0.441780
0.080500	-0.477700
0.081000	-0.497120
0.081500	-0.504730
0.082000	-0.503660
0.082500	-0.493330
0.083000	-0.480620
0.083500	-0.473200
0.084000	-0.476930
0.084500	-0.488990
0.085000	-0.509350
0.085500	-0.538620
0.086000	-0.577630
0.086500	-0.629720
0.087000	-0.697370
0.087500	-0.782600
0.088000	-0.886830
0.088500	-1.003600
0.089000	-1.125300
0.089500	-1.245000
0.090000	-1.356500
0.090500	-1.462400
0.091000	-1.565000
0.091500	-1.665400
0.092000	-1.765100
0.092500	-1.873600
0.093000	-1.967500
0.093500	-2.011400
0.094000	-1.971700
0.094500	-1.891600
0.095000	-1.803900
0.095500	-1.712200
0.096000	-1.620200
0.096500	-1.528400
0.097000	-1.435700
0.097500	-1.343500
0.098000	-1.253000
0.098500	-1.182000
0.099000	-1.133100
0.099500	-1.084800
0.100000	-1.015400
0.100500	-0.916640
0.101000	-0.807670
0.101500	-0.692660
0.102000	-0.575130
0.102500	-0.454130
0.103000	-0.325740
0.103500	-0.196480
0.104000	-0.073168
0.104500	0.033336
0.105000	0.107680
0.105500	0.159580
0.106000	0.201060
0.106500	0.240430
0.107000	0.267430
0.107500	0.276200
0.108000	0.262090
0.108500	0.219790
0.109000	0.141030
0.109500	0.027343
0.110000	-0.117770
0.110500	-0.290540
0.111000	-0.482690
0.111500	-0.683050
0.112000	-0.880540
0.112500	-1.064600
0.113000	-1.242800
0.113500	-1.413100
0.114000	-1.564600
0.114500	-1.685900
0.115000	-1.763200
0.115500	-1.812600
0.116000	-1.860300
0.116500	-1.932100
0.117000	-2.027400
0.117500	-2.126100
0.118000	-2.225100
0.118500	-2.321600
0.119000	-2.414100
0.119500	-2.501700
0.120000	-2.581800
0.120500	-2.651800
0.121000	-2.691500
0.121500	-2.670400
0.122000	-2.600400
0.122500	-2.494500
0.123000	-2.366200
0.123500	-2.227300
0.124000	-2.086600
0.124500	-1.952800
0.125000	-1.830500
0.125500	-1.709600
0.126000	-1.592200
0.126500	-1.482000
0.127000	-1.381900
0.127500	-1.289800
0.128000	-1.204100
0.128500	-1.123500
0.129000	-1.046700
0.129500	-0.973060
0.130000	-0.903520
0.130500	-0.839120
0.131000	-0.781710
0.131500	-0.736320
0.132000	-0.696420
0.132500	-0.653110
0.133000	-0.598190
0.133500	-0.533610
0.134000	-0.464820
0.134500	-0.396570
0.135000	-0.333580
0.135500	-0.278520
0.136000	-0.229960
0.136500	-0.185950
0.137000	-0.144970
0.137500	-0.118740
0.138000	-0.112850
0.138500	-0.126530
0.139000	-0.159010
0.139500	-0.218970
0.140000	-0.311780
0.140500	-0.431610
0.141000	-0.572690
0.141500	-0.739210
0.142000	-0.927270
0.142500	-1.119000
0.143000	-1.296400
0.143500	-1.454900
0.144000	-1.602000
0.144500	-1.717100
0.145000	-1.778700
0.145500	-1.781200
0.146000	-1.753200
0.146500	-1.706400
0.147000	-1.651500
0.147500	-1.598500
0.148000	-1.545200
0.148500	-1.481500
0.149000	-1.397700
0.149500	-1.277900
0.150000	-1.101100
0.150500	-0.883590
0.151000	-0.644970
0.151500	-0.398210
0.152000	-0.109340
0.152500	0.194430
0.153000	0.469480
0.153500	0.677730
0.154000	0.843380
0.154500	0.983810
0.155000	1.107100
0.155500	1.221700
0.156000	1.339800
0.156500	1.451400
0.157000	1.538500
0.157500	1.583900
0.158000	1.605800
0.158500	1.619500
0.159000	1.627700
0.159500	1.633100
0.160000	1.633400
0.160500	1.629500
0.161000	1.629000
0.161500	1.639500
0.162000	1.665600
0.162500	1.702300
0.163000	1.742900
0.163500	1.780900
0.164000	1.817500
0.164500	1.857600
0.165000	1.886300
0.165500	1.888000
0.166000	1.849800
0.166500	1.777500
0.167000	1.686500
0.167500	1.591900
0.168000	1.502700
0.168500	1.406200
0.169000	1.310300
0.169500	1.225800
0.170000	1.164300
0.170500	1.130700
0.171000	1.111000
0.171500	1.090400
0.172000	1.054100
0.172500	0.999630
0.173000	0.941590
0.173500	0.895860
0.174000	0.877370
0.174500	0.884750
0.175000	0.908610
0.175500	0.940360
0.176000	0.973350
0.176500	1.016300
0.177000	1.062400
0.177500	1.100700
0.178000	1.120100
0.178500	1.123800
0.179000	1.119200
0.179500	1.110700
0.180000	1.102400
0.180500	1.094200
0.181000	1.083400
0.181500	1.067700
0.182000	1.044700
0.182500	0.988810
0.183000	0.895680
0.183500	0.795080
0.184000	0.716800
0.184500	0.659350
0.185000	0.607310
0.185500	0.569580
0.186000	0.555020
0.186500	0.562650
0.187000	0.575150
0.187500	0.590120
0.188000	0.605670
0.188500	0.620620
0.189000	0.636630
0.189500	0.655730
0.190000	0.679940
0.190500	0.735570
0.191000	0.895530
0.191500	1.106600
0.192000	1.302800
0.192500	1.443900
0.193000	1.581900
0.193500	1.691600
0.194000	1.737500
0.194500	1.692700
0.195000	1.615800
0.195500	1.528300
0.196000	1.433900
0.196500	1.336300
0.197000	1.237900
0.197500	1.139300
0.198000	1.041100
0.198500	0.943930
0.199000	0.852200
0.199500	0.763330
0.200000	0.671440
0.200500	0.570380
0.201000	0.449730
0.201500	0.312630
0.202000	0.167660
0.202500	0.023065
0.203000	-0.124640
0.203500	-0.276230
0.204000	-0.427610
0.204500	-0.574670
0.205000	-0.710500
0.205500	-0.831360
0.206000	-0.937990
0.206500	-1.031100
0.207000	-1.108100
0.207500	-1.164000
0.208000	-1.195800
0.208500	-1.200900
0.209000	-1.185500
0.209500	-1.167200
0.210000	-1.146700
0.210500	-1.124200
0.211000	-1.097300
0.211500	-1.065100
0.212000	-1.035000
0.212500	-1.014900
0.213000	-1.009700
0.213500	-1.011100
0.214000	-1.015100
0.214500	-1.018800
0.215000	-1.020000
0.215500	-1.020600
0.216000	-1.020800
0.216500	-1.020300
0.217000	-1.018400
0.217500	-1.007500
0.218000	-0.986240
0.218500	-0.955170
0.219000	-0.913930
0.219500	-0.857680
0.220000	-0.794780
0.220500	-0.736360
0.221000	-0.691680
0.221500	-0.651060
0.222000	-0.611380
0.222500	-0.573100
0.223000	-0.536700
0.223500	-0.502000
0.224000	-0.468000
0.224500	-0.433730
0.225000	-0.398100
0.225500	-0.358770
0.226000	-0.316850
0.226500	-0.274930
0.227000	-0.235610
0.227500	-0.203740
0.228000	-0.178660
0.228500	-0.154670
0.229000	-0.126050
0.229500	-0.090422
0.230000	-0.049113
0.230500	-0.001999
0.231000	0.051042
0.231500	0.113930
0.232000	0.189610
0.232500	0.269240
0.233000	0.343670
0.233500	0.410700
0.234000	0.475040
0.234500	0.527100
0.235000	0.556870
0.235500	0.562080
0.236000	0.557230
0.236500	0.548420
0.237000	0.541390
0.237500	0.537750
0.238000	0.529080
0.238500	0.525360
0.239000	0.538590
0.239500	0.577080
0.240000	0.629850
0.240500	0.689320
0.241000	0.749090
0.241500	0.803610
0.242000	0.856660
0.242500	0.908990
0.243000	0.959620
0.243500	1.006200
0.244000	1.036700
0.244500	1.053600
0.245000	1.062500
0.245500	1.069100
0.246000	1.070800
0.246500	1.065500
0.247000	1.054500
0.247500	1.038800
0.248000	1.015300
0.248500	0.978810
0.249000	0.924880
0.249500	0.848920
0.250000	0.745570
0.250500	0.626320
0.251000	0.507790
0.251500	0.406620
0.252000	0.319840
0.252500	0.234180
0.253000	0.150850
0.253500	0.071048
0.254000	-0.005065
0.254500	-0.079270
0.255000	-0.153270
0.255500	-0.228780
0.256000	-0.309830
0.256500	-0.398350
0.257000	-0.487670
0.257500	-0.570960
0.258000	-0.642310
0.258500	-0.702510
0.259000	-0.755230
0.259500	-0.804100
0.260000	-0.849810
0.260500	-0.885580
0.261000	-0.917890
0.261500	-0.954650
0.262000	-1.007700
0.262500	-1.088900
0.263000	-1.179600
0.263500	-1.258700
0.264000	-1.310900
0.264500	-1.347500
0.265000	-1.368300
0.265500	-1.371000
0.266000	-1.354700
0.266500	-1.329100
0.267000	-1.298200
0.267500	-1.263200
0.268000	-1.225800
0.268500	-1.188000
0.269000	-1.145900
0.269500	-1.094400
0.270000	-1.027900
0.270500	-0.932130
0.271000	-0.815200
0.271500	-0.694790
0.272000	-0.587860
0.272500	-0.486740
0.273000	-0.392210
0.273500	-0.316050
0.274000	-0.270040
0.274500	-0.261220
0.275000	-0.281910
0.275500	-0.321790
0.276000	-0.370580
0.276500	-0.423790
0.277000	-0.480590
0.277500	-0.536100
0.278000	-0.585420
0.278500	-0.626590
0.279000	-0.663390
0.279500	-0.699620
0.280000	-0.739070
0.280500	-0.788320
0.281000	-0.849920
0.281500	-0.914900
0.282000	-0.974030
0.282500	-1.020300
0.283000	-1.051700
0.283500	-1.064600
0.284000	-1.055000
0.284500	-1.020400
0.285000	-0.966120
0.285500	-0.896910
0.286000	-0.817310
0.286500	-0.729540
0.287000	-0.630770
0.287500	-0.529280
0.288000	-0.434490
0.288500	-0.354310
0.289000	-0.287660
0.289500	-0.233520
0.290000	-0.191250
0.290500	-0.161030
0.291000	-0.148260
0.291500	-0.150580
0.292000	-0.163620
0.292500	-0.186500
0.293000	-0.240360
0.293500	-0.309560
0.294000	-0.369380
0.294500	-0.395730
0.295000	-0.389160
0.295500	-0.356160
0.296000	-0.296360
0.296500	-0.209540
0.297000	-0.102300
0.297500	0.013137
0.298000	0.125270
0.298500	0.223040
0.299000	0.312390
0.299500	0.399040
0.300000	0.482800
0.300500	0.563450
0.301000	0.638040
0.301500	0.704360
0.302000	0.763370
0.302500	0.816010
0.303000	0.856690
0.303500	0.877330
0.304000	0.875120
0.304500	0.847260
0.305000	0.796250
0.305500	0.733010
0.306000	0.660290
0.306500	0.580550
0.307000	0.496230
0.307500	0.408000
0.308000	0.315100
0.308500	0.216720
0.309000	0.102600
0.309500	-0.037213
0.310000	-0.185220
0.310500	-0.323160
0.311000	-0.438220
0.311500	-0.536310
0.312000	-0.606100
0.312500	-0.633980
0.313000	-0.616030
0.313500	-0.585210
0.314000	-0.547430
0.314500	-0.504750
0.315000	-0.458870
0.315500	-0.409210
0.316000	-0.358140
0.316500	-0.308820
0.317000	-0.264640
0.317500	-0.231080
0.318000	-0.212540
0.318500	-0.212990
0.319000	-0.236000
0.319500	-0.279120
0.320000	-0.337520
0.320500	-0.406790
0.321000	-0.482710
0.321500	-0.567590
0.322000	-0.657830
0.322500	-0.745900
0.323000	-0.824320
0.323500	-0.889770
0.324000	-0.944430
0.324500	-0.990690
0.325000	-1.030900
0.325500	-1.060600
0.326000	-1.072000
0.326500	-1.062500
0.327000	-1.029800
0.327500	-0.971690
0.328000	-0.891080
0.328500	-0.793240
0.329000	-0.683450
0.329500	-0.555570
0.330000	-0.410900
0.330500	-0.265830
0.331000	-0.136720
0.331500	-0.030508
0.332000	0.059693
0.332500	0.125030
0.333000	0.156130
0.333500	0.155520
0.334000	0.146540
0.334500	0.135420
0.335000	0.127730
0.335500	0.126960
0.336000	0.127800
0.336500	0.129840
0.337000	0.133470
0.337500	0.139080
0.338000	0.149770
0.338500	0.172120
0.339000	0.212840
0.339500	0.276340
0.340000	0.354480
0.340500	0.441120
0.341000	0.530810
0.341500	0.620970
0.342000	0.717640
0.342500	0.816360
0.343000	0.911400
0.343500	0.996110
0.344000	1.057100
0.344500	1.088900
0.345000	1.088100
0.345500	1.052300
0.346000	1.003700
0.346500	0.953870
0.347000	0.903020
0.347500	0.851230
0.348000	0.799230
0.348500	0.747130
0.349000	0.694700
0.349500	0.641560
0.350000	0.584620
0.350500	0.523640
0.351000	0.460130
0.351500	0.395640
0.352000	0.321680
0.352500	0.236090
0.353000	0.149820
0.353500	0.073850
0.354000	0.011590
0.354500	-0.037877
0.355000	-0.070072
0.355500	-0.080511
0.356000	-0.077965
0.356500	-0.074656
0.357000	-0.071268
0.357500	-0.068482
0.358000	-0.066533
0.358500	-0.064726
0.359000	-0.062891
0.359500	-0.060884
0.360000	-0.057929
0.360500	-0.053059
0.361000	-0.046972
0.361500	-0.040409
0.362000	-0.031650
0.362500	-0.013984
0.363000	0.006827
0.363500	0.023759
0.364000	0.029238
0.364500	0.018851
0.365000	-0.003536
0.365500	-0.033510
0.366000	-0.070949
0.366500	-0.125500
0.367000	-0.186470
0.367500	-0.241030
0.368000	-0.277230
0.368500	-0.295670
0.369000	-0.301120
0.369500	-0.297360
0.370000	-0.284360
0.370500	-0.238420
0.371000	-0.177860
0.371500	-0.131140
0.372000	-0.125800
0.372500	-0.152130
0.373000	-0.195010
0.373500	-0.250580
0.374000	-0.315120
0.374500	-0.387970
0.375000	-0.465010
0.375500	-0.539970
0.376000	-0.606950
0.376500	-0.669990
0.377000	-0.726880
0.377500	-0.770140
0.378000	-0.792310
0.378500	-0.798880
0.379000	-0.801090
0.379500	-0.800060
0.380000	-0.796930
0.380500	-0.792770
0.381000	-0.788220
0.381500	-0.783690
0.382000	-0.779610
0.382500	-0.775610
0.383000	-0.771880
0.383500	-0.771380
0.384000	-0.777160
0.384500	-0.793150
0.385000	-0.819260
0.385500	-0.849510
0.386000	-0.877780
0.386500	-0.900950
0.387000	-0.922470
0.387500	-0.942680
0.388000	-0.961760
0.388500	-0.976790
0.389000	-0.976220
0.389500	-0.961490
0.390000	-0.935520
0.390500	-0.892110
0.391000	-0.808720
0.391500	-0.711340
0.392000	-0.630720
0.392500	-0.587800
0.393000	-0.560350
0.393500	-0.546020
0.394000	-0.546060
0.394500	-0.562350
0.395000	-0.597390
0.395500	-0.640100
0.396000	-0.677030
0.396500	-0.696440
0.397000	-0.704940
0.397500	-0.705170
0.398000	-0.696700
0.398500	-0.679210
0.399000	-0.654180
0.399500	-0.617220
0.400000	-0.561600
0.400500	-0.481050
0.401000	-0.387170
0.401500	-0.289800
0.402000	-0.192130
0.402500	-0.097146
0.403000	-0.002170
0.403500	0.091780
0.404000	0.180640
0.404500	0.260350
0.405000	0.308110
0.405500	0.316630
0.406000	0.305120
0.406500	0.292790
0.407000	0.276300
0.407500	0.248820
0.408000	0.224270
0.408500	0.216620
0.409000	0.239360
0.409500	0.288570
0.410000	0.346880
0.410500	0.396770
0.411000	0.436580
0.411500	0.478580
0.412000	0.500870
0.412500	0.480540
0.413000	0.413940
0.413500	0.334230
0.414000	0.249880
0.414500	0.168320
0.415000	0.094385
0.415500	0.021526
0.416000	-0.051214
0.416500	-0.123830
0.417000	-0.195990
0.417500	-0.266520
0.418000	-0.335340
0.418500	-0.402530
0.419000	-0.460830
0.419500	-0.482280
0.420000	-0.468560
0.420500	-0.424690
0.421000	-0.354490
0.421500	-0.256530
0.422000	-0.147280
0.422500	-0.046901
0.423000	0.027799
0.423500	0.094175
0.424000	0.158520
0.424500	0.220840
0.425000	0.281070
0.425500	0.337730
0.426000	0.390070
0.426500	0.438060
0.427000	0.481210
0.427500	0.503060
0.428000	0.496000
0.428500	0.460540
0.429000	0.396990
0.429500	0.303360
0.430000	0.192200
0.430500	0.081078
0.431000	-0.012432
0.431500	-0.088571
0.432000	-0.158750
0.432500	-0.222180
0.433000	-0.278050
0.433500	-0.325480
0.434000	-0.359660
0.434500	-0.373890
0.435000	-0.361460
0.435500	-0.318910
0.436000	-0.256520
0.436500	-0.186720
0.437000	-0.121850
0.437500	-0.079332
0.438000	-0.059958
0.438500	-0.035968
0.439000	0.020985
0.439500	0.159510
0.440000	0.402770
0.440500	0.693830
0.441000	0.973990
0.441500	1.212600
0.442000	1.464900
0.442500	1.681600
0.443000	1.800800
0.443500	1.774600
0.444000	1.642100
0.444500	1.448700
0.445000	1.236700
0.445500	1.036400
0.446000	0.826820
0.446500	0.613580
0.447000	0.406950
0.447500	0.218280
0.448000	0.069965
0.448500	-0.021115
0.449000	-0.040456
0.449500	0.030050
0.450000	0.210900
0.450500	0.446100
0.451000	0.666550
0.451500	0.814440
0.452000	0.941570
0.452500	1.051800
0.453000	1.126500
0.453500	1.147300
0.454000	1.109000
0.454500	1.039300
0.455000	0.970840
0.455500	0.936350
0.456000	0.954750
0.456500	0.994830
0.457000	1.015600
0.457500	0.976230
0.458000	0.880910
0.458500	0.766860
0.459000	0.642440
0.459500	0.515990
0.460000	0.382700
0.460500	0.239810
0.461000	0.098738
0.461500	-0.029106
0.462000	-0.111300
0.462500	-0.128280
0.463000	-0.087911
0.463500	0.001924
0.464000	0.136340
0.464500	0.303970
0.465000	0.479330
0.465500	0.636660
0.466000	0.769380
0.466500	0.896620
0.467000	1.003500
0.467500	1.073900
0.468000	1.097100
0.468500	1.083600
0.469000	1.046000
0.469500	0.997130
0.470000	0.947080
0.470500	0.890100
0.471000	0.818740
0.471500	0.726080
0.472000	0.590890
0.472500	0.375010
0.473000	0.128000
0.473500	-0.092455
0.474000	-0.248100
0.474500	-0.382220
0.475000	-0.493820
0.475500	-0.574580
0.476000	-0.616240
0.476500	-0.621680
0.477000	-0.613710
0.477500	-0.617070
0.478000	-0.652650
0.478500	-0.701290
0.479000	-0.754830
0.479500	-0.812170
0.480000	-0.873410
0.480500	-0.967090
0.481000	-1.076600
0.481500	-1.162400
0.482000	-1.185800
0.482500	-1.149300
0.483000	-1.082800
0.483500	-1.010300
0.484000	-0.954700
0.484500	-0.910370
0.485000	-0.869470
0.485500	-0.833550
0.486000	-0.804180
0.486500	-0.820440
0.487000	-0.896450
0.487500	-0.996350
0.488000	-1.084300
0.488500	-1.115800
0.489000	-1.075900
0.489500	-0.972570
0.490000	-0.814130
0.490500	784.789978
0.491000	2887.399902
0.491500	5926.600098
0.492000	9522.500000
0.492500	13564.000000
0.493000	18406.000000
0.493500	24016.000000
