0.000000	0.146880
0.000500	0.146880
0.001000	0.146880
0.001500	0.146880
0.002000	0.146880
0.002500	0.146880
0.003000	0.146880
0.003500	0.146880
0.004000	0.146940
0.004500	0.147240
0.005000	0.147500
0.005500	0.147720
0.006000	0.147920
0.006500	0.148100
0.007000	0.148240
0.007500	0.148320
0.008000	0.148300
0.008500	0.148210
0.009000	0.148110
0.009500	0.147990
0.010000	0.147890
0.010500	0.147800
0.011000	0.147700
0.011500	0.147620
0.012000	0.147570
0.012500	0.147570
0.013000	0.147610
0.013500	0.147680
0.014000	0.147760
0.014500	0.147840
0.015000	0.147920
0.015500	0.148010
0.016000	0.148090
0.016500	0.148160
0.017000	0.148230
0.017500	0.148290
0.018000	0.148350
0.018500	0.148410
0.019000	0.148460
0.019500	0.148500
0.020000	0.148530
0.020500	0.148550
0.021000	0.148540
0.021500	0.148490
0.022000	0.148410
0.022500	0.148310
0.023000	0.148170
0.023500	0.147990
0.024000	0.147770
0.024500	0.147530
0.025000	0.147230
0.025500	0.146890
0.026000	0.146560
0.026500	0.146280
0.027000	0.146030
0.027500	0.145810
0.028000	0.145630
0.028500	0.145530
0.029000	0.145480
0.029500	0.145450
0.030000	0.145420
0.030500	0.145380
0.031000	0.145330
0.031500	0.145270
0.032000	0.145220
0.032500	0.145150
0.033000	0.145060
0.033500	0.144910
0.034000	0.144750
0.034500	0.144620
0.035000	0.144560
0.035500	0.144510
0.036000	0.144480
0.036500	0.144470
0.037000	0.144470
0.037500	0.144490
0.038000	0.144520
0.038500	0.144530
0.039000	0.144490
0.039500	0.144450
0.040000	0.144400
0.040500	0.144350
0.041000	0.144310
0.041500	0.144270
0.042000	0.144230
0.042500	0.144200
0.043000	0.144180
0.043500	0.144170
0.044000	0.144190
0.044500	0.144230
0.045000	0.144300
0.045500	0.144370
0.046000	0.144450
0.046500	0.144520
0.047000	0.144600
0.047500	0.144670
0.048000	0.144750
0.048500	0.144830
0.049000	0.144900
0.049500	0.144970
0.050000	0.145010
0.050500	0.145020
0.051000	0.144960
0.051500	0.144880
0.052000	0.144790
0.052500	0.144700
0.053000	0.144610
0.053500	0.144520
0.054000	0.144430
0.054500	0.144340
0.055000	0.144260
0.055500	0.144210
0.056000	0.144230
0.056500	0.144280
0.057000	0.144320
0.057500	0.144330
0.058000	0.144330
0.058500	0.144330
0.059000	0.144320
0.059500	0.144280
0.060000	0.144130
0.060500	0.143910
0.061000	0.143650
0.061500	0.143370
0.062000	0.143040
0.062500	0.142650
0.063000	0.142180
0.063500	0.141630
0.064000	0.140970
0.064500	0.140190
0.065000	0.139320
0.065500	0.138380
0.066000	0.137400
0.066500	0.136350
0.067000	0.135210
0.067500	0.133940
0.068000	0.132610
0.068500	0.131240
0.069000	0.129840
0.069500	0.128420
0.070000	0.126950
0.070500	0.125460
0.071000	0.123990
0.071500	0.122590
0.072000	0.121260
0.072500	0.119980
0.073000	0.118730
0.073500	0.117500
0.074000	0.116270
0.074500	0.115060
0.075000	0.113890
0.075500	0.112760
0.076000	0.111690
0.076500	0.110700
0.077000	0.109760
0.077500	0.108850
0.078000	0.107970
0.078500	0.107120
0.079000	0.106330
0.079500	0.105600
0.080000	0.104950
0.080500	0.104340
0.081000	0.103780
0.081500	0.103260
0.082000	0.102780
0.082500	0.102310
0.083000	0.101870
0.083500	0.101450
0.084000	0.101070
0.084500	0.100730
0.085000	0.100410
0.085500	0.100070
0.086000	0.099710
0.086500	0.099349
0.087000	0.098955
0.087500	0.098477
0.088000	0.097876
0.088500	0.097247
0.089000	0.096616
0.089500	0.095986
0.090000	0.095355
0.090500	0.094724
0.091000	0.094093
0.091500	0.093462
0.092000	0.092837
0.092500	0.092374
0.093000	0.092099
0.093500	0.091946
0.094000	0.091854
0.094500	0.091931
0.095000	0.092242
0.095500	0.092780
0.096000	0.093538
0.096500	0.094515
0.097000	0.095728
0.097500	0.097199
0.098000	0.098952
0.098500	0.100890
0.099000	0.102900
0.099500	0.104980
0.100000	0.107120
0.100500	0.109360
0.101000	0.111710
0.101500	0.114080
0.102000	0.116350
0.102500	0.118400
0.103000	0.120190
0.103500	0.121770
0.104000	0.123180
0.104500	0.124440
0.105000	0.125510
0.105500	0.126370
0.106000	0.127040
0.106500	0.127520
0.107000	0.127840
0.107500	0.127990
0.108000	0.127940
0.108500	0.127700
0.109000	0.127320
0.109500	0.126800
0.110000	0.126100
0.110500	0.125220
0.111000	0.124260
0.111500	0.123240
0.112000	0.122100
0.112500	0.120820
0.113000	0.119460
0.113500	0.118090
0.114000	0.116730
0.114500	0.115400
0.115000	0.114080
0.115500	0.112770
0.116000	0.111450
0.116500	0.110130
0.117000	0.108790
0.117500	0.107410
0.118000	0.106030
0.118500	0.104660
0.119000	0.103350
0.119500	0.102120
0.120000	0.100940
0.120500	0.099783
0.121000	0.098694
0.121500	0.097782
0.122000	0.097054
0.122500	0.096518
0.123000	0.096172
0.123500	0.096017
0.124000	0.096063
0.124500	0.096323
0.125000	0.096774
0.125500	0.097266
0.126000	0.097766
0.126500	0.098254
0.127000	0.098718
0.127500	0.099178
0.128000	0.099628
0.128500	0.100060
0.129000	0.100450
0.129500	0.100710
0.130000	0.100820
0.130500	0.100840
0.131000	0.100780
0.131500	0.100680
0.132000	0.100530
0.132500	0.100310
0.133000	0.100010
0.133500	0.099680
0.134000	0.099337
0.134500	0.098985
0.135000	0.098624
0.135500	0.098238
0.136000	0.097836
0.136500	0.097439
0.137000	0.097069
0.137500	0.096805
0.138000	0.096656
0.138500	0.096599
0.139000	0.096606
0.139500	0.096694
0.140000	0.096886
0.140500	0.097174
0.141000	0.097548
0.141500	0.097982
0.142000	0.098479
0.142500	0.099070
0.143000	0.099788
0.143500	0.100620
0.144000	0.101480
0.144500	0.102380
0.145000	0.103320
0.145500	0.104300
0.146000	0.105270
0.146500	0.106250
0.147000	0.107230
0.147500	0.108200
0.148000	0.109180
0.148500	0.110150
0.149000	0.111110
0.149500	0.112040
0.150000	0.112770
0.150500	0.113320
0.151000	0.113720
0.151500	0.114020
0.152000	0.114250
0.152500	0.114420
0.153000	0.114520
0.153500	0.114560
0.154000	0.114590
0.154500	0.114590
0.155000	0.114560
0.155500	0.114460
0.156000	0.114320
0.156500	0.114180
0.157000	0.114030
0.157500	0.113890
0.158000	0.113770
0.158500	0.113650
0.159000	0.113540
0.159500	0.113450
0.160000	0.113420
0.160500	0.113520
0.161000	0.113700
0.161500	0.113940
0.162000	0.114220
0.162500	0.114550
0.163000	0.114920
0.163500	0.115370
0.164000	0.115880
0.164500	0.116390
0.165000	0.116930
0.165500	0.117480
0.166000	0.118050
0.166500	0.118620
0.167000	0.119190
0.167500	0.119770
0.168000	0.120340
0.168500	0.120900
0.169000	0.121460
0.169500	0.122020
0.170000	0.122540
0.170500	0.122980
0.171000	0.123330
0.171500	0.123630
0.172000	0.123880
0.172500	0.124130
0.173000	0.124370
0.173500	0.124620
0.174000	0.124860
0.174500	0.125110
0.175000	0.125350
0.175500	0.125600
0.176000	0.125840
0.176500	0.126070
0.177000	0.126270
0.177500	0.126470
0.178000	0.126660
0.178500	0.126790
0.179000	0.126870
0.179500	0.126890
0.180000	0.126890
0.180500	0.126860
0.181000	0.126770
0.181500	0.126600
0.182000	0.126330
0.182500	0.125970
0.183000	0.125580
0.183500	0.125160
0.184000	0.124730
0.184500	0.124270
0.185000	0.123790
0.185500	0.123310
0.186000	0.122840
0.186500	0.122420
0.187000	0.122040
0.187500	0.121730
0.188000	0.121480
0.188500	0.121310
0.189000	0.121210
0.189500	0.121170
0.190000	0.121190
0.190500	0.121260
0.191000	0.121360
0.191500	0.121480
0.192000	0.121580
0.192500	0.121650
0.193000	0.121680
0.193500	0.121680
0.194000	0.121630
0.194500	0.121540
0.195000	0.121270
0.195500	0.120810
0.196000	0.120170
0.196500	0.119380
0.197000	0.118470
0.197500	0.117460
0.198000	0.116340
0.198500	0.115120
0.199000	0.113800
0.199500	0.112420
0.200000	0.111050
0.200500	0.109780
0.201000	0.108570
0.201500	0.107420
0.202000	0.106360
0.202500	0.105420
0.203000	0.104600
0.203500	0.103880
0.204000	0.103240
0.204500	0.102690
0.205000	0.102170
0.205500	0.101690
0.206000	0.101240
0.206500	0.100850
0.207000	0.100500
0.207500	0.100180
0.208000	0.099899
0.208500	0.099647
0.209000	0.099428
0.209500	0.099251
0.210000	0.099135
0.210500	0.099099
0.211000	0.099143
0.211500	0.099237
0.212000	0.099374
0.212500	0.099549
0.213000	0.099760
0.213500	0.100010
0.214000	0.100260
0.214500	0.100480
0.215000	0.100660
0.215500	0.100830
0.216000	0.100970
0.216500	0.101100
0.217000	0.101200
0.217500	0.101290
0.218000	0.101370
0.218500	0.101440
0.219000	0.101490
0.219500	0.101530
0.220000	0.101550
0.220500	0.101540
0.221000	0.101510
0.221500	0.101450
0.222000	0.101360
0.222500	0.101250
0.223000	0.101110
0.223500	0.100960
0.224000	0.100800
0.224500	0.100630
0.225000	0.100450
0.225500	0.100260
0.226000	0.100060
0.226500	0.099861
0.227000	0.099690
0.227500	0.099545
0.228000	0.099410
0.228500	0.099281
0.229000	0.099151
0.229500	0.099035
0.230000	0.098935
0.230500	0.098824
0.231000	0.098676
0.231500	0.098454
0.232000	0.098147
0.232500	0.097795
0.233000	0.097440
0.233500	0.097100
0.234000	0.096749
0.234500	0.096401
0.235000	0.096069
0.235500	0.095776
0.236000	0.095527
0.236500	0.095292
0.237000	0.095039
0.237500	0.094746
0.238000	0.094435
0.238500	0.094122
0.239000	0.093818
0.239500	0.093532
0.240000	0.093252
0.240500	0.092973
0.241000	0.092694
0.241500	0.092410
0.242000	0.092119
0.242500	0.091824
0.243000	0.091529
0.243500	0.091242
0.244000	0.090982
0.244500	0.090751
0.245000	0.090542
0.245500	0.090351
0.246000	0.090221
0.246500	0.090172
0.247000	0.090208
0.247500	0.090328
0.248000	0.090498
0.248500	0.090703
0.249000	0.090943
0.249500	0.091221
0.250000	0.091525
0.250500	0.091836
0.251000	0.092142
0.251500	0.092429
0.252000	0.092695
0.252500	0.092952
0.253000	0.093212
0.253500	0.093482
0.254000	0.093765
0.254500	0.094055
0.255000	0.094350
0.255500	0.094648
0.256000	0.094957
0.256500	0.095285
0.257000	0.095617
0.257500	0.095937
0.258000	0.096229
0.258500	0.096492
0.259000	0.096727
0.259500	0.096935
0.260000	0.097118
0.260500	0.097282
0.261000	0.097429
0.261500	0.097563
0.262000	0.097679
0.262500	0.097767
0.263000	0.097852
0.263500	0.097963
0.264000	0.098115
0.264500	0.098282
0.265000	0.098454
0.265500	0.098630
0.266000	0.098808
0.266500	0.098992
0.267000	0.099180
0.267500	0.099365
0.268000	0.099538
0.268500	0.099672
0.269000	0.099768
0.269500	0.099836
0.270000	0.099886
0.270500	0.099912
0.271000	0.099906
0.271500	0.099866
0.272000	0.099787
0.272500	0.099682
0.273000	0.099558
0.273500	0.099416
0.274000	0.099257
0.274500	0.099074
0.275000	0.098878
0.275500	0.098682
0.276000	0.098503
0.276500	0.098344
0.277000	0.098209
0.277500	0.098109
0.278000	0.098055
0.278500	0.098060
0.279000	0.098110
0.279500	0.098173
0.280000	0.098218
0.280500	0.098235
0.281000	0.098244
0.281500	0.098226
0.282000	0.098160
0.282500	0.098026
0.283000	0.097824
0.283500	0.097579
0.284000	0.097316
0.284500	0.097045
0.285000	0.096742
0.285500	0.096428
0.286000	0.096133
0.286500	0.095888
0.287000	0.095716
0.287500	0.095614
0.288000	0.095577
0.288500	0.095601
0.289000	0.095682
0.289500	0.095823
0.290000	0.096025
0.290500	0.096287
0.291000	0.096568
0.291500	0.096874
0.292000	0.097217
0.292500	0.097610
0.293000	0.098014
0.293500	0.098420
0.294000	0.098826
0.294500	0.099234
0.295000	0.099645
0.295500	0.100060
0.296000	0.100470
0.296500	0.100870
0.297000	0.101200
0.297500	0.101440
0.298000	0.101620
0.298500	0.101780
0.299000	0.101910
0.299500	0.102010
0.300000	0.102080
0.300500	0.102110
0.301000	0.102110
0.301500	0.102080
0.302000	0.102030
0.302500	0.101960
0.303000	0.101860
0.303500	0.101730
0.304000	0.101590
0.304500	0.101490
0.305000	0.101420
0.305500	0.101380
0.306000	0.101370
0.306500	0.101390
0.307000	0.101430
0.307500	0.101500
0.308000	0.101600
0.308500	0.101730
0.309000	0.101870
0.309500	0.102040
0.310000	0.102260
0.310500	0.102550
0.311000	0.102900
0.311500	0.103310
0.312000	0.103730
0.312500	0.104140
0.313000	0.104530
0.313500	0.104910
0.314000	0.105280
0.314500	0.105620
0.315000	0.105910
0.315500	0.106090
0.316000	0.106180
0.316500	0.106220
0.317000	0.106250
0.317500	0.106250
0.318000	0.106220
0.318500	0.106210
0.319000	0.106240
0.319500	0.106300
0.320000	0.106410
0.320500	0.106560
0.321000	0.106790
0.321500	0.107090
0.322000	0.107430
0.322500	0.107790
0.323000	0.108170
0.323500	0.108570
0.324000	0.109000
0.324500	0.109430
0.325000	0.109830
0.325500	0.110170
0.326000	0.110440
0.326500	0.110610
0.327000	0.110660
0.327500	0.110620
0.328000	0.110500
0.328500	0.110330
0.329000	0.110100
0.329500	0.109840
0.330000	0.109570
0.330500	0.109300
0.331000	0.109040
0.331500	0.108810
0.332000	0.108590
0.332500	0.108390
0.333000	0.108200
0.333500	0.108050
0.334000	0.107910
0.334500	0.107790
0.335000	0.107680
0.335500	0.107580
0.336000	0.107490
0.336500	0.107410
0.337000	0.107340
0.337500	0.107270
0.338000	0.107210
0.338500	0.107190
0.339000	0.107230
0.339500	0.107350
0.340000	0.107530
0.340500	0.107740
0.341000	0.107940
0.341500	0.108100
0.342000	0.108250
0.342500	0.108390
0.343000	0.108520
0.343500	0.108610
0.344000	0.108610
0.344500	0.108540
0.345000	0.108480
0.345500	0.108500
0.346000	0.108570
0.346500	0.108710
0.347000	0.108960
0.347500	0.109350
0.348000	0.109810
0.348500	0.110290
0.349000	0.110760
0.349500	0.111230
0.350000	0.111690
0.350500	0.112140
0.351000	0.112590
0.351500	0.113020
0.352000	0.113390
0.352500	0.113670
0.353000	0.113900
0.353500	0.114100
0.354000	0.114290
0.354500	0.114470
0.355000	0.114620
0.355500	0.114740
0.356000	0.114850
0.356500	0.114940
0.357000	0.115010
0.357500	0.115040
0.358000	0.115050
0.358500	0.115050
0.359000	0.115050
0.359500	0.115060
0.360000	0.115060
0.360500	0.115060
0.361000	0.115070
0.361500	0.115070
0.362000	0.115070
0.362500	0.115060
0.363000	0.115040
0.363500	0.115020
0.364000	0.115010
0.364500	0.115010
0.365000	0.115010
0.365500	0.115000
0.366000	0.115000
0.366500	0.115000
0.367000	0.114970
0.367500	0.114860
0.368000	0.114640
0.368500	0.114390
0.369000	0.114130
0.369500	0.113870
0.370000	0.113620
0.370500	0.113370
0.371000	0.113120
0.371500	0.112870
0.372000	0.112620
0.372500	0.112400
0.373000	0.112210
0.373500	0.112030
0.374000	0.111870
0.374500	0.111730
0.375000	0.111630
0.375500	0.111560
0.376000	0.111540
0.376500	0.111540
0.377000	0.111570
0.377500	0.111630
0.378000	0.111710
0.378500	0.111800
0.379000	0.111910
0.379500	0.112030
0.380000	0.112180
0.380500	0.112340
0.381000	0.112530
0.381500	0.112780
0.382000	0.113080
0.382500	0.113460
0.383000	0.113870
0.383500	0.114300
0.384000	0.114750
0.384500	0.115210
0.385000	0.115690
0.385500	0.116170
0.386000	0.116630
0.386500	0.117020
0.387000	0.117360
0.387500	0.117650
0.388000	0.117920
0.388500	0.118160
0.389000	0.118390
0.389500	0.118600
0.390000	0.118800
0.390500	0.118980
0.391000	0.119130
0.391500	0.119250
0.392000	0.119350
0.392500	0.119400
0.393000	0.119390
0.393500	0.119320
0.394000	0.119190
0.394500	0.119020
0.395000	0.118810
0.395500	0.118570
0.396000	0.118300
0.396500	0.118010
0.397000	0.117700
0.397500	0.117370
0.398000	0.116990
0.398500	0.116540
0.399000	0.116050
0.399500	0.115540
0.400000	0.115010
0.400500	0.114480
0.401000	0.113930
0.401500	0.113380
0.402000	0.112820
0.402500	0.112280
0.403000	0.111780
0.403500	0.111350
0.404000	0.111010
0.404500	0.110780
0.405000	0.110650
0.405500	0.110590
0.406000	0.110560
0.406500	0.110560
0.407000	0.110600
0.407500	0.110670
0.408000	0.110730
0.408500	0.110710
0.409000	0.110610
0.409500	0.110480
0.410000	0.110340
0.410500	0.110190
0.411000	0.110040
0.411500	0.109860
0.412000	0.109690
0.412500	0.109550
0.413000	0.109470
0.413500	0.109440
0.414000	0.109450
0.414500	0.109480
0.415000	0.109510
0.415500	0.109550
0.416000	0.109590
0.416500	0.109630
0.417000	0.109680
0.417500	0.109720
0.418000	0.109770
0.418500	0.109820
0.419000	0.109900
0.419500	0.110030
0.420000	0.110180
0.420500	0.110330
0.421000	0.110450
0.421500	0.110570
0.422000	0.110680
0.422500	0.110760
0.423000	0.110810
0.423500	0.110840
0.424000	0.110880
0.424500	0.110910
0.425000	0.110950
0.425500	0.110980
0.426000	0.111020
0.426500	0.111050
0.427000	0.111090
0.427500	0.111120
0.428000	0.111150
0.428500	0.111170
0.429000	0.111180
0.429500	0.111180
0.430000	0.111140
0.430500	0.111090
0.431000	0.111040
0.431500	0.110970
0.432000	0.110890
0.432500	0.110780
0.433000	0.110640
0.433500	0.110450
0.434000	0.110190
0.434500	0.109880
0.435000	0.109520
0.435500	0.109120
0.436000	0.108670
0.436500	0.108220
0.437000	0.107780
0.437500	0.107390
0.438000	0.107030
0.438500	0.106690
0.439000	0.106390
0.439500	0.106140
0.440000	0.105960
0.440500	0.105860
0.441000	0.105850
0.441500	0.105930
0.442000	0.106040
0.442500	0.106150
0.443000	0.106260
0.443500	0.106350
0.444000	0.106440
0.444500	0.106520
0.445000	0.106570
0.445500	0.106580
0.446000	0.106560
0.446500	0.106530
0.447000	0.106510
0.447500	0.106490
0.448000	0.106470
0.448500	0.106460
0.449000	0.106460
0.449500	0.106470
0.450000	0.106540
0.450500	0.106670
0.451000	0.106830
0.451500	0.107030
0.452000	0.107230
0.452500	0.107430
0.453000	0.107630
0.453500	0.107830
0.454000	0.108030
0.454500	0.108230
0.455000	0.108430
0.455500	0.108620
0.456000	0.108780
0.456500	0.108880
0.457000	0.108890
0.457500	0.108810
0.458000	0.108650
0.458500	0.108480
0.459000	0.108300
0.459500	0.108120
0.460000	0.107910
0.460500	0.107680
0.461000	0.107470
0.461500	0.107350
0.462000	0.107280
0.462500	0.107210
0.463000	0.107150
0.463500	0.107090
0.464000	0.107030
0.464500	0.106960
0.465000	0.106900
0.465500	0.106840
0.466000	0.106780
0.466500	0.106750
0.467000	0.106720
0.467500	0.106710
0.468000	0.106730
0.468500	0.106790
0.469000	0.106900
0.469500	0.107060
0.470000	0.107260
0.470500	0.107470
0.471000	0.107680
0.471500	0.107890
0.472000	0.108100
0.472500	0.108300
0.473000	0.108510
0.473500	0.108710
0.474000	0.108910
0.474500	0.109090
0.475000	0.109250
0.475500	0.109390
0.476000	0.109490
0.476500	0.109500
0.477000	0.109420
0.477500	0.109290
0.478000	0.109120
0.478500	0.108910
0.479000	0.108670
0.479500	0.108450
0.480000	0.108270
0.480500	0.108100
0.481000	0.107960
0.481500	0.107850
0.482000	0.107790
0.482500	0.107780
0.483000	0.107790
0.483500	0.107830
0.484000	0.107890
0.484500	0.107970
0.485000	0.108040
0.485500	0.108120
0.486000	0.108210
0.486500	0.108290
0.487000	0.108380
0.487500	0.108470
0.488000	0.108560
0.488500	0.108670
0.489000	0.108800
0.489500	0.108950
0.490000	0.109150
0.490500	785.549988
0.491000	2888.000000
0.491500	5927.100098
0.492000	9522.799805
0.492500	13564.000000
0.493000	18406.000000
0.493500	24016.000000
