0.000000	-0.010512
0.000500	-0.010512
0.001000	-0.010512
0.001500	-0.010512
0.002000	-0.010512
0.002500	-0.010512
0.003000	-0.010512
0.003500	-0.010512
0.004000	-0.010514
0.004500	-0.010524
0.005000	-0.010533
0.005500	-0.010541
0.006000	-0.010548
0.006500	-0.010554
0.007000	-0.010559
0.007500	-0.010564
0.008000	-0.010569
0.008500	-0.010575
0.009000	-0.010581
0.009500	-0.010586
0.010000	-0.010586
0.010500	-0.010581
0.011000	-0.010573
0.011500	-0.010562
0.012000	-0.010551
0.012500	-0.010542
0.013000	-0.010532
0.013500	-0.010522
0.014000	-0.010511
0.014500	-0.010498
0.015000	-0.010478
0.015500	-0.010451
0.016000	-0.010419
0.016500	-0.010381
0.017000	-0.010343
0.017500	-0.010305
0.018000	-0.010267
0.018500	-0.010229
0.019000	-0.010191
0.019500	-0.010153
0.020000	-0.010115
0.020500	-0.010076
0.021000	-0.010034
0.021500	-0.009988
0.022000	-0.009943
0.022500	-0.009902
0.023000	-0.009863
0.023500	-0.009833
0.024000	-0.009816
0.024500	-0.009816
0.025000	-0.009828
0.025500	-0.009842
0.026000	-0.009857
0.026500	-0.009869
0.027000	-0.009880
0.027500	-0.009891
0.028000	-0.009901
0.028500	-0.009906
0.029000	-0.009903
0.029500	-0.009891
0.030000	-0.009872
0.030500	-0.009851
0.031000	-0.009830
0.031500	-0.009807
0.032000	-0.009782
0.032500	-0.009754
0.033000	-0.009724
0.033500	-0.009690
0.034000	-0.009653
0.034500	-0.009613
0.035000	-0.009570
0.035500	-0.009523
0.036000	-0.009472
0.036500	-0.009419
0.037000	-0.009362
0.037500	-0.009299
0.038000	-0.009235
0.038500	-0.009173
0.039000	-0.009116
0.039500	-0.009063
0.040000	-0.009014
0.040500	-0.008969
0.041000	-0.008928
0.041500	-0.008895
0.042000	-0.008869
0.042500	-0.008849
0.043000	-0.008836
0.043500	-0.008827
0.044000	-0.008824
0.044500	-0.008829
0.045000	-0.008844
0.045500	-0.008864
0.046000	-0.008885
0.046500	-0.008907
0.047000	-0.008927
0.047500	-0.008949
0.048000	-0.008969
0.048500	-0.008981
0.049000	-0.008978
0.049500	-0.008951
0.050000	-0.008907
0.050500	-0.008855
0.051000	-0.008803
0.051500	-0.008753
0.052000	-0.008701
0.052500	-0.008649
0.053000	-0.008601
0.053500	-0.008569
0.054000	-0.008552
0.054500	-0.008535
0.055000	-0.008502
0.055500	-0.008450
0.056000	-0.008396
0.056500	-0.008341
0.057000	-0.008286
0.057500	-0.008231
0.058000	-0.008175
0.058500	-0.008119
0.059000	-0.008063
0.059500	-0.008012
0.060000	-0.007975
0.060500	-0.007952
0.061000	-0.007938
0.061500	-0.007934
0.062000	-0.007944
0.062500	-0.007958
0.063000	-0.007965
0.063500	-0.007957
0.064000	-0.007944
0.064500	-0.007930
0.065000	-0.007914
0.065500	-0.007897
0.066000	-0.007880
0.066500	-0.007862
0.067000	-0.007843
0.067500	-0.007823
0.068000	-0.007799
0.068500	-0.007769
0.069000	-0.007736
0.069500	-0.007700
0.070000	-0.007653
0.070500	-0.007596
0.071000	-0.007537
0.071500	-0.007486
0.072000	-0.007446
0.072500	-0.007419
0.073000	-0.007404
0.073500	-0.007399
0.074000	-0.007431
0.074500	-0.007520
0.075000	-0.007657
0.075500	-0.007834
0.076000	-0.008040
0.076500	-0.008271
0.077000	-0.008532
0.077500	-0.008825
0.078000	-0.009151
0.078500	-0.009497
0.079000	-0.009845
0.079500	-0.010179
0.080000	-0.010494
0.080500	-0.010805
0.081000	-0.011102
0.081500	-0.011377
0.082000	-0.011622
0.082500	-0.011846
0.083000	-0.012063
0.083500	-0.012284
0.084000	-0.012517
0.084500	-0.012754
0.085000	-0.012996
0.085500	-0.013247
0.086000	-0.013513
0.086500	-0.013815
0.087000	-0.014136
0.087500	-0.014454
0.088000	-0.014747
0.088500	-0.015030
0.089000	-0.015302
0.089500	-0.015555
0.090000	-0.015784
0.090500	-0.015996
0.091000	-0.016197
0.091500	-0.016389
0.092000	-0.016576
0.092500	-0.016759
0.093000	-0.016938
0.093500	-0.017111
0.094000	-0.017276
0.094500	-0.017423
0.095000	-0.017556
0.095500	-0.017687
0.096000	-0.017827
0.096500	-0.017988
0.097000	-0.018169
0.097500	-0.018364
0.098000	-0.018562
0.098500	-0.018769
0.099000	-0.019020
0.099500	-0.019356
0.100000	-0.019818
0.100500	-0.020421
0.101000	-0.021111
0.101500	-0.021859
0.102000	-0.022635
0.102500	-0.023425
0.103000	-0.024233
0.103500	-0.025041
0.104000	-0.025831
0.104500	-0.026587
0.105000	-0.027319
0.105500	-0.028018
0.106000	-0.028678
0.106500	-0.029294
0.107000	-0.029885
0.107500	-0.030458
0.108000	-0.031020
0.108500	-0.031576
0.109000	-0.032128
0.109500	-0.032666
0.110000	-0.033180
0.110500	-0.033656
0.111000	-0.034082
0.111500	-0.034463
0.112000	-0.034809
0.112500	-0.035132
0.113000	-0.035444
0.113500	-0.035746
0.114000	-0.036038
0.114500	-0.036318
0.115000	-0.036588
0.115500	-0.036847
0.116000	-0.037095
0.116500	-0.037330
0.117000	-0.037548
0.117500	-0.037739
0.118000	-0.037896
0.118500	-0.038011
0.119000	-0.038097
0.119500	-0.038171
0.120000	-0.038237
0.120500	-0.038296
0.121000	-0.038346
0.121500	-0.038388
0.122000	-0.038430
0.122500	-0.038483
0.123000	-0.038553
0.123500	-0.038640
0.124000	-0.038739
0.124500	-0.038848
0.125000	-0.038968
0.125500	-0.039105
0.126000	-0.039249
0.126500	-0.039384
0.127000	-0.039500
0.127500	-0.039600
0.128000	-0.039688
0.128500	-0.039763
0.129000	-0.039828
0.129500	-0.039879
0.130000	-0.039913
0.130500	-0.039924
0.131000	-0.039910
0.131500	-0.039884
0.132000	-0.039849
0.132500	-0.039804
0.133000	-0.039749
0.133500	-0.039690
0.134000	-0.039630
0.134500	-0.039570
0.135000	-0.039512
0.135500	-0.039458
0.136000	-0.039407
0.136500	-0.039355
0.137000	-0.039301
0.137500	-0.039230
0.138000	-0.039138
0.138500	-0.039031
0.139000	-0.038915
0.139500	-0.038758
0.140000	-0.038531
0.140500	-0.038252
0.141000	-0.037933
0.141500	-0.037584
0.142000	-0.037184
0.142500	-0.036702
0.143000	-0.036109
0.143500	-0.035421
0.144000	-0.034725
0.144500	-0.034028
0.145000	-0.033334
0.145500	-0.032646
0.146000	-0.031957
0.146500	-0.031269
0.147000	-0.030581
0.147500	-0.029893
0.148000	-0.029208
0.148500	-0.028526
0.149000	-0.027846
0.149500	-0.027182
0.150000	-0.026583
0.150500	-0.026041
0.151000	-0.025538
0.151500	-0.025059
0.152000	-0.024601
0.152500	-0.024170
0.153000	-0.023769
0.153500	-0.023402
0.154000	-0.023047
0.154500	-0.022702
0.155000	-0.022373
0.155500	-0.022064
0.156000	-0.021765
0.156500	-0.021469
0.157000	-0.021178
0.157500	-0.020890
0.158000	-0.020611
0.158500	-0.020336
0.159000	-0.020061
0.159500	-0.019779
0.160000	-0.019472
0.160500	-0.019139
0.161000	-0.018802
0.161500	-0.018486
0.162000	-0.018199
0.162500	-0.017934
0.163000	-0.017686
0.163500	-0.017453
0.164000	-0.017234
0.164500	-0.017041
0.165000	-0.016872
0.165500	-0.016726
0.166000	-0.016603
0.166500	-0.016507
0.167000	-0.016441
0.167500	-0.016409
0.168000	-0.016409
0.168500	-0.016425
0.169000	-0.016459
0.169500	-0.016515
0.170000	-0.016595
0.170500	-0.016680
0.171000	-0.016768
0.171500	-0.016852
0.172000	-0.016931
0.172500	-0.017008
0.173000	-0.017084
0.173500	-0.017158
0.174000	-0.017229
0.174500	-0.017291
0.175000	-0.017345
0.175500	-0.017393
0.176000	-0.017437
0.176500	-0.017465
0.177000	-0.017476
0.177500	-0.017472
0.178000	-0.017455
0.178500	-0.017418
0.179000	-0.017357
0.179500	-0.017270
0.180000	-0.017156
0.180500	-0.017026
0.181000	-0.016885
0.181500	-0.016733
0.182000	-0.016572
0.182500	-0.016397
0.183000	-0.016212
0.183500	-0.016029
0.184000	-0.015859
0.184500	-0.015706
0.185000	-0.015566
0.185500	-0.015435
0.186000	-0.015312
0.186500	-0.015198
0.187000	-0.015100
0.187500	-0.015014
0.188000	-0.014935
0.188500	-0.014866
0.189000	-0.014819
0.189500	-0.014800
0.190000	-0.014816
0.190500	-0.014870
0.191000	-0.014964
0.191500	-0.015096
0.192000	-0.015265
0.192500	-0.015465
0.193000	-0.015672
0.193500	-0.015881
0.194000	-0.016086
0.194500	-0.016286
0.195000	-0.016484
0.195500	-0.016681
0.196000	-0.016879
0.196500	-0.017077
0.197000	-0.017278
0.197500	-0.017484
0.198000	-0.017700
0.198500	-0.017931
0.199000	-0.018201
0.199500	-0.018500
0.200000	-0.018805
0.200500	-0.019091
0.201000	-0.019365
0.201500	-0.019634
0.202000	-0.019889
0.202500	-0.020122
0.203000	-0.020327
0.203500	-0.020506
0.204000	-0.020662
0.204500	-0.020802
0.205000	-0.020934
0.205500	-0.021064
0.206000	-0.021192
0.206500	-0.021315
0.207000	-0.021432
0.207500	-0.021543
0.208000	-0.021657
0.208500	-0.021779
0.209000	-0.021916
0.209500	-0.022064
0.210000	-0.022221
0.210500	-0.022382
0.211000	-0.022543
0.211500	-0.022707
0.212000	-0.022873
0.212500	-0.023042
0.213000	-0.023219
0.213500	-0.023408
0.214000	-0.023600
0.214500	-0.023783
0.215000	-0.023952
0.215500	-0.024117
0.216000	-0.024280
0.216500	-0.024445
0.217000	-0.024610
0.217500	-0.024778
0.218000	-0.024946
0.218500	-0.025114
0.219000	-0.025278
0.219500	-0.025428
0.220000	-0.025565
0.220500	-0.025690
0.221000	-0.025807
0.221500	-0.025915
0.222000	-0.026018
0.222500	-0.026122
0.223000	-0.026233
0.223500	-0.026349
0.224000	-0.026469
0.224500	-0.026593
0.225000	-0.026720
0.225500	-0.026854
0.226000	-0.026999
0.226500	-0.027157
0.227000	-0.027328
0.227500	-0.027520
0.228000	-0.027728
0.228500	-0.027936
0.229000	-0.028127
0.229500	-0.028304
0.230000	-0.028481
0.230500	-0.028658
0.231000	-0.028835
0.231500	-0.029013
0.232000	-0.029190
0.232500	-0.029367
0.233000	-0.029545
0.233500	-0.029722
0.234000	-0.029900
0.234500	-0.030079
0.235000	-0.030256
0.235500	-0.030431
0.236000	-0.030599
0.236500	-0.030765
0.237000	-0.030931
0.237500	-0.031101
0.238000	-0.031275
0.238500	-0.031449
0.239000	-0.031622
0.239500	-0.031790
0.240000	-0.031947
0.240500	-0.032096
0.241000	-0.032241
0.241500	-0.032385
0.242000	-0.032530
0.242500	-0.032666
0.243000	-0.032780
0.243500	-0.032865
0.244000	-0.032943
0.244500	-0.033021
0.245000	-0.033099
0.245500	-0.033178
0.246000	-0.033256
0.246500	-0.033334
0.247000	-0.033412
0.247500	-0.033490
0.248000	-0.033581
0.248500	-0.033680
0.249000	-0.033777
0.249500	-0.033860
0.250000	-0.033927
0.250500	-0.033982
0.251000	-0.034030
0.251500	-0.034077
0.252000	-0.034122
0.252500	-0.034162
0.253000	-0.034193
0.253500	-0.034213
0.254000	-0.034214
0.254500	-0.034195
0.255000	-0.034160
0.255500	-0.034110
0.256000	-0.034052
0.256500	-0.033990
0.257000	-0.033925
0.257500	-0.033856
0.258000	-0.033782
0.258500	-0.033705
0.259000	-0.033628
0.259500	-0.033552
0.260000	-0.033479
0.260500	-0.033411
0.261000	-0.033348
0.261500	-0.033289
0.262000	-0.033239
0.262500	-0.033213
0.263000	-0.033208
0.263500	-0.033219
0.264000	-0.033244
0.264500	-0.033278
0.265000	-0.033325
0.265500	-0.033388
0.266000	-0.033471
0.266500	-0.033561
0.267000	-0.033653
0.267500	-0.033743
0.268000	-0.033828
0.268500	-0.033913
0.269000	-0.033997
0.269500	-0.034081
0.270000	-0.034166
0.270500	-0.034253
0.271000	-0.034342
0.271500	-0.034431
0.272000	-0.034518
0.272500	-0.034586
0.273000	-0.034631
0.273500	-0.034656
0.274000	-0.034666
0.274500	-0.034653
0.275000	-0.034619
0.275500	-0.034569
0.276000	-0.034509
0.276500	-0.034444
0.277000	-0.034365
0.277500	-0.034263
0.278000	-0.034129
0.278500	-0.033962
0.279000	-0.033769
0.279500	-0.033558
0.280000	-0.033334
0.280500	-0.033092
0.281000	-0.032830
0.281500	-0.032571
0.282000	-0.032340
0.282500	-0.032143
0.283000	-0.031955
0.283500	-0.031769
0.284000	-0.031579
0.284500	-0.031382
0.285000	-0.031184
0.285500	-0.030986
0.286000	-0.030787
0.286500	-0.030586
0.287000	-0.030380
0.287500	-0.030175
0.288000	-0.029976
0.288500	-0.029791
0.289000	-0.029621
0.289500	-0.029459
0.290000	-0.029297
0.290500	-0.029128
0.291000	-0.028956
0.291500	-0.028784
0.292000	-0.028612
0.292500	-0.028438
0.293000	-0.028258
0.293500	-0.028075
0.294000	-0.027892
0.294500	-0.027717
0.295000	-0.027560
0.295500	-0.027422
0.296000	-0.027296
0.296500	-0.027177
0.297000	-0.027076
0.297500	-0.026988
0.298000	-0.026898
0.298500	-0.026788
0.299000	-0.026661
0.299500	-0.026520
0.300000	-0.026364
0.300500	-0.026188
0.301000	-0.025998
0.301500	-0.025800
0.302000	-0.025592
0.302500	-0.025371
0.303000	-0.025143
0.303500	-0.024915
0.304000	-0.024685
0.304500	-0.024455
0.305000	-0.024222
0.305500	-0.023985
0.306000	-0.023749
0.306500	-0.023518
0.307000	-0.023311
0.307500	-0.023146
0.308000	-0.023006
0.308500	-0.022872
0.309000	-0.022739
0.309500	-0.022622
0.310000	-0.022507
0.310500	-0.022378
0.311000	-0.022216
0.311500	-0.022008
0.312000	-0.021785
0.312500	-0.021582
0.313000	-0.021420
0.313500	-0.021267
0.314000	-0.021118
0.314500	-0.020976
0.315000	-0.020841
0.315500	-0.020709
0.316000	-0.020579
0.316500	-0.020451
0.317000	-0.020323
0.317500	-0.020200
0.318000	-0.020084
0.318500	-0.019979
0.319000	-0.019893
0.319500	-0.019857
0.320000	-0.019864
0.320500	-0.019902
0.321000	-0.019957
0.321500	-0.020026
0.322000	-0.020102
0.322500	-0.020176
0.323000	-0.020235
0.323500	-0.020287
0.324000	-0.020333
0.324500	-0.020372
0.325000	-0.020399
0.325500	-0.020412
0.326000	-0.020412
0.326500	-0.020402
0.327000	-0.020382
0.327500	-0.020358
0.328000	-0.020330
0.328500	-0.020292
0.329000	-0.020239
0.329500	-0.020176
0.330000	-0.020113
0.330500	-0.020050
0.331000	-0.019987
0.331500	-0.019924
0.332000	-0.019860
0.332500	-0.019797
0.333000	-0.019734
0.333500	-0.019677
0.334000	-0.019640
0.334500	-0.019624
0.335000	-0.019629
0.335500	-0.019654
0.336000	-0.019681
0.336500	-0.019710
0.337000	-0.019739
0.337500	-0.019769
0.338000	-0.019798
0.338500	-0.019829
0.339000	-0.019860
0.339500	-0.019897
0.340000	-0.019954
0.340500	-0.020032
0.341000	-0.020129
0.341500	-0.020240
0.342000	-0.020355
0.342500	-0.020470
0.343000	-0.020584
0.343500	-0.020698
0.344000	-0.020811
0.344500	-0.020924
0.345000	-0.021036
0.345500	-0.021148
0.346000	-0.021255
0.346500	-0.021357
0.347000	-0.021454
0.347500	-0.021547
0.348000	-0.021628
0.348500	-0.021694
0.349000	-0.021746
0.349500	-0.021788
0.350000	-0.021820
0.350500	-0.021839
0.351000	-0.021845
0.351500	-0.021838
0.352000	-0.021821
0.352500	-0.021797
0.353000	-0.021764
0.353500	-0.021720
0.354000	-0.021668
0.354500	-0.021615
0.355000	-0.021557
0.355500	-0.021494
0.356000	-0.021428
0.356500	-0.021360
0.357000	-0.021293
0.357500	-0.021226
0.358000	-0.021161
0.358500	-0.021096
0.359000	-0.021032
0.359500	-0.020968
0.360000	-0.020909
0.360500	-0.020861
0.361000	-0.020814
0.361500	-0.020757
0.362000	-0.020685
0.362500	-0.020607
0.363000	-0.020527
0.363500	-0.020448
0.364000	-0.020371
0.364500	-0.020296
0.365000	-0.020221
0.365500	-0.020146
0.366000	-0.020068
0.366500	-0.019977
0.367000	-0.019873
0.367500	-0.019758
0.368000	-0.019630
0.368500	-0.019472
0.369000	-0.019288
0.369500	-0.019083
0.370000	-0.018867
0.370500	-0.018642
0.371000	-0.018402
0.371500	-0.018144
0.372000	-0.017862
0.372500	-0.017555
0.373000	-0.017235
0.373500	-0.016916
0.374000	-0.016611
0.374500	-0.016310
0.375000	-0.016015
0.375500	-0.015744
0.376000	-0.015514
0.376500	-0.015304
0.377000	-0.015098
0.377500	-0.014894
0.378000	-0.014692
0.378500	-0.014490
0.379000	-0.014289
0.379500	-0.014087
0.380000	-0.013885
0.380500	-0.013674
0.381000	-0.013448
0.381500	-0.013205
0.382000	-0.012943
0.382500	-0.012662
0.383000	-0.012362
0.383500	-0.012047
0.384000	-0.011718
0.384500	-0.011380
0.385000	-0.011040
0.385500	-0.010700
0.386000	-0.010358
0.386500	-0.010016
0.387000	-0.009671
0.387500	-0.009326
0.388000	-0.008979
0.388500	-0.008622
0.389000	-0.008230
0.389500	-0.007827
0.390000	-0.007438
0.390500	-0.007084
0.391000	-0.006751
0.391500	-0.006431
0.392000	-0.006119
0.392500	-0.005816
0.393000	-0.005535
0.393500	-0.005260
0.394000	-0.004973
0.394500	-0.004654
0.395000	-0.004295
0.395500	-0.003915
0.396000	-0.003538
0.396500	-0.003185
0.397000	-0.002848
0.397500	-0.002524
0.398000	-0.002217
0.398500	-0.001933
0.399000	-0.001683
0.399500	-0.001473
0.400000	-0.001302
0.400500	-0.001172
0.401000	-0.001059
0.401500	-0.000951
0.402000	-0.000848
0.402500	-0.000750
0.403000	-0.000659
0.403500	-0.000574
0.404000	-0.000486
0.404500	-0.000388
0.405000	-0.000267
0.405500	-0.000114
0.406000	0.000070
0.406500	0.000284
0.407000	0.000518
0.407500	0.000760
0.408000	0.001004
0.408500	0.001243
0.409000	0.001475
0.409500	0.001706
0.410000	0.001931
0.410500	0.002149
0.411000	0.002347
0.411500	0.002513
0.412000	0.002655
0.412500	0.002782
0.413000	0.002901
0.413500	0.003012
0.414000	0.003112
0.414500	0.003199
0.415000	0.003274
0.415500	0.003342
0.416000	0.003397
0.416500	0.003434
0.417000	0.003451
0.417500	0.003463
0.418000	0.003473
0.418500	0.003481
0.419000	0.003487
0.419500	0.003489
0.420000	0.003491
0.420500	0.003495
0.421000	0.003508
0.421500	0.003549
0.422000	0.003607
0.422500	0.003663
0.423000	0.003703
0.423500	0.003732
0.424000	0.003752
0.424500	0.003764
0.425000	0.003766
0.425500	0.003754
0.426000	0.003720
0.426500	0.003656
0.427000	0.003558
0.427500	0.003441
0.428000	0.003318
0.428500	0.003196
0.429000	0.003079
0.429500	0.002963
0.430000	0.002850
0.430500	0.002740
0.431000	0.002637
0.431500	0.002556
0.432000	0.002509
0.432500	0.002490
0.433000	0.002493
0.433500	0.002507
0.434000	0.002523
0.434500	0.002540
0.435000	0.002555
0.435500	0.002568
0.436000	0.002578
0.436500	0.002588
0.437000	0.002600
0.437500	0.002634
0.438000	0.002714
0.438500	0.002807
0.439000	0.002884
0.439500	0.002929
0.440000	0.002953
0.440500	0.002945
0.441000	0.002894
0.441500	0.002793
0.442000	0.002664
0.442500	0.002514
0.443000	0.002345
0.443500	0.002163
0.444000	0.001979
0.444500	0.001793
0.445000	0.001605
0.445500	0.001412
0.446000	0.001218
0.446500	0.001024
0.447000	0.000829
0.447500	0.000632
0.448000	0.000428
0.448500	0.000220
0.449000	0.000016
0.449500	-0.000179
0.450000	-0.000357
0.450500	-0.000520
0.451000	-0.000674
0.451500	-0.000823
0.452000	-0.000957
0.452500	-0.001085
0.453000	-0.001218
0.453500	-0.001368
0.454000	-0.001531
0.454500	-0.001700
0.455000	-0.001875
0.455500	-0.002058
0.456000	-0.002245
0.456500	-0.002436
0.457000	-0.002626
0.457500	-0.002811
0.458000	-0.002994
0.458500	-0.003176
0.459000	-0.003355
0.459500	-0.003526
0.460000	-0.003693
0.460500	-0.003860
0.461000	-0.004026
0.461500	-0.004192
0.462000	-0.004357
0.462500	-0.004523
0.463000	-0.004688
0.463500	-0.004854
0.464000	-0.005022
0.464500	-0.005199
0.465000	-0.005382
0.465500	-0.005569
0.466000	-0.005766
0.466500	-0.005981
0.467000	-0.006202
0.467500	-0.006416
0.468000	-0.006616
0.468500	-0.006802
0.469000	-0.006974
0.469500	-0.007133
0.470000	-0.007273
0.470500	-0.007379
0.471000	-0.007449
0.471500	-0.007482
0.472000	-0.007483
0.472500	-0.007473
0.473000	-0.007454
0.473500	-0.007425
0.474000	-0.007385
0.474500	-0.007337
0.475000	-0.007288
0.475500	-0.007244
0.476000	-0.007211
0.476500	-0.007187
0.477000	-0.007170
0.477500	-0.007157
0.478000	-0.007147
0.478500	-0.007155
0.479000	-0.007171
0.479500	-0.007181
0.480000	-0.007169
0.480500	-0.007126
0.481000	-0.007056
0.481500	-0.006967
0.482000	-0.006863
0.482500	-0.006745
0.483000	-0.006618
0.483500	-0.006497
0.484000	-0.006392
0.484500	-0.006300
0.485000	-0.006212
0.485500	-0.006124
0.486000	-0.006030
0.486500	-0.005929
0.487000	-0.005824
0.487500	-0.005716
0.488000	-0.005610
0.488500	-0.005522
0.489000	-0.005456
0.489500	-0.005391
0.490000	-0.005280
0.490500	785.440002
0.491000	2887.899902
0.491500	5927.000000
0.492000	9522.700195
0.492500	13564.000000
0.493000	18406.000000
0.493500	24016.000000
