0.000000	0.056504
0.000500	0.056504
0.001000	0.056504
0.001500	0.056504
0.002000	0.056504
0.002500	0.056504
0.003000	0.056504
0.003500	0.056504
0.004000	0.056527
0.004500	0.056633
0.005000	0.056724
0.005500	0.056802
0.006000	0.056866
0.006500	0.056920
0.007000	0.056961
0.007500	0.056981
0.008000	0.056969
0.008500	0.056934
0.009000	0.056892
0.009500	0.056849
0.010000	0.056811
0.010500	0.056776
0.011000	0.056740
0.011500	0.056708
0.012000	0.056687
0.012500	0.056679
0.013000	0.056683
0.013500	0.056694
0.014000	0.056710
0.014500	0.056727
0.015000	0.056745
0.015500	0.056763
0.016000	0.056780
0.016500	0.056796
0.017000	0.056812
0.017500	0.056827
0.018000	0.056843
0.018500	0.056859
0.019000	0.056873
0.019500	0.056887
0.020000	0.056901
0.020500	0.056912
0.021000	0.056909
0.021500	0.056891
0.022000	0.056860
0.022500	0.056819
0.023000	0.056760
0.023500	0.056684
0.024000	0.056596
0.024500	0.056498
0.025000	0.056378
0.025500	0.056242
0.026000	0.056111
0.026500	0.056002
0.027000	0.055909
0.027500	0.055831
0.028000	0.055778
0.028500	0.055759
0.029000	0.055764
0.029500	0.055773
0.030000	0.055784
0.030500	0.055790
0.031000	0.055794
0.031500	0.055796
0.032000	0.055797
0.032500	0.055794
0.033000	0.055778
0.033500	0.055736
0.034000	0.055690
0.034500	0.055659
0.035000	0.055652
0.035500	0.055651
0.036000	0.055654
0.036500	0.055659
0.037000	0.055669
0.037500	0.055688
0.038000	0.055707
0.038500	0.055716
0.039000	0.055705
0.039500	0.055686
0.040000	0.055662
0.040500	0.055639
0.041000	0.055620
0.041500	0.055602
0.042000	0.055586
0.042500	0.055572
0.043000	0.055561
0.043500	0.055560
0.044000	0.055568
0.044500	0.055585
0.045000	0.055610
0.045500	0.055637
0.046000	0.055665
0.046500	0.055693
0.047000	0.055719
0.047500	0.055746
0.048000	0.055772
0.048500	0.055797
0.049000	0.055822
0.049500	0.055847
0.050000	0.055864
0.050500	0.055866
0.051000	0.055847
0.051500	0.055812
0.052000	0.055777
0.052500	0.055741
0.053000	0.055705
0.053500	0.055670
0.054000	0.055634
0.054500	0.055600
0.055000	0.055567
0.055500	0.055549
0.056000	0.055561
0.056500	0.055586
0.057000	0.055608
0.057500	0.055617
0.058000	0.055623
0.058500	0.055625
0.059000	0.055625
0.059500	0.055610
0.060000	0.055549
0.060500	0.055455
0.061000	0.055345
0.061500	0.055230
0.062000	0.055087
0.062500	0.054912
0.063000	0.054705
0.063500	0.054462
0.064000	0.054154
0.064500	0.053780
0.065000	0.053351
0.065500	0.052877
0.066000	0.052379
0.066500	0.051844
0.067000	0.051252
0.067500	0.050585
0.068000	0.049887
0.068500	0.049184
0.069000	0.048477
0.069500	0.047767
0.070000	0.047049
0.070500	0.046326
0.071000	0.045609
0.071500	0.044908
0.072000	0.044252
0.072500	0.043640
0.073000	0.043052
0.073500	0.042469
0.074000	0.041886
0.074500	0.041315
0.075000	0.040762
0.075500	0.040230
0.076000	0.039733
0.076500	0.039272
0.077000	0.038838
0.077500	0.038421
0.078000	0.038018
0.078500	0.037637
0.079000	0.037282
0.079500	0.036957
0.080000	0.036666
0.080500	0.036413
0.081000	0.036192
0.081500	0.036002
0.082000	0.035835
0.082500	0.035686
0.083000	0.035566
0.083500	0.035485
0.084000	0.035446
0.084500	0.035423
0.085000	0.035412
0.085500	0.035413
0.086000	0.035428
0.086500	0.035462
0.087000	0.035500
0.087500	0.035522
0.088000	0.035512
0.088500	0.035494
0.089000	0.035476
0.089500	0.035458
0.090000	0.035441
0.090500	0.035423
0.091000	0.035405
0.091500	0.035388
0.092000	0.035373
0.092500	0.035436
0.093000	0.035587
0.093500	0.035793
0.094000	0.036021
0.094500	0.036306
0.095000	0.036680
0.095500	0.037150
0.096000	0.037725
0.096500	0.038397
0.097000	0.039166
0.097500	0.040044
0.098000	0.041044
0.098500	0.042114
0.099000	0.043194
0.099500	0.044280
0.100000	0.045371
0.100500	0.046474
0.101000	0.047594
0.101500	0.048715
0.102000	0.049821
0.102500	0.050831
0.103000	0.051636
0.103500	0.052283
0.104000	0.052826
0.104500	0.053302
0.105000	0.053681
0.105500	0.053957
0.106000	0.054130
0.106500	0.054207
0.107000	0.054210
0.107500	0.054131
0.108000	0.053956
0.108500	0.053676
0.109000	0.053324
0.109500	0.052903
0.110000	0.052401
0.110500	0.051819
0.111000	0.051208
0.111500	0.050556
0.112000	0.049830
0.112500	0.049000
0.113000	0.048129
0.113500	0.047258
0.114000	0.046386
0.114500	0.045513
0.115000	0.044640
0.115500	0.043767
0.116000	0.042894
0.116500	0.042020
0.117000	0.041124
0.117500	0.040199
0.118000	0.039268
0.118500	0.038355
0.119000	0.037482
0.119500	0.036647
0.120000	0.035838
0.120500	0.035041
0.121000	0.034262
0.121500	0.033541
0.122000	0.032883
0.122500	0.032296
0.123000	0.031793
0.123500	0.031391
0.124000	0.031084
0.124500	0.030868
0.125000	0.030727
0.125500	0.030605
0.126000	0.030501
0.126500	0.030422
0.127000	0.030372
0.127500	0.030340
0.128000	0.030311
0.128500	0.030270
0.129000	0.030203
0.129500	0.030123
0.130000	0.030027
0.130500	0.029910
0.131000	0.029766
0.131500	0.029614
0.132000	0.029458
0.132500	0.029299
0.133000	0.029138
0.133500	0.028973
0.134000	0.028805
0.134500	0.028638
0.135000	0.028475
0.135500	0.028332
0.136000	0.028214
0.136500	0.028117
0.137000	0.028037
0.137500	0.028004
0.138000	0.028025
0.138500	0.028093
0.139000	0.028197
0.139500	0.028333
0.140000	0.028504
0.140500	0.028706
0.141000	0.028940
0.141500	0.029192
0.142000	0.029461
0.142500	0.029766
0.143000	0.030126
0.143500	0.030536
0.144000	0.030955
0.144500	0.031382
0.145000	0.031814
0.145500	0.032253
0.146000	0.032694
0.146500	0.033136
0.147000	0.033577
0.147500	0.034012
0.148000	0.034431
0.148500	0.034833
0.149000	0.035218
0.149500	0.035577
0.150000	0.035862
0.150500	0.036079
0.151000	0.036235
0.151500	0.036341
0.152000	0.036422
0.152500	0.036480
0.153000	0.036512
0.153500	0.036520
0.154000	0.036523
0.154500	0.036518
0.155000	0.036495
0.155500	0.036447
0.156000	0.036384
0.156500	0.036316
0.157000	0.036244
0.157500	0.036169
0.158000	0.036087
0.158500	0.036000
0.159000	0.035913
0.159500	0.035834
0.160000	0.035778
0.160500	0.035758
0.161000	0.035766
0.161500	0.035799
0.162000	0.035853
0.162500	0.035929
0.163000	0.036029
0.163500	0.036157
0.164000	0.036307
0.164500	0.036463
0.165000	0.036626
0.165500	0.036800
0.166000	0.036983
0.166500	0.037167
0.167000	0.037352
0.167500	0.037539
0.168000	0.037727
0.168500	0.037922
0.169000	0.038117
0.169500	0.038309
0.170000	0.038488
0.170500	0.038641
0.171000	0.038772
0.171500	0.038886
0.172000	0.038987
0.172500	0.039078
0.173000	0.039167
0.173500	0.039259
0.174000	0.039361
0.174500	0.039466
0.175000	0.039571
0.175500	0.039676
0.176000	0.039780
0.176500	0.039884
0.177000	0.039986
0.177500	0.040088
0.178000	0.040187
0.178500	0.040266
0.179000	0.040320
0.179500	0.040359
0.180000	0.040389
0.180500	0.040408
0.181000	0.040407
0.181500	0.040384
0.182000	0.040333
0.182500	0.040261
0.183000	0.040173
0.183500	0.040071
0.184000	0.039953
0.184500	0.039823
0.185000	0.039690
0.185500	0.039556
0.186000	0.039425
0.186500	0.039298
0.187000	0.039175
0.187500	0.039058
0.188000	0.038951
0.188500	0.038864
0.189000	0.038809
0.189500	0.038779
0.190000	0.038762
0.190500	0.038754
0.191000	0.038760
0.191500	0.038772
0.192000	0.038780
0.192500	0.038774
0.193000	0.038751
0.193500	0.038712
0.194000	0.038657
0.194500	0.038583
0.195000	0.038448
0.195500	0.038244
0.196000	0.037977
0.196500	0.037651
0.197000	0.037289
0.197500	0.036897
0.198000	0.036478
0.198500	0.036035
0.199000	0.035560
0.199500	0.035067
0.200000	0.034580
0.200500	0.034123
0.201000	0.033703
0.201500	0.033318
0.202000	0.032969
0.202500	0.032657
0.203000	0.032389
0.203500	0.032165
0.204000	0.031982
0.204500	0.031838
0.205000	0.031721
0.205500	0.031628
0.206000	0.031562
0.206500	0.031527
0.207000	0.031518
0.207500	0.031527
0.208000	0.031556
0.208500	0.031607
0.209000	0.031678
0.209500	0.031766
0.210000	0.031878
0.210500	0.032019
0.211000	0.032187
0.211500	0.032373
0.212000	0.032575
0.212500	0.032793
0.213000	0.033028
0.213500	0.033286
0.214000	0.033550
0.214500	0.033801
0.215000	0.034026
0.215500	0.034234
0.216000	0.034424
0.216500	0.034596
0.217000	0.034750
0.217500	0.034887
0.218000	0.035008
0.218500	0.035113
0.219000	0.035202
0.219500	0.035280
0.220000	0.035347
0.220500	0.035402
0.221000	0.035444
0.221500	0.035474
0.222000	0.035494
0.222500	0.035503
0.223000	0.035500
0.223500	0.035488
0.224000	0.035464
0.224500	0.035422
0.225000	0.035358
0.225500	0.035281
0.226000	0.035200
0.226500	0.035114
0.227000	0.035022
0.227500	0.034927
0.228000	0.034831
0.228500	0.034735
0.229000	0.034638
0.229500	0.034542
0.230000	0.034446
0.230500	0.034346
0.231000	0.034240
0.231500	0.034109
0.232000	0.033930
0.232500	0.033724
0.233000	0.033513
0.233500	0.033304
0.234000	0.033086
0.234500	0.032870
0.235000	0.032666
0.235500	0.032481
0.236000	0.032307
0.236500	0.032137
0.237000	0.031963
0.237500	0.031780
0.238000	0.031587
0.238500	0.031392
0.239000	0.031204
0.239500	0.031030
0.240000	0.030871
0.240500	0.030722
0.241000	0.030580
0.241500	0.030440
0.242000	0.030307
0.242500	0.030179
0.243000	0.030056
0.243500	0.029937
0.244000	0.029831
0.244500	0.029740
0.245000	0.029664
0.245500	0.029600
0.246000	0.029562
0.246500	0.029557
0.247000	0.029590
0.247500	0.029663
0.248000	0.029756
0.248500	0.029859
0.249000	0.029973
0.249500	0.030097
0.250000	0.030230
0.250500	0.030365
0.251000	0.030498
0.251500	0.030624
0.252000	0.030739
0.252500	0.030850
0.253000	0.030961
0.253500	0.031079
0.254000	0.031204
0.254500	0.031331
0.255000	0.031461
0.255500	0.031591
0.256000	0.031725
0.256500	0.031865
0.257000	0.032005
0.257500	0.032138
0.258000	0.032259
0.258500	0.032367
0.259000	0.032464
0.259500	0.032553
0.260000	0.032638
0.260500	0.032721
0.261000	0.032803
0.261500	0.032885
0.262000	0.032965
0.262500	0.033041
0.263000	0.033118
0.263500	0.033198
0.264000	0.033285
0.264500	0.033382
0.265000	0.033484
0.265500	0.033585
0.266000	0.033682
0.266500	0.033777
0.267000	0.033870
0.267500	0.033959
0.268000	0.034044
0.268500	0.034111
0.269000	0.034162
0.269500	0.034203
0.270000	0.034240
0.270500	0.034270
0.271000	0.034289
0.271500	0.034299
0.272000	0.034300
0.272500	0.034291
0.273000	0.034268
0.273500	0.034225
0.274000	0.034156
0.274500	0.034072
0.275000	0.033983
0.275500	0.033894
0.276000	0.033808
0.276500	0.033720
0.277000	0.033629
0.277500	0.033550
0.278000	0.033496
0.278500	0.033473
0.279000	0.033469
0.279500	0.033473
0.280000	0.033472
0.280500	0.033466
0.281000	0.033461
0.281500	0.033452
0.282000	0.033428
0.282500	0.033381
0.283000	0.033310
0.283500	0.033226
0.284000	0.033140
0.284500	0.033059
0.285000	0.032974
0.285500	0.032888
0.286000	0.032804
0.286500	0.032734
0.287000	0.032700
0.287500	0.032697
0.288000	0.032719
0.288500	0.032759
0.289000	0.032815
0.289500	0.032890
0.290000	0.032983
0.290500	0.033093
0.291000	0.033210
0.291500	0.033335
0.292000	0.033477
0.292500	0.033640
0.293000	0.033808
0.293500	0.033977
0.294000	0.034147
0.294500	0.034318
0.295000	0.034491
0.295500	0.034665
0.296000	0.034839
0.296500	0.035008
0.297000	0.035143
0.297500	0.035238
0.298000	0.035306
0.298500	0.035362
0.299000	0.035409
0.299500	0.035444
0.300000	0.035463
0.300500	0.035461
0.301000	0.035445
0.301500	0.035421
0.302000	0.035391
0.302500	0.035353
0.303000	0.035304
0.303500	0.035247
0.304000	0.035190
0.304500	0.035143
0.305000	0.035111
0.305500	0.035093
0.306000	0.035085
0.306500	0.035084
0.307000	0.035091
0.307500	0.035108
0.308000	0.035135
0.308500	0.035171
0.309000	0.035215
0.309500	0.035271
0.310000	0.035347
0.310500	0.035450
0.311000	0.035586
0.311500	0.035736
0.312000	0.035891
0.312500	0.036044
0.313000	0.036190
0.313500	0.036336
0.314000	0.036477
0.314500	0.036607
0.315000	0.036718
0.315500	0.036791
0.316000	0.036833
0.316500	0.036861
0.317000	0.036886
0.317500	0.036901
0.318000	0.036912
0.318500	0.036927
0.319000	0.036955
0.319500	0.036995
0.320000	0.037049
0.320500	0.037121
0.321000	0.037215
0.321500	0.037328
0.322000	0.037456
0.322500	0.037592
0.323000	0.037732
0.323500	0.037885
0.324000	0.038046
0.324500	0.038207
0.325000	0.038357
0.325500	0.038489
0.326000	0.038594
0.326500	0.038660
0.327000	0.038678
0.327500	0.038657
0.328000	0.038616
0.328500	0.038561
0.329000	0.038496
0.329500	0.038421
0.330000	0.038340
0.330500	0.038261
0.331000	0.038193
0.331500	0.038138
0.332000	0.038091
0.332500	0.038053
0.333000	0.038025
0.333500	0.038007
0.334000	0.037991
0.334500	0.037977
0.335000	0.037960
0.335500	0.037940
0.336000	0.037919
0.336500	0.037897
0.337000	0.037875
0.337500	0.037854
0.338000	0.037833
0.338500	0.037819
0.339000	0.037818
0.339500	0.037843
0.340000	0.037904
0.340500	0.037983
0.341000	0.038058
0.341500	0.038115
0.342000	0.038166
0.342500	0.038213
0.343000	0.038256
0.343500	0.038292
0.344000	0.038291
0.344500	0.038267
0.345000	0.038249
0.345500	0.038260
0.346000	0.038304
0.346500	0.038381
0.347000	0.038504
0.347500	0.038681
0.348000	0.038891
0.348500	0.039113
0.349000	0.039334
0.349500	0.039543
0.350000	0.039748
0.350500	0.039949
0.351000	0.040143
0.351500	0.040323
0.352000	0.040476
0.352500	0.040596
0.353000	0.040694
0.353500	0.040778
0.354000	0.040856
0.354500	0.040927
0.355000	0.040987
0.355500	0.041033
0.356000	0.041069
0.356500	0.041100
0.357000	0.041120
0.357500	0.041125
0.358000	0.041117
0.358500	0.041107
0.359000	0.041096
0.359500	0.041087
0.360000	0.041080
0.360500	0.041073
0.361000	0.041067
0.361500	0.041062
0.362000	0.041059
0.362500	0.041062
0.363000	0.041068
0.363500	0.041075
0.364000	0.041084
0.364500	0.041101
0.365000	0.041121
0.365500	0.041139
0.366000	0.041152
0.366500	0.041160
0.367000	0.041152
0.367500	0.041115
0.368000	0.041039
0.368500	0.040949
0.369000	0.040853
0.369500	0.040754
0.370000	0.040653
0.370500	0.040553
0.371000	0.040452
0.371500	0.040351
0.372000	0.040251
0.372500	0.040151
0.373000	0.040051
0.373500	0.039952
0.374000	0.039853
0.374500	0.039765
0.375000	0.039689
0.375500	0.039627
0.376000	0.039576
0.376500	0.039549
0.377000	0.039545
0.377500	0.039559
0.378000	0.039585
0.378500	0.039621
0.379000	0.039669
0.379500	0.039728
0.380000	0.039799
0.380500	0.039877
0.381000	0.039968
0.381500	0.040081
0.382000	0.040229
0.382500	0.040408
0.383000	0.040596
0.383500	0.040789
0.384000	0.040985
0.384500	0.041185
0.385000	0.041392
0.385500	0.041598
0.386000	0.041793
0.386500	0.041966
0.387000	0.042108
0.387500	0.042228
0.388000	0.042337
0.388500	0.042442
0.389000	0.042543
0.389500	0.042639
0.390000	0.042732
0.390500	0.042820
0.391000	0.042901
0.391500	0.042972
0.392000	0.043034
0.392500	0.043081
0.393000	0.043099
0.393500	0.043091
0.394000	0.043062
0.394500	0.043015
0.395000	0.042954
0.395500	0.042880
0.396000	0.042793
0.396500	0.042697
0.397000	0.042594
0.397500	0.042479
0.398000	0.042345
0.398500	0.042184
0.399000	0.041999
0.399500	0.041799
0.400000	0.041589
0.400500	0.041373
0.401000	0.041145
0.401500	0.040908
0.402000	0.040674
0.402500	0.040451
0.403000	0.040245
0.403500	0.040062
0.404000	0.039913
0.404500	0.039807
0.405000	0.039740
0.405500	0.039696
0.406000	0.039667
0.406500	0.039647
0.407000	0.039644
0.407500	0.039654
0.408000	0.039656
0.408500	0.039628
0.409000	0.039568
0.409500	0.039504
0.410000	0.039438
0.410500	0.039373
0.411000	0.039307
0.411500	0.039239
0.412000	0.039172
0.412500	0.039108
0.413000	0.039060
0.413500	0.039049
0.414000	0.039063
0.414500	0.039091
0.415000	0.039119
0.415500	0.039148
0.416000	0.039177
0.416500	0.039208
0.417000	0.039240
0.417500	0.039273
0.418000	0.039306
0.418500	0.039341
0.419000	0.039382
0.419500	0.039435
0.420000	0.039494
0.420500	0.039550
0.421000	0.039597
0.421500	0.039640
0.422000	0.039678
0.422500	0.039707
0.423000	0.039724
0.423500	0.039738
0.424000	0.039751
0.424500	0.039763
0.425000	0.039774
0.425500	0.039785
0.426000	0.039796
0.426500	0.039806
0.427000	0.039817
0.427500	0.039825
0.428000	0.039832
0.428500	0.039836
0.429000	0.039840
0.429500	0.039836
0.430000	0.039822
0.430500	0.039801
0.431000	0.039779
0.431500	0.039749
0.432000	0.039705
0.432500	0.039646
0.433000	0.039571
0.433500	0.039474
0.434000	0.039354
0.434500	0.039214
0.435000	0.039057
0.435500	0.038884
0.436000	0.038695
0.436500	0.038502
0.437000	0.038318
0.437500	0.038151
0.438000	0.037995
0.438500	0.037853
0.439000	0.037725
0.439500	0.037616
0.440000	0.037535
0.440500	0.037487
0.441000	0.037480
0.441500	0.037511
0.442000	0.037552
0.442500	0.037594
0.443000	0.037635
0.443500	0.037671
0.444000	0.037709
0.444500	0.037745
0.445000	0.037774
0.445500	0.037791
0.446000	0.037802
0.446500	0.037809
0.447000	0.037816
0.447500	0.037827
0.448000	0.037838
0.448500	0.037851
0.449000	0.037865
0.449500	0.037883
0.450000	0.037913
0.450500	0.037955
0.451000	0.038007
0.451500	0.038068
0.452000	0.038131
0.452500	0.038195
0.453000	0.038258
0.453500	0.038322
0.454000	0.038386
0.454500	0.038451
0.455000	0.038515
0.455500	0.038579
0.456000	0.038631
0.456500	0.038660
0.457000	0.038658
0.457500	0.038616
0.458000	0.038551
0.458500	0.038485
0.459000	0.038419
0.459500	0.038353
0.460000	0.038286
0.460500	0.038218
0.461000	0.038153
0.461500	0.038096
0.462000	0.038059
0.462500	0.038044
0.463000	0.038040
0.463500	0.038036
0.464000	0.038025
0.464500	0.038014
0.465000	0.038004
0.465500	0.037995
0.466000	0.037988
0.466500	0.037988
0.467000	0.037995
0.467500	0.038007
0.468000	0.038026
0.468500	0.038057
0.469000	0.038101
0.469500	0.038158
0.470000	0.038227
0.470500	0.038301
0.471000	0.038376
0.471500	0.038450
0.472000	0.038519
0.472500	0.038587
0.473000	0.038654
0.473500	0.038721
0.474000	0.038787
0.474500	0.038849
0.475000	0.038906
0.475500	0.038956
0.476000	0.038995
0.476500	0.038997
0.477000	0.038966
0.477500	0.038914
0.478000	0.038849
0.478500	0.038767
0.479000	0.038677
0.479500	0.038591
0.480000	0.038520
0.480500	0.038461
0.481000	0.038410
0.481500	0.038374
0.482000	0.038357
0.482500	0.038355
0.483000	0.038365
0.483500	0.038388
0.484000	0.038425
0.484500	0.038466
0.485000	0.038507
0.485500	0.038550
0.486000	0.038594
0.486500	0.038639
0.487000	0.038684
0.487500	0.038730
0.488000	0.038775
0.488500	0.038822
0.489000	0.038870
0.489500	0.038922
0.490000	0.039002
0.490500	785.479980
0.491000	2887.899902
0.491500	5927.100098
0.492000	9522.799805
0.492500	13564.000000
0.493000	18406.000000
0.493500	24016.000000
