0.000000	-0.017503
0.000500	-0.017503
0.001000	-0.017503
0.001500	-0.017503
0.002000	-0.017503
0.002500	-0.017503
0.003000	-0.017503
0.003500	-0.017503
0.004000	-0.017506
0.004500	-0.017521
0.005000	-0.017535
0.005500	-0.017546
0.006000	-0.017556
0.006500	-0.017563
0.007000	-0.017568
0.007500	-0.017572
0.008000	-0.017578
0.008500	-0.017590
0.009000	-0.017606
0.009500	-0.017620
0.010000	-0.017621
0.010500	-0.017609
0.011000	-0.017590
0.011500	-0.017569
0.012000	-0.017549
0.012500	-0.017531
0.013000	-0.017514
0.013500	-0.017498
0.014000	-0.017480
0.014500	-0.017458
0.015000	-0.017425
0.015500	-0.017381
0.016000	-0.017326
0.016500	-0.017262
0.017000	-0.017194
0.017500	-0.017123
0.018000	-0.017050
0.018500	-0.016975
0.019000	-0.016899
0.019500	-0.016822
0.020000	-0.016744
0.020500	-0.016663
0.021000	-0.016568
0.021500	-0.016466
0.022000	-0.016365
0.022500	-0.016275
0.023000	-0.016195
0.023500	-0.016133
0.024000	-0.016101
0.024500	-0.016109
0.025000	-0.016141
0.025500	-0.016180
0.026000	-0.016219
0.026500	-0.016252
0.027000	-0.016284
0.027500	-0.016314
0.028000	-0.016340
0.028500	-0.016359
0.029000	-0.016359
0.029500	-0.016339
0.030000	-0.016305
0.030500	-0.016267
0.031000	-0.016227
0.031500	-0.016184
0.032000	-0.016135
0.032500	-0.016080
0.033000	-0.016017
0.033500	-0.015946
0.034000	-0.015865
0.034500	-0.015774
0.035000	-0.015673
0.035500	-0.015564
0.036000	-0.015447
0.036500	-0.015323
0.037000	-0.015193
0.037500	-0.015050
0.038000	-0.014904
0.038500	-0.014762
0.039000	-0.014634
0.039500	-0.014518
0.040000	-0.014414
0.040500	-0.014321
0.041000	-0.014241
0.041500	-0.014177
0.042000	-0.014129
0.042500	-0.014095
0.043000	-0.014075
0.043500	-0.014064
0.044000	-0.014061
0.044500	-0.014070
0.045000	-0.014094
0.045500	-0.014126
0.046000	-0.014163
0.046500	-0.014200
0.047000	-0.014233
0.047500	-0.014271
0.048000	-0.014306
0.048500	-0.014319
0.049000	-0.014291
0.049500	-0.014220
0.050000	-0.014122
0.050500	-0.014010
0.051000	-0.013901
0.051500	-0.013793
0.052000	-0.013682
0.052500	-0.013572
0.053000	-0.013468
0.053500	-0.013398
0.054000	-0.013363
0.054500	-0.013326
0.055000	-0.013253
0.055500	-0.013135
0.056000	-0.013010
0.056500	-0.012883
0.057000	-0.012754
0.057500	-0.012623
0.058000	-0.012490
0.058500	-0.012357
0.059000	-0.012226
0.059500	-0.012104
0.060000	-0.012011
0.060500	-0.011943
0.061000	-0.011895
0.061500	-0.011867
0.062000	-0.011869
0.062500	-0.011880
0.063000	-0.011876
0.063500	-0.011836
0.064000	-0.011788
0.064500	-0.011738
0.065000	-0.011688
0.065500	-0.011637
0.066000	-0.011585
0.066500	-0.011533
0.067000	-0.011481
0.067500	-0.011428
0.068000	-0.011368
0.068500	-0.011300
0.069000	-0.011225
0.069500	-0.011146
0.070000	-0.011042
0.070500	-0.010917
0.071000	-0.010788
0.071500	-0.010673
0.072000	-0.010585
0.072500	-0.010523
0.073000	-0.010485
0.073500	-0.010469
0.074000	-0.010529
0.074500	-0.010710
0.075000	-0.010990
0.075500	-0.011352
0.076000	-0.011773
0.076500	-0.012249
0.077000	-0.012789
0.077500	-0.013402
0.078000	-0.014088
0.078500	-0.014815
0.079000	-0.015546
0.079500	-0.016248
0.080000	-0.016912
0.080500	-0.017568
0.081000	-0.018200
0.081500	-0.018791
0.082000	-0.019325
0.082500	-0.019813
0.083000	-0.020283
0.083500	-0.020763
0.084000	-0.021271
0.084500	-0.021784
0.085000	-0.022312
0.085500	-0.022871
0.086000	-0.023479
0.086500	-0.024157
0.087000	-0.024873
0.087500	-0.025584
0.088000	-0.026254
0.088500	-0.026916
0.089000	-0.027566
0.089500	-0.028180
0.090000	-0.028742
0.090500	-0.029279
0.091000	-0.029802
0.091500	-0.030318
0.092000	-0.030831
0.092500	-0.031342
0.093000	-0.031849
0.093500	-0.032353
0.094000	-0.032853
0.094500	-0.033319
0.095000	-0.033758
0.095500	-0.034192
0.096000	-0.034644
0.096500	-0.035156
0.097000	-0.035732
0.097500	-0.036348
0.098000	-0.036976
0.098500	-0.037626
0.099000	-0.038377
0.099500	-0.039310
0.100000	-0.040503
0.100500	-0.041991
0.101000	-0.043687
0.101500	-0.045533
0.102000	-0.047472
0.102500	-0.049456
0.103000	-0.051465
0.103500	-0.053474
0.104000	-0.055457
0.104500	-0.057400
0.105000	-0.059336
0.105500	-0.061251
0.106000	-0.063122
0.106500	-0.064937
0.107000	-0.066711
0.107500	-0.068468
0.108000	-0.070228
0.108500	-0.072013
0.109000	-0.073849
0.109500	-0.075698
0.110000	-0.077512
0.110500	-0.079241
0.111000	-0.080840
0.111500	-0.082337
0.112000	-0.083774
0.112500	-0.085193
0.113000	-0.086609
0.113500	-0.088018
0.114000	-0.089418
0.114500	-0.090808
0.115000	-0.092182
0.115500	-0.093542
0.116000	-0.094889
0.116500	-0.096226
0.117000	-0.097545
0.117500	-0.098805
0.118000	-0.099965
0.118500	-0.100980
0.119000	-0.101890
0.119500	-0.102760
0.120000	-0.103610
0.120500	-0.104490
0.121000	-0.105390
0.121500	-0.106290
0.122000	-0.107200
0.122500	-0.108130
0.123000	-0.109100
0.123500	-0.110160
0.124000	-0.111270
0.124500	-0.112440
0.125000	-0.113670
0.125500	-0.114970
0.126000	-0.116290
0.126500	-0.117570
0.127000	-0.118770
0.127500	-0.119930
0.128000	-0.121070
0.128500	-0.122190
0.129000	-0.123290
0.129500	-0.124400
0.130000	-0.125480
0.130500	-0.126500
0.131000	-0.127440
0.131500	-0.128350
0.132000	-0.129260
0.132500	-0.130160
0.133000	-0.131080
0.133500	-0.131980
0.134000	-0.132890
0.134500	-0.133810
0.135000	-0.134750
0.135500	-0.135800
0.136000	-0.136940
0.136500	-0.138110
0.137000	-0.139230
0.137500	-0.140310
0.138000	-0.141370
0.138500	-0.142420
0.139000	-0.143470
0.139500	-0.144400
0.140000	-0.145140
0.140500	-0.145700
0.141000	-0.146110
0.141500	-0.146320
0.142000	-0.146240
0.142500	-0.145800
0.143000	-0.144950
0.143500	-0.143780
0.144000	-0.142590
0.144500	-0.141400
0.145000	-0.140220
0.145500	-0.139050
0.146000	-0.137880
0.146500	-0.136710
0.147000	-0.135540
0.147500	-0.134380
0.148000	-0.133260
0.148500	-0.132180
0.149000	-0.131140
0.149500	-0.130190
0.150000	-0.129630
0.150500	-0.129510
0.151000	-0.129800
0.151500	-0.130510
0.152000	-0.131440
0.152500	-0.132540
0.153000	-0.133790
0.153500	-0.135160
0.154000	-0.136560
0.154500	-0.138000
0.155000	-0.139500
0.155500	-0.141120
0.156000	-0.142890
0.156500	-0.144750
0.157000	-0.146570
0.157500	-0.148240
0.158000	-0.149830
0.158500	-0.151380
0.159000	-0.152870
0.159500	-0.154280
0.160000	-0.155630
0.160500	-0.156970
0.161000	-0.158320
0.161500	-0.159670
0.162000	-0.161030
0.162500	-0.162390
0.163000	-0.163760
0.163500	-0.165130
0.164000	-0.166550
0.164500	-0.168100
0.165000	-0.169680
0.165500	-0.171190
0.166000	-0.172530
0.166500	-0.173700
0.167000	-0.174730
0.167500	-0.175650
0.168000	-0.176480
0.168500	-0.177210
0.169000	-0.177860
0.169500	-0.178420
0.170000	-0.178920
0.170500	-0.179360
0.171000	-0.179700
0.171500	-0.179920
0.172000	-0.179980
0.172500	-0.179940
0.173000	-0.179810
0.173500	-0.179600
0.174000	-0.179320
0.174500	-0.179010
0.175000	-0.178670
0.175500	-0.178310
0.176000	-0.177910
0.176500	-0.177470
0.177000	-0.176980
0.177500	-0.176420
0.178000	-0.175800
0.178500	-0.175040
0.179000	-0.174150
0.179500	-0.173190
0.180000	-0.172170
0.180500	-0.171150
0.181000	-0.170060
0.181500	-0.168830
0.182000	-0.167380
0.182500	-0.165780
0.183000	-0.164140
0.183500	-0.162470
0.184000	-0.160780
0.184500	-0.159080
0.185000	-0.157370
0.185500	-0.155660
0.186000	-0.153960
0.186500	-0.152240
0.187000	-0.150510
0.187500	-0.148770
0.188000	-0.147040
0.188500	-0.145360
0.189000	-0.143800
0.189500	-0.142370
0.190000	-0.141050
0.190500	-0.139860
0.191000	-0.138860
0.191500	-0.138040
0.192000	-0.137380
0.192500	-0.136860
0.193000	-0.136450
0.193500	-0.136070
0.194000	-0.135630
0.194500	-0.135060
0.195000	-0.134460
0.195500	-0.133850
0.196000	-0.133220
0.196500	-0.132560
0.197000	-0.131880
0.197500	-0.131210
0.198000	-0.130530
0.198500	-0.129850
0.199000	-0.129170
0.199500	-0.128480
0.200000	-0.127790
0.200500	-0.127090
0.201000	-0.126300
0.201500	-0.125400
0.202000	-0.124410
0.202500	-0.123380
0.203000	-0.122300
0.203500	-0.121170
0.204000	-0.119970
0.204500	-0.118710
0.205000	-0.117370
0.205500	-0.115980
0.206000	-0.114590
0.206500	-0.113260
0.207000	-0.111990
0.207500	-0.110740
0.208000	-0.109520
0.208500	-0.108330
0.209000	-0.107170
0.209500	-0.106040
0.210000	-0.104980
0.210500	-0.103980
0.211000	-0.103070
0.211500	-0.102200
0.212000	-0.101380
0.212500	-0.100580
0.213000	-0.099809
0.213500	-0.099044
0.214000	-0.098300
0.214500	-0.097591
0.215000	-0.096925
0.215500	-0.096283
0.216000	-0.095662
0.216500	-0.095062
0.217000	-0.094481
0.217500	-0.093910
0.218000	-0.093347
0.218500	-0.092796
0.219000	-0.092257
0.219500	-0.091730
0.220000	-0.091214
0.220500	-0.090710
0.221000	-0.090220
0.221500	-0.089749
0.222000	-0.089295
0.222500	-0.088853
0.223000	-0.088418
0.223500	-0.087998
0.224000	-0.087603
0.224500	-0.087235
0.225000	-0.086897
0.225500	-0.086600
0.226000	-0.086349
0.226500	-0.086143
0.227000	-0.085981
0.227500	-0.085846
0.228000	-0.085723
0.228500	-0.085613
0.229000	-0.085516
0.229500	-0.085428
0.230000	-0.085344
0.230500	-0.085268
0.231000	-0.085205
0.231500	-0.085156
0.232000	-0.085119
0.232500	-0.085097
0.233000	-0.085094
0.233500	-0.085106
0.234000	-0.085121
0.234500	-0.085140
0.235000	-0.085163
0.235500	-0.085188
0.236000	-0.085214
0.236500	-0.085240
0.237000	-0.085269
0.237500	-0.085301
0.238000	-0.085337
0.238500	-0.085375
0.239000	-0.085415
0.239500	-0.085457
0.240000	-0.085505
0.240500	-0.085557
0.241000	-0.085608
0.241500	-0.085655
0.242000	-0.085702
0.242500	-0.085736
0.243000	-0.085744
0.243500	-0.085713
0.244000	-0.085671
0.244500	-0.085626
0.245000	-0.085581
0.245500	-0.085537
0.246000	-0.085496
0.246500	-0.085454
0.247000	-0.085413
0.247500	-0.085372
0.248000	-0.085350
0.248500	-0.085341
0.249000	-0.085329
0.249500	-0.085295
0.250000	-0.085218
0.250500	-0.085101
0.251000	-0.084960
0.251500	-0.084809
0.252000	-0.084649
0.252500	-0.084468
0.253000	-0.084264
0.253500	-0.084032
0.254000	-0.083771
0.254500	-0.083478
0.255000	-0.083144
0.255500	-0.082760
0.256000	-0.082337
0.256500	-0.081909
0.257000	-0.081478
0.257500	-0.081042
0.258000	-0.080604
0.258500	-0.080164
0.259000	-0.079723
0.259500	-0.079284
0.260000	-0.078849
0.260500	-0.078426
0.261000	-0.078014
0.261500	-0.077611
0.262000	-0.077223
0.262500	-0.076883
0.263000	-0.076591
0.263500	-0.076339
0.264000	-0.076122
0.264500	-0.075936
0.265000	-0.075783
0.265500	-0.075668
0.266000	-0.075592
0.266500	-0.075529
0.267000	-0.075474
0.267500	-0.075429
0.268000	-0.075395
0.268500	-0.075365
0.269000	-0.075339
0.269500	-0.075318
0.270000	-0.075303
0.270500	-0.075308
0.271000	-0.075326
0.271500	-0.075344
0.272000	-0.075349
0.272500	-0.075330
0.273000	-0.075286
0.273500	-0.075218
0.274000	-0.075125
0.274500	-0.074985
0.275000	-0.074799
0.275500	-0.074579
0.276000	-0.074343
0.276500	-0.074093
0.277000	-0.073813
0.277500	-0.073488
0.278000	-0.073103
0.278500	-0.072657
0.279000	-0.072163
0.279500	-0.071632
0.280000	-0.071076
0.280500	-0.070480
0.281000	-0.069834
0.281500	-0.069198
0.282000	-0.068632
0.282500	-0.068148
0.283000	-0.067670
0.283500	-0.067194
0.284000	-0.066716
0.284500	-0.066235
0.285000	-0.065753
0.285500	-0.065271
0.286000	-0.064789
0.286500	-0.064306
0.287000	-0.063819
0.287500	-0.063343
0.288000	-0.062891
0.288500	-0.062476
0.289000	-0.062088
0.289500	-0.061713
0.290000	-0.061337
0.290500	-0.060949
0.291000	-0.060557
0.291500	-0.060164
0.292000	-0.059770
0.292500	-0.059374
0.293000	-0.058965
0.293500	-0.058548
0.294000	-0.058134
0.294500	-0.057732
0.295000	-0.057370
0.295500	-0.057049
0.296000	-0.056758
0.296500	-0.056488
0.297000	-0.056260
0.297500	-0.056061
0.298000	-0.055857
0.298500	-0.055613
0.299000	-0.055342
0.299500	-0.055050
0.300000	-0.054730
0.300500	-0.054376
0.301000	-0.053993
0.301500	-0.053593
0.302000	-0.053173
0.302500	-0.052731
0.303000	-0.052275
0.303500	-0.051816
0.304000	-0.051355
0.304500	-0.050892
0.305000	-0.050423
0.305500	-0.049941
0.306000	-0.049462
0.306500	-0.048998
0.307000	-0.048584
0.307500	-0.048244
0.308000	-0.047947
0.308500	-0.047658
0.309000	-0.047371
0.309500	-0.047111
0.310000	-0.046854
0.310500	-0.046572
0.311000	-0.046228
0.311500	-0.045783
0.312000	-0.045305
0.312500	-0.044867
0.313000	-0.044518
0.313500	-0.044187
0.314000	-0.043868
0.314500	-0.043562
0.315000	-0.043270
0.315500	-0.042987
0.316000	-0.042708
0.316500	-0.042432
0.317000	-0.042158
0.317500	-0.041893
0.318000	-0.041645
0.318500	-0.041422
0.319000	-0.041240
0.319500	-0.041153
0.320000	-0.041153
0.320500	-0.041213
0.321000	-0.041307
0.321500	-0.041428
0.322000	-0.041565
0.322500	-0.041695
0.323000	-0.041797
0.323500	-0.041885
0.324000	-0.041964
0.324500	-0.042026
0.325000	-0.042064
0.325500	-0.042075
0.326000	-0.042064
0.326500	-0.042033
0.327000	-0.041985
0.327500	-0.041927
0.328000	-0.041864
0.328500	-0.041789
0.329000	-0.041694
0.329500	-0.041585
0.330000	-0.041473
0.330500	-0.041359
0.331000	-0.041247
0.331500	-0.041139
0.332000	-0.041034
0.332500	-0.040932
0.333000	-0.040833
0.333500	-0.040748
0.334000	-0.040697
0.334500	-0.040685
0.335000	-0.040714
0.335500	-0.040781
0.336000	-0.040858
0.336500	-0.040940
0.337000	-0.041025
0.337500	-0.041110
0.338000	-0.041197
0.338500	-0.041287
0.339000	-0.041381
0.339500	-0.041490
0.340000	-0.041641
0.340500	-0.041838
0.341000	-0.042081
0.341500	-0.042360
0.342000	-0.042645
0.342500	-0.042931
0.343000	-0.043219
0.343500	-0.043507
0.344000	-0.043797
0.344500	-0.044086
0.345000	-0.044376
0.345500	-0.044664
0.346000	-0.044941
0.346500	-0.045206
0.347000	-0.045460
0.347500	-0.045708
0.348000	-0.045928
0.348500	-0.046114
0.349000	-0.046272
0.349500	-0.046408
0.350000	-0.046519
0.350500	-0.046603
0.351000	-0.046659
0.351500	-0.046684
0.352000	-0.046689
0.352500	-0.046679
0.353000	-0.046649
0.353500	-0.046594
0.354000	-0.046523
0.354500	-0.046447
0.355000	-0.046364
0.355500	-0.046268
0.356000	-0.046165
0.356500	-0.046059
0.357000	-0.045953
0.357500	-0.045849
0.358000	-0.045748
0.358500	-0.045649
0.359000	-0.045552
0.359500	-0.045455
0.360000	-0.045370
0.360500	-0.045303
0.361000	-0.045239
0.361500	-0.045158
0.362000	-0.045049
0.362500	-0.044930
0.363000	-0.044808
0.363500	-0.044687
0.364000	-0.044570
0.364500	-0.044457
0.365000	-0.044344
0.365500	-0.044231
0.366000	-0.044109
0.366500	-0.043958
0.367000	-0.043778
0.367500	-0.043572
0.368000	-0.043339
0.368500	-0.043051
0.369000	-0.042711
0.369500	-0.042334
0.370000	-0.041936
0.370500	-0.041521
0.371000	-0.041078
0.371500	-0.040593
0.372000	-0.040051
0.372500	-0.039458
0.373000	-0.038841
0.373500	-0.038225
0.374000	-0.037634
0.374500	-0.037044
0.375000	-0.036460
0.375500	-0.035921
0.376000	-0.035458
0.376500	-0.035033
0.377000	-0.034616
0.377500	-0.034204
0.378000	-0.033792
0.378500	-0.033380
0.379000	-0.032971
0.379500	-0.032561
0.380000	-0.032149
0.380500	-0.031719
0.381000	-0.031257
0.381500	-0.030760
0.382000	-0.030227
0.382500	-0.029654
0.383000	-0.029043
0.383500	-0.028396
0.384000	-0.027717
0.384500	-0.027017
0.385000	-0.026314
0.385500	-0.025606
0.386000	-0.024895
0.386500	-0.024179
0.387000	-0.023460
0.387500	-0.022736
0.388000	-0.022008
0.388500	-0.021258
0.389000	-0.020438
0.389500	-0.019595
0.390000	-0.018786
0.390500	-0.018053
0.391000	-0.017366
0.391500	-0.016708
0.392000	-0.016067
0.392500	-0.015444
0.393000	-0.014864
0.393500	-0.014295
0.394000	-0.013700
0.394500	-0.013038
0.395000	-0.012289
0.395500	-0.011494
0.396000	-0.010706
0.396500	-0.009969
0.397000	-0.009263
0.397500	-0.008584
0.398000	-0.007940
0.398500	-0.007340
0.399000	-0.006813
0.399500	-0.006371
0.400000	-0.006014
0.400500	-0.005741
0.401000	-0.005509
0.401500	-0.005296
0.402000	-0.005098
0.402500	-0.004916
0.403000	-0.004760
0.403500	-0.004619
0.404000	-0.004471
0.404500	-0.004296
0.405000	-0.004073
0.405500	-0.003796
0.406000	-0.003461
0.406500	-0.003066
0.407000	-0.002624
0.407500	-0.002159
0.408000	-0.001690
0.408500	-0.001234
0.409000	-0.000796
0.409500	-0.000364
0.410000	0.000053
0.410500	0.000445
0.411000	0.000792
0.411500	0.001081
0.412000	0.001329
0.412500	0.001552
0.413000	0.001764
0.413500	0.001965
0.414000	0.002151
0.414500	0.002316
0.415000	0.002459
0.415500	0.002589
0.416000	0.002700
0.416500	0.002782
0.417000	0.002835
0.417500	0.002878
0.418000	0.002916
0.418500	0.002950
0.419000	0.002979
0.419500	0.003001
0.420000	0.003020
0.420500	0.003044
0.421000	0.003082
0.421500	0.003164
0.422000	0.003271
0.422500	0.003375
0.423000	0.003448
0.423500	0.003494
0.424000	0.003517
0.424500	0.003516
0.425000	0.003493
0.425500	0.003433
0.426000	0.003326
0.426500	0.003166
0.427000	0.002949
0.427500	0.002688
0.428000	0.002407
0.428500	0.002127
0.429000	0.001868
0.429500	0.001621
0.430000	0.001384
0.430500	0.001166
0.431000	0.000974
0.431500	0.000833
0.432000	0.000754
0.432500	0.000727
0.433000	0.000744
0.433500	0.000787
0.434000	0.000841
0.434500	0.000895
0.435000	0.000943
0.435500	0.000976
0.436000	0.000999
0.436500	0.001019
0.437000	0.001046
0.437500	0.001120
0.438000	0.001277
0.438500	0.001458
0.439000	0.001600
0.439500	0.001669
0.440000	0.001678
0.440500	0.001585
0.441000	0.001352
0.441500	0.000969
0.442000	0.000552
0.442500	0.000119
0.443000	-0.000327
0.443500	-0.000784
0.444000	-0.001254
0.444500	-0.001722
0.445000	-0.002169
0.445500	-0.002584
0.446000	-0.002994
0.446500	-0.003401
0.447000	-0.003808
0.447500	-0.004214
0.448000	-0.004620
0.448500	-0.005026
0.449000	-0.005431
0.449500	-0.005835
0.450000	-0.006232
0.450500	-0.006622
0.451000	-0.007008
0.451500	-0.007389
0.452000	-0.007747
0.452500	-0.008092
0.453000	-0.008443
0.453500	-0.008817
0.454000	-0.009213
0.454500	-0.009624
0.455000	-0.010046
0.455500	-0.010475
0.456000	-0.010918
0.456500	-0.011373
0.457000	-0.011826
0.457500	-0.012265
0.458000	-0.012691
0.458500	-0.013102
0.459000	-0.013488
0.459500	-0.013839
0.460000	-0.014165
0.460500	-0.014489
0.461000	-0.014812
0.461500	-0.015136
0.462000	-0.015462
0.462500	-0.015789
0.463000	-0.016117
0.463500	-0.016447
0.464000	-0.016794
0.464500	-0.017184
0.465000	-0.017609
0.465500	-0.018058
0.466000	-0.018535
0.466500	-0.019053
0.467000	-0.019583
0.467500	-0.020096
0.468000	-0.020573
0.468500	-0.021021
0.469000	-0.021441
0.469500	-0.021835
0.470000	-0.022195
0.470500	-0.022480
0.471000	-0.022682
0.471500	-0.022794
0.472000	-0.022823
0.472500	-0.022811
0.473000	-0.022764
0.473500	-0.022681
0.474000	-0.022564
0.474500	-0.022425
0.475000	-0.022282
0.475500	-0.022153
0.476000	-0.022054
0.476500	-0.021970
0.477000	-0.021894
0.477500	-0.021823
0.478000	-0.021757
0.478500	-0.021724
0.479000	-0.021704
0.479500	-0.021667
0.480000	-0.021583
0.480500	-0.021419
0.481000	-0.021188
0.481500	-0.020916
0.482000	-0.020632
0.482500	-0.020326
0.483000	-0.020007
0.483500	-0.019698
0.484000	-0.019422
0.484500	-0.019181
0.485000	-0.018959
0.485500	-0.018735
0.486000	-0.018493
0.486500	-0.018221
0.487000	-0.017931
0.487500	-0.017633
0.488000	-0.017339
0.488500	-0.017099
0.489000	-0.016920
0.489500	-0.016743
0.490000	-0.016486
0.490500	785.429993
0.491000	2887.899902
0.491500	5927.000000
0.492000	9522.700195
0.492500	13564.000000
0.493000	18406.000000
0.493500	24016.000000
