0.000000	-0.172380
0.000500	-0.172380
0.001000	-0.172390
0.001500	-0.172400
0.002000	-0.172410
0.002500	-0.172420
0.003000	-0.172430
0.003500	-0.172450
0.004000	-0.172470
0.004500	-0.172490
0.005000	-0.172520
0.005500	-0.172550
0.006000	-0.172580
0.006500	-0.172610
0.007000	-0.172640
0.007500	-0.172680
0.008000	-0.172710
0.008500	-0.172750
0.009000	-0.172790
0.009500	-0.172840
0.010000	-0.172880
0.010500	-0.172920
0.011000	-0.172970
0.011500	-0.173010
0.012000	-0.173060
0.012500	-0.173110
0.013000	-0.173160
0.013500	-0.173210
0.014000	-0.173260
0.014500	-0.173310
0.015000	-0.173370
0.015500	-0.173420
0.016000	-0.173480
0.016500	-0.173530
0.017000	-0.173580
0.017500	-0.173640
0.018000	-0.173690
0.018500	-0.173750
0.019000	-0.173800
0.019500	-0.173860
0.020000	-0.173910
0.020500	-0.173970
0.021000	-0.174020
0.021500	-0.174080
0.022000	-0.174130
0.022500	-0.174190
0.023000	-0.174240
0.023500	-0.174300
0.024000	-0.174350
0.024500	-0.174400
0.025000	-0.174460
0.025500	-0.174510
0.026000	-0.174570
0.026500	-0.174620
0.027000	-0.174670
0.027500	-0.174730
0.028000	-0.174780
0.028500	-0.174830
0.029000	-0.174890
0.029500	-0.174940
0.030000	-0.174990
0.030500	-0.175040
0.031000	-0.175090
0.031500	-0.175140
0.032000	-0.175180
0.032500	-0.175230
0.033000	-0.175280
0.033500	-0.175320
0.034000	-0.175360
0.034500	-0.175400
0.035000	-0.175450
0.035500	-0.175490
0.036000	-0.175520
0.036500	-0.175560
0.037000	-0.175600
0.037500	-0.175630
0.038000	-0.175670
0.038500	-0.175700
0.039000	-0.175730
0.039500	-0.175760
0.040000	-0.175790
0.040500	-0.175820
0.041000	-0.175840
0.041500	-0.175860
0.042000	-0.175890
0.042500	-0.175900
0.043000	-0.175920
0.043500	-0.175940
0.044000	-0.175950
0.044500	-0.175960
0.045000	-0.175970
0.045500	-0.175980
0.046000	-0.175980
0.046500	-0.175980
0.047000	-0.175980
0.047500	-0.175970
0.048000	-0.175970
0.048500	-0.175960
0.049000	-0.175960
0.049500	-0.175950
0.050000	-0.175940
0.050500	-0.175930
0.051000	-0.175920
0.051500	-0.175910
0.052000	-0.175900
0.052500	-0.175880
0.053000	-0.175870
0.053500	-0.175860
0.054000	-0.175850
0.054500	-0.175840
0.055000	-0.175830
0.055500	-0.175820
0.056000	-0.175810
0.056500	-0.175810
0.057000	-0.175800
0.057500	-0.175800
0.058000	-0.175790
0.058500	-0.175790
0.059000	-0.175780
0.059500	-0.175770
0.060000	-0.175760
0.060500	-0.175740
0.061000	-0.175720
0.061500	-0.175700
0.062000	-0.175670
0.062500	-0.175630
0.063000	-0.175580
0.063500	-0.175520
0.064000	-0.175440
0.064500	-0.175350
0.065000	-0.175260
0.065500	-0.175160
0.066000	-0.175050
0.066500	-0.174940
0.067000	-0.174840
0.067500	-0.174730
0.068000	-0.174630
0.068500	-0.174510
0.069000	-0.174380
0.069500	-0.174240
0.070000	-0.174080
0.070500	-0.173900
0.071000	-0.173710
0.071500	-0.173490
0.072000	-0.173260
0.072500	-0.173020
0.073000	-0.172750
0.073500	-0.172460
0.074000	-0.172150
0.074500	-0.171820
0.075000	-0.171450
0.075500	-0.171060
0.076000	-0.170630
0.076500	-0.170160
0.077000	-0.169660
0.077500	-0.169130
0.078000	-0.168550
0.078500	-0.167940
0.079000	-0.167280
0.079500	-0.166580
0.080000	-0.165840
0.080500	-0.165040
0.081000	-0.164200
0.081500	-0.163310
0.082000	-0.162360
0.082500	-0.161340
0.083000	-0.160260
0.083500	-0.159110
0.084000	-0.157880
0.084500	-0.156570
0.085000	-0.155150
0.085500	-0.153630
0.086000	-0.151970
0.086500	-0.150180
0.087000	-0.148210
0.087500	-0.146070
0.088000	-0.143710
0.088500	-0.141130
0.089000	-0.138290
0.089500	-0.135190
0.090000	-0.131800
0.090500	-0.128100
0.091000	-0.124060
0.091500	-0.119660
0.092000	-0.114860
0.092500	-0.109660
0.093000	-0.104020
0.093500	-0.097914
0.094000	-0.091340
0.094500	-0.084287
0.095000	-0.076754
0.095500	-0.068749
0.096000	-0.060282
0.096500	-0.051368
0.097000	-0.042020
0.097500	-0.032256
0.098000	-0.022088
0.098500	-0.011526
0.099000	-0.000575
0.099500	0.010764
0.100000	0.022495
0.100500	0.034623
0.101000	0.047153
0.101500	0.060085
0.102000	0.073414
0.102500	0.087126
0.103000	0.101200
0.103500	0.115620
0.104000	0.130350
0.104500	0.145390
0.105000	0.160710
0.105500	0.176310
0.106000	0.192180
0.106500	0.208320
0.107000	0.224720
0.107500	0.241390
0.108000	0.258310
0.108500	0.275470
0.109000	0.292850
0.109500	0.310440
0.110000	0.328220
0.110500	0.346180
0.111000	0.364290
0.111500	0.382540
0.112000	0.400910
0.112500	0.419390
0.113000	0.437950
0.113500	0.456570
0.114000	0.475210
0.114500	0.493830
0.115000	0.512360
0.115500	0.530750
0.116000	0.548930
0.116500	0.566840
0.117000	0.584460
0.117500	0.601750
0.118000	0.618700
0.118500	0.635330
0.119000	0.651660
0.119500	0.667690
0.120000	0.683450
0.120500	0.698950
0.121000	0.714180
0.121500	0.729140
0.122000	0.743800
0.122500	0.758150
0.123000	0.772170
0.123500	0.785840
0.124000	0.799140
0.124500	0.812070
0.125000	0.824640
0.125500	0.836840
0.126000	0.848680
0.126500	0.860190
0.127000	0.871370
0.127500	0.882240
0.128000	0.892790
0.128500	0.903040
0.129000	0.912990
0.129500	0.922650
0.130000	0.932030
0.130500	0.941150
0.131000	0.950020
0.131500	0.958660
0.132000	0.967090
0.132500	0.975330
0.133000	0.983400
0.133500	0.991330
0.134000	0.999130
0.134500	1.006800
0.135000	1.014400
0.135500	1.021800
0.136000	1.029200
0.136500	1.036500
0.137000	1.043600
0.137500	1.050700
0.138000	1.057700
0.138500	1.064600
0.139000	1.071500
0.139500	1.078200
0.140000	1.085000
0.140500	1.091600
0.141000	1.098200
0.141500	1.104800
0.142000	1.111300
0.142500	1.117800
0.143000	1.124300
0.143500	1.130800
0.144000	1.137300
0.144500	1.143700
0.145000	1.150100
0.145500	1.156500
0.146000	1.162900
0.146500	1.169200
0.147000	1.175400
0.147500	1.181600
0.148000	1.187600
0.148500	1.193600
0.149000	1.199500
0.149500	1.205300
0.150000	1.211000
0.150500	1.216600
0.151000	1.222100
0.151500	1.227500
0.152000	1.232800
0.152500	1.237900
0.153000	1.243000
0.153500	1.247900
0.154000	1.252700
0.154500	1.257300
0.155000	1.261800
0.155500	1.266200
0.156000	1.270400
0.156500	1.274400
0.157000	1.278300
0.157500	1.282000
0.158000	1.285600
0.158500	1.288900
0.159000	1.292100
0.159500	1.295200
0.160000	1.298100
0.160500	1.300800
0.161000	1.303400
0.161500	1.305800
0.162000	1.308100
0.162500	1.310200
0.163000	1.312100
0.163500	1.313900
0.164000	1.315500
0.164500	1.316900
0.165000	1.318200
0.165500	1.319300
0.166000	1.320200
0.166500	1.320900
0.167000	1.321500
0.167500	1.322000
0.168000	1.322200
0.168500	1.322300
0.169000	1.322200
0.169500	1.322000
0.170000	1.321500
0.170500	1.320900
0.171000	1.320100
0.171500	1.319100
0.172000	1.317900
0.172500	1.316600
0.173000	1.315200
0.173500	1.313600
0.174000	1.311800
0.174500	1.310000
0.175000	1.308000
0.175500	1.305900
0.176000	1.303600
0.176500	1.301200
0.177000	1.298800
0.177500	1.296100
0.178000	1.293400
0.178500	1.290600
0.179000	1.287600
0.179500	1.284600
0.180000	1.281400
0.180500	1.278100
0.181000	1.274800
0.181500	1.271300
0.182000	1.267700
0.182500	1.264000
0.183000	1.260200
0.183500	1.256300
0.184000	1.252300
0.184500	1.248100
0.185000	1.243800
0.185500	1.239500
0.186000	1.235000
0.186500	1.230400
0.187000	1.225600
0.187500	1.220800
0.188000	1.215900
0.188500	1.210900
0.189000	1.205700
0.189500	1.200500
0.190000	1.195200
0.190500	1.189800
0.191000	1.184300
0.191500	1.178800
0.192000	1.173100
0.192500	1.167400
0.193000	1.161600
0.193500	1.155700
0.194000	1.149700
0.194500	1.143600
0.195000	1.137500
0.195500	1.131400
0.196000	1.125200
0.196500	1.118900
0.197000	1.112700
0.197500	1.106400
0.198000	1.100100
0.198500	1.093700
0.199000	1.087400
0.199500	1.081000
0.200000	1.074700
0.200500	1.068300
0.201000	1.061900
0.201500	1.055500
0.202000	1.049100
0.202500	1.042700
0.203000	1.036200
0.203500	1.029800
0.204000	1.023400
0.204500	1.017000
0.205000	1.010700
0.205500	1.004300
0.206000	0.997960
0.206500	0.991640
0.207000	0.985350
0.207500	0.979080
0.208000	0.972840
0.208500	0.966630
0.209000	0.960430
0.209500	0.954260
0.210000	0.948110
0.210500	0.941980
0.211000	0.935870
0.211500	0.929780
0.212000	0.923700
0.212500	0.917640
0.213000	0.911600
0.213500	0.905580
0.214000	0.899580
0.214500	0.893610
0.215000	0.887670
0.215500	0.881750
0.216000	0.875870
0.216500	0.870020
0.217000	0.864190
0.217500	0.858400
0.218000	0.852630
0.218500	0.846880
0.219000	0.841160
0.219500	0.835460
0.220000	0.829780
0.220500	0.824130
0.221000	0.818500
0.221500	0.812900
0.222000	0.807330
0.222500	0.801790
0.223000	0.796280
0.223500	0.790800
0.224000	0.785350
0.224500	0.779940
0.225000	0.774560
0.225500	0.769210
0.226000	0.763890
0.226500	0.758610
0.227000	0.753360
0.227500	0.748130
0.228000	0.742950
0.228500	0.737790
0.229000	0.732660
0.229500	0.727560
0.230000	0.722490
0.230500	0.717450
0.231000	0.712440
0.231500	0.707460
0.232000	0.702510
0.232500	0.697580
0.233000	0.692690
0.233500	0.687820
0.234000	0.682980
0.234500	0.678160
0.235000	0.673370
0.235500	0.668610
0.236000	0.663880
0.236500	0.659180
0.237000	0.654500
0.237500	0.649850
0.238000	0.645230
0.238500	0.640640
0.239000	0.636070
0.239500	0.631530
0.240000	0.627010
0.240500	0.622520
0.241000	0.618060
0.241500	0.613620
0.242000	0.609210
0.242500	0.604820
0.243000	0.600460
0.243500	0.596130
0.244000	0.591820
0.244500	0.587540
0.245000	0.583280
0.245500	0.579050
0.246000	0.574850
0.246500	0.570680
0.247000	0.566530
0.247500	0.562410
0.248000	0.558320
0.248500	0.554250
0.249000	0.550210
0.249500	0.546210
0.250000	0.542230
0.250500	0.538270
0.251000	0.534350
0.251500	0.530460
0.252000	0.526600
0.252500	0.522760
0.253000	0.518960
0.253500	0.515190
0.254000	0.511440
0.254500	0.507730
0.255000	0.504040
0.255500	0.500390
0.256000	0.496760
0.256500	0.493160
0.257000	0.489590
0.257500	0.486050
0.258000	0.482530
0.258500	0.479050
0.259000	0.475590
0.259500	0.472150
0.260000	0.468750
0.260500	0.465370
0.261000	0.462020
0.261500	0.458710
0.262000	0.455420
0.262500	0.452160
0.263000	0.448940
0.263500	0.445750
0.264000	0.442590
0.264500	0.439460
0.265000	0.436360
0.265500	0.433290
0.266000	0.430260
0.266500	0.427260
0.267000	0.424290
0.267500	0.421360
0.268000	0.418470
0.268500	0.415610
0.269000	0.412780
0.269500	0.409990
0.270000	0.407230
0.270500	0.404500
0.271000	0.401790
0.271500	0.399130
0.272000	0.396490
0.272500	0.393890
0.273000	0.391320
0.273500	0.388800
0.274000	0.386310
0.274500	0.383860
0.275000	0.381460
0.275500	0.379090
0.276000	0.376780
0.276500	0.374500
0.277000	0.372280
0.277500	0.370090
0.278000	0.367950
0.278500	0.365850
0.279000	0.363800
0.279500	0.361790
0.280000	0.359820
0.280500	0.357890
0.281000	0.356000
0.281500	0.354150
0.282000	0.352330
0.282500	0.350550
0.283000	0.348810
0.283500	0.347110
0.284000	0.345430
0.284500	0.343800
0.285000	0.342200
0.285500	0.340630
0.286000	0.339100
0.286500	0.337610
0.287000	0.336150
0.287500	0.334720
0.288000	0.333320
0.288500	0.331960
0.289000	0.330620
0.289500	0.329320
0.290000	0.328030
0.290500	0.326780
0.291000	0.325550
0.291500	0.324350
0.292000	0.323160
0.292500	0.322000
0.293000	0.320860
0.293500	0.319730
0.294000	0.318620
0.294500	0.317530
0.295000	0.316440
0.295500	0.315380
0.296000	0.314330
0.296500	0.313290
0.297000	0.312280
0.297500	0.311280
0.298000	0.310310
0.298500	0.309350
