0.000000	-0.071647
0.000500	-0.071647
0.001000	-0.071646
0.001500	-0.071646
0.002000	-0.071645
0.002500	-0.071644
0.003000	-0.071643
0.003500	-0.071642
0.004000	-0.071641
0.004500	-0.071639
0.005000	-0.071637
0.005500	-0.071636
0.006000	-0.071634
0.006500	-0.071632
0.007000	-0.071629
0.007500	-0.071627
0.008000	-0.071625
0.008500	-0.071623
0.009000	-0.071622
0.009500	-0.071620
0.010000	-0.071618
0.010500	-0.071616
0.011000	-0.071614
0.011500	-0.071613
0.012000	-0.071612
0.012500	-0.071611
0.013000	-0.071610
0.013500	-0.071609
0.014000	-0.071609
0.014500	-0.071609
0.015000	-0.071610
0.015500	-0.071610
0.016000	-0.071611
0.016500	-0.071612
0.017000	-0.071612
0.017500	-0.071613
0.018000	-0.071614
0.018500	-0.071615
0.019000	-0.071616
0.019500	-0.071617
0.020000	-0.071617
0.020500	-0.071618
0.021000	-0.071618
0.021500	-0.071618
0.022000	-0.071618
0.022500	-0.071617
0.023000	-0.071616
0.023500	-0.071615
0.024000	-0.071613
0.024500	-0.071610
0.025000	-0.071607
0.025500	-0.071604
0.026000	-0.071600
0.026500	-0.071595
0.027000	-0.071590
0.027500	-0.071584
0.028000	-0.071577
0.028500	-0.071571
0.029000	-0.071564
0.029500	-0.071556
0.030000	-0.071549
0.030500	-0.071542
0.031000	-0.071534
0.031500	-0.071526
0.032000	-0.071518
0.032500	-0.071510
0.033000	-0.071502
0.033500	-0.071495
0.034000	-0.071487
0.034500	-0.071480
0.035000	-0.071473
0.035500	-0.071466
0.036000	-0.071459
0.036500	-0.071453
0.037000	-0.071447
0.037500	-0.071442
0.038000	-0.071437
0.038500	-0.071433
0.039000	-0.071429
0.039500	-0.071425
0.040000	-0.071421
0.040500	-0.071417
0.041000	-0.071412
0.041500	-0.071407
0.042000	-0.071401
0.042500	-0.071395
0.043000	-0.071388
0.043500	-0.071380
0.044000	-0.071371
0.044500	-0.071361
0.045000	-0.071351
0.045500	-0.071340
0.046000	-0.071328
0.046500	-0.071315
0.047000	-0.071300
0.047500	-0.071284
0.048000	-0.071266
0.048500	-0.071246
0.049000	-0.071224
0.049500	-0.071200
0.050000	-0.071173
0.050500	-0.071144
0.051000	-0.071114
0.051500	-0.071081
0.052000	-0.071047
0.052500	-0.071011
0.053000	-0.070973
0.053500	-0.070934
0.054000	-0.070894
0.054500	-0.070852
0.055000	-0.070809
0.055500	-0.070765
0.056000	-0.070720
0.056500	-0.070674
0.057000	-0.070627
0.057500	-0.070580
0.058000	-0.070532
0.058500	-0.070485
0.059000	-0.070437
0.059500	-0.070390
0.060000	-0.070343
0.060500	-0.070297
0.061000	-0.070252
0.061500	-0.070208
0.062000	-0.070167
0.062500	-0.070127
0.063000	-0.070090
0.063500	-0.070054
0.064000	-0.070018
0.064500	-0.069982
0.065000	-0.069944
0.065500	-0.069902
0.066000	-0.069854
0.066500	-0.069798
0.067000	-0.069734
0.067500	-0.069662
0.068000	-0.069580
0.068500	-0.069489
0.069000	-0.069390
0.069500	-0.069284
0.070000	-0.069171
0.070500	-0.069055
0.071000	-0.068937
0.071500	-0.068820
0.072000	-0.068705
0.072500	-0.068594
0.073000	-0.068491
0.073500	-0.068394
0.074000	-0.068306
0.074500	-0.068226
0.075000	-0.068153
0.075500	-0.068089
0.076000	-0.068033
0.076500	-0.067986
0.077000	-0.067948
0.077500	-0.067922
0.078000	-0.067909
0.078500	-0.067912
0.079000	-0.067934
0.079500	-0.067978
0.080000	-0.068050
0.080500	-0.068152
0.081000	-0.068289
0.081500	-0.068462
0.082000	-0.068674
0.082500	-0.068923
0.083000	-0.069207
0.083500	-0.069522
0.084000	-0.069863
0.084500	-0.070224
0.085000	-0.070599
0.085500	-0.070979
0.086000	-0.071357
0.086500	-0.071723
0.087000	-0.072066
0.087500	-0.072378
0.088000	-0.072649
0.088500	-0.072875
0.089000	-0.073049
0.089500	-0.073172
0.090000	-0.073240
0.090500	-0.073252
0.091000	-0.073204
0.091500	-0.073091
0.092000	-0.072905
0.092500	-0.072642
0.093000	-0.072295
0.093500	-0.071861
0.094000	-0.071341
0.094500	-0.070737
0.095000	-0.070057
0.095500	-0.069310
0.096000	-0.068507
0.096500	-0.067660
0.097000	-0.066780
0.097500	-0.065880
0.098000	-0.064970
0.098500	-0.064061
0.099000	-0.063168
0.099500	-0.062306
0.100000	-0.061490
0.100500	-0.060739
0.101000	-0.060069
0.101500	-0.059494
0.102000	-0.059023
0.102500	-0.058657
0.103000	-0.058388
0.103500	-0.058204
0.104000	-0.058082
0.104500	-0.057997
0.105000	-0.057922
0.105500	-0.057833
0.106000	-0.057709
0.106500	-0.057534
0.107000	-0.057298
0.107500	-0.056997
0.108000	-0.056633
0.108500	-0.056214
0.109000	-0.055750
0.109500	-0.055258
0.110000	-0.054754
0.110500	-0.054257
0.111000	-0.053784
0.111500	-0.053353
0.112000	-0.052979
0.112500	-0.052674
0.113000	-0.052447
0.113500	-0.052305
0.114000	-0.052251
0.114500	-0.052287
0.115000	-0.052411
0.115500	-0.052619
0.116000	-0.052906
0.116500	-0.053261
0.117000	-0.053675
0.117500	-0.054136
0.118000	-0.054634
0.118500	-0.055157
0.119000	-0.055695
0.119500	-0.056238
0.120000	-0.056777
0.120500	-0.057304
0.121000	-0.057813
0.121500	-0.058297
0.122000	-0.058753
0.122500	-0.059175
0.123000	-0.059559
0.123500	-0.059902
0.124000	-0.060198
0.124500	-0.060443
0.125000	-0.060633
0.125500	-0.060764
0.126000	-0.060833
0.126500	-0.060839
0.127000	-0.060781
0.127500	-0.060662
0.128000	-0.060483
0.128500	-0.060249
0.129000	-0.059964
0.129500	-0.059633
0.130000	-0.059262
0.130500	-0.058857
0.131000	-0.058425
0.131500	-0.057971
0.132000	-0.057499
0.132500	-0.057013
0.133000	-0.056512
0.133500	-0.055998
0.134000	-0.055468
0.134500	-0.054921
0.135000	-0.054355
0.135500	-0.053769
0.136000	-0.053160
0.136500	-0.052528
0.137000	-0.051874
0.137500	-0.051198
0.138000	-0.050504
0.138500	-0.049796
0.139000	-0.049083
0.139500	-0.048370
0.140000	-0.047667
0.140500	-0.046981
0.141000	-0.046316
0.141500	-0.045676
0.142000	-0.045064
0.142500	-0.044481
0.143000	-0.043927
0.143500	-0.043401
0.144000	-0.042903
0.144500	-0.042432
0.145000	-0.041988
0.145500	-0.041571
0.146000	-0.041181
0.146500	-0.040817
0.147000	-0.040480
0.147500	-0.040169
0.148000	-0.039883
0.148500	-0.039621
0.149000	-0.039382
0.149500	-0.039164
0.150000	-0.038962
0.150500	-0.038774
0.151000	-0.038595
0.151500	-0.038422
0.152000	-0.038251
0.152500	-0.038079
0.153000	-0.037904
0.153500	-0.037724
0.154000	-0.037538
0.154500	-0.037348
0.155000	-0.037153
0.155500	-0.036955
0.156000	-0.036756
0.156500	-0.036557
0.157000	-0.036361
0.157500	-0.036171
0.158000	-0.035987
0.158500	-0.035815
0.159000	-0.035657
0.159500	-0.035517
0.160000	-0.035400
0.160500	-0.035308
0.161000	-0.035247
0.161500	-0.035216
0.162000	-0.035218
0.162500	-0.035251
0.163000	-0.035317
0.163500	-0.035411
0.164000	-0.035534
0.164500	-0.035683
0.165000	-0.035856
0.165500	-0.036051
0.166000	-0.036266
0.166500	-0.036498
0.167000	-0.036745
0.167500	-0.037006
0.168000	-0.037277
0.168500	-0.037555
0.169000	-0.037840
0.169500	-0.038128
0.170000	-0.038419
0.170500	-0.038710
0.171000	-0.039004
0.171500	-0.039299
0.172000	-0.039596
0.172500	-0.039897
0.173000	-0.040202
0.173500	-0.040511
0.174000	-0.040823
0.174500	-0.041134
0.175000	-0.041443
0.175500	-0.041747
0.176000	-0.042043
0.176500	-0.042328
0.177000	-0.042599
0.177500	-0.042853
0.178000	-0.043086
0.178500	-0.043295
0.179000	-0.043476
0.179500	-0.043627
0.180000	-0.043746
0.180500	-0.043830
0.181000	-0.043880
0.181500	-0.043893
0.182000	-0.043871
0.182500	-0.043815
0.183000	-0.043726
0.183500	-0.043606
0.184000	-0.043455
0.184500	-0.043275
0.185000	-0.043067
0.185500	-0.042833
0.186000	-0.042573
0.186500	-0.042291
0.187000	-0.041988
0.187500	-0.041667
0.188000	-0.041333
0.188500	-0.040988
0.189000	-0.040634
0.189500	-0.040275
0.190000	-0.039913
0.190500	-0.039550
0.191000	-0.039188
0.191500	-0.038828
0.192000	-0.038470
0.192500	-0.038116
0.193000	-0.037766
0.193500	-0.037421
0.194000	-0.037082
0.194500	-0.036749
0.195000	-0.036422
0.195500	-0.036102
0.196000	-0.035787
0.196500	-0.035478
0.197000	-0.035175
0.197500	-0.034876
0.198000	-0.034581
0.198500	-0.034290
0.199000	-0.034002
0.199500	-0.033718
0.200000	-0.033437
0.200500	-0.033159
0.201000	-0.032884
0.201500	-0.032613
0.202000	-0.032345
0.202500	-0.032083
0.203000	-0.031826
0.203500	-0.031577
0.204000	-0.031335
0.204500	-0.031102
0.205000	-0.030879
0.205500	-0.030666
0.206000	-0.030464
0.206500	-0.030274
0.207000	-0.030095
0.207500	-0.029928
0.208000	-0.029772
0.208500	-0.029627
0.209000	-0.029491
0.209500	-0.029364
0.210000	-0.029243
0.210500	-0.029129
0.211000	-0.029019
0.211500	-0.028915
0.212000	-0.028814
0.212500	-0.028718
0.213000	-0.028625
0.213500	-0.028533
0.214000	-0.028441
0.214500	-0.028346
0.215000	-0.028247
0.215500	-0.028140
0.216000	-0.028024
0.216500	-0.027897
0.217000	-0.027758
0.217500	-0.027604
0.218000	-0.027436
0.218500	-0.027252
0.219000	-0.027050
0.219500	-0.026829
0.220000	-0.026588
0.220500	-0.026325
0.221000	-0.026042
0.221500	-0.025738
0.222000	-0.025414
0.222500	-0.025071
0.223000	-0.024712
0.223500	-0.024337
0.224000	-0.023949
0.224500	-0.023552
0.225000	-0.023149
0.225500	-0.022745
0.226000	-0.022343
0.226500	-0.021948
0.227000	-0.021562
0.227500	-0.021188
0.228000	-0.020828
0.228500	-0.020483
0.229000	-0.020156
0.229500	-0.019846
0.230000	-0.019554
0.230500	-0.019282
0.231000	-0.019030
0.231500	-0.018797
0.232000	-0.018584
0.232500	-0.018389
0.233000	-0.018212
0.233500	-0.018049
0.234000	-0.017899
0.234500	-0.017758
0.235000	-0.017626
0.235500	-0.017499
0.236000	-0.017374
0.236500	-0.017250
0.237000	-0.017125
0.237500	-0.016996
0.238000	-0.016863
0.238500	-0.016723
0.239000	-0.016577
0.239500	-0.016423
0.240000	-0.016260
0.240500	-0.016088
0.241000	-0.015908
0.241500	-0.015719
0.242000	-0.015522
0.242500	-0.015318
0.243000	-0.015108
0.243500	-0.014892
0.244000	-0.014671
0.244500	-0.014447
0.245000	-0.014222
0.245500	-0.013995
0.246000	-0.013769
0.246500	-0.013545
0.247000	-0.013324
0.247500	-0.013107
0.248000	-0.012894
0.248500	-0.012687
0.249000	-0.012485
0.249500	-0.012289
0.250000	-0.012098
0.250500	-0.011911
0.251000	-0.011728
0.251500	-0.011547
0.252000	-0.011368
0.252500	-0.011189
0.253000	-0.011010
0.253500	-0.010828
0.254000	-0.010644
0.254500	-0.010455
0.255000	-0.010261
0.255500	-0.010060
0.256000	-0.009850
0.256500	-0.009631
0.257000	-0.009401
0.257500	-0.009159
0.258000	-0.008905
0.258500	-0.008638
0.259000	-0.008358
0.259500	-0.008066
0.260000	-0.007763
0.260500	-0.007451
0.261000	-0.007132
0.261500	-0.006805
0.262000	-0.006473
0.262500	-0.006138
0.263000	-0.005800
0.263500	-0.005461
0.264000	-0.005122
0.264500	-0.004786
0.265000	-0.004452
0.265500	-0.004122
0.266000	-0.003797
0.266500	-0.003477
0.267000	-0.003163
0.267500	-0.002856
0.268000	-0.002553
0.268500	-0.002256
0.269000	-0.001965
0.269500	-0.001679
0.270000	-0.001399
0.270500	-0.001124
0.271000	-0.000857
0.271500	-0.000596
0.272000	-0.000343
0.272500	-0.000097
0.273000	0.000142
0.273500	0.000375
0.274000	0.000603
0.274500	0.000828
0.275000	0.001051
0.275500	0.001275
0.276000	0.001502
0.276500	0.001735
0.277000	0.001976
0.277500	0.002225
0.278000	0.002484
0.278500	0.002753
0.279000	0.003031
0.279500	0.003317
0.280000	0.003611
0.280500	0.003910
0.281000	0.004213
0.281500	0.004519
0.282000	0.004827
0.282500	0.005135
0.283000	0.005444
0.283500	0.005753
0.284000	0.006061
0.284500	0.006369
0.285000	0.006676
0.285500	0.006983
0.286000	0.007289
0.286500	0.007596
0.287000	0.007902
0.287500	0.008208
0.288000	0.008512
0.288500	0.008815
0.289000	0.009116
0.289500	0.009415
0.290000	0.009713
0.290500	0.010010
0.291000	0.010307
0.291500	0.010604
0.292000	0.010901
0.292500	0.011200
0.293000	0.011501
0.293500	0.011803
0.294000	0.012109
0.294500	0.012419
0.295000	0.012734
0.295500	0.013053
0.296000	0.013377
0.296500	0.013704
0.297000	0.014036
0.297500	0.014370
0.298000	0.014707
0.298500	0.015047
