0.000000	0.361290
0.000500	0.361290
0.001000	0.361290
0.001500	0.361290
0.002000	0.361290
0.002500	0.361290
0.003000	0.361290
0.003500	0.361290
0.004000	0.361350
0.004500	0.361620
0.005000	0.361860
0.005500	0.362070
0.006000	0.362270
0.006500	0.362470
0.007000	0.362640
0.007500	0.362750
0.008000	0.362750
0.008500	0.362650
0.009000	0.362530
0.009500	0.362390
0.010000	0.362270
0.010500	0.362150
0.011000	0.362030
0.011500	0.361930
0.012000	0.361870
0.012500	0.361900
0.013000	0.361990
0.013500	0.362110
0.014000	0.362250
0.014500	0.362370
0.015000	0.362500
0.015500	0.362630
0.016000	0.362750
0.016500	0.362870
0.017000	0.362980
0.017500	0.363090
0.018000	0.363180
0.018500	0.363260
0.019000	0.363330
0.019500	0.363370
0.020000	0.363390
0.020500	0.363380
0.021000	0.363370
0.021500	0.363340
0.022000	0.363320
0.022500	0.363290
0.023000	0.363260
0.023500	0.363220
0.024000	0.363180
0.024500	0.363140
0.025000	0.363060
0.025500	0.362950
0.026000	0.362800
0.026500	0.362630
0.027000	0.362430
0.027500	0.362230
0.028000	0.362030
0.028500	0.361840
0.029000	0.361660
0.029500	0.361480
0.030000	0.361290
0.030500	0.361100
0.031000	0.360900
0.031500	0.360700
0.032000	0.360490
0.032500	0.360280
0.033000	0.360070
0.033500	0.359850
0.034000	0.359630
0.034500	0.359410
0.035000	0.359240
0.035500	0.359130
0.036000	0.359080
0.036500	0.359070
0.037000	0.359090
0.037500	0.359100
0.038000	0.359120
0.038500	0.359140
0.039000	0.359160
0.039500	0.359180
0.040000	0.359200
0.040500	0.359220
0.041000	0.359240
0.041500	0.359230
0.042000	0.359200
0.042500	0.359160
0.043000	0.359110
0.043500	0.359030
0.044000	0.358940
0.044500	0.358860
0.045000	0.358810
0.045500	0.358760
0.046000	0.358730
0.046500	0.358700
0.047000	0.358680
0.047500	0.358670
0.048000	0.358670
0.048500	0.358660
0.049000	0.358650
0.049500	0.358630
0.050000	0.358600
0.050500	0.358560
0.051000	0.358500
0.051500	0.358420
0.052000	0.358320
0.052500	0.358220
0.053000	0.358110
0.053500	0.357990
0.054000	0.357860
0.054500	0.357740
0.055000	0.357620
0.055500	0.357530
0.056000	0.357470
0.056500	0.357420
0.057000	0.357380
0.057500	0.357350
0.058000	0.357340
0.058500	0.357330
0.059000	0.357310
0.059500	0.357280
0.060000	0.357220
0.060500	0.357150
0.061000	0.357090
0.061500	0.357050
0.062000	0.357040
0.062500	0.357070
0.063000	0.357140
0.063500	0.357240
0.064000	0.357480
0.064500	0.357890
0.065000	0.358470
0.065500	0.359220
0.066000	0.360030
0.066500	0.360880
0.067000	0.361770
0.067500	0.362680
0.068000	0.363640
0.068500	0.364620
0.069000	0.365580
0.069500	0.366490
0.070000	0.367280
0.070500	0.367980
0.071000	0.368590
0.071500	0.369120
0.072000	0.369600
0.072500	0.370030
0.073000	0.370410
0.073500	0.370750
0.074000	0.371050
0.074500	0.371310
0.075000	0.371520
0.075500	0.371700
0.076000	0.371800
0.076500	0.371800
0.077000	0.371710
0.077500	0.371560
0.078000	0.371310
0.078500	0.370840
0.079000	0.370190
0.079500	0.369430
0.080000	0.368530
0.080500	0.367350
0.081000	0.365920
0.081500	0.364230
0.082000	0.362270
0.082500	0.359950
0.083000	0.357320
0.083500	0.354460
0.084000	0.351410
0.084500	0.348190
0.085000	0.344710
0.085500	0.340890
0.086000	0.336690
0.086500	0.332220
0.087000	0.327480
0.087500	0.322440
0.088000	0.317090
0.088500	0.311590
0.089000	0.306060
0.089500	0.300570
0.090000	0.295210
0.090500	0.289880
0.091000	0.284570
0.091500	0.279260
0.092000	0.273960
0.092500	0.268670
0.093000	0.263430
0.093500	0.258240
0.094000	0.253120
0.094500	0.248360
0.095000	0.243940
0.095500	0.239710
0.096000	0.235490
0.096500	0.231320
0.097000	0.227310
0.097500	0.223470
0.098000	0.219770
0.098500	0.216490
0.099000	0.213810
0.099500	0.211600
0.100000	0.209740
0.100500	0.208230
0.101000	0.207280
0.101500	0.206900
0.102000	0.207070
0.102500	0.207740
0.103000	0.208820
0.103500	0.210420
0.104000	0.212640
0.104500	0.215470
0.105000	0.218540
0.105500	0.221840
0.106000	0.225400
0.106500	0.229190
0.107000	0.233000
0.107500	0.236920
0.108000	0.241060
0.108500	0.245500
0.109000	0.250050
0.109500	0.254620
0.110000	0.259190
0.110500	0.263710
0.111000	0.268180
0.111500	0.272640
0.112000	0.277120
0.112500	0.281680
0.113000	0.286500
0.113500	0.291520
0.114000	0.296520
0.114500	0.301300
0.115000	0.305970
0.115500	0.310620
0.116000	0.315270
0.116500	0.319910
0.117000	0.324550
0.117500	0.329180
0.118000	0.333790
0.118500	0.338390
0.119000	0.342760
0.119500	0.346850
0.120000	0.350920
0.120500	0.355210
0.121000	0.359790
0.121500	0.364430
0.122000	0.369110
0.122500	0.373830
0.123000	0.378580
0.123500	0.383330
0.124000	0.388090
0.124500	0.392860
0.125000	0.397660
0.125500	0.402550
0.126000	0.407450
0.126500	0.412290
0.127000	0.416940
0.127500	0.421280
0.128000	0.425390
0.128500	0.429390
0.129000	0.433370
0.129500	0.437320
0.130000	0.441200
0.130500	0.445020
0.131000	0.448760
0.131500	0.452370
0.132000	0.455860
0.132500	0.459200
0.133000	0.462410
0.133500	0.465450
0.134000	0.468350
0.134500	0.471130
0.135000	0.473810
0.135500	0.476460
0.136000	0.479020
0.136500	0.481390
0.137000	0.483480
0.137500	0.485450
0.138000	0.487420
0.138500	0.489390
0.139000	0.491360
0.139500	0.493350
0.140000	0.495340
0.140500	0.497320
0.141000	0.499290
0.141500	0.501210
0.142000	0.503070
0.142500	0.504920
0.143000	0.506770
0.143500	0.508630
0.144000	0.510490
0.144500	0.512330
0.145000	0.514150
0.145500	0.515880
0.146000	0.517430
0.146500	0.518860
0.147000	0.520250
0.147500	0.521650
0.148000	0.523020
0.148500	0.524330
0.149000	0.525580
0.149500	0.526720
0.150000	0.527750
0.150500	0.528670
0.151000	0.529520
0.151500	0.530310
0.152000	0.531050
0.152500	0.531710
0.153000	0.532290
0.153500	0.532780
0.154000	0.533180
0.154500	0.533490
0.155000	0.533720
0.155500	0.533850
0.156000	0.533910
0.156500	0.533920
0.157000	0.533880
0.157500	0.533800
0.158000	0.533680
0.158500	0.533520
0.159000	0.533320
0.159500	0.533060
0.160000	0.532740
0.160500	0.532320
0.161000	0.531840
0.161500	0.531310
0.162000	0.530710
0.162500	0.530050
0.163000	0.529300
0.163500	0.528460
0.164000	0.527530
0.164500	0.526500
0.165000	0.525380
0.165500	0.524200
0.166000	0.522990
0.166500	0.521710
0.167000	0.520340
0.167500	0.518850
0.168000	0.517210
0.168500	0.515410
0.169000	0.513490
0.169500	0.511470
0.170000	0.509390
0.170500	0.507290
0.171000	0.505130
0.171500	0.502840
0.172000	0.500400
0.172500	0.497890
0.173000	0.495350
0.173500	0.492790
0.174000	0.490210
0.174500	0.487580
0.175000	0.484950
0.175500	0.482350
0.176000	0.479810
0.176500	0.477350
0.177000	0.474950
0.177500	0.472570
0.178000	0.470190
0.178500	0.467820
0.179000	0.465490
0.179500	0.463190
0.180000	0.460960
0.180500	0.458870
0.181000	0.456900
0.181500	0.455010
0.182000	0.453140
0.182500	0.451290
0.183000	0.449520
0.183500	0.447830
0.184000	0.446210
0.184500	0.444770
0.185000	0.443620
0.185500	0.442710
0.186000	0.441990
0.186500	0.441440
0.187000	0.441120
0.187500	0.441030
0.188000	0.441180
0.188500	0.441520
0.189000	0.441950
0.189500	0.442530
0.190000	0.443320
0.190500	0.444310
0.191000	0.445340
0.191500	0.446400
0.192000	0.447490
0.192500	0.448600
0.193000	0.449740
0.193500	0.450890
0.194000	0.452030
0.194500	0.453140
0.195000	0.454130
0.195500	0.455000
0.196000	0.455770
0.196500	0.456420
0.197000	0.456850
0.197500	0.457040
0.198000	0.457010
0.198500	0.456790
0.199000	0.456450
0.199500	0.456020
0.200000	0.455470
0.200500	0.454800
0.201000	0.454050
0.201500	0.453270
0.202000	0.452460
0.202500	0.451610
0.203000	0.450720
0.203500	0.449770
0.204000	0.448760
0.204500	0.447680
0.205000	0.446440
0.205500	0.445000
0.206000	0.443390
0.206500	0.441660
0.207000	0.439870
0.207500	0.438000
0.208000	0.436020
0.208500	0.433860
0.209000	0.431560
0.209500	0.429250
0.210000	0.426940
0.210500	0.424630
0.211000	0.422320
0.211500	0.420020
0.212000	0.417710
0.212500	0.415410
0.213000	0.413060
0.213500	0.410530
0.214000	0.407930
0.214500	0.405370
0.215000	0.402940
0.215500	0.400640
0.216000	0.398440
0.216500	0.396330
0.217000	0.394320
0.217500	0.392450
0.218000	0.390740
0.218500	0.389200
0.219000	0.387820
0.219500	0.386560
0.220000	0.385400
0.220500	0.384340
0.221000	0.383390
0.221500	0.382490
0.222000	0.381640
0.222500	0.380860
0.223000	0.380170
0.223500	0.379540
0.224000	0.379000
0.224500	0.378540
0.225000	0.378180
0.225500	0.377880
0.226000	0.377660
0.226500	0.377540
0.227000	0.377520
0.227500	0.377590
0.228000	0.377680
0.228500	0.377810
0.229000	0.377970
0.229500	0.378170
0.230000	0.378400
0.230500	0.378610
0.231000	0.378790
0.231500	0.378930
0.232000	0.379050
0.232500	0.379170
0.233000	0.379300
0.233500	0.379450
0.234000	0.379600
0.234500	0.379760
0.235000	0.379910
0.235500	0.380050
0.236000	0.380180
0.236500	0.380290
0.237000	0.380390
0.237500	0.380460
0.238000	0.380420
0.238500	0.380280
0.239000	0.380070
0.239500	0.379830
0.240000	0.379510
0.240500	0.379090
0.241000	0.378530
0.241500	0.377810
0.242000	0.377020
0.242500	0.376170
0.243000	0.375250
0.243500	0.374280
0.244000	0.373290
0.244500	0.372300
0.245000	0.371300
0.245500	0.370290
0.246000	0.369250
0.246500	0.368200
0.247000	0.367150
0.247500	0.366120
0.248000	0.365170
0.248500	0.364300
0.249000	0.363520
0.249500	0.362830
0.250000	0.362240
0.250500	0.361710
0.251000	0.361230
0.251500	0.360800
0.252000	0.360390
0.252500	0.360010
0.253000	0.359660
0.253500	0.359350
0.254000	0.359080
0.254500	0.358860
0.255000	0.358700
0.255500	0.358610
0.256000	0.358590
0.256500	0.358610
0.257000	0.358650
0.257500	0.358710
0.258000	0.358800
0.258500	0.358920
0.259000	0.359040
0.259500	0.359140
0.260000	0.359170
0.260500	0.359150
0.261000	0.359090
0.261500	0.359000
0.262000	0.358880
0.262500	0.358720
0.263000	0.358540
0.263500	0.358390
0.264000	0.358310
0.264500	0.358260
0.265000	0.358250
0.265500	0.358280
0.266000	0.358360
0.266500	0.358480
0.267000	0.358630
0.267500	0.358770
0.268000	0.358860
0.268500	0.358950
0.269000	0.359010
0.269500	0.359010
0.270000	0.358910
0.270500	0.358770
0.271000	0.358610
0.271500	0.358440
0.272000	0.358270
0.272500	0.358100
0.273000	0.357920
0.273500	0.357740
0.274000	0.357580
0.274500	0.357460
0.275000	0.357410
0.275500	0.357440
0.276000	0.357560
0.276500	0.357720
0.277000	0.357890
0.277500	0.358060
0.278000	0.358230
0.278500	0.358410
0.279000	0.358590
0.279500	0.358770
0.280000	0.358950
0.280500	0.359070
0.281000	0.359070
0.281500	0.358960
0.282000	0.358800
0.282500	0.358590
0.283000	0.358330
0.283500	0.357990
0.284000	0.357530
0.284500	0.356960
0.285000	0.356340
0.285500	0.355710
0.286000	0.355090
0.286500	0.354490
0.287000	0.353900
0.287500	0.353330
0.288000	0.352790
0.288500	0.352320
0.289000	0.352010
0.289500	0.351840
0.290000	0.351790
0.290500	0.351810
0.291000	0.351850
0.291500	0.351910
0.292000	0.351990
0.292500	0.352110
0.293000	0.352240
0.293500	0.352360
0.294000	0.352490
0.294500	0.352610
0.295000	0.352740
0.295500	0.352860
0.296000	0.352990
0.296500	0.353120
0.297000	0.353220
0.297500	0.353290
0.298000	0.353360
0.298500	0.353430
0.299000	0.353500
0.299500	0.353560
0.300000	0.353630
0.300500	0.353680
0.301000	0.353730
0.301500	0.353780
0.302000	0.353820
0.302500	0.353860
0.303000	0.353890
0.303500	0.353900
0.304000	0.353910
0.304500	0.353940
0.305000	0.354010
0.305500	0.354170
0.306000	0.354400
0.306500	0.354660
0.307000	0.354960
0.307500	0.355290
0.308000	0.355650
0.308500	0.356060
0.309000	0.356500
0.309500	0.356970
0.310000	0.357480
0.310500	0.358020
0.311000	0.358620
0.311500	0.359280
0.312000	0.359960
0.312500	0.360630
0.313000	0.361230
0.313500	0.361790
0.314000	0.362310
0.314500	0.362760
0.315000	0.363150
0.315500	0.363460
0.316000	0.363690
0.316500	0.363850
0.317000	0.363940
0.317500	0.363970
0.318000	0.363990
0.318500	0.364030
0.319000	0.364090
0.319500	0.364160
0.320000	0.364250
0.320500	0.364380
0.321000	0.364590
0.321500	0.364860
0.322000	0.365180
0.322500	0.365520
0.323000	0.365870
0.323500	0.366240
0.324000	0.366630
0.324500	0.367010
0.325000	0.367370
0.325500	0.367690
0.326000	0.367930
0.326500	0.368100
0.327000	0.368220
0.327500	0.368250
0.328000	0.368170
0.328500	0.368000
0.329000	0.367730
0.329500	0.367410
0.330000	0.367060
0.330500	0.366660
0.331000	0.366190
0.331500	0.365660
0.332000	0.365110
0.332500	0.364560
0.333000	0.364020
0.333500	0.363500
0.334000	0.362980
0.334500	0.362480
0.335000	0.362000
0.335500	0.361550
0.336000	0.361160
0.336500	0.360820
0.337000	0.360510
0.337500	0.360220
0.338000	0.359950
0.338500	0.359700
0.339000	0.359510
0.339500	0.359360
0.340000	0.359240
0.340500	0.359130
0.341000	0.359010
0.341500	0.358880
0.342000	0.358770
0.342500	0.358640
0.343000	0.358480
0.343500	0.358270
0.344000	0.358000
0.344500	0.357700
0.345000	0.357390
0.345500	0.357100
0.346000	0.356820
0.346500	0.356550
0.347000	0.356280
0.347500	0.356020
0.348000	0.355820
0.348500	0.355700
0.349000	0.355640
0.349500	0.355630
0.350000	0.355640
0.350500	0.355680
0.351000	0.355720
0.351500	0.355770
0.352000	0.355830
0.352500	0.355890
0.353000	0.355970
0.353500	0.356060
0.354000	0.356180
0.354500	0.356320
0.355000	0.356500
0.355500	0.356710
0.356000	0.356940
0.356500	0.357170
0.357000	0.357400
0.357500	0.357640
0.358000	0.357880
0.358500	0.358120
0.359000	0.358370
0.359500	0.358610
0.360000	0.358840
0.360500	0.359040
0.361000	0.359200
0.361500	0.359320
0.362000	0.359400
0.362500	0.359430
0.363000	0.359410
0.363500	0.359360
0.364000	0.359270
0.364500	0.359170
0.365000	0.359080
0.365500	0.358980
0.366000	0.358890
0.366500	0.358800
0.367000	0.358710
0.367500	0.358620
0.368000	0.358520
0.368500	0.358360
0.369000	0.358150
0.369500	0.357950
0.370000	0.357800
0.370500	0.357660
0.371000	0.357550
0.371500	0.357470
0.372000	0.357440
0.372500	0.357450
0.373000	0.357490
0.373500	0.357560
0.374000	0.357650
0.374500	0.357770
0.375000	0.357910
0.375500	0.358040
0.376000	0.358120
0.376500	0.358180
0.377000	0.358230
0.377500	0.358260
0.378000	0.358280
0.378500	0.358290
0.379000	0.358280
0.379500	0.358280
0.380000	0.358280
0.380500	0.358300
0.381000	0.358340
0.381500	0.358400
0.382000	0.358480
0.382500	0.358580
0.383000	0.358730
0.383500	0.358940
0.384000	0.359210
0.384500	0.359530
0.385000	0.359880
0.385500	0.360240
0.386000	0.360570
0.386500	0.360890
0.387000	0.361190
0.387500	0.361490
0.388000	0.361770
0.388500	0.362030
0.389000	0.362240
0.389500	0.362430
0.390000	0.362600
0.390500	0.362760
0.391000	0.362880
0.391500	0.362970
0.392000	0.363030
0.392500	0.363050
0.393000	0.363020
0.393500	0.362910
0.394000	0.362740
0.394500	0.362500
0.395000	0.362220
0.395500	0.361890
0.396000	0.361520
0.396500	0.361110
0.397000	0.360680
0.397500	0.360240
0.398000	0.359780
0.398500	0.359280
0.399000	0.358760
0.399500	0.358220
0.400000	0.357680
0.400500	0.357170
0.401000	0.356680
0.401500	0.356220
0.402000	0.355760
0.402500	0.355310
0.403000	0.354860
0.403500	0.354440
0.404000	0.354060
0.404500	0.353740
0.405000	0.353480
0.405500	0.353260
0.406000	0.353050
0.406500	0.352850
0.407000	0.352670
0.407500	0.352510
0.408000	0.352340
0.408500	0.352130
0.409000	0.351850
0.409500	0.351530
0.410000	0.351180
0.410500	0.350830
0.411000	0.350470
0.411500	0.350100
0.412000	0.349730
0.412500	0.349370
0.413000	0.349050
0.413500	0.348760
0.414000	0.348500
0.414500	0.348260
0.415000	0.348030
0.415500	0.347820
0.416000	0.347640
0.416500	0.347470
0.417000	0.347310
0.417500	0.347180
0.418000	0.347100
0.418500	0.347080
0.419000	0.347130
0.419500	0.347200
0.420000	0.347300
0.420500	0.347420
0.421000	0.347550
0.421500	0.347690
0.422000	0.347840
0.422500	0.347980
0.423000	0.348110
0.423500	0.348240
0.424000	0.348370
0.424500	0.348500
0.425000	0.348640
0.425500	0.348820
0.426000	0.349040
0.426500	0.349280
0.427000	0.349550
0.427500	0.349840
0.428000	0.350150
0.428500	0.350450
0.429000	0.350730
0.429500	0.350980
0.430000	0.351230
0.430500	0.351480
0.431000	0.351730
0.431500	0.351970
0.432000	0.352210
0.432500	0.352430
0.433000	0.352650
0.433500	0.352810
0.434000	0.352880
0.434500	0.352870
0.435000	0.352790
0.435500	0.352640
0.436000	0.352470
0.436500	0.352280
0.437000	0.352070
0.437500	0.351850
0.438000	0.351610
0.438500	0.351360
0.439000	0.351140
0.439500	0.350940
0.440000	0.350770
0.440500	0.350660
0.441000	0.350610
0.441500	0.350640
0.442000	0.350680
0.442500	0.350730
0.443000	0.350780
0.443500	0.350830
0.444000	0.350900
0.444500	0.350960
0.445000	0.351020
0.445500	0.351040
0.446000	0.350980
0.446500	0.350860
0.447000	0.350720
0.447500	0.350590
0.448000	0.350420
0.448500	0.350230
0.449000	0.350070
0.449500	0.349980
0.450000	0.349940
0.450500	0.349920
0.451000	0.349940
0.451500	0.349970
0.452000	0.350020
0.452500	0.350060
0.453000	0.350110
0.453500	0.350140
0.454000	0.350180
0.454500	0.350210
0.455000	0.350240
0.455500	0.350260
0.456000	0.350290
0.456500	0.350280
0.457000	0.350230
0.457500	0.350100
0.458000	0.349920
0.458500	0.349720
0.459000	0.349530
0.459500	0.349330
0.460000	0.349140
0.460500	0.348940
0.461000	0.348740
0.461500	0.348540
0.462000	0.348390
0.462500	0.348290
0.463000	0.348190
0.463500	0.348040
0.464000	0.347840
0.464500	0.347620
0.465000	0.347390
0.465500	0.347170
0.466000	0.346960
0.466500	0.346750
0.467000	0.346540
0.467500	0.346360
0.468000	0.346230
0.468500	0.346230
0.469000	0.346350
0.469500	0.346550
0.470000	0.346810
0.470500	0.347080
0.471000	0.347350
0.471500	0.347620
0.472000	0.347880
0.472500	0.348140
0.473000	0.348390
0.473500	0.348640
0.474000	0.348890
0.474500	0.349110
0.475000	0.349310
0.475500	0.349480
0.476000	0.349610
0.476500	0.349660
0.477000	0.349640
0.477500	0.349570
0.478000	0.349460
0.478500	0.349320
0.479000	0.349150
0.479500	0.349000
0.480000	0.348880
0.480500	0.348780
0.481000	0.348710
0.481500	0.348680
0.482000	0.348710
0.482500	0.348790
0.483000	0.348890
0.483500	0.349010
0.484000	0.349140
0.484500	0.349280
0.485000	0.349420
0.485500	0.349560
0.486000	0.349690
0.486500	0.349820
0.487000	0.349930
0.487500	0.350040
0.488000	0.350160
0.488500	0.350300
0.489000	0.350480
0.489500	0.350690
0.490000	0.350960
0.490500	785.789978
0.491000	2888.199951
0.491500	5927.299805
0.492000	9523.099609
0.492500	13564.000000
0.493000	18406.000000
0.493500	24016.000000
