0.000000	-0.008156
0.000500	-0.007290
0.001000	-0.006452
0.001500	-0.005258
0.002000	-0.004121
0.002500	-0.002956
0.003000	-0.001984
0.003500	-0.001053
0.004000	-0.000216
0.004500	0.000604
0.005000	0.001774
0.005500	0.002531
0.006000	0.002980
0.006500	0.003599
0.007000	0.004088
0.007500	0.004322
0.008000	0.004569
0.008500	0.004854
0.009000	0.005447
0.009500	0.006242
0.010000	0.006482
0.010500	0.006382
0.011000	0.006488
0.011500	0.006708
0.012000	0.006667
0.012500	0.006575
0.013000	0.006412
0.013500	0.005859
0.014000	0.005270
0.014500	0.005054
0.015000	0.004993
0.015500	0.004564
0.016000	0.004173
0.016500	0.004307
0.017000	0.004959
0.017500	0.005876
0.018000	0.006786
0.018500	0.007732
0.019000	0.008558
0.019500	0.009662
0.020000	0.010966
0.020500	0.012135
0.021000	0.013242
0.021500	0.014458
0.022000	0.015881
0.022500	0.017420
0.023000	0.019439
0.023500	0.021401
0.024000	0.023075
0.024500	0.024998
0.025000	0.026953
0.025500	0.028733
0.026000	0.030843
0.026500	0.032916
0.027000	0.034540
0.027500	0.036275
0.028000	0.038164
0.028500	0.040016
0.029000	0.041648
0.029500	0.042961
0.030000	0.044152
0.030500	0.045541
0.031000	0.046933
0.031500	0.047997
0.032000	0.049009
0.032500	0.049771
0.033000	0.050422
0.033500	0.051534
0.034000	0.052877
0.034500	0.054183
0.035000	0.055621
0.035500	0.057965
0.036000	0.061318
0.036500	0.064982
0.037000	0.069331
0.037500	0.074741
0.038000	0.081563
0.038500	0.090057
0.039000	0.099958
0.039500	0.111112
0.040000	0.123734
0.040500	0.138318
0.041000	0.155025
0.041500	0.174228
0.042000	0.196565
0.042500	0.222621
0.043000	0.252522
0.043500	0.286672
0.044000	0.324782
0.044500	0.366544
0.045000	0.411815
0.045500	0.460465
0.046000	0.513043
0.046500	0.569724
0.047000	0.630219
0.047500	0.694078
0.048000	0.761397
0.048500	0.832192
0.049000	0.905707
0.049500	0.981957
0.050000	1.060928
0.050500	1.142344
0.051000	1.227060
0.051500	1.315011
0.052000	1.405714
0.052500	1.499200
0.053000	1.594506
0.053500	1.691581
0.054000	1.790717
0.054500	1.890979
0.055000	1.993173
0.055500	2.097941
0.056000	2.204801
0.056500	2.314398
0.057000	2.425925
0.057500	2.538901
0.058000	2.653647
0.058500	2.770003
0.059000	2.889255
0.059500	3.011244
0.060000	3.134680
0.060500	3.259565
0.061000	3.385899
0.061500	3.512554
0.062000	3.638888
0.062500	3.765060
0.063000	3.891555
0.063500	4.018049
0.064000	4.144544
0.064500	4.270072
0.065000	4.394314
0.065500	4.517107
0.066000	4.637486
0.066500	4.755611
0.067000	4.871806
0.067500	4.985909
0.068000	5.097275
0.068500	5.205101
0.069000	5.308260
0.069500	5.405787
0.070000	5.496232
0.070500	5.579435
0.071000	5.653947
0.071500	5.718482
0.072000	5.773200
0.072500	5.818100
0.073000	5.853184
0.073500	5.878129
0.074000	5.893579
0.074500	5.899694
0.075000	5.895027
0.075500	5.878612
0.076000	5.849805
0.076500	5.806835
0.077000	5.748899
0.077500	5.675673
0.078000	5.586515
0.078500	5.481586
0.079000	5.361369
0.079500	5.227471
0.080000	5.080377
0.080500	4.921213
0.081000	4.751749
0.081500	4.573756
0.082000	4.388359
0.082500	4.197813
0.083000	4.003887
0.083500	3.806903
0.084000	3.606862
0.084500	3.400544
0.085000	3.185536
0.085500	2.961515
0.086000	2.727355
0.086500	2.483540
0.087000	2.235701
0.087500	1.990598
0.088000	1.753863
0.088500	1.533657
0.089000	1.337172
0.089500	1.168384
0.090000	1.030560
0.090500	0.929283
0.091000	0.869995
0.091500	0.856734
0.092000	0.893862
0.092500	0.985208
0.093000	1.126412
0.093500	1.305452
0.094000	1.505992
0.094500	1.706709
0.095000	1.887599
0.095500	2.034050
0.096000	2.140267
0.096500	2.205767
0.097000	2.234574
0.097500	2.234092
0.098000	2.213814
0.098500	2.182592
0.099000	2.146704
0.099500	2.112586
0.100000	2.082813
0.100500	2.058351
0.101000	2.040487
0.101500	2.030187
0.102000	2.028256
0.102500	2.035337
0.103000	2.052557
0.103500	2.080721
0.104000	2.119828
0.104500	2.170361
0.105000	2.232482
0.105500	2.305385
0.106000	2.387784
0.106500	2.478390
0.107000	2.573985
0.107500	2.671833
0.108000	2.769681
0.108500	2.865920
0.109000	2.959744
0.109500	3.050029
0.110000	3.137094
0.110500	3.221424
0.111000	3.303179
0.111500	3.383163
0.112000	3.462021
0.112500	3.541844
0.113000	3.623277
0.113500	3.706641
0.114000	3.792741
0.114500	3.881416
0.115000	3.971378
0.115500	4.061502
0.116000	4.150337
0.116500	4.237402
0.117000	4.322537
0.117500	4.405579
0.118000	4.486046
0.118500	4.564422
0.119000	4.641509
0.119500	4.716505
0.120000	4.787798
0.120500	4.854747
0.121000	4.915580
0.121500	4.969172
0.122000	5.013911
0.122500	5.047386
0.123000	5.068146
0.123500	5.075067
0.124000	5.067181
0.124500	5.044489
0.125000	5.007635
0.125500	4.958228
0.126000	4.899648
0.126500	4.834147
0.127000	4.761888
0.127500	4.684156
0.128000	4.603045
0.128500	4.519038
0.129000	4.433582
0.129500	4.348608
0.130000	4.262348
0.130500	4.171420
0.131000	4.071640
0.131500	3.957377
0.132000	3.826698
0.132500	3.683789
0.133000	3.537177
0.133500	3.400383
0.134000	3.286602
0.134500	3.200985
0.135000	3.143692
0.135500	3.109735
0.136000	3.088653
0.136500	3.069019
0.137000	3.045201
0.137500	3.013819
0.138000	2.969883
0.138500	2.911786
0.139000	2.840975
0.139500	2.757289
0.140000	2.660246
0.140500	2.552098
0.141000	2.434133
0.141500	2.304742
0.142000	2.165694
0.142500	2.020210
0.143000	1.869414
0.143500	1.714595
0.144000	1.558698
0.144500	1.404619
0.145000	1.252842
0.145500	1.105008
0.146000	0.963225
0.146500	0.827251
0.147000	0.697844
0.147500	0.575373
0.148000	0.458856
0.148500	0.346299
0.149000	0.236622
0.149500	0.128823
0.150000	0.021147
0.150500	-0.088308
0.151000	-0.201136
0.151500	-0.317314
0.152000	-0.437227
0.152500	-0.560213
0.153000	-0.684132
0.153500	-0.807134
0.154000	-0.928431
0.154500	-1.047715
0.155000	-1.164827
0.155500	-1.281231
0.156000	-1.397426
0.156500	-1.510949
0.157000	-1.620609
0.157500	-1.726504
0.158000	-1.825640
0.158500	-1.916085
0.159000	-1.998001
0.159500	-2.069938
0.160000	-2.130610
0.160500	-2.179857
0.161000	-2.218803
0.161500	-2.247449
0.162000	-2.267405
0.162500	-2.281728
0.163000	-2.291867
0.163500	-2.297178
0.164000	-2.299592
0.164500	-2.300879
0.165000	-2.300879
0.165500	-2.300235
0.166000	-2.299431
0.166500	-2.298143
0.167000	-2.294603
0.167500	-2.288326
0.168000	-2.277544
0.168500	-2.259358
0.169000	-2.231516
0.169500	-2.194824
0.170000	-2.149601
0.170500	-2.095688
0.171000	-2.036303
0.171500	-1.975470
0.172000	-1.915280
0.172500	-1.857344
0.173000	-1.803270
0.173500	-1.754507
0.174000	-1.709606
0.174500	-1.666154
0.175000	-1.624794
0.175500	-1.585815
0.176000	-1.548302
0.176500	-1.511287
0.177000	-1.475318
0.177500	-1.439510
0.178000	-1.404362
0.178500	-1.372239
0.179000	-1.343738
0.179500	-1.318938
0.180000	-1.299577
0.180500	-1.286027
0.181000	-1.275872
0.181500	-1.268678
0.182000	-1.264864
0.182500	-1.264156
0.183000	-1.266055
0.183500	-1.270287
0.184000	-1.277980
0.184500	-1.289616
0.185000	-1.305950
0.185500	-1.328787
0.186000	-1.358367
0.186500	-1.393096
0.187000	-1.432509
0.187500	-1.476605
0.188000	-1.523164
0.188500	-1.571170
0.189000	-1.619483
0.189500	-1.665832
0.190000	-1.709284
0.190500	-1.749679
0.191000	-1.787337
0.191500	-1.822904
0.192000	-1.857022
0.192500	-1.890979
0.193000	-1.925097
0.193500	-1.957928
0.194000	-1.988505
0.194500	-2.016669
0.195000	-2.041775
0.195500	-2.065110
0.196000	-2.088446
0.196500	-2.111942
0.197000	-2.135439
0.197500	-2.158935
0.198000	-2.182431
0.198500	-2.204801
0.199000	-2.226045
0.199500	-2.246966
0.200000	-2.268531
0.200500	-2.290740
0.201000	-2.313915
0.201500	-2.337572
0.202000	-2.361551
0.202500	-2.385370
0.203000	-2.409027
0.203500	-2.433006
0.204000	-2.457790
0.204500	-2.483862
0.205000	-2.511542
0.205500	-2.540832
0.206000	-2.571892
0.206500	-2.604080
0.207000	-2.637393
0.207500	-2.670706
0.208000	-2.702893
0.208500	-2.733953
0.209000	-2.763244
0.209500	-2.789798
0.210000	-2.814260
0.210500	-2.835986
0.211000	-2.854011
0.211500	-2.868173
0.212000	-2.879438
0.212500	-2.887968
0.213000	-2.893279
0.213500	-2.896175
0.214000	-2.896819
0.214500	-2.895693
0.215000	-2.893440
0.215500	-2.889899
0.216000	-2.885554
0.216500	-2.880243
0.217000	-2.873484
0.217500	-2.864311
0.218000	-2.852079
0.218500	-2.836308
0.219000	-2.816191
0.219500	-2.791085
0.220000	-2.760991
0.220500	-2.726551
0.221000	-2.688409
0.221500	-2.647210
0.222000	-2.603436
0.222500	-2.557570
0.223000	-2.510737
0.223500	-2.464067
0.224000	-2.417235
0.224500	-2.371047
0.225000	-2.325341
0.225500	-2.280762
0.226000	-2.237471
0.226500	-2.194984
0.227000	-2.154107
0.227500	-2.114517
0.228000	-2.076054
0.228500	-2.039039
0.229000	-2.003472
0.229500	-1.968871
0.230000	-1.935397
0.230500	-1.903210
0.231000	-1.871989
0.231500	-1.841733
0.232000	-1.811800
0.232500	-1.781544
0.233000	-1.750323
0.233500	-1.718136
0.234000	-1.684983
0.234500	-1.650060
0.235000	-1.613689
0.235500	-1.575500
0.236000	-1.535813
0.236500	-1.495322
0.237000	-1.454300
0.237500	-1.412650
0.238000	-1.369745
0.238500	-1.325601
0.239000	-1.280539
0.239500	-1.234737
0.240000	-1.188388
0.240500	-1.141057
0.241000	-1.092745
0.241500	-1.044094
0.242000	-0.994848
0.242500	-0.945634
0.243000	-0.898384
0.243500	-0.853162
0.244000	-0.810015
0.244500	-0.770312
0.245000	-0.733716
0.245500	-0.699775
0.246000	-0.669664
0.246500	-0.642933
0.247000	-0.618744
0.247500	-0.597276
0.248000	-0.577722
0.248500	-0.558523
0.249000	-0.538728
0.249500	-0.517951
0.250000	-0.495935
0.250500	-0.471892
0.251000	-0.446207
0.251500	-0.419250
0.252000	-0.390652
0.252500	-0.361249
0.253000	-0.332313
0.253500	-0.304713
0.254000	-0.278304
0.254500	-0.252957
0.255000	-0.229106
0.255500	-0.205948
0.256000	-0.183159
0.256500	-0.161240
0.257000	-0.140087
0.257500	-0.120471
0.258000	-0.103212
0.258500	-0.088398
0.259000	-0.076655
0.259500	-0.069038
0.260000	-0.065532
0.260500	-0.065973
0.261000	-0.070996
0.261500	-0.079683
0.262000	-0.090767
0.262500	-0.104546
0.263000	-0.120204
0.263500	-0.136263
0.264000	-0.152189
0.264500	-0.167211
0.265000	-0.179683
0.265500	-0.188696
0.266000	-0.194473
0.266500	-0.197129
0.267000	-0.196758
0.267500	-0.193942
0.268000	-0.189178
0.268500	-0.182854
0.269000	-0.174662
0.269500	-0.164893
0.270000	-0.153900
0.270500	-0.141191
0.271000	-0.126760
0.271500	-0.111072
0.272000	-0.094304
0.272500	-0.076750
0.273000	-0.059011
0.273500	-0.041204
0.274000	-0.022928
0.274500	-0.004609
0.275000	0.013013
0.275500	0.029956
0.276000	0.046310
0.276500	0.061664
0.277000	0.075319
0.277500	0.087999
0.278000	0.099866
0.278500	0.110238
0.279000	0.119442
0.279500	0.127763
0.280000	0.135748
0.280500	0.143719
0.281000	0.152188
0.281500	0.161465
0.282000	0.171797
0.282500	0.184061
0.283000	0.198159
0.283500	0.213158
0.284000	0.228382
0.284500	0.243188
0.285000	0.257173
0.285500	0.269839
0.286000	0.280267
0.286500	0.288781
0.287000	0.295379
0.287500	0.299933
0.288000	0.302685
0.288500	0.303217
0.289000	0.301478
0.289500	0.297841
0.290000	0.292595
0.290500	0.285304
0.291000	0.276469
0.291500	0.266523
0.292000	0.255725
0.292500	0.245103
0.293000	0.235093
0.293500	0.225405
0.294000	0.216586
0.294500	0.209054
0.295000	0.202520
0.295500	0.196855
0.296000	0.192381
0.296500	0.189709
0.297000	0.189146
0.297500	0.190337
0.298000	0.193282
0.298500	0.198110
