0.000000	0.016432
0.000500	0.016432
0.001000	0.016432
0.001500	0.016432
0.002000	0.016432
0.002500	0.016432
0.003000	0.016443
0.003500	0.016467
0.004000	0.016486
0.004500	0.016498
0.005000	0.016505
0.005500	0.016505
0.006000	0.016498
0.006500	0.016486
0.007000	0.016469
0.007500	0.016447
0.008000	0.016416
0.008500	0.016377
0.009000	0.016328
0.009500	0.016269
0.010000	0.016201
0.010500	0.016127
0.011000	0.016048
0.011500	0.015960
0.012000	0.015864
0.012500	0.015769
0.013000	0.015683
0.013500	0.015611
0.014000	0.015555
0.014500	0.015519
0.015000	0.015504
0.015500	0.015511
0.016000	0.015538
0.016500	0.015583
0.017000	0.015643
0.017500	0.015715
0.018000	0.015793
0.018500	0.015869
0.019000	0.015937
0.019500	0.015999
0.020000	0.016059
0.020500	0.016115
0.021000	0.016166
0.021500	0.016211
0.022000	0.016253
0.022500	0.016290
0.023000	0.016326
0.023500	0.016362
0.024000	0.016397
0.024500	0.016422
0.025000	0.016430
0.025500	0.016420
0.026000	0.016406
0.026500	0.016391
0.027000	0.016378
0.027500	0.016365
0.028000	0.016353
0.028500	0.016341
0.029000	0.016331
0.029500	0.016327
0.030000	0.016336
0.030500	0.016350
0.031000	0.016360
0.031500	0.016361
0.032000	0.016358
0.032500	0.016350
0.033000	0.016332
0.033500	0.016303
0.034000	0.016259
0.034500	0.016209
0.035000	0.016162
0.035500	0.016123
0.036000	0.016087
0.036500	0.016057
0.037000	0.016037
0.037500	0.016034
0.038000	0.016050
0.038500	0.016075
0.039000	0.016094
0.039500	0.016098
0.040000	0.016100
0.040500	0.016099
0.041000	0.016096
0.041500	0.016087
0.042000	0.016073
0.042500	0.016057
0.043000	0.016044
0.043500	0.016038
0.044000	0.016035
0.044500	0.016036
0.045000	0.016041
0.045500	0.016051
0.046000	0.016063
0.046500	0.016075
0.047000	0.016088
0.047500	0.016100
0.048000	0.016115
0.048500	0.016130
0.049000	0.016144
0.049500	0.016156
0.050000	0.016155
0.050500	0.016144
0.051000	0.016124
0.051500	0.016099
0.052000	0.016068
0.052500	0.016033
0.053000	0.015999
0.053500	0.015971
0.054000	0.015951
0.054500	0.015936
0.055000	0.015916
0.055500	0.015885
0.056000	0.015842
0.056500	0.015796
0.057000	0.015749
0.057500	0.015706
0.058000	0.015666
0.058500	0.015627
0.059000	0.015588
0.059500	0.015548
0.060000	0.015504
0.060500	0.015453
0.061000	0.015397
0.061500	0.015334
0.062000	0.015242
0.062500	0.015115
0.063000	0.014980
0.063500	0.014863
0.064000	0.014768
0.064500	0.014687
0.065000	0.014633
0.065500	0.014620
0.066000	0.014647
0.066500	0.014699
0.067000	0.014770
0.067500	0.014854
0.068000	0.014947
0.068500	0.015046
0.069000	0.015143
0.069500	0.015231
0.070000	0.015309
0.070500	0.015380
0.071000	0.015445
0.071500	0.015506
0.072000	0.015558
0.072500	0.015596
0.073000	0.015621
0.073500	0.015635
0.074000	0.015637
0.074500	0.015618
0.075000	0.015567
0.075500	0.015475
0.076000	0.015346
0.076500	0.015209
0.077000	0.015066
0.077500	0.014920
0.078000	0.014766
0.078500	0.014603
0.079000	0.014443
0.079500	0.014304
0.080000	0.014194
0.080500	0.014105
0.081000	0.014028
0.081500	0.013953
0.082000	0.013877
0.082500	0.013808
0.083000	0.013738
0.083500	0.013661
0.084000	0.013563
0.084500	0.013430
0.085000	0.013281
0.085500	0.013136
0.086000	0.013012
0.086500	0.012896
0.087000	0.012789
0.087500	0.012696
0.088000	0.012625
0.088500	0.012585
0.089000	0.012568
0.089500	0.012564
0.090000	0.012566
0.090500	0.012583
0.091000	0.012614
0.091500	0.012657
0.092000	0.012717
0.092500	0.012817
0.093000	0.012952
0.093500	0.013111
0.094000	0.013292
0.094500	0.013540
0.095000	0.013854
0.095500	0.014217
0.096000	0.014618
0.096500	0.015093
0.097000	0.015664
0.097500	0.016346
0.098000	0.017149
0.098500	0.018030
0.099000	0.018988
0.099500	0.020036
0.100000	0.021177
0.100500	0.022337
0.101000	0.023498
0.101500	0.024660
0.102000	0.025822
0.102500	0.026986
0.103000	0.028150
0.103500	0.029315
0.104000	0.030475
0.104500	0.031561
0.105000	0.032555
0.105500	0.033478
0.106000	0.034351
0.106500	0.035182
0.107000	0.035971
0.107500	0.036721
0.108000	0.037432
0.108500	0.038122
0.109000	0.038792
0.109500	0.039434
0.110000	0.040038
0.110500	0.040614
0.111000	0.041169
0.111500	0.041705
0.112000	0.042224
0.112500	0.042728
0.113000	0.043213
0.113500	0.043672
0.114000	0.044100
0.114500	0.044492
0.115000	0.044848
0.115500	0.045172
0.116000	0.045468
0.116500	0.045731
0.117000	0.045969
0.117500	0.046205
0.118000	0.046463
0.118500	0.046745
0.119000	0.047046
0.119500	0.047381
0.120000	0.047762
0.120500	0.048194
0.121000	0.048667
0.121500	0.049171
0.122000	0.049700
0.122500	0.050240
0.123000	0.050785
0.123500	0.051339
0.124000	0.051905
0.124500	0.052487
0.125000	0.053082
0.125500	0.053681
0.126000	0.054273
0.126500	0.054848
0.127000	0.055405
0.127500	0.055948
0.128000	0.056481
0.128500	0.056991
0.129000	0.057450
0.129500	0.057865
0.130000	0.058246
0.130500	0.058590
0.131000	0.058874
0.131500	0.059098
0.132000	0.059257
0.132500	0.059364
0.133000	0.059444
0.133500	0.059488
0.134000	0.059484
0.134500	0.059434
0.135000	0.059375
0.135500	0.059313
0.136000	0.059254
0.136500	0.059200
0.137000	0.059148
0.137500	0.059099
0.138000	0.059055
0.138500	0.059027
0.139000	0.059062
0.139500	0.059161
0.140000	0.059319
0.140500	0.059527
0.141000	0.059761
0.141500	0.060020
0.142000	0.060307
0.142500	0.060618
0.143000	0.060936
0.143500	0.061255
0.144000	0.061572
0.144500	0.061885
0.145000	0.062194
0.145500	0.062499
0.146000	0.062798
0.146500	0.063087
0.147000	0.063337
0.147500	0.063551
0.148000	0.063740
0.148500	0.063915
0.149000	0.064073
0.149500	0.064211
0.150000	0.064333
0.150500	0.064439
0.151000	0.064531
0.151500	0.064603
0.152000	0.064645
0.152500	0.064653
0.153000	0.064639
0.153500	0.064608
0.154000	0.064563
0.154500	0.064504
0.155000	0.064438
0.155500	0.064365
0.156000	0.064287
0.156500	0.064202
0.157000	0.064113
0.157500	0.064013
0.158000	0.063888
0.158500	0.063727
0.159000	0.063533
0.159500	0.063324
0.160000	0.063113
0.160500	0.062915
0.161000	0.062717
0.161500	0.062520
0.162000	0.062337
0.162500	0.062179
0.163000	0.062046
0.163500	0.061922
0.164000	0.061802
0.164500	0.061677
0.165000	0.061549
0.165500	0.061421
0.166000	0.061289
0.166500	0.061150
0.167000	0.060994
0.167500	0.060817
0.168000	0.060626
0.168500	0.060428
0.169000	0.060229
0.169500	0.060028
0.170000	0.059825
0.170500	0.059621
0.171000	0.059415
0.171500	0.059205
0.172000	0.058990
0.172500	0.058772
0.173000	0.058539
0.173500	0.058263
0.174000	0.057946
0.174500	0.057594
0.175000	0.057210
0.175500	0.056801
0.176000	0.056363
0.176500	0.055892
0.177000	0.055395
0.177500	0.054898
0.178000	0.054401
0.178500	0.053904
0.179000	0.053407
0.179500	0.052910
0.180000	0.052412
0.180500	0.051915
0.181000	0.051428
0.181500	0.050968
0.182000	0.050534
0.182500	0.050123
0.183000	0.049731
0.183500	0.049353
0.184000	0.048988
0.184500	0.048632
0.185000	0.048283
0.185500	0.047938
0.186000	0.047598
0.186500	0.047268
0.187000	0.046950
0.187500	0.046639
0.188000	0.046335
0.188500	0.046041
0.189000	0.045756
0.189500	0.045473
0.190000	0.045192
0.190500	0.044914
0.191000	0.044640
0.191500	0.044367
0.192000	0.044094
0.192500	0.043822
0.193000	0.043551
0.193500	0.043282
0.194000	0.043014
0.194500	0.042745
0.195000	0.042473
0.195500	0.042190
0.196000	0.041897
0.196500	0.041593
0.197000	0.041280
0.197500	0.040962
0.198000	0.040640
0.198500	0.040316
0.199000	0.039989
0.199500	0.039658
0.200000	0.039325
0.200500	0.038993
0.201000	0.038668
0.201500	0.038356
0.202000	0.038055
0.202500	0.037762
0.203000	0.037473
0.203500	0.037198
0.204000	0.036937
0.204500	0.036688
0.205000	0.036449
0.205500	0.036231
0.206000	0.036039
0.206500	0.035868
0.207000	0.035719
0.207500	0.035594
0.208000	0.035496
0.208500	0.035426
0.209000	0.035384
0.209500	0.035361
0.210000	0.035351
0.210500	0.035355
0.211000	0.035375
0.211500	0.035415
0.212000	0.035465
0.212500	0.035512
0.213000	0.035541
0.213500	0.035556
0.214000	0.035558
0.214500	0.035541
0.215000	0.035498
0.215500	0.035431
0.216000	0.035353
0.216500	0.035278
0.217000	0.035218
0.217500	0.035167
0.218000	0.035119
0.218500	0.035069
0.219000	0.035017
0.219500	0.034963
0.220000	0.034904
0.220500	0.034840
0.221000	0.034769
0.221500	0.034679
0.222000	0.034571
0.222500	0.034448
0.223000	0.034319
0.223500	0.034186
0.224000	0.034050
0.224500	0.033904
0.225000	0.033744
0.225500	0.033573
0.226000	0.033402
0.226500	0.033229
0.227000	0.033056
0.227500	0.032882
0.228000	0.032706
0.228500	0.032530
0.229000	0.032356
0.229500	0.032197
0.230000	0.032062
0.230500	0.031947
0.231000	0.031848
0.231500	0.031764
0.232000	0.031691
0.232500	0.031618
0.233000	0.031538
0.233500	0.031452
0.234000	0.031364
0.234500	0.031266
0.235000	0.031150
0.235500	0.031015
0.236000	0.030870
0.236500	0.030723
0.237000	0.030579
0.237500	0.030440
0.238000	0.030301
0.238500	0.030166
0.239000	0.030038
0.239500	0.029923
0.240000	0.029820
0.240500	0.029725
0.241000	0.029632
0.241500	0.029540
0.242000	0.029452
0.242500	0.029366
0.243000	0.029277
0.243500	0.029179
0.244000	0.029066
0.244500	0.028936
0.245000	0.028785
0.245500	0.028612
0.246000	0.028421
0.246500	0.028216
0.247000	0.028002
0.247500	0.027779
0.248000	0.027547
0.248500	0.027314
0.249000	0.027086
0.249500	0.026870
0.250000	0.026670
0.250500	0.026483
0.251000	0.026309
0.251500	0.026154
0.252000	0.026036
0.252500	0.025948
0.253000	0.025886
0.253500	0.025847
0.254000	0.025833
0.254500	0.025844
0.255000	0.025877
0.255500	0.025931
0.256000	0.026003
0.256500	0.026097
0.257000	0.026214
0.257500	0.026356
0.258000	0.026519
0.258500	0.026707
0.259000	0.026923
0.259500	0.027172
0.260000	0.027446
0.260500	0.027729
0.261000	0.028003
0.261500	0.028258
0.262000	0.028512
0.262500	0.028749
0.263000	0.028954
0.263500	0.029117
0.264000	0.029262
0.264500	0.029398
0.265000	0.029526
0.265500	0.029652
0.266000	0.029777
0.266500	0.029902
0.267000	0.030024
0.267500	0.030145
0.268000	0.030259
0.268500	0.030369
0.269000	0.030473
0.269500	0.030568
0.270000	0.030639
0.270500	0.030690
0.271000	0.030725
0.271500	0.030749
0.272000	0.030760
0.272500	0.030758
0.273000	0.030742
0.273500	0.030712
0.274000	0.030671
0.274500	0.030619
0.275000	0.030558
0.275500	0.030488
0.276000	0.030408
0.276500	0.030317
0.277000	0.030214
0.277500	0.030099
0.278000	0.029973
0.278500	0.029830
0.279000	0.029661
0.279500	0.029462
0.280000	0.029253
0.280500	0.029043
0.281000	0.028831
0.281500	0.028617
0.282000	0.028401
0.282500	0.028184
0.283000	0.027968
0.283500	0.027759
0.284000	0.027579
0.284500	0.027430
0.285000	0.027304
0.285500	0.027195
0.286000	0.027106
0.286500	0.027036
0.287000	0.026985
0.287500	0.026951
0.288000	0.026925
0.288500	0.026911
0.289000	0.026913
0.289500	0.026935
0.290000	0.026964
0.290500	0.027000
0.291000	0.027044
0.291500	0.027099
0.292000	0.027157
0.292500	0.027216
0.293000	0.027274
0.293500	0.027330
0.294000	0.027382
0.294500	0.027434
0.295000	0.027487
0.295500	0.027545
0.296000	0.027611
0.296500	0.027684
0.297000	0.027759
0.297500	0.027836
0.298000	0.027913
0.298500	0.027993
0.299000	0.028074
0.299500	0.028157
0.300000	0.028253
0.300500	0.028360
0.301000	0.028462
0.301500	0.028547
0.302000	0.028608
0.302500	0.028650
0.303000	0.028681
0.303500	0.028705
0.304000	0.028713
0.304500	0.028711
0.305000	0.028719
0.305500	0.028757
0.306000	0.028809
0.306500	0.028862
0.307000	0.028916
0.307500	0.028971
0.308000	0.029027
0.308500	0.029082
0.309000	0.029138
0.309500	0.029194
0.310000	0.029252
0.310500	0.029312
0.311000	0.029373
0.311500	0.029435
0.312000	0.029505
0.312500	0.029581
0.313000	0.029658
0.313500	0.029730
0.314000	0.029797
0.314500	0.029855
0.315000	0.029893
0.315500	0.029904
0.316000	0.029897
0.316500	0.029884
0.317000	0.029866
0.317500	0.029845
0.318000	0.029823
0.318500	0.029800
0.319000	0.029777
0.319500	0.029757
0.320000	0.029745
0.320500	0.029740
0.321000	0.029736
0.321500	0.029726
0.322000	0.029705
0.322500	0.029675
0.323000	0.029638
0.323500	0.029593
0.324000	0.029537
0.324500	0.029472
0.325000	0.029405
0.325500	0.029346
0.326000	0.029297
0.326500	0.029254
0.327000	0.029219
0.327500	0.029192
0.328000	0.029175
0.328500	0.029173
0.329000	0.029185
0.329500	0.029214
0.330000	0.029255
0.330500	0.029300
0.331000	0.029350
0.331500	0.029403
0.332000	0.029461
0.332500	0.029524
0.333000	0.029586
0.333500	0.029644
0.334000	0.029690
0.334500	0.029722
0.335000	0.029738
0.335500	0.029738
0.336000	0.029722
0.336500	0.029692
0.337000	0.029648
0.337500	0.029592
0.338000	0.029525
0.338500	0.029452
0.339000	0.029378
0.339500	0.029312
0.340000	0.029253
0.340500	0.029199
0.341000	0.029153
0.341500	0.029117
0.342000	0.029093
0.342500	0.029081
0.343000	0.029081
0.343500	0.029093
0.344000	0.029114
0.344500	0.029137
0.345000	0.029161
0.345500	0.029188
0.346000	0.029218
0.346500	0.029252
0.347000	0.029285
0.347500	0.029312
0.348000	0.029332
0.348500	0.029347
0.349000	0.029360
0.349500	0.029372
0.350000	0.029383
0.350500	0.029393
0.351000	0.029403
0.351500	0.029414
0.352000	0.029429
0.352500	0.029450
0.353000	0.029473
0.353500	0.029493
0.354000	0.029508
0.354500	0.029520
0.355000	0.029525
0.355500	0.029523
0.356000	0.029513
0.356500	0.029496
0.357000	0.029475
0.357500	0.029451
0.358000	0.029427
0.358500	0.029402
0.359000	0.029373
0.359500	0.029340
0.360000	0.029300
0.360500	0.029252
0.361000	0.029197
0.361500	0.029136
0.362000	0.029070
0.362500	0.028998
0.363000	0.028926
0.363500	0.028858
0.364000	0.028796
0.364500	0.028738
0.365000	0.028679
0.365500	0.028619
0.366000	0.028557
0.366500	0.028492
0.367000	0.028424
0.367500	0.028354
0.368000	0.028276
0.368500	0.028189
0.369000	0.028099
0.369500	0.028012
0.370000	0.027931
0.370500	0.027856
0.371000	0.027786
0.371500	0.027722
0.372000	0.027668
0.372500	0.027628
0.373000	0.027602
0.373500	0.027587
0.374000	0.027582
0.374500	0.027579
0.375000	0.027581
0.375500	0.027588
0.376000	0.027601
0.376500	0.027616
0.377000	0.027632
0.377500	0.027649
0.378000	0.027667
0.378500	0.027687
0.379000	0.027709
0.379500	0.027733
0.380000	0.027759
0.380500	0.027791
0.381000	0.027838
0.381500	0.027907
0.382000	0.028001
0.382500	0.028099
0.383000	0.028197
0.383500	0.028295
0.384000	0.028392
0.384500	0.028489
0.385000	0.028585
0.385500	0.028682
0.386000	0.028774
0.386500	0.028853
0.387000	0.028930
0.387500	0.029020
0.388000	0.029132
0.388500	0.029249
0.389000	0.029368
0.389500	0.029488
0.390000	0.029607
0.390500	0.029727
0.391000	0.029847
0.391500	0.029967
0.392000	0.030081
0.392500	0.030169
0.393000	0.030236
0.393500	0.030287
0.394000	0.030327
0.394500	0.030352
0.395000	0.030357
0.395500	0.030334
0.396000	0.030284
0.396500	0.030228
0.397000	0.030171
0.397500	0.030116
0.398000	0.030063
0.398500	0.030010
0.399000	0.029958
0.399500	0.029905
0.400000	0.029853
0.400500	0.029804
0.401000	0.029755
0.401500	0.029705
0.402000	0.029648
0.402500	0.029574
0.403000	0.029486
0.403500	0.029393
0.404000	0.029302
0.404500	0.029206
0.405000	0.029107
0.405500	0.029011
0.406000	0.028923
0.406500	0.028849
0.407000	0.028787
0.407500	0.028735
0.408000	0.028689
0.408500	0.028650
0.409000	0.028621
0.409500	0.028607
0.410000	0.028611
0.410500	0.028622
0.411000	0.028635
0.411500	0.028651
0.412000	0.028670
0.412500	0.028695
0.413000	0.028721
0.413500	0.028740
0.414000	0.028745
0.414500	0.028737
0.415000	0.028722
0.415500	0.028707
0.416000	0.028696
0.416500	0.028686
0.417000	0.028678
0.417500	0.028675
0.418000	0.028681
0.418500	0.028712
0.419000	0.028763
0.419500	0.028825
0.420000	0.028891
0.420500	0.028957
0.421000	0.029026
0.421500	0.029098
0.422000	0.029172
0.422500	0.029250
0.423000	0.029330
0.423500	0.029413
0.424000	0.029501
0.424500	0.029600
0.425000	0.029706
0.425500	0.029810
0.426000	0.029905
0.426500	0.029992
0.427000	0.030070
0.427500	0.030139
0.428000	0.030198
0.428500	0.030240
0.429000	0.030265
0.429500	0.030275
0.430000	0.030276
0.430500	0.030267
0.431000	0.030250
0.431500	0.030223
0.432000	0.030187
0.432500	0.030141
0.433000	0.030085
0.433500	0.030019
0.434000	0.029943
0.434500	0.029842
0.435000	0.029727
0.435500	0.029614
0.436000	0.029521
0.436500	0.029446
0.437000	0.029383
0.437500	0.029338
0.438000	0.029312
0.438500	0.029300
0.439000	0.029299
0.439500	0.029308
0.440000	0.029327
0.440500	0.029350
0.441000	0.029377
0.441500	0.029410
0.442000	0.029452
0.442500	0.029501
0.443000	0.029554
0.443500	0.029610
0.444000	0.029669
0.444500	0.029738
0.445000	0.029811
0.445500	0.029882
0.446000	0.029942
0.446500	0.029987
0.447000	0.030022
0.447500	0.030049
0.448000	0.030073
0.448500	0.030085
0.449000	0.030090
0.449500	0.030097
0.450000	0.030117
0.450500	0.030164
0.451000	0.030227
0.451500	0.030284
0.452000	0.030318
0.452500	0.030336
0.453000	0.030348
0.453500	0.030355
0.454000	0.030359
0.454500	0.030350
0.455000	0.030335
0.455500	0.030330
0.456000	0.030350
0.456500	0.030385
0.457000	0.030423
0.457500	0.030462
0.458000	0.030500
0.458500	0.030536
0.459000	0.030571
0.459500	0.030606
0.460000	0.030639
0.460500	0.030656
0.461000	0.030647
0.461500	0.030617
0.462000	0.030569
0.462500	0.030507
0.463000	0.030435
0.463500	0.030362
0.464000	0.030297
0.464500	0.030238
0.465000	0.030181
0.465500	0.030132
0.466000	0.030098
0.466500	0.030084
0.467000	0.030082
0.467500	0.030083
0.468000	0.030078
0.468500	0.030066
0.469000	0.030050
0.469500	0.030030
0.470000	0.030005
0.470500	0.029966
0.471000	0.029907
0.471500	0.029829
0.472000	0.029735
0.472500	0.029628
0.473000	0.029515
0.473500	0.029392
0.474000	0.029261
0.474500	0.029122
0.475000	0.028980
0.475500	0.028839
0.476000	0.028700
0.476500	0.028565
0.477000	0.028433
0.477500	0.028304
0.478000	0.028177
0.478500	0.028061
0.479000	0.027960
0.479500	0.027872
0.480000	0.027795
0.480500	0.027734
0.481000	0.027689
0.481500	0.027651
0.482000	0.027610
0.482500	0.027575
0.483000	0.027560
0.483500	0.027565
0.484000	0.027589
0.484500	1012.799988
0.485000	3535.699951
0.485500	6795.700195
0.486000	10020.000000
0.486500	14402.000000
0.487000	20507.000000
0.487500	26621.000000
0.488000	31029.000000
0.488500	30532.000000
0.489000	24135.000000
0.489500	13428.000000
