0.000000	0.015940
0.000500	-0.030721
0.001000	0.039571
0.001500	0.059579
0.002000	0.040207
0.002500	0.054359
0.003000	0.030669
0.003500	0.051194
0.004000	-0.015112
0.004500	0.041337
0.005000	0.034401
0.005500	-0.008277
0.006000	0.047519
0.006500	0.049610
0.007000	0.013355
0.007500	0.028402
0.008000	0.030267
0.008500	0.013662
0.009000	0.032170
0.009500	0.048858
0.010000	-0.012588
0.010500	0.055756
0.011000	0.023177
0.011500	0.013987
0.012000	-0.031118
0.012500	0.043429
0.013000	0.014987
0.013500	-0.025955
0.014000	-0.051327
0.014500	-0.025996
0.015000	0.006046
0.015500	-0.070259
0.016000	-0.048438
0.016500	-0.061900
0.017000	-0.070518
0.017500	-0.046442
0.018000	-0.014368
0.018500	-0.053962
0.019000	-0.088687
0.019500	-0.048269
0.020000	-0.019805
0.020500	-0.068108
0.021000	-0.047504
0.021500	-0.003769
0.022000	-0.019606
0.022500	-0.011713
0.023000	-0.010214
0.023500	-0.003340
0.024000	0.039855
0.024500	0.033019
0.025000	0.029884
0.025500	0.052421
0.026000	0.050039
0.026500	0.028914
0.027000	0.032161
0.027500	0.093031
0.028000	0.117830
0.028500	0.098109
0.029000	0.063400
0.029500	0.087500
0.030000	0.062941
0.030500	0.042666
0.031000	0.007979
0.031500	-0.007170
0.032000	0.005158
0.032500	-0.015470
0.033000	-0.015206
0.033500	-0.025667
0.034000	-0.020894
0.034500	-0.012966
0.035000	-0.076834
0.035500	-0.012904
0.036000	-0.030761
0.036500	-0.047695
0.037000	-0.106270
0.037500	-0.066908
0.038000	-0.051616
0.038500	-0.033824
0.039000	-0.039517
0.039500	-0.104370
0.040000	-0.103970
0.040500	-0.068026
0.041000	-0.048126
0.041500	-0.094837
0.042000	-0.128250
0.042500	-0.084950
0.043000	-0.116000
0.043500	-0.054904
0.044000	-0.007498
0.044500	-0.040156
0.045000	-0.039043
0.045500	0.042991
0.046000	0.066167
0.046500	0.125690
0.047000	0.088611
0.047500	0.091629
0.048000	0.159290
0.048500	0.167040
0.049000	0.168990
0.049500	0.187250
0.050000	0.192260
0.050500	0.192830
0.051000	0.257410
0.051500	0.223780
0.052000	0.218430
0.052500	0.273890
0.053000	0.280170
0.053500	0.311620
0.054000	0.233190
0.054500	0.227310
0.055000	0.193260
0.055500	0.109310
0.056000	0.020619
0.056500	-0.055654
0.057000	-0.187120
0.057500	-0.297030
0.058000	-0.449670
0.058500	-0.526350
0.059000	-0.590040
0.059500	-0.684810
0.060000	-0.822300
0.060500	-0.847730
0.061000	-0.910930
0.061500	-0.938670
0.062000	-0.986910
0.062500	-0.995440
0.063000	-0.866740
0.063500	-0.849660
0.064000	-0.681070
0.064500	-0.626410
0.065000	-0.525230
0.065500	-0.327160
0.066000	-0.319210
0.066500	-0.214340
0.067000	-0.023873
0.067500	0.197570
0.068000	0.379220
0.068500	0.639970
0.069000	0.981990
0.069500	1.367700
0.070000	1.650800
0.070500	1.982600
0.071000	2.182200
0.071500	2.456100
0.072000	2.699800
0.072500	3.070300
0.073000	3.404500
0.073500	3.852300
0.074000	4.222900
0.074500	4.502000
0.075000	4.588700
0.075500	4.601800
0.076000	4.555100
0.076500	4.346500
0.077000	4.103100
0.077500	3.733700
0.078000	3.263000
0.078500	2.663000
0.079000	1.989100
0.079500	1.424900
0.080000	0.821210
0.080500	0.305220
0.081000	0.042495
0.081500	-0.044827
0.082000	-0.087980
0.082500	-0.223220
0.083000	-0.799760
0.083500	-1.697600
0.084000	-3.129700
0.084500	-4.950700
0.085000	-6.947800
0.085500	-8.653500
0.086000	-10.085000
0.086500	-10.706000
0.087000	-10.556000
0.087500	-9.334000
0.088000	-7.145700
0.088500	-4.269100
0.089000	-0.852580
0.089500	3.115200
0.090000	7.558700
0.090500	12.548000
0.091000	18.405001
0.091500	24.775000
0.092000	31.528000
0.092500	37.972000
0.093000	42.875000
0.093500	45.598999
0.094000	45.394001
0.094500	41.625000
0.095000	34.827000
0.095500	25.479000
0.096000	14.246000
0.096500	2.304100
0.097000	-9.412200
0.097500	-20.058001
0.098000	-28.819000
0.098500	-35.757999
0.099000	-40.243999
0.099500	-42.573002
0.100000	-42.708000
0.100500	-41.007000
0.101000	-37.683998
0.101500	-33.138000
0.102000	-27.697001
0.102500	-21.752001
0.103000	-15.810000
0.103500	-10.329000
0.104000	-5.324000
0.104500	-1.251900
0.105000	1.734100
0.105500	3.476600
0.106000	4.053800
0.106500	3.539000
0.107000	2.009300
0.107500	0.041437
0.108000	-2.060200
0.108500	-4.039000
0.109000	-5.730000
0.109500	-6.855000
0.110000	-7.505800
0.110500	-7.827900
0.111000	-7.817800
0.111500	-7.734300
0.112000	-7.404800
0.112500	-6.819900
0.113000	-6.035100
0.113500	-5.146700
0.114000	-4.130900
0.114500	-3.386300
0.115000	-2.878100
0.115500	-2.942600
0.116000	-3.240900
0.116500	-3.802700
0.117000	-4.342300
0.117500	-4.631200
0.118000	-4.603200
0.118500	-4.043200
0.119000	-3.184000
0.119500	-2.082200
0.120000	-0.863300
0.120500	0.367250
0.121000	1.490100
0.121500	2.384200
0.122000	3.069600
0.122500	3.324700
0.123000	3.441900
0.123500	3.182200
0.124000	2.651200
0.124500	1.989400
0.125000	1.207700
0.125500	0.455590
0.126000	-0.038733
0.126500	-0.309300
0.127000	-0.464800
0.127500	-0.491460
0.128000	-0.071165
0.128500	0.374280
0.129000	1.096200
0.129500	1.741300
0.130000	2.315800
0.130500	2.689400
0.131000	2.778100
0.131500	2.416700
0.132000	2.027800
0.132500	1.803100
0.133000	1.647000
0.133500	2.556300
0.134000	3.685600
0.134500	5.263500
0.135000	6.571400
0.135500	7.572300
0.136000	7.738500
0.136500	7.662800
0.137000	7.356200
0.137500	7.094300
0.138000	6.822100
0.138500	6.605700
0.139000	6.481500
0.139500	6.538000
0.140000	6.519600
0.140500	6.585000
0.141000	6.504600
0.141500	6.388800
0.142000	6.163400
0.142500	5.786700
0.143000	5.449000
0.143500	5.188200
0.144000	4.897300
0.144500	4.668800
0.145000	4.486100
0.145500	4.362900
0.146000	4.077800
0.146500	3.863100
0.147000	3.688600
0.147500	3.427100
0.148000	3.134000
0.148500	2.812900
0.149000	2.458300
0.149500	1.970700
0.150000	1.546000
0.150500	1.020500
0.151000	0.524300
0.151500	0.037176
0.152000	-0.360290
0.152500	-0.664670
0.153000	-0.774960
0.153500	-0.686040
0.154000	-0.415350
0.154500	-0.134870
0.155000	0.253320
0.155500	0.541700
0.156000	0.821570
0.156500	1.200200
0.157000	1.591800
0.157500	2.025400
0.158000	2.523800
0.158500	2.978600
0.159000	3.469200
0.159500	3.929300
0.160000	4.488900
0.160500	5.100300
0.161000	5.686100
0.161500	6.194000
0.162000	6.651500
0.162500	6.942900
0.163000	7.110100
0.163500	7.212700
0.164000	7.207900
0.164500	7.182600
0.165000	7.033400
0.165500	6.951300
0.166000	6.879500
0.166500	6.823200
0.167000	6.854300
0.167500	6.990100
0.168000	7.274400
0.168500	7.639800
0.169000	8.120900
0.169500	8.618600
0.170000	9.119200
0.170500	9.441200
0.171000	9.613600
0.171500	9.571300
0.172000	9.258800
0.172500	8.820000
0.173000	8.274200
0.173500	7.588900
0.174000	7.031000
0.174500	6.400500
0.175000	5.824500
0.175500	5.161400
0.176000	4.507800
0.176500	3.983800
0.177000	3.419000
0.177500	2.939400
0.178000	2.453100
0.178500	1.974700
0.179000	1.393600
0.179500	0.872410
0.180000	0.331420
0.180500	-0.087487
0.181000	-0.541470
0.181500	-0.877110
0.182000	-1.164200
0.182500	-1.432600
0.183000	-1.642800
0.183500	-1.787400
0.184000	-1.970100
0.184500	-2.203000
0.185000	-2.498600
0.185500	-2.788200
0.186000	-3.055700
0.186500	-3.177000
0.187000	-3.401700
0.187500	-3.540700
0.188000	-3.683200
0.188500	-3.805900
0.189000	-3.727500
0.189500	-3.602300
0.190000	-3.380400
0.190500	-3.186100
0.191000	-2.989800
0.191500	-2.910600
0.192000	-2.857000
0.192500	-2.829600
0.193000	-2.771900
0.193500	-2.559700
0.194000	-2.427000
0.194500	-2.173400
0.195000	-2.097100
0.195500	-2.057900
0.196000	-2.100000
0.196500	-2.178100
0.197000	-2.201900
0.197500	-2.180700
0.198000	-1.995900
0.198500	-1.834600
0.199000	-1.685600
0.199500	-1.619800
0.200000	-1.588000
0.200500	-1.651800
0.201000	-1.634400
0.201500	-1.654100
0.202000	-1.632000
0.202500	-1.571000
0.203000	-1.465800
0.203500	-1.445000
0.204000	-1.427000
0.204500	-1.421100
0.205000	-1.439200
0.205500	-1.557300
0.206000	-1.617400
0.206500	-1.696100
0.207000	-1.880100
0.207500	-1.946700
0.208000	-1.948500
0.208500	-1.886800
0.209000	-1.785800
0.209500	-1.573900
0.210000	-1.364000
0.210500	-1.155300
0.211000	-0.787570
0.211500	-0.499440
0.212000	-0.276370
0.212500	0.000541
0.213000	0.152220
0.213500	0.266220
0.214000	0.286610
0.214500	0.287390
0.215000	0.235790
0.215500	0.265430
0.216000	0.239840
0.216500	0.307610
0.217000	0.397310
0.217500	0.672610
0.218000	0.836890
0.218500	1.075500
0.219000	1.388200
0.219500	1.679000
0.220000	1.961200
0.220500	2.206200
0.221000	2.427800
0.221500	2.590300
0.222000	2.660500
0.222500	2.666900
0.223000	2.598000
0.223500	2.540300
0.224000	2.391000
0.224500	2.257400
0.225000	2.138900
0.225500	1.901900
0.226000	1.727500
0.226500	1.515300
0.227000	1.337500
0.227500	1.128100
0.228000	0.945910
0.228500	0.735150
0.229000	0.558740
0.229500	0.353960
0.230000	0.208460
0.230500	0.061364
0.231000	-0.081585
0.231500	-0.308380
0.232000	-0.362800
0.232500	-0.471870
0.233000	-0.585420
0.233500	-0.731400
0.234000	-0.869650
0.234500	-0.917530
0.235000	-1.036400
0.235500	-1.103400
0.236000	-1.167200
0.236500	-1.261600
0.237000	-1.368200
0.237500	-1.392700
0.238000	-1.358000
0.238500	-1.370900
0.239000	-1.283300
0.239500	-1.318100
0.240000	-1.217800
0.240500	-1.091500
0.241000	-0.967490
0.241500	-0.914520
0.242000	-0.808690
0.242500	-0.842250
0.243000	-0.842940
0.243500	-0.926360
0.244000	-0.975420
0.244500	-1.199300
0.245000	-1.344100
0.245500	-1.529100
0.246000	-1.741500
0.246500	-1.874000
0.247000	-2.024900
0.247500	-2.122300
0.248000	-2.079600
0.248500	-1.976100
0.249000	-1.851300
0.249500	-1.698500
0.250000	-1.506100
0.250500	-1.312600
0.251000	-1.167800
0.251500	-0.999270
0.252000	-0.900360
0.252500	-0.855340
0.253000	-0.850360
0.253500	-0.809910
0.254000	-0.774180
0.254500	-0.746840
0.255000	-0.687160
0.255500	-0.537820
0.256000	-0.492110
0.256500	-0.366930
0.257000	-0.182200
0.257500	-0.151860
0.258000	-0.126480
0.258500	-0.076326
0.259000	-0.240640
0.259500	-0.492030
0.260000	-0.695330
0.260500	-0.989010
0.261000	-1.233700
0.261500	-1.437500
0.262000	-1.594900
0.262500	-1.677400
0.263000	-1.714100
0.263500	-1.684100
0.264000	-1.580000
0.264500	-1.447600
0.265000	-1.219900
0.265500	-0.948120
0.266000	-0.730570
0.266500	-0.550840
0.267000	-0.405230
0.267500	-0.273870
0.268000	-0.223030
0.268500	-0.250870
0.269000	-0.177350
0.269500	-0.148700
0.270000	-0.084901
0.270500	-0.036037
0.271000	0.032642
0.271500	0.092398
0.272000	0.157700
0.272500	0.133500
0.273000	0.132580
0.273500	0.090496
0.274000	0.005648
0.274500	-0.068858
0.275000	-0.159250
0.275500	-0.220450
0.276000	-0.384910
0.276500	-0.539400
0.277000	-0.691560
0.277500	-0.768140
0.278000	-0.918950
0.278500	-1.003800
0.279000	-1.090300
0.279500	-1.168100
0.280000	-1.169100
0.280500	-1.115600
0.281000	-1.060000
0.281500	-1.015400
0.282000	-0.864050
0.282500	-0.742040
0.283000	-0.658720
0.283500	-0.596490
0.284000	-0.523560
0.284500	-0.568110
0.285000	-0.572350
0.285500	-0.650200
0.286000	-0.771370
0.286500	-0.874350
0.287000	-1.037100
0.287500	-1.154100
0.288000	-1.332900
0.288500	-1.474700
0.289000	-1.614300
0.289500	-1.708500
0.290000	-1.744600
0.290500	-1.776500
0.291000	-1.736200
0.291500	-1.724800
0.292000	-1.604600
0.292500	-1.483800
0.293000	-1.340500
0.293500	-1.240200
0.294000	-1.052900
0.294500	-0.927080
0.295000	-0.820840
0.295500	-0.689560
0.296000	-0.491750
0.296500	-0.350640
0.297000	-0.215680
0.297500	-0.116840
0.298000	-0.019793
0.298500	0.078956
