0.000000	0.029847
0.000500	0.029847
0.001000	0.029847
0.001500	0.029847
0.002000	0.029847
0.002500	0.029847
0.003000	0.054468
0.003500	0.109810
0.004000	0.157300
0.004500	0.198180
0.005000	0.233680
0.005500	0.263690
0.006000	0.284280
0.006500	0.290850
0.007000	0.278970
0.007500	0.251580
0.008000	0.214170
0.008500	0.170420
0.009000	0.123510
0.009500	0.063492
0.010000	-0.003634
0.010500	-0.062680
0.011000	-0.098772
0.011500	-0.112010
0.012000	-0.111340
0.012500	-0.103080
0.013000	-0.093128
0.013500	-0.074463
0.014000	-0.050153
0.014500	-0.030654
0.015000	-0.026420
0.015500	-0.044809
0.016000	-0.078280
0.016500	-0.114930
0.017000	-0.142880
0.017500	-0.163760
0.018000	-0.183310
0.018500	-0.195760
0.019000	-0.195350
0.019500	-0.183450
0.020000	-0.166360
0.020500	-0.145710
0.021000	-0.123160
0.021500	-0.099902
0.022000	-0.075865
0.022500	-0.050766
0.023000	-0.024319
0.023500	0.006509
0.024000	0.044601
0.024500	0.084757
0.025000	0.121570
0.025500	0.151910
0.026000	0.175610
0.026500	0.188350
0.027000	0.185680
0.027500	0.167800
0.028000	0.143290
0.028500	0.114370
0.029000	0.082995
0.029500	0.049042
0.030000	0.011462
0.030500	-0.025502
0.031000	-0.057456
0.031500	-0.080867
0.032000	-0.096839
0.032500	-0.107890
0.033000	-0.116530
0.033500	-0.125060
0.034000	-0.132660
0.034500	-0.136070
0.035000	-0.132000
0.035500	-0.117790
0.036000	-0.095410
0.036500	-0.067551
0.037000	-0.036783
0.037500	-0.004388
0.038000	0.031919
0.038500	0.069201
0.039000	0.103930
0.039500	0.132540
0.040000	0.153430
0.040500	0.167760
0.041000	0.176800
0.041500	0.179310
0.042000	0.169630
0.042500	0.155790
0.043000	0.147170
0.043500	0.151920
0.044000	0.164460
0.044500	0.181270
0.045000	0.200990
0.045500	0.223860
0.046000	0.259360
0.046500	0.298160
0.047000	0.326580
0.047500	0.332940
0.048000	0.327510
0.048500	0.316660
0.049000	0.303290
0.049500	0.289540
0.050000	0.272250
0.050500	0.254330
0.051000	0.240440
0.051500	0.234880
0.052000	0.237070
0.052500	0.244130
0.053000	0.253420
0.053500	0.262470
0.054000	0.272710
0.054500	0.284490
0.055000	0.296470
0.055500	0.307250
0.056000	0.313200
0.056500	0.309020
0.057000	0.289760
0.057500	0.249370
0.058000	0.155110
0.058500	0.010318
0.059000	-0.161980
0.059500	-0.339850
0.060000	-0.536920
0.060500	-0.750960
0.061000	-0.962810
0.061500	-1.153300
0.062000	-1.307100
0.062500	-1.421700
0.063000	-1.497600
0.063500	-1.535000
0.064000	-1.532400
0.064500	-1.486000
0.065000	-1.393300
0.065500	-1.251700
0.066000	-1.079700
0.066500	-0.895000
0.067000	-0.694150
0.067500	-0.473670
0.068000	-0.233640
0.068500	0.015768
0.069000	0.262870
0.069500	0.495990
0.070000	0.714810
0.070500	0.926150
0.071000	1.129000
0.071500	1.322400
0.072000	1.505900
0.072500	1.679900
0.073000	1.843600
0.073500	1.996200
0.074000	2.137600
0.074500	2.270100
0.075000	2.395800
0.075500	2.517000
0.076000	2.632500
0.076500	2.737900
0.077000	2.835300
0.077500	2.926900
0.078000	3.005400
0.078500	3.053700
0.079000	3.074800
0.079500	3.072200
0.080000	3.041700
0.080500	2.969500
0.081000	2.854700
0.081500	2.697200
0.082000	2.507200
0.082500	2.302800
0.083000	2.078300
0.083500	1.827500
0.084000	1.550300
0.084500	1.268500
0.085000	0.986090
0.085500	0.704190
0.086000	0.423970
0.086500	0.145700
0.087000	-0.131030
0.087500	-0.406620
0.088000	-0.665630
0.088500	-0.847490
0.089000	-0.955050
0.089500	-0.998430
0.090000	-0.980110
0.090500	-0.873280
0.091000	-0.672160
0.091500	-0.374050
0.092000	0.009144
0.092500	0.417800
0.093000	0.843020
0.093500	1.282300
0.094000	1.735800
0.094500	2.219300
0.095000	2.716000
0.095500	3.201500
0.096000	3.648500
0.096500	4.011500
0.097000	4.271600
0.097500	4.416600
0.098000	4.440400
0.098500	4.395800
0.099000	4.304000
0.099500	4.173200
0.100000	4.009500
0.100500	3.810900
0.101000	3.601300
0.101500	3.410300
0.102000	3.266600
0.102500	3.158500
0.103000	3.070600
0.103500	3.000300
0.104000	2.945300
0.104500	2.915600
0.105000	2.902300
0.105500	2.886400
0.106000	2.850200
0.106500	2.804900
0.107000	2.731800
0.107500	2.593600
0.108000	2.355400
0.108500	2.072800
0.109000	1.785700
0.109500	1.497900
0.110000	1.213200
0.110500	0.930770
0.111000	0.649200
0.111500	0.368740
0.112000	0.089641
0.112500	-0.164620
0.113000	-0.355470
0.113500	-0.460040
0.114000	-0.455440
0.114500	-0.378370
0.115000	-0.285190
0.115500	-0.182530
0.116000	-0.077012
0.116500	0.036908
0.117000	0.160160
0.117500	0.279250
0.118000	0.380650
0.118500	0.406940
0.119000	0.327430
0.119500	0.168680
0.120000	-0.042751
0.120500	-0.285960
0.121000	-0.546280
0.121500	-0.806460
0.122000	-1.049200
0.122500	-1.277200
0.123000	-1.499800
0.123500	-1.709800
0.124000	-1.900200
0.124500	-2.061900
0.125000	-2.187900
0.125500	-2.278800
0.126000	-2.335600
0.126500	-2.366500
0.127000	-2.390200
0.127500	-2.413300
0.128000	-2.441700
0.128500	-2.477200
0.129000	-2.514000
0.129500	-2.551800
0.130000	-2.590400
0.130500	-2.636000
0.131000	-2.694800
0.131500	-2.755900
0.132000	-2.807900
0.132500	-2.830400
0.133000	-2.807200
0.133500	-2.750600
0.134000	-2.673500
0.134500	-2.586500
0.135000	-2.482200
0.135500	-2.352200
0.136000	-2.188300
0.136500	-1.987600
0.137000	-1.766300
0.137500	-1.526000
0.138000	-1.266000
0.138500	-0.988820
0.139000	-0.706050
0.139500	-0.417850
0.140000	-0.123000
0.140500	0.178320
0.141000	0.483410
0.141500	0.797090
0.142000	1.124900
0.142500	1.472400
0.143000	1.838600
0.143500	2.213900
0.144000	2.588500
0.144500	2.953100
0.145000	3.308700
0.145500	3.656000
0.146000	3.994500
0.146500	4.317900
0.147000	4.575500
0.147500	4.768500
0.148000	4.912700
0.148500	5.023100
0.149000	5.103100
0.149500	5.144700
0.150000	5.139900
0.150500	5.084400
0.151000	5.007900
0.151500	4.916900
0.152000	4.809900
0.152500	4.686200
0.153000	4.555300
0.153500	4.417000
0.154000	4.268500
0.154500	4.106900
0.155000	3.935000
0.155500	3.747300
0.156000	3.533800
0.156500	3.285400
0.157000	3.020100
0.157500	2.750200
0.158000	2.477700
0.158500	2.203800
0.159000	1.925300
0.159500	1.644000
0.160000	1.365100
0.160500	1.094400
0.161000	0.856250
0.161500	0.651220
0.162000	0.466910
0.162500	0.290870
0.163000	0.120500
0.163500	-0.037215
0.164000	-0.180320
0.164500	-0.306850
0.165000	-0.415210
0.165500	-0.504440
0.166000	-0.573520
0.166500	-0.621450
0.167000	-0.652630
0.167500	-0.671590
0.168000	-0.677510
0.168500	-0.669570
0.169000	-0.652550
0.169500	-0.629160
0.170000	-0.595510
0.170500	-0.547710
0.171000	-0.489480
0.171500	-0.426170
0.172000	-0.356330
0.172500	-0.278530
0.173000	-0.192980
0.173500	-0.104070
0.174000	-0.014751
0.174500	0.072073
0.175000	0.152280
0.175500	0.226360
0.176000	0.302230
0.176500	0.387950
0.177000	0.484930
0.177500	0.582900
0.178000	0.681140
0.178500	0.779300
0.179000	0.877180
0.179500	0.974920
0.180000	1.072500
0.180500	1.169700
0.181000	1.251400
0.181500	1.289800
0.182000	1.290500
0.182500	1.260100
0.183000	1.211400
0.183500	1.160600
0.184000	1.109400
0.184500	1.059200
0.185000	1.010800
0.185500	0.963190
0.186000	0.915680
0.186500	0.867760
0.187000	0.817630
0.187500	0.760070
0.188000	0.695660
0.188500	0.625620
0.189000	0.545560
0.189500	0.440550
0.190000	0.324990
0.190500	0.216200
0.191000	0.125300
0.191500	0.041512
0.192000	-0.026420
0.192500	-0.067145
0.193000	-0.076283
0.193500	-0.076435
0.194000	-0.071512
0.194500	-0.062665
0.195000	-0.051066
0.195500	-0.038050
0.196000	-0.024855
0.196500	-0.012680
0.197000	-0.002555
0.197500	0.006293
0.198000	0.014242
0.198500	0.021372
0.199000	0.027593
0.199500	0.031634
0.200000	0.033728
0.200500	0.034513
0.201000	0.034391
0.201500	0.031235
0.202000	0.023565
0.202500	0.010334
0.203000	-0.009616
0.203500	-0.037031
0.204000	-0.069302
0.204500	-0.103310
0.205000	-0.133890
0.205500	-0.148510
0.206000	-0.166890
0.206500	-0.215080
0.207000	-0.317750
0.207500	-0.448470
0.208000	-0.584740
0.208500	-0.722950
0.209000	-0.859580
0.209500	-0.995830
0.210000	-1.132600
0.210500	-1.268900
0.211000	-1.402000
0.211500	-1.475500
0.212000	-1.475300
0.212500	-1.418400
0.213000	-1.322000
0.213500	-1.215400
0.214000	-1.108300
0.214500	-1.000700
0.215000	-0.892700
0.215500	-0.783580
0.216000	-0.673980
0.216500	-0.565160
0.217000	-0.459280
0.217500	-0.384880
0.218000	-0.345640
0.218500	-0.328880
0.219000	-0.322130
0.219500	-0.319760
0.220000	-0.319610
0.220500	-0.318120
0.221000	-0.311870
0.221500	-0.302080
0.222000	-0.291370
0.222500	-0.281140
0.223000	-0.272770
0.223500	-0.267660
0.224000	-0.265630
0.224500	-0.265710
0.225000	-0.266900
0.225500	-0.277480
0.226000	-0.298110
0.226500	-0.316410
0.227000	-0.320000
0.227500	-0.307920
0.228000	-0.288800
0.228500	-0.264730
0.229000	-0.237800
0.229500	-0.210160
0.230000	-0.181960
0.230500	-0.152300
0.231000	-0.120270
0.231500	-0.085581
0.232000	-0.048780
0.232500	-0.010233
0.233000	0.029704
0.233500	0.071815
0.234000	0.116820
0.234500	0.164240
0.235000	0.213620
0.235500	0.268890
0.236000	0.331070
0.236500	0.395360
0.237000	0.456960
0.237500	0.512520
0.238000	0.561320
0.238500	0.600720
0.239000	0.628000
0.239500	0.638200
0.240000	0.622980
0.240500	0.586610
0.241000	0.534580
0.241500	0.471340
0.242000	0.399440
0.242500	0.326730
0.243000	0.261580
0.243500	0.207170
0.244000	0.155410
0.244500	0.103900
0.245000	0.050522
0.245500	-0.005830
0.246000	-0.064075
0.246500	-0.124340
0.247000	-0.186810
0.247500	-0.255920
0.248000	-0.336330
0.248500	-0.420550
0.249000	-0.500770
0.249500	-0.571100
0.250000	-0.632070
0.250500	-0.684040
0.251000	-0.727270
0.251500	-0.757510
0.252000	-0.766750
0.252500	-0.756940
0.253000	-0.730350
0.253500	-0.689710
0.254000	-0.637880
0.254500	-0.574600
0.255000	-0.499340
0.255500	-0.410000
0.256000	-0.305350
0.256500	-0.197040
0.257000	-0.097789
0.257500	-0.016059
0.258000	0.057817
0.258500	0.124390
0.259000	0.182660
0.259500	0.233110
0.260000	0.280010
0.260500	0.320890
0.261000	0.352540
0.261500	0.373870
0.262000	0.392290
0.262500	0.410100
0.263000	0.428820
0.263500	0.449540
0.264000	0.471230
0.264500	0.493210
0.265000	0.514910
0.265500	0.535070
0.266000	0.550790
0.266500	0.562510
0.267000	0.570990
0.267500	0.575150
0.268000	0.566260
0.268500	0.540230
0.269000	0.493710
0.269500	0.427360
0.270000	0.356240
0.270500	0.282950
0.271000	0.208450
0.271500	0.132650
0.272000	0.053398
0.272500	-0.026174
0.273000	-0.102420
0.273500	-0.170340
0.274000	-0.217530
0.274500	-0.247190
0.275000	-0.266140
0.275500	-0.281050
0.276000	-0.295350
0.276500	-0.309040
0.277000	-0.321950
0.277500	-0.333860
0.278000	-0.344160
0.278500	-0.353840
0.279000	-0.364160
0.279500	-0.377930
0.280000	-0.406180
0.280500	-0.441110
0.281000	-0.470690
0.281500	-0.484740
0.282000	-0.492160
0.282500	-0.496650
0.283000	-0.498520
0.283500	-0.498210
0.284000	-0.497120
0.284500	-0.495650
0.285000	-0.493900
0.285500	-0.492200
0.286000	-0.491510
0.286500	-0.489090
0.287000	-0.481500
0.287500	-0.464350
0.288000	-0.430030
0.288500	-0.385210
0.289000	-0.339400
0.289500	-0.300820
0.290000	-0.264590
0.290500	-0.230120
0.291000	-0.199280
0.291500	-0.174820
0.292000	-0.165120
0.292500	-0.169470
0.293000	-0.184900
0.293500	-0.208100
0.294000	-0.233820
0.294500	-0.260220
0.295000	-0.286310
0.295500	-0.311130
0.296000	-0.335580
0.296500	-0.359630
0.297000	-0.382330
0.297500	-0.402630
0.298000	-0.416090
0.298500	-0.423190
0.299000	-0.427010
0.299500	-0.430540
0.300000	-0.433770
0.300500	-0.434750
0.301000	-0.432010
0.301500	-0.423980
0.302000	-0.406690
0.302500	-0.382900
0.303000	-0.358140
0.303500	-0.337800
0.304000	-0.322560
0.304500	-0.311350
0.305000	-0.304300
0.305500	-0.302760
0.306000	-0.339330
0.306500	-0.402190
0.307000	-0.455840
0.307500	-0.466190
0.308000	-0.453040
0.308500	-0.436470
0.309000	-0.418000
0.309500	-0.398930
0.310000	-0.374340
0.310500	-0.346800
0.311000	-0.323180
0.311500	-0.311910
0.312000	-0.359390
0.312500	-0.455220
0.313000	-0.559470
0.313500	-0.633620
0.314000	-0.692430
0.314500	-0.743740
0.315000	-0.774970
0.315500	-0.773530
0.316000	-0.733900
0.316500	-0.672130
0.317000	-0.608100
0.317500	-0.561700
0.318000	-0.530360
0.318500	-0.501520
0.319000	-0.480030
0.319500	-0.470770
0.320000	-0.478310
0.320500	-0.497000
0.321000	-0.516370
0.321500	-0.525940
0.322000	-0.526880
0.322500	-0.524970
0.323000	-0.516720
0.323500	-0.498620
0.324000	-0.471350
0.324500	-0.440060
0.325000	-0.407970
0.325500	-0.378270
0.326000	-0.350650
0.326500	-0.324380
0.327000	-0.301960
0.327500	-0.285930
0.328000	-0.283370
0.328500	-0.296160
0.329000	-0.318960
0.329500	-0.346450
0.330000	-0.377990
0.330500	-0.413260
0.331000	-0.447410
0.331500	-0.475590
0.332000	-0.497760
0.332500	-0.517740
0.333000	-0.536430
0.333500	-0.554730
0.334000	-0.571980
0.334500	-0.586440
0.335000	-0.597340
0.335500	-0.603940
0.336000	-0.593400
0.336500	-0.557290
0.337000	-0.501440
0.337500	-0.431680
0.338000	-0.348820
0.338500	-0.256600
0.339000	-0.165250
0.339500	-0.085034
0.340000	-0.014381
0.340500	0.054082
0.341000	0.118860
0.341500	0.178470
0.342000	0.233040
0.342500	0.284420
0.343000	0.333650
0.343500	0.381800
0.344000	0.428560
0.344500	0.470990
0.345000	0.507710
0.345500	0.537450
0.346000	0.553730
0.346500	0.547140
0.347000	0.520730
0.347500	0.477930
0.348000	0.422870
0.348500	0.361450
0.349000	0.299080
0.349500	0.241150
0.350000	0.189340
0.350500	0.139160
0.351000	0.091608
0.351500	0.047917
0.352000	0.014149
0.352500	-0.005831
0.353000	-0.023981
0.353500	-0.052651
0.354000	-0.097392
0.354500	-0.147650
0.355000	-0.199030
0.355500	-0.247440
0.356000	-0.291260
0.356500	-0.333600
0.357000	-0.374430
0.357500	-0.413630
0.358000	-0.450460
0.358500	-0.482750
0.359000	-0.508850
0.359500	-0.527110
0.360000	-0.536860
0.360500	-0.540280
0.361000	-0.539190
0.361500	-0.535380
0.362000	-0.530160
0.362500	-0.523160
0.363000	-0.514000
0.363500	-0.502290
0.364000	-0.487050
0.364500	-0.466250
0.365000	-0.438730
0.365500	-0.403360
0.366000	-0.360050
0.366500	-0.311280
0.367000	-0.258650
0.367500	-0.203680
0.368000	-0.145790
0.368500	-0.083340
0.369000	-0.020046
0.369500	0.040238
0.370000	0.093579
0.370500	0.137590
0.371000	0.171410
0.371500	0.194210
0.372000	0.202890
0.372500	0.193350
0.373000	0.177430
0.373500	0.168380
0.374000	0.174750
0.374500	0.185420
0.375000	0.199590
0.375500	0.218230
0.376000	0.243180
0.376500	0.276220
0.377000	0.312240
0.377500	0.345550
0.378000	0.372570
0.378500	0.395830
0.379000	0.409450
0.379500	0.406570
0.380000	0.383610
0.380500	0.351330
0.381000	0.314020
0.381500	0.274790
0.382000	0.234420
0.382500	0.188060
0.383000	0.141490
0.383500	0.101620
0.384000	0.077670
0.384500	0.079218
0.385000	0.098478
0.385500	0.126210
0.386000	0.155830
0.386500	0.190880
0.387000	0.227350
0.387500	0.260200
0.388000	0.285810
0.388500	0.306520
0.389000	0.321010
0.389500	0.327420
0.390000	0.324270
0.390500	0.312770
0.391000	0.294610
0.391500	0.271410
0.392000	0.242480
0.392500	0.203770
0.393000	0.164410
0.393500	0.134790
0.394000	0.120620
0.394500	0.108540
0.395000	0.096568
0.395500	0.084537
0.396000	0.072329
0.396500	0.060068
0.397000	0.047747
0.397500	0.035336
0.398000	0.021242
0.398500	-0.005959
0.399000	-0.040961
0.399500	-0.074374
0.400000	-0.097398
0.400500	-0.110160
0.401000	-0.116290
0.401500	-0.118830
0.402000	-0.116950
0.402500	-0.086291
0.403000	-0.046129
0.403500	-0.026111
0.404000	-0.053115
0.404500	-0.116170
0.405000	-0.195490
0.405500	-0.274710
0.406000	-0.340940
0.406500	-0.409890
0.407000	-0.473420
0.407500	-0.515660
0.408000	-0.522150
0.408500	-0.498630
0.409000	-0.456830
0.409500	-0.406860
0.410000	-0.357610
0.410500	-0.306050
0.411000	-0.253700
0.411500	-0.204360
0.412000	-0.161420
0.412500	-0.123530
0.413000	-0.090202
0.413500	-0.061710
0.414000	-0.038585
0.414500	-0.021677
0.415000	-0.006884
0.415500	0.010771
0.416000	0.035362
0.416500	0.061846
0.417000	0.088402
0.417500	0.114950
0.418000	0.141410
0.418500	0.167770
0.419000	0.194020
0.419500	0.220140
0.420000	0.244500
0.420500	0.253830
0.421000	0.249000
0.421500	0.234760
0.422000	0.214360
0.422500	0.180800
0.423000	0.141170
0.423500	0.106210
0.424000	0.086185
0.424500	0.080362
0.425000	0.078504
0.425500	0.070227
0.426000	0.047085
0.426500	0.020100
0.427000	-0.006932
0.427500	-0.033963
0.428000	-0.060948
0.428500	-0.087883
0.429000	-0.114780
0.429500	-0.141620
0.430000	-0.167380
0.430500	-0.164570
0.431000	-0.139600
0.431500	-0.117870
0.432000	-0.124080
0.432500	-0.153680
0.433000	-0.191070
0.433500	-0.227540
0.434000	-0.254740
0.434500	-0.276360
0.435000	-0.294930
0.435500	-0.308470
0.436000	-0.314940
0.436500	-0.311090
0.437000	-0.298290
0.437500	-0.279700
0.438000	-0.258550
0.438500	-0.237950
0.439000	-0.211090
0.439500	-0.168350
0.440000	-0.100570
0.440500	-0.017961
0.441000	0.069862
0.441500	0.160090
0.442000	0.250180
0.442500	0.345240
0.443000	0.442970
0.443500	0.536270
0.444000	0.617320
0.444500	0.661000
0.445000	0.670190
0.445500	0.661890
0.446000	0.652600
0.446500	0.640760
0.447000	0.625950
0.447500	0.614320
0.448000	0.611810
0.448500	0.615360
0.449000	0.621860
0.449500	0.631280
0.450000	0.643680
0.450500	0.661000
0.451000	0.681550
0.451500	0.701940
0.452000	0.718850
0.452500	0.731180
0.453000	0.737040
0.453500	0.733500
0.454000	0.717630
0.454500	0.687740
0.455000	0.645850
0.455500	0.594660
0.456000	0.536910
0.456500	0.476960
0.457000	0.415910
0.457500	0.353340
0.458000	0.288850
0.458500	0.221400
0.459000	0.151620
0.459500	0.081610
0.460000	0.013470
0.460500	-0.049762
0.461000	-0.106090
0.461500	-0.154990
0.462000	-0.195930
0.462500	-0.225360
0.463000	-0.241060
0.463500	-0.244500
0.464000	-0.237130
0.464500	-0.220860
0.465000	-0.200110
0.465500	-0.180100
0.466000	-0.166050
0.466500	-0.157120
0.467000	-0.149060
0.467500	-0.141940
0.468000	-0.135850
0.468500	-0.132510
0.469000	-0.131940
0.469500	-0.131690
0.470000	-0.129290
0.470500	-0.124470
0.471000	-0.113520
0.471500	-0.088903
0.472000	-0.043039
0.472500	0.016358
0.473000	0.076377
0.473500	0.136750
0.474000	0.197200
0.474500	0.257870
0.475000	0.318790
0.475500	0.379540
0.476000	0.439690
0.476500	0.489850
0.477000	0.525620
0.477500	0.554050
0.478000	0.582200
0.478500	0.611300
0.479000	0.636370
0.479500	0.655110
0.480000	0.665230
0.480500	0.657210
0.481000	0.630510
0.481500	0.596330
0.482000	0.565900
0.482500	0.548610
0.483000	0.545790
0.483500	0.556490
0.484000	0.579790
0.484500	1013.400024
0.485000	3536.300049
0.485500	6796.299805
0.486000	10021.000000
0.486500	14403.000000
0.487000	20508.000000
0.487500	26622.000000
0.488000	31030.000000
0.488500	30533.000000
0.489000	24136.000000
0.489500	13428.000000
