0.000000	0.174990
0.000500	0.174990
0.001000	0.174990
0.001500	0.174990
0.002000	0.174990
0.002500	0.174990
0.003000	0.175030
0.003500	0.175140
0.004000	0.175250
0.004500	0.175350
0.005000	0.175440
0.005500	0.175530
0.006000	0.175620
0.006500	0.175700
0.007000	0.175770
0.007500	0.175830
0.008000	0.175890
0.008500	0.175950
0.009000	0.176010
0.009500	0.176070
0.010000	0.176120
0.010500	0.176170
0.011000	0.176240
0.011500	0.176320
0.012000	0.176410
0.012500	0.176500
0.013000	0.176590
0.013500	0.176670
0.014000	0.176760
0.014500	0.176840
0.015000	0.176910
0.015500	0.176930
0.016000	0.176880
0.016500	0.176800
0.017000	0.176720
0.017500	0.176620
0.018000	0.176510
0.018500	0.176400
0.019000	0.176320
0.019500	0.176280
0.020000	0.176280
0.020500	0.176300
0.021000	0.176350
0.021500	0.176420
0.022000	0.176500
0.022500	0.176580
0.023000	0.176650
0.023500	0.176710
0.024000	0.176770
0.024500	0.176820
0.025000	0.176870
0.025500	0.176920
0.026000	0.176960
0.026500	0.176990
0.027000	0.177020
0.027500	0.177050
0.028000	0.177060
0.028500	0.177060
0.029000	0.177030
0.029500	0.176990
0.030000	0.176940
0.030500	0.176880
0.031000	0.176820
0.031500	0.176750
0.032000	0.176680
0.032500	0.176600
0.033000	0.176530
0.033500	0.176480
0.034000	0.176490
0.034500	0.176550
0.035000	0.176640
0.035500	0.176760
0.036000	0.176910
0.036500	0.177080
0.037000	0.177220
0.037500	0.177320
0.038000	0.177400
0.038500	0.177480
0.039000	0.177570
0.039500	0.177680
0.040000	0.177800
0.040500	0.177920
0.041000	0.178030
0.041500	0.178150
0.042000	0.178270
0.042500	0.178380
0.043000	0.178500
0.043500	0.178610
0.044000	0.178680
0.044500	0.178710
0.045000	0.178720
0.045500	0.178720
0.046000	0.178710
0.046500	0.178680
0.047000	0.178620
0.047500	0.178510
0.048000	0.178400
0.048500	0.178280
0.049000	0.178160
0.049500	0.178040
0.050000	0.177920
0.050500	0.177800
0.051000	0.177690
0.051500	0.177590
0.052000	0.177520
0.052500	0.177460
0.053000	0.177410
0.053500	0.177360
0.054000	0.177300
0.054500	0.177240
0.055000	0.177180
0.055500	0.177130
0.056000	0.177110
0.056500	0.177120
0.057000	0.177150
0.057500	0.177180
0.058000	0.177230
0.058500	0.177300
0.059000	0.177380
0.059500	0.177480
0.060000	0.177600
0.060500	0.177760
0.061000	0.177970
0.061500	0.178240
0.062000	0.178590
0.062500	0.178980
0.063000	0.179380
0.063500	0.179750
0.064000	0.180100
0.064500	0.180430
0.065000	0.180730
0.065500	0.181010
0.066000	0.181170
0.066500	0.181170
0.067000	0.181050
0.067500	0.180860
0.068000	0.180610
0.068500	0.180260
0.069000	0.179840
0.069500	0.179360
0.070000	0.178800
0.070500	0.178150
0.071000	0.177390
0.071500	0.176540
0.072000	0.175560
0.072500	0.174400
0.073000	0.173090
0.073500	0.171640
0.074000	0.170070
0.074500	0.168350
0.075000	0.166510
0.075500	0.164560
0.076000	0.162480
0.076500	0.160260
0.077000	0.157900
0.077500	0.155410
0.078000	0.152790
0.078500	0.150010
0.079000	0.147020
0.079500	0.143750
0.080000	0.140220
0.080500	0.136580
0.081000	0.132870
0.081500	0.129080
0.082000	0.125250
0.082500	0.121400
0.083000	0.117500
0.083500	0.113550
0.084000	0.109510
0.084500	0.105310
0.085000	0.101010
0.085500	0.096623
0.086000	0.092176
0.086500	0.087596
0.087000	0.082864
0.087500	0.077969
0.088000	0.072896
0.088500	0.067610
0.089000	0.062119
0.089500	0.056429
0.090000	0.050543
0.090500	0.044483
0.091000	0.038364
0.091500	0.032308
0.092000	0.026414
0.092500	0.020646
0.093000	0.014968
0.093500	0.009351
0.094000	0.003800
0.094500	-0.001417
0.095000	-0.006287
0.095500	-0.010874
0.096000	-0.015182
0.096500	-0.018717
0.097000	-0.021488
0.097500	-0.023648
0.098000	-0.025327
0.098500	-0.026387
0.099000	-0.026822
0.099500	-0.026675
0.100000	-0.025996
0.100500	-0.024805
0.101000	-0.023058
0.101500	-0.020704
0.102000	-0.017693
0.102500	-0.014091
0.103000	-0.009923
0.103500	-0.005160
0.104000	0.000219
0.104500	0.006004
0.105000	0.012161
0.105500	0.018790
0.106000	0.025976
0.106500	0.033429
0.107000	0.041121
0.107500	0.049232
0.108000	0.057927
0.108500	0.066847
0.109000	0.075770
0.109500	0.084697
0.110000	0.093629
0.110500	0.102560
0.111000	0.111480
0.111500	0.120420
0.112000	0.129380
0.112500	0.138560
0.113000	0.148020
0.113500	0.157560
0.114000	0.166990
0.114500	0.176280
0.115000	0.185540
0.115500	0.194790
0.116000	0.204000
0.116500	0.213150
0.117000	0.222210
0.117500	0.231190
0.118000	0.240120
0.118500	0.248900
0.119000	0.257460
0.119500	0.265880
0.120000	0.274200
0.120500	0.282440
0.121000	0.290490
0.121500	0.298230
0.122000	0.305550
0.122500	0.312540
0.123000	0.319390
0.123500	0.326110
0.124000	0.332760
0.124500	0.339380
0.125000	0.345970
0.125500	0.352500
0.126000	0.358940
0.126500	0.365240
0.127000	0.371340
0.127500	0.377280
0.128000	0.383110
0.128500	0.388820
0.129000	0.394350
0.129500	0.399720
0.130000	0.404970
0.130500	0.410080
0.131000	0.414940
0.131500	0.419550
0.132000	0.423870
0.132500	0.427890
0.133000	0.431580
0.133500	0.435010
0.134000	0.438200
0.134500	0.441220
0.135000	0.444070
0.135500	0.446730
0.136000	0.449160
0.136500	0.451340
0.137000	0.453300
0.137500	0.455030
0.138000	0.456520
0.138500	0.457760
0.139000	0.458860
0.139500	0.459800
0.140000	0.460520
0.140500	0.461040
0.141000	0.461490
0.141500	0.461870
0.142000	0.462140
0.142500	0.462300
0.143000	0.462440
0.143500	0.462550
0.144000	0.462630
0.144500	0.462670
0.145000	0.462690
0.145500	0.462690
0.146000	0.462670
0.146500	0.462630
0.147000	0.462570
0.147500	0.462480
0.148000	0.462370
0.148500	0.462220
0.149000	0.462060
0.149500	0.461850
0.150000	0.461580
0.150500	0.461250
0.151000	0.460900
0.151500	0.460550
0.152000	0.460200
0.152500	0.459850
0.153000	0.459510
0.153500	0.459160
0.154000	0.458810
0.154500	0.458460
0.155000	0.458090
0.155500	0.457700
0.156000	0.457310
0.156500	0.456940
0.157000	0.456600
0.157500	0.456310
0.158000	0.456050
0.158500	0.455820
0.159000	0.455650
0.159500	0.455520
0.160000	0.455390
0.160500	0.455230
0.161000	0.455030
0.161500	0.454790
0.162000	0.454520
0.162500	0.454200
0.163000	0.453790
0.163500	0.453250
0.164000	0.452620
0.164500	0.451940
0.165000	0.451210
0.165500	0.450410
0.166000	0.449540
0.166500	0.448620
0.167000	0.447630
0.167500	0.446540
0.168000	0.445350
0.168500	0.444060
0.169000	0.442650
0.169500	0.441100
0.170000	0.439440
0.170500	0.437710
0.171000	0.435910
0.171500	0.434020
0.172000	0.432010
0.172500	0.429830
0.173000	0.427480
0.173500	0.425040
0.174000	0.422500
0.174500	0.419870
0.175000	0.417170
0.175500	0.414450
0.176000	0.411720
0.176500	0.408960
0.177000	0.406170
0.177500	0.403370
0.178000	0.400560
0.178500	0.397730
0.179000	0.394870
0.179500	0.391980
0.180000	0.389060
0.180500	0.386110
0.181000	0.383110
0.181500	0.380040
0.182000	0.376960
0.182500	0.373960
0.183000	0.371050
0.183500	0.368160
0.184000	0.365270
0.184500	0.362380
0.185000	0.359490
0.185500	0.356610
0.186000	0.353730
0.186500	0.350860
0.187000	0.348030
0.187500	0.345360
0.188000	0.342810
0.188500	0.340340
0.189000	0.337930
0.189500	0.335600
0.190000	0.333350
0.190500	0.331180
0.191000	0.329070
0.191500	0.327030
0.192000	0.325100
0.192500	0.323280
0.193000	0.321600
0.193500	0.320010
0.194000	0.318490
0.194500	0.317050
0.195000	0.315650
0.195500	0.314290
0.196000	0.312970
0.196500	0.311710
0.197000	0.310540
0.197500	0.309430
0.198000	0.308360
0.198500	0.307360
0.199000	0.306420
0.199500	0.305500
0.200000	0.304600
0.200500	0.303730
0.201000	0.302880
0.201500	0.302040
0.202000	0.301210
0.202500	0.300390
0.203000	0.299580
0.203500	0.298780
0.204000	0.297990
0.204500	0.297230
0.205000	0.296510
0.205500	0.295810
0.206000	0.295130
0.206500	0.294460
0.207000	0.293760
0.207500	0.293050
0.208000	0.292320
0.208500	0.291600
0.209000	0.290890
0.209500	0.290240
0.210000	0.289650
0.210500	0.289100
0.211000	0.288570
0.211500	0.288080
0.212000	0.287660
0.212500	0.287300
0.213000	0.287000
0.213500	0.286760
0.214000	0.286590
0.214500	0.286510
0.215000	0.286530
0.215500	0.286620
0.216000	0.286730
0.216500	0.286840
0.217000	0.286920
0.217500	0.286990
0.218000	0.287040
0.218500	0.287070
0.219000	0.287080
0.219500	0.287010
0.220000	0.286850
0.220500	0.286630
0.221000	0.286380
0.221500	0.286080
0.222000	0.285710
0.222500	0.285280
0.223000	0.284760
0.223500	0.284180
0.224000	0.283530
0.224500	0.282820
0.225000	0.282040
0.225500	0.281220
0.226000	0.280370
0.226500	0.279480
0.227000	0.278550
0.227500	0.277590
0.228000	0.276610
0.228500	0.275610
0.229000	0.274570
0.229500	0.273510
0.230000	0.272430
0.230500	0.271320
0.231000	0.270190
0.231500	0.269030
0.232000	0.267860
0.232500	0.266690
0.233000	0.265520
0.233500	0.264360
0.234000	0.263210
0.234500	0.262080
0.235000	0.260960
0.235500	0.259900
0.236000	0.258900
0.236500	0.257930
0.237000	0.256980
0.237500	0.256040
0.238000	0.255120
0.238500	0.254200
0.239000	0.253270
0.239500	0.252320
0.240000	0.251330
0.240500	0.250300
0.241000	0.249250
0.241500	0.248160
0.242000	0.246980
0.242500	0.245790
0.243000	0.244630
0.243500	0.243540
0.244000	0.242470
0.244500	0.241430
0.245000	0.240430
0.245500	0.239480
0.246000	0.238550
0.246500	0.237620
0.247000	0.236710
0.247500	0.235810
0.248000	0.234910
0.248500	0.234020
0.249000	0.233130
0.249500	0.232260
0.250000	0.231410
0.250500	0.230580
0.251000	0.229780
0.251500	0.229020
0.252000	0.228360
0.252500	0.227780
0.253000	0.227240
0.253500	0.226730
0.254000	0.226270
0.254500	0.225870
0.255000	0.225550
0.255500	0.225320
0.256000	0.225140
0.256500	0.225000
0.257000	0.224910
0.257500	0.224870
0.258000	0.224840
0.258500	0.224820
0.259000	0.224800
0.259500	0.224780
0.260000	0.224780
0.260500	0.224780
0.261000	0.224790
0.261500	0.224830
0.262000	0.224920
0.262500	0.225070
0.263000	0.225250
0.263500	0.225450
0.264000	0.225700
0.264500	0.225960
0.265000	0.226200
0.265500	0.226410
0.266000	0.226590
0.266500	0.226730
0.267000	0.226850
0.267500	0.226920
0.268000	0.226920
0.268500	0.226870
0.269000	0.226760
0.269500	0.226590
0.270000	0.226400
0.270500	0.226180
0.271000	0.225930
0.271500	0.225650
0.272000	0.225360
0.272500	0.225050
0.273000	0.224710
0.273500	0.224320
0.274000	0.223920
0.274500	0.223520
0.275000	0.223120
0.275500	0.222730
0.276000	0.222330
0.276500	0.221940
0.277000	0.221540
0.277500	0.221150
0.278000	0.220800
0.278500	0.220500
0.279000	0.220260
0.279500	0.220090
0.280000	0.219940
0.280500	0.219790
0.281000	0.219650
0.281500	0.219490
0.282000	0.219350
0.282500	0.219200
0.283000	0.219030
0.283500	0.218850
0.284000	0.218610
0.284500	0.218320
0.285000	0.218020
0.285500	0.217730
0.286000	0.217430
0.286500	0.217130
0.287000	0.216830
0.287500	0.216550
0.288000	0.216320
0.288500	0.216110
0.289000	0.215930
0.289500	0.215760
0.290000	0.215610
0.290500	0.215480
0.291000	0.215370
0.291500	0.215270
0.292000	0.215190
0.292500	0.215140
0.293000	0.215140
0.293500	0.215190
0.294000	0.215270
0.294500	0.215350
0.295000	0.215450
0.295500	0.215550
0.296000	0.215650
0.296500	0.215760
0.297000	0.215870
0.297500	0.215970
0.298000	0.216060
0.298500	0.216150
0.299000	0.216240
0.299500	0.216330
0.300000	0.216420
0.300500	0.216490
0.301000	0.216570
0.301500	0.216660
0.302000	0.216780
0.302500	0.216950
0.303000	0.217140
0.303500	0.217360
0.304000	0.217610
0.304500	0.217880
0.305000	0.218170
0.305500	0.218470
0.306000	0.218780
0.306500	0.219110
0.307000	0.219480
0.307500	0.219900
0.308000	0.220380
0.308500	0.220880
0.309000	0.221400
0.309500	0.221920
0.310000	0.222460
0.310500	0.223020
0.311000	0.223570
0.311500	0.224090
0.312000	0.224560
0.312500	0.224970
0.313000	0.225350
0.313500	0.225680
0.314000	0.225990
0.314500	0.226260
0.315000	0.226510
0.315500	0.226740
0.316000	0.226940
0.316500	0.227120
0.317000	0.227260
0.317500	0.227370
0.318000	0.227430
0.318500	0.227450
0.319000	0.227430
0.319500	0.227350
0.320000	0.227220
0.320500	0.227080
0.321000	0.226940
0.321500	0.226820
0.322000	0.226700
0.322500	0.226580
0.323000	0.226490
0.323500	0.226460
0.324000	0.226470
0.324500	0.226480
0.325000	0.226500
0.325500	0.226510
0.326000	0.226530
0.326500	0.226540
0.327000	0.226550
0.327500	0.226560
0.328000	0.226510
0.328500	0.226380
0.329000	0.226170
0.329500	0.225920
0.330000	0.225610
0.330500	0.225250
0.331000	0.224820
0.331500	0.224330
0.332000	0.223800
0.332500	0.223250
0.333000	0.222650
0.333500	0.222000
0.334000	0.221300
0.334500	0.220600
0.335000	0.219900
0.335500	0.219200
0.336000	0.218520
0.336500	0.217840
0.337000	0.217170
0.337500	0.216520
0.338000	0.215910
0.338500	0.215350
0.339000	0.214830
0.339500	0.214320
0.340000	0.213840
0.340500	0.213390
0.341000	0.212970
0.341500	0.212580
0.342000	0.212220
0.342500	0.211920
0.343000	0.211660
0.343500	0.211430
0.344000	0.211250
0.344500	0.211100
0.345000	0.211010
0.345500	0.210970
0.346000	0.210970
0.346500	0.211000
0.347000	0.211060
0.347500	0.211160
0.348000	0.211290
0.348500	0.211430
0.349000	0.211570
0.349500	0.211710
0.350000	0.211850
0.350500	0.212000
0.351000	0.212150
0.351500	0.212300
0.352000	0.212420
0.352500	0.212520
0.353000	0.212600
0.353500	0.212650
0.354000	0.212680
0.354500	0.212700
0.355000	0.212730
0.355500	0.212760
0.356000	0.212790
0.356500	0.212820
0.357000	0.212860
0.357500	0.212900
0.358000	0.212940
0.358500	0.212990
0.359000	0.213040
0.359500	0.213090
0.360000	0.213130
0.360500	0.213180
0.361000	0.213220
0.361500	0.213260
0.362000	0.213290
0.362500	0.213270
0.363000	0.213230
0.363500	0.213160
0.364000	0.213060
0.364500	0.212960
0.365000	0.212840
0.365500	0.212740
0.366000	0.212640
0.366500	0.212560
0.367000	0.212480
0.367500	0.212420
0.368000	0.212390
0.368500	0.212420
0.369000	0.212490
0.369500	0.212590
0.370000	0.212710
0.370500	0.212840
0.371000	0.212990
0.371500	0.213140
0.372000	0.213310
0.372500	0.213480
0.373000	0.213650
0.373500	0.213840
0.374000	0.214040
0.374500	0.214260
0.375000	0.214490
0.375500	0.214730
0.376000	0.214970
0.376500	0.215240
0.377000	0.215520
0.377500	0.215790
0.378000	0.216050
0.378500	0.216270
0.379000	0.216470
0.379500	0.216650
0.380000	0.216790
0.380500	0.216870
0.381000	0.216870
0.381500	0.216790
0.382000	0.216630
0.382500	0.216450
0.383000	0.216250
0.383500	0.216030
0.384000	0.215810
0.384500	0.215570
0.385000	0.215330
0.385500	0.215100
0.386000	0.214900
0.386500	0.214710
0.387000	0.214520
0.387500	0.214330
0.388000	0.214150
0.388500	0.213960
0.389000	0.213790
0.389500	0.213610
0.390000	0.213440
0.390500	0.213290
0.391000	0.213150
0.391500	0.213010
0.392000	0.212880
0.392500	0.212780
0.393000	0.212690
0.393500	0.212640
0.394000	0.212610
0.394500	0.212610
0.395000	0.212650
0.395500	0.212720
0.396000	0.212820
0.396500	0.212950
0.397000	0.213100
0.397500	0.213230
0.398000	0.213320
0.398500	0.213390
0.399000	0.213450
0.399500	0.213500
0.400000	0.213530
0.400500	0.213530
0.401000	0.213520
0.401500	0.213510
0.402000	0.213540
0.402500	0.213580
0.403000	0.213640
0.403500	0.213720
0.404000	0.213800
0.404500	0.213910
0.405000	0.214030
0.405500	0.214170
0.406000	0.214320
0.406500	0.214500
0.407000	0.214710
0.407500	0.214960
0.408000	0.215240
0.408500	0.215560
0.409000	0.215930
0.409500	0.216350
0.410000	0.216820
0.410500	0.217320
0.411000	0.217820
0.411500	0.218310
0.412000	0.218800
0.412500	0.219280
0.413000	0.219760
0.413500	0.220240
0.414000	0.220710
0.414500	0.221130
0.415000	0.221520
0.415500	0.221880
0.416000	0.222220
0.416500	0.222530
0.417000	0.222780
0.417500	0.222990
0.418000	0.223150
0.418500	0.223270
0.419000	0.223340
0.419500	0.223360
0.420000	0.223340
0.420500	0.223290
0.421000	0.223230
0.421500	0.223130
0.422000	0.223000
0.422500	0.222850
0.423000	0.222700
0.423500	0.222540
0.424000	0.222380
0.424500	0.222210
0.425000	0.222040
0.425500	0.221880
0.426000	0.221730
0.426500	0.221600
0.427000	0.221510
0.427500	0.221440
0.428000	0.221390
0.428500	0.221350
0.429000	0.221320
0.429500	0.221300
0.430000	0.221300
0.430500	0.221310
0.431000	0.221320
0.431500	0.221330
0.432000	0.221340
0.432500	0.221350
0.433000	0.221360
0.433500	0.221370
0.434000	0.221370
0.434500	0.221380
0.435000	0.221370
0.435500	0.221360
0.436000	0.221340
0.436500	0.221280
0.437000	0.221180
0.437500	0.221040
0.438000	0.220880
0.438500	0.220720
0.439000	0.220540
0.439500	0.220360
0.440000	0.220150
0.440500	0.219940
0.441000	0.219720
0.441500	0.219500
0.442000	0.219290
0.442500	0.219080
0.443000	0.218870
0.443500	0.218660
0.444000	0.218450
0.444500	0.218230
0.445000	0.218010
0.445500	0.217790
0.446000	0.217570
0.446500	0.217380
0.447000	0.217230
0.447500	0.217110
0.448000	0.217050
0.448500	0.217020
0.449000	0.216990
0.449500	0.216960
0.450000	0.216940
0.450500	0.216910
0.451000	0.216890
0.451500	0.216870
0.452000	0.216870
0.452500	0.216950
0.453000	0.217090
0.453500	0.217270
0.454000	0.217460
0.454500	0.217670
0.455000	0.217890
0.455500	0.218090
0.456000	0.218260
0.456500	0.218410
0.457000	0.218540
0.457500	0.218650
0.458000	0.218760
0.458500	0.218860
0.459000	0.218950
0.459500	0.219040
0.460000	0.219140
0.460500	0.219250
0.461000	0.219360
0.461500	0.219490
0.462000	0.219610
0.462500	0.219750
0.463000	0.219900
0.463500	0.220060
0.464000	0.220210
0.464500	0.220320
0.465000	0.220400
0.465500	0.220450
0.466000	0.220480
0.466500	0.220480
0.467000	0.220410
0.467500	0.220300
0.468000	0.220120
0.468500	0.219900
0.469000	0.219640
0.469500	0.219360
0.470000	0.219050
0.470500	0.218700
0.471000	0.218330
0.471500	0.217960
0.472000	0.217620
0.472500	0.217310
0.473000	0.217020
0.473500	0.216770
0.474000	0.216590
0.474500	0.216440
0.475000	0.216300
0.475500	0.216170
0.476000	0.216030
0.476500	0.215900
0.477000	0.215760
0.477500	0.215630
0.478000	0.215500
0.478500	0.215380
0.479000	0.215260
0.479500	0.215140
0.480000	0.215030
0.480500	0.214910
0.481000	0.214800
0.481500	0.214680
0.482000	0.214570
0.482500	0.214480
0.483000	0.214410
0.483500	0.214370
0.484000	0.214360
0.484500	1013.000000
0.485000	3535.899902
0.485500	6795.899902
0.486000	10020.000000
0.486500	14402.000000
0.487000	20508.000000
0.487500	26621.000000
0.488000	31029.000000
0.488500	30532.000000
0.489000	24135.000000
0.489500	13428.000000
