0.000000	0.005032
0.000500	-0.008706
0.001000	0.005834
0.001500	0.004445
0.002000	0.010974
0.002500	-0.000150
0.003000	-0.030161
0.003500	-0.008796
0.004000	-0.036792
0.004500	-0.010774
0.005000	-0.008691
0.005500	-0.038327
0.006000	-0.004729
0.006500	-0.019157
0.007000	-0.034954
0.007500	-0.028601
0.008000	-0.014247
0.008500	-0.055170
0.009000	-0.021922
0.009500	-0.040126
0.010000	-0.065255
0.010500	-0.036209
0.011000	-0.041864
0.011500	-0.054326
0.012000	-0.067459
0.012500	-0.033056
0.013000	-0.048381
0.013500	-0.065669
0.014000	-0.087207
0.014500	-0.073745
0.015000	-0.050370
0.015500	-0.096046
0.016000	-0.069190
0.016500	-0.086995
0.017000	-0.060869
0.017500	-0.056934
0.018000	-0.042387
0.018500	-0.072095
0.019000	-0.067722
0.019500	-0.048215
0.020000	-0.041344
0.020500	-0.074970
0.021000	-0.067859
0.021500	-0.031540
0.022000	-0.036797
0.022500	-0.030024
0.023000	-0.028643
0.023500	-0.040669
0.024000	-0.030148
0.024500	-0.020164
0.025000	-0.042040
0.025500	-0.039914
0.026000	-0.055091
0.026500	-0.067374
0.027000	-0.090276
0.027500	-0.070460
0.028000	-0.057199
0.028500	-0.097847
0.029000	-0.105590
0.029500	-0.114340
0.030000	-0.119610
0.030500	-0.130380
0.031000	-0.154210
0.031500	-0.167680
0.032000	-0.159840
0.032500	-0.173100
0.033000	-0.199050
0.033500	-0.175350
0.034000	-0.188510
0.034500	-0.190710
0.035000	-0.224320
0.035500	-0.223210
0.036000	-0.241890
0.036500	-0.253750
0.037000	-0.264900
0.037500	-0.268890
0.038000	-0.271580
0.038500	-0.269220
0.039000	-0.270910
0.039500	-0.274300
0.040000	-0.271290
0.040500	-0.245480
0.041000	-0.263240
0.041500	-0.268350
0.042000	-0.284110
0.042500	-0.272950
0.043000	-0.277310
0.043500	-0.268300
0.044000	-0.250630
0.044500	-0.282090
0.045000	-0.300260
0.045500	-0.303320
0.046000	-0.346700
0.046500	-0.395250
0.047000	-0.441510
0.047500	-0.516010
0.048000	-0.550230
0.048500	-0.622020
0.049000	-0.709740
0.049500	-0.793500
0.050000	-0.880990
0.050500	-1.014600
0.051000	-1.115700
0.051500	-1.243900
0.052000	-1.397300
0.052500	-1.562600
0.053000	-1.736100
0.053500	-1.911400
0.054000	-2.125300
0.054500	-2.320300
0.055000	-2.498400
0.055500	-2.698300
0.056000	-2.859500
0.056500	-2.993800
0.057000	-3.154100
0.057500	-3.283900
0.058000	-3.434100
0.058500	-3.570500
0.059000	-3.689800
0.059500	-3.844900
0.060000	-4.043800
0.060500	-4.179800
0.061000	-4.342800
0.061500	-4.504700
0.062000	-4.658500
0.062500	-4.822400
0.063000	-4.961100
0.063500	-5.154400
0.064000	-5.332000
0.064500	-5.562300
0.065000	-5.795800
0.065500	-6.014900
0.066000	-6.272700
0.066500	-6.509900
0.067000	-6.721900
0.067500	-6.971000
0.068000	-7.268500
0.068500	-7.584800
0.069000	-7.948600
0.069500	-8.361200
0.070000	-8.837800
0.070500	-9.346100
0.071000	-9.962500
0.071500	-10.602000
0.072000	-11.277000
0.072500	-11.922000
0.073000	-12.660000
0.073500	-13.293000
0.074000	-13.908000
0.074500	-14.503000
0.075000	-15.201000
0.075500	-15.904000
0.076000	-16.693001
0.076500	-17.573999
0.077000	-18.441999
0.077500	-19.350000
0.078000	-20.230000
0.078500	-21.121000
0.079000	-21.957001
0.079500	-22.728001
0.080000	-23.461000
0.080500	-24.132000
0.081000	-24.667000
0.081500	-25.097000
0.082000	-25.429001
0.082500	-25.573000
0.083000	-25.782000
0.083500	-25.952999
0.084000	-26.181999
0.084500	-26.650000
0.085000	-27.173000
0.085500	-27.674000
0.086000	-28.292000
0.086500	-28.673000
0.087000	-28.652000
0.087500	-28.313000
0.088000	-27.642000
0.088500	-26.466999
0.089000	-24.983000
0.089500	-23.351000
0.090000	-21.457001
0.090500	-19.218000
0.091000	-16.695000
0.091500	-13.983000
0.092000	-10.979000
0.092500	-7.886500
0.093000	-5.376400
0.093500	-3.619400
0.094000	-2.937000
0.094500	-3.538300
0.095000	-5.159900
0.095500	-7.389600
0.096000	-9.800900
0.096500	-12.113000
0.097000	-14.082000
0.097500	-15.492000
0.098000	-16.358999
0.098500	-16.811001
0.099000	-16.864000
0.099500	-16.646000
0.100000	-16.355000
0.100500	-16.017000
0.101000	-15.633000
0.101500	-15.187000
0.102000	-14.742000
0.102500	-14.228000
0.103000	-13.671000
0.103500	-13.117000
0.104000	-12.508000
0.104500	-11.882000
0.105000	-11.281000
0.105500	-10.748000
0.106000	-10.313000
0.106500	-9.958900
0.107000	-9.753600
0.107500	-9.724300
0.108000	-9.772700
0.108500	-9.894700
0.109000	-10.081000
0.109500	-10.296000
0.110000	-10.474000
0.110500	-10.630000
0.111000	-10.807000
0.111500	-10.926000
0.112000	-10.968000
0.112500	-10.938000
0.113000	-10.858000
0.113500	-10.732000
0.114000	-10.556000
0.114500	-10.440000
0.115000	-10.319000
0.115500	-10.332000
0.116000	-10.339000
0.116500	-10.416000
0.117000	-10.504000
0.117500	-10.597000
0.118000	-10.688000
0.118500	-10.731000
0.119000	-10.764000
0.119500	-10.895000
0.120000	-11.067000
0.120500	-11.324000
0.121000	-11.641000
0.121500	-12.068000
0.122000	-12.606000
0.122500	-13.250000
0.123000	-13.933000
0.123500	-14.736000
0.124000	-15.524000
0.124500	-16.351999
0.125000	-17.101000
0.125500	-17.712999
0.126000	-18.125000
0.126500	-18.490999
0.127000	-18.801001
0.127500	-19.018999
0.128000	-19.120001
0.128500	-19.250999
0.129000	-19.184000
0.129500	-19.143999
0.130000	-19.261000
0.130500	-19.614000
0.131000	-20.304001
0.131500	-21.169001
0.132000	-22.014000
0.132500	-22.410000
0.133000	-22.323000
0.133500	-21.191999
0.134000	-19.688999
0.134500	-17.966999
0.135000	-16.429001
0.135500	-15.235000
0.136000	-14.877000
0.136500	-14.925000
0.137000	-15.176000
0.137500	-15.713000
0.138000	-16.509001
0.138500	-17.229000
0.139000	-17.872000
0.139500	-18.545000
0.140000	-19.226000
0.140500	-19.615999
0.141000	-20.156000
0.141500	-20.749001
0.142000	-21.107000
0.142500	-21.341000
0.143000	-21.603001
0.143500	-21.622999
0.144000	-21.476000
0.144500	-21.230000
0.145000	-21.014999
0.145500	-20.573000
0.146000	-20.111000
0.146500	-19.690001
0.147000	-19.201000
0.147500	-18.660999
0.148000	-18.232000
0.148500	-18.004000
0.149000	-17.756001
0.149500	-17.653999
0.150000	-17.662001
0.150500	-17.802000
0.151000	-17.905001
0.151500	-18.033001
0.152000	-18.226999
0.152500	-18.291000
0.153000	-18.195000
0.153500	-18.051001
0.154000	-17.885000
0.154500	-17.704000
0.155000	-17.507999
0.155500	-17.454000
0.156000	-17.325001
0.156500	-17.004000
0.157000	-16.705999
0.157500	-16.344999
0.158000	-15.780000
0.158500	-15.248000
0.159000	-14.669000
0.159500	-14.025000
0.160000	-13.269000
0.160500	-12.615000
0.161000	-11.988000
0.161500	-11.349000
0.162000	-10.832000
0.162500	-10.540000
0.163000	-10.264000
0.163500	-9.983300
0.164000	-9.865700
0.164500	-9.743800
0.165000	-9.634300
0.165500	-9.521600
0.166000	-9.468100
0.166500	-9.256600
0.167000	-8.959700
0.167500	-8.673500
0.168000	-8.249600
0.168500	-7.693400
0.169000	-7.091500
0.169500	-6.573800
0.170000	-5.997500
0.170500	-5.486600
0.171000	-5.193200
0.171500	-5.050900
0.172000	-4.987800
0.172500	-4.983100
0.173000	-5.144200
0.173500	-5.301800
0.174000	-5.239700
0.174500	-5.264000
0.175000	-5.327100
0.175500	-5.310300
0.176000	-5.297900
0.176500	-5.270900
0.177000	-5.252900
0.177500	-5.132500
0.178000	-5.146600
0.178500	-5.264200
0.179000	-5.367100
0.179500	-5.500300
0.180000	-5.782400
0.180500	-5.922400
0.181000	-5.985100
0.181500	-6.063200
0.182000	-6.139700
0.182500	-6.143800
0.183000	-6.121700
0.183500	-6.118400
0.184000	-6.200600
0.184500	-6.249200
0.185000	-6.421900
0.185500	-6.689500
0.186000	-6.875500
0.186500	-6.940800
0.187000	-7.127100
0.187500	-7.195300
0.188000	-7.151400
0.188500	-7.122700
0.189000	-6.975900
0.189500	-6.703200
0.190000	-6.376200
0.190500	-6.115100
0.191000	-5.851300
0.191500	-5.600600
0.192000	-5.441400
0.192500	-5.330200
0.193000	-5.156500
0.193500	-4.880100
0.194000	-4.675000
0.194500	-4.374200
0.195000	-4.125700
0.195500	-3.937000
0.196000	-3.811200
0.196500	-3.657700
0.197000	-3.484400
0.197500	-3.364200
0.198000	-3.155900
0.198500	-2.927700
0.199000	-2.796800
0.199500	-2.694800
0.200000	-2.576600
0.200500	-2.506300
0.201000	-2.384000
0.201500	-2.307500
0.202000	-2.153700
0.202500	-2.026900
0.203000	-1.893500
0.203500	-1.778900
0.204000	-1.693000
0.204500	-1.609800
0.205000	-1.572700
0.205500	-1.560100
0.206000	-1.480100
0.206500	-1.448800
0.207000	-1.455900
0.207500	-1.402800
0.208000	-1.336300
0.208500	-1.238800
0.209000	-1.121300
0.209500	-0.947410
0.210000	-0.835310
0.210500	-0.684110
0.211000	-0.473280
0.211500	-0.325640
0.212000	-0.212920
0.212500	-0.083112
0.213000	0.030624
0.213500	0.120260
0.214000	0.195370
0.214500	0.240160
0.215000	0.224060
0.215500	0.258370
0.216000	0.269680
0.216500	0.326270
0.217000	0.359480
0.217500	0.527080
0.218000	0.691190
0.218500	0.883260
0.219000	1.146000
0.219500	1.395400
0.220000	1.621100
0.220500	1.843300
0.221000	2.025500
0.221500	2.158300
0.222000	2.218800
0.222500	2.280100
0.223000	2.287000
0.223500	2.288100
0.224000	2.261200
0.224500	2.243400
0.225000	2.183300
0.225500	2.123400
0.226000	2.074300
0.226500	2.004700
0.227000	1.948600
0.227500	1.889100
0.228000	1.829900
0.228500	1.740000
0.229000	1.709400
0.229500	1.655800
0.230000	1.622200
0.230500	1.607000
0.231000	1.620900
0.231500	1.576700
0.232000	1.658600
0.232500	1.704600
0.233000	1.759600
0.233500	1.833600
0.234000	1.894900
0.234500	2.051800
0.235000	2.132300
0.235500	2.243700
0.236000	2.301900
0.236500	2.358700
0.237000	2.382100
0.237500	2.406500
0.238000	2.480700
0.238500	2.508800
0.239000	2.538500
0.239500	2.510300
0.240000	2.557600
0.240500	2.637800
0.241000	2.676400
0.241500	2.710200
0.242000	2.795000
0.242500	2.753400
0.243000	2.730100
0.243500	2.698700
0.244000	2.596100
0.244500	2.365200
0.245000	2.229900
0.245500	2.084300
0.246000	1.922900
0.246500	1.807600
0.247000	1.733900
0.247500	1.687500
0.248000	1.689600
0.248500	1.706400
0.249000	1.791500
0.249500	1.817100
0.250000	1.889200
0.250500	1.985100
0.251000	2.017400
0.251500	2.062800
0.252000	2.089900
0.252500	2.090500
0.253000	2.051600
0.253500	2.004100
0.254000	1.971100
0.254500	1.955100
0.255000	1.881300
0.255500	1.846600
0.256000	1.775600
0.256500	1.696600
0.257000	1.652800
0.257500	1.518900
0.258000	1.417000
0.258500	1.280700
0.259000	1.069400
0.259500	0.794010
0.260000	0.573260
0.260500	0.300600
0.261000	0.050441
0.261500	-0.125770
0.262000	-0.271270
0.262500	-0.400170
0.263000	-0.495440
0.263500	-0.503490
0.264000	-0.527070
0.264500	-0.513070
0.265000	-0.413330
0.265500	-0.281990
0.266000	-0.142760
0.266500	0.000846
0.267000	0.110090
0.267500	0.222590
0.268000	0.297210
0.268500	0.347890
0.269000	0.461590
0.269500	0.512790
0.270000	0.610860
0.270500	0.699310
0.271000	0.747920
0.271500	0.818270
0.272000	0.870150
0.272500	0.876410
0.273000	0.860050
0.273500	0.853410
0.274000	0.839430
0.274500	0.808050
0.275000	0.756630
0.275500	0.754420
0.276000	0.717030
0.276500	0.602220
0.277000	0.532790
0.277500	0.514770
0.278000	0.468050
0.278500	0.391860
0.279000	0.366730
0.279500	0.315100
0.280000	0.297950
0.280500	0.332720
0.281000	0.365850
0.281500	0.401720
0.282000	0.510880
0.282500	0.610050
0.283000	0.679970
0.283500	0.710840
0.284000	0.767600
0.284500	0.746360
0.285000	0.750910
0.285500	0.661530
0.286000	0.596630
0.286500	0.501290
0.287000	0.387170
0.287500	0.302580
0.288000	0.176990
0.288500	0.038586
0.289000	-0.102400
0.289500	-0.212850
0.290000	-0.290280
0.290500	-0.404760
0.291000	-0.479860
0.291500	-0.539600
0.292000	-0.552060
0.292500	-0.558920
0.293000	-0.522730
0.293500	-0.490480
0.294000	-0.393130
0.294500	-0.333260
0.295000	-0.248770
0.295500	-0.157630
0.296000	0.006047
0.296500	0.159160
0.297000	0.309300
0.297500	0.421460
0.298000	0.580250
0.298500	0.742980
