0.000000	0.021252
0.000500	0.021252
0.001000	0.021252
0.001500	0.021251
0.002000	0.021251
0.002500	0.021251
0.003000	0.021251
0.003500	0.021251
0.004000	0.021252
0.004500	0.021252
0.005000	0.021252
0.005500	0.021252
0.006000	0.021252
0.006500	0.021252
0.007000	0.021252
0.007500	0.021252
0.008000	0.021252
0.008500	0.021252
0.009000	0.021251
0.009500	0.021251
0.010000	0.021250
0.010500	0.021249
0.011000	0.021247
0.011500	0.021245
0.012000	0.021242
0.012500	0.021239
0.013000	0.021235
0.013500	0.021232
0.014000	0.021228
0.014500	0.021224
0.015000	0.021219
0.015500	0.021215
0.016000	0.021209
0.016500	0.021203
0.017000	0.021197
0.017500	0.021191
0.018000	0.021185
0.018500	0.021178
0.019000	0.021172
0.019500	0.021166
0.020000	0.021159
0.020500	0.021153
0.021000	0.021147
0.021500	0.021141
0.022000	0.021134
0.022500	0.021128
0.023000	0.021122
0.023500	0.021117
0.024000	0.021113
0.024500	0.021109
0.025000	0.021106
0.025500	0.021103
0.026000	0.021101
0.026500	0.021100
0.027000	0.021099
0.027500	0.021099
0.028000	0.021099
0.028500	0.021099
0.029000	0.021100
0.029500	0.021102
0.030000	0.021104
0.030500	0.021105
0.031000	0.021108
0.031500	0.021109
0.032000	0.021111
0.032500	0.021111
0.033000	0.021111
0.033500	0.021111
0.034000	0.021109
0.034500	0.021107
0.035000	0.021104
0.035500	0.021100
0.036000	0.021095
0.036500	0.021091
0.037000	0.021085
0.037500	0.021078
0.038000	0.021071
0.038500	0.021063
0.039000	0.021054
0.039500	0.021045
0.040000	0.021036
0.040500	0.021026
0.041000	0.021015
0.041500	0.021005
0.042000	0.020995
0.042500	0.020984
0.043000	0.020973
0.043500	0.020962
0.044000	0.020951
0.044500	0.020940
0.045000	0.020931
0.045500	0.020922
0.046000	0.020914
0.046500	0.020908
0.047000	0.020905
0.047500	0.020904
0.048000	0.020906
0.048500	0.020911
0.049000	0.020919
0.049500	0.020930
0.050000	0.020944
0.050500	0.020962
0.051000	0.020984
0.051500	0.021009
0.052000	0.021039
0.052500	0.021074
0.053000	0.021114
0.053500	0.021158
0.054000	0.021208
0.054500	0.021263
0.055000	0.021322
0.055500	0.021385
0.056000	0.021453
0.056500	0.021523
0.057000	0.021596
0.057500	0.021670
0.058000	0.021744
0.058500	0.021817
0.059000	0.021888
0.059500	0.021957
0.060000	0.022023
0.060500	0.022085
0.061000	0.022143
0.061500	0.022197
0.062000	0.022246
0.062500	0.022291
0.063000	0.022331
0.063500	0.022366
0.064000	0.022398
0.064500	0.022427
0.065000	0.022454
0.065500	0.022479
0.066000	0.022502
0.066500	0.022524
0.067000	0.022542
0.067500	0.022555
0.068000	0.022561
0.068500	0.022556
0.069000	0.022537
0.069500	0.022501
0.070000	0.022444
0.070500	0.022360
0.071000	0.022246
0.071500	0.022092
0.072000	0.021894
0.072500	0.021643
0.073000	0.021337
0.073500	0.020971
0.074000	0.020546
0.074500	0.020062
0.075000	0.019519
0.075500	0.018919
0.076000	0.018264
0.076500	0.017556
0.077000	0.016797
0.077500	0.015989
0.078000	0.015136
0.078500	0.014239
0.079000	0.013296
0.079500	0.012308
0.080000	0.011271
0.080500	0.010186
0.081000	0.009053
0.081500	0.007877
0.082000	0.006667
0.082500	0.005439
0.083000	0.004213
0.083500	0.003011
0.084000	0.001859
0.084500	0.000781
0.085000	-0.000205
0.085500	-0.001082
0.086000	-0.001839
0.086500	-0.002468
0.087000	-0.002963
0.087500	-0.003316
0.088000	-0.003515
0.088500	-0.003547
0.089000	-0.003394
0.089500	-0.003038
0.090000	-0.002461
0.090500	-0.001642
0.091000	-0.000562
0.091500	0.000805
0.092000	0.002478
0.092500	0.004480
0.093000	0.006824
0.093500	0.009512
0.094000	0.012536
0.094500	0.015873
0.095000	0.019486
0.095500	0.023326
0.096000	0.027335
0.096500	0.031452
0.097000	0.035618
0.097500	0.039780
0.098000	0.043892
0.098500	0.047921
0.099000	0.051843
0.099500	0.055637
0.100000	0.059290
0.100500	0.062790
0.101000	0.066130
0.101500	0.069303
0.102000	0.072307
0.102500	0.075142
0.103000	0.077813
0.103500	0.080326
0.104000	0.082692
0.104500	0.084923
0.105000	0.087033
0.105500	0.089034
0.106000	0.090934
0.106500	0.092736
0.107000	0.094435
0.107500	0.096020
0.108000	0.097476
0.108500	0.098787
0.109000	0.099938
0.109500	0.100920
0.110000	0.101720
0.110500	0.102340
0.111000	0.102780
0.111500	0.103050
0.112000	0.103150
0.112500	0.103080
0.113000	0.102870
0.113500	0.102520
0.114000	0.102060
0.114500	0.101520
0.115000	0.100920
0.115500	0.100270
0.116000	0.099608
0.116500	0.098930
0.117000	0.098243
0.117500	0.097549
0.118000	0.096847
0.118500	0.096144
0.119000	0.095446
0.119500	0.094766
0.120000	0.094118
0.120500	0.093521
0.121000	0.092993
0.121500	0.092553
0.122000	0.092218
0.122500	0.092001
0.123000	0.091914
0.123500	0.091962
0.124000	0.092146
0.124500	0.092462
0.125000	0.092898
0.125500	0.093439
0.126000	0.094065
0.126500	0.094757
0.127000	0.095492
0.127500	0.096248
0.128000	0.096999
0.128500	0.097725
0.129000	0.098402
0.129500	0.099015
0.130000	0.099550
0.130500	0.099994
0.131000	0.100340
0.131500	0.100560
0.132000	0.100650
0.132500	0.100580
0.133000	0.100340
0.133500	0.099926
0.134000	0.099352
0.134500	0.098636
0.135000	0.097808
0.135500	0.096895
0.136000	0.095925
0.136500	0.094918
0.137000	0.093895
0.137500	0.092876
0.138000	0.091881
0.138500	0.090924
0.139000	0.090020
0.139500	0.089181
0.140000	0.088414
0.140500	0.087725
0.141000	0.087117
0.141500	0.086586
0.142000	0.086125
0.142500	0.085725
0.143000	0.085373
0.143500	0.085054
0.144000	0.084756
0.144500	0.084468
0.145000	0.084177
0.145500	0.083877
0.146000	0.083560
0.146500	0.083220
0.147000	0.082852
0.147500	0.082453
0.148000	0.082024
0.148500	0.081565
0.149000	0.081079
0.149500	0.080568
0.150000	0.080035
0.150500	0.079484
0.151000	0.078919
0.151500	0.078342
0.152000	0.077754
0.152500	0.077155
0.153000	0.076544
0.153500	0.075922
0.154000	0.075289
0.154500	0.074648
0.155000	0.074003
0.155500	0.073358
0.156000	0.072718
0.156500	0.072088
0.157000	0.071473
0.157500	0.070878
0.158000	0.070305
0.158500	0.069757
0.159000	0.069232
0.159500	0.068730
0.160000	0.068248
0.160500	0.067788
0.161000	0.067350
0.161500	0.066938
0.162000	0.066556
0.162500	0.066205
0.163000	0.065888
0.163500	0.065604
0.164000	0.065351
0.164500	0.065126
0.165000	0.064924
0.165500	0.064739
0.166000	0.064564
0.166500	0.064389
0.167000	0.064207
0.167500	0.064010
0.168000	0.063793
0.168500	0.063553
0.169000	0.063289
0.169500	0.063003
0.170000	0.062698
0.170500	0.062379
0.171000	0.062050
0.171500	0.061715
0.172000	0.061376
0.172500	0.061031
0.173000	0.060679
0.173500	0.060314
0.174000	0.059929
0.174500	0.059519
0.175000	0.059078
0.175500	0.058601
0.176000	0.058085
0.176500	0.057527
0.177000	0.056930
0.177500	0.056299
0.178000	0.055645
0.178500	0.054981
0.179000	0.054316
0.179500	0.053661
0.180000	0.053024
0.180500	0.052411
0.181000	0.051823
0.181500	0.051263
0.182000	0.050727
0.182500	0.050215
0.183000	0.049722
0.183500	0.049247
0.184000	0.048788
0.184500	0.048342
0.185000	0.047907
0.185500	0.047480
0.186000	0.047060
0.186500	0.046642
0.187000	0.046224
0.187500	0.045802
0.188000	0.045370
0.188500	0.044922
0.189000	0.044451
0.189500	0.043955
0.190000	0.043433
0.190500	0.042885
0.191000	0.042312
0.191500	0.041713
0.192000	0.041090
0.192500	0.040442
0.193000	0.039770
0.193500	0.039074
0.194000	0.038359
0.194500	0.037629
0.195000	0.036888
0.195500	0.036139
0.196000	0.035384
0.196500	0.034621
0.197000	0.033850
0.197500	0.033073
0.198000	0.032289
0.198500	0.031504
0.199000	0.030719
0.199500	0.029939
0.200000	0.029166
0.200500	0.028399
0.201000	0.027637
0.201500	0.026881
0.202000	0.026131
0.202500	0.025387
0.203000	0.024652
0.203500	0.023929
0.204000	0.023220
0.204500	0.022528
0.205000	0.021855
0.205500	0.021203
0.206000	0.020572
0.206500	0.019961
0.207000	0.019370
0.207500	0.018795
0.208000	0.018234
0.208500	0.017684
0.209000	0.017144
0.209500	0.016613
0.210000	0.016090
0.210500	0.015576
0.211000	0.015071
0.211500	0.014579
0.212000	0.014100
0.212500	0.013637
0.213000	0.013193
0.213500	0.012768
0.214000	0.012362
0.214500	0.011974
0.215000	0.011603
0.215500	0.011247
0.216000	0.010901
0.216500	0.010564
0.217000	0.010232
0.217500	0.009905
0.218000	0.009581
0.218500	0.009259
0.219000	0.008939
0.219500	0.008622
0.220000	0.008310
0.220500	0.008003
0.221000	0.007705
0.221500	0.007416
0.222000	0.007140
0.222500	0.006877
0.223000	0.006628
0.223500	0.006393
0.224000	0.006173
0.224500	0.005968
0.225000	0.005778
0.225500	0.005602
0.226000	0.005441
0.226500	0.005293
0.227000	0.005160
0.227500	0.005040
0.228000	0.004932
0.228500	0.004837
0.229000	0.004752
0.229500	0.004678
0.230000	0.004613
0.230500	0.004556
0.231000	0.004507
0.231500	0.004464
0.232000	0.004426
0.232500	0.004392
0.233000	0.004362
0.233500	0.004333
0.234000	0.004306
0.234500	0.004277
0.235000	0.004246
0.235500	0.004211
0.236000	0.004170
0.236500	0.004121
0.237000	0.004063
0.237500	0.003993
0.238000	0.003910
0.238500	0.003813
0.239000	0.003700
0.239500	0.003572
0.240000	0.003429
0.240500	0.003271
0.241000	0.003100
0.241500	0.002918
0.242000	0.002727
0.242500	0.002529
0.243000	0.002326
0.243500	0.002121
0.244000	0.001914
0.244500	0.001709
0.245000	0.001504
0.245500	0.001302
0.246000	0.001102
0.246500	0.000905
0.247000	0.000710
0.247500	0.000518
0.248000	0.000329
0.248500	0.000141
0.249000	-0.000043
0.249500	-0.000225
0.250000	-0.000405
0.250500	-0.000583
0.251000	-0.000760
0.251500	-0.000939
0.252000	-0.001120
0.252500	-0.001307
0.253000	-0.001500
0.253500	-0.001702
0.254000	-0.001913
0.254500	-0.002135
0.255000	-0.002364
0.255500	-0.002601
0.256000	-0.002841
0.256500	-0.003083
0.257000	-0.003324
0.257500	-0.003558
0.258000	-0.003784
0.258500	-0.003998
0.259000	-0.004199
0.259500	-0.004386
0.260000	-0.004560
0.260500	-0.004721
0.261000	-0.004872
0.261500	-0.005014
0.262000	-0.005149
0.262500	-0.005278
0.263000	-0.005403
0.263500	-0.005524
0.264000	-0.005644
0.264500	-0.005762
0.265000	-0.005879
0.265500	-0.005996
0.266000	-0.006112
0.266500	-0.006228
0.267000	-0.006345
0.267500	-0.006466
0.268000	-0.006592
0.268500	-0.006727
0.269000	-0.006875
0.269500	-0.007039
0.270000	-0.007221
0.270500	-0.007423
0.271000	-0.007646
0.271500	-0.007890
0.272000	-0.008154
0.272500	-0.008439
0.273000	-0.008742
0.273500	-0.009061
0.274000	-0.009396
0.274500	-0.009742
0.275000	-0.010099
0.275500	-0.010462
0.276000	-0.010829
0.276500	-0.011196
0.277000	-0.011561
0.277500	-0.011920
0.278000	-0.012272
0.278500	-0.012615
0.279000	-0.012948
0.279500	-0.013272
0.280000	-0.013586
0.280500	-0.013891
0.281000	-0.014189
0.281500	-0.014479
0.282000	-0.014762
0.282500	-0.015038
0.283000	-0.015306
0.283500	-0.015565
0.284000	-0.015815
0.284500	-0.016053
0.285000	-0.016281
0.285500	-0.016495
0.286000	-0.016696
0.286500	-0.016882
0.287000	-0.017053
0.287500	-0.017207
0.288000	-0.017343
0.288500	-0.017462
0.289000	-0.017563
0.289500	-0.017647
0.290000	-0.017713
0.290500	-0.017762
0.291000	-0.017795
0.291500	-0.017814
0.292000	-0.017821
0.292500	-0.017815
0.293000	-0.017799
0.293500	-0.017774
0.294000	-0.017743
0.294500	-0.017707
0.295000	-0.017668
0.295500	-0.017630
0.296000	-0.017593
0.296500	-0.017560
0.297000	-0.017532
0.297500	-0.017511
0.298000	-0.017498
0.298500	-0.017494
