0.000000	10052.304688
0.000500	10052.304688
0.001000	10052.304688
0.001500	10052.304688
0.002000	10052.304688
0.002500	10052.304688
0.003000	10052.304688
0.003500	10052.304688
0.004000	10052.304688
0.004500	10052.049805
0.005000	10052.049805
0.005500	10051.795898
0.006000	10051.541992
0.006500	10051.541992
0.007000	10051.288086
0.007500	10051.034180
0.008000	10050.780273
0.008500	10050.525391
0.009000	10050.525391
0.009500	10050.272461
0.010000	10050.272461
0.010500	10050.018555
0.011000	10050.018555
0.011500	10050.018555
0.012000	10050.018555
0.012500	10050.018555
0.013000	10050.018555
0.013500	10049.763672
0.014000	10049.763672
0.014500	10049.509766
0.015000	10049.255859
0.015500	10049.255859
0.016000	10049.001953
0.016500	10049.001953
0.017000	10048.748047
0.017500	10048.748047
0.018000	10048.748047
0.018500	10048.748047
0.019000	10048.748047
0.019500	10048.493164
0.020000	10048.493164
0.020500	10048.493164
0.021000	10048.239258
0.021500	10048.239258
0.022000	10048.239258
0.022500	10047.986328
0.023000	10047.986328
0.023500	10047.731445
0.024000	10047.731445
0.024500	10047.477539
0.025000	10047.477539
0.025500	10047.223633
0.026000	10046.969727
0.026500	10046.715820
0.027000	10046.461914
0.027500	10046.461914
0.028000	10046.207031
0.028500	10045.954102
0.029000	10045.700195
0.029500	10045.445312
0.030000	10045.445312
0.030500	10045.191406
0.031000	10044.938477
0.031500	10044.938477
0.032000	10044.683594
0.032500	10044.683594
0.033000	10044.429688
0.033500	10044.429688
0.034000	10044.429688
0.034500	10044.175781
0.035000	10044.175781
0.035500	10044.175781
0.036000	10043.921875
0.036500	10043.921875
0.037000	10043.921875
0.037500	10043.667969
0.038000	10043.667969
0.038500	10043.667969
0.039000	10043.667969
0.039500	10043.667969
0.040000	10043.667969
0.040500	10043.921875
0.041000	10043.921875
0.041500	10043.921875
0.042000	10043.921875
0.042500	10044.175781
0.043000	10044.175781
0.043500	10044.175781
0.044000	10044.175781
0.044500	10044.429688
0.045000	10044.429688
0.045500	10044.429688
0.046000	10044.175781
0.046500	10044.175781
0.047000	10044.175781
0.047500	10044.175781
0.048000	10044.175781
0.048500	10043.921875
0.049000	10043.921875
0.049500	10043.921875
0.050000	10043.921875
0.050500	10043.667969
0.051000	10043.667969
0.051500	10043.667969
0.052000	10043.667969
0.052500	10043.414062
0.053000	10043.414062
0.053500	10043.159180
0.054000	10043.159180
0.054500	10042.906250
0.055000	10042.906250
0.055500	10042.652344
0.056000	10042.652344
0.056500	10042.652344
0.057000	10042.652344
0.057500	10042.397461
0.058000	10042.652344
0.058500	10042.652344
0.059000	10042.652344
0.059500	10042.652344
0.060000	10042.652344
0.060500	10042.652344
0.061000	10042.397461
0.061500	10042.397461
0.062000	10042.397461
0.062500	10042.143555
0.063000	10042.143555
0.063500	10041.890625
0.064000	10041.635742
0.064500	10041.381836
0.065000	10041.127930
0.065500	10040.873047
0.066000	10040.366211
0.066500	10040.111328
0.067000	10039.604492
0.067500	10039.095703
0.068000	10038.587891
0.068500	10037.825195
0.069000	10037.318359
0.069500	10036.556641
0.070000	10035.792969
0.070500	10035.031250
0.071000	10034.269531
0.071500	10033.507812
0.072000	10032.491211
0.072500	10031.475586
0.073000	10030.207031
0.073500	10028.935547
0.074000	10027.411133
0.074500	10025.887695
0.075000	10024.363281
0.075500	10022.585938
0.076000	10020.807617
0.076500	10018.776367
0.077000	10016.490234
0.077500	10014.204102
0.078000	10011.917969
0.078500	10009.378906
0.079000	10006.583008
0.079500	10003.536133
0.080000	10000.488281
0.080500	9996.930664
0.081000	9993.375977
0.081500	9989.565430
0.082000	9985.755859
0.082500	9981.437500
0.083000	9977.119141
0.083500	9972.293945
0.084000	9967.213867
0.084500	9961.879883
0.085000	9956.037109
0.085500	9949.942383
0.086000	9943.591797
0.086500	9936.988281
0.087000	9930.383789
0.087500	9923.272461
0.088000	9916.159180
0.088500	9908.792969
0.089000	9901.428711
0.089500	9893.553711
0.090000	9885.425781
0.090500	9877.043945
0.091000	9868.916992
0.091500	9860.534180
0.092000	9852.406250
0.092500	9844.023438
0.093000	9835.641602
0.093500	9827.513672
0.094000	9818.877930
0.094500	9809.480469
0.095000	9799.574219
0.095500	9789.667969
0.096000	18087848.000000
0.096500	181815728.000000
0.097000	418109408.000000
0.097500	605993216.000000
0.098000	645160000.000000
0.098500	645160000.000000
0.099000	645160000.000000
0.099500	645160000.000000
0.100000	645160000.000000
0.100500	645160000.000000
0.101000	645160000.000000
0.101500	645160000.000000
0.102000	645160000.000000
0.102500	645160000.000000
0.103000	645160000.000000
0.103500	645160000.000000
0.104000	645160000.000000
0.104500	645160000.000000
0.105000	645160000.000000
0.105500	645160000.000000
0.106000	640460992.000000
0.106500	505764768.000000
0.107000	274320000.000000
0.107500	67073780.000000
0.108000	9569.704102
0.108500	9561.321289
0.109000	9553.193359
0.109500	9545.065430
0.110000	9537.192383
0.110500	9529.317383
0.111000	9521.443359
0.111500	9513.316406
0.112000	9505.188477
0.112500	9496.805664
0.113000	9488.169922
0.113500	9479.533203
0.114000	9470.390625
0.114500	9461.500000
0.115000	9452.356445
0.115500	9443.211914
0.116000	9433.814453
0.116500	9424.416992
0.117000	9414.764648
0.117500	9405.112305
0.118000	9395.206055
0.118500	9385.299805
0.119000	9375.140625
0.119500	9364.979492
0.120000	9354.819336
0.120500	9344.406250
0.121000	9333.738281
0.121500	9323.324219
0.122000	9312.656250
0.122500	9302.496094
0.123000	9292.589844
0.123500	9282.430664
0.124000	9272.016602
0.124500	9261.092773
0.125000	9250.171875
0.125500	9239.250000
0.126000	9228.328125
0.126500	9217.406250
0.127000	9206.483398
0.127500	9195.561523
0.128000	9184.639648
0.128500	9173.463867
0.129000	9162.541992
0.129500	9151.620117
0.130000	9140.697266
0.130500	9129.776367
0.131000	9118.854492
0.131500	9107.930664
0.132000	9097.264648
0.132500	9086.595703
0.133000	9076.436523
0.133500	9066.530273
0.134000	9056.370117
0.134500	9046.208984
0.135000	9035.794922
0.135500	9025.127930
0.136000	9014.967773
0.136500	9004.553711
0.137000	8994.393555
0.137500	8984.487305
0.138000	8974.582031
0.138500	8964.675781
0.139000	8955.023438
0.139500	8945.372070
0.140000	8935.974609
0.140500	8926.575195
0.141000	8917.177734
0.141500	8907.780273
0.142000	8898.890625
0.142500	8890.253906
0.143000	8882.125977
0.143500	8873.998047
0.144000	8865.869141
0.144500	8857.742188
0.145000	8849.868164
0.145500	8841.993164
0.146000	8834.120117
0.146500	8826.500000
0.147000	8819.133789
0.147500	8812.021484
0.148000	8805.164062
0.148500	8798.306641
0.149000	8791.956055
0.149500	8785.860352
0.150000	8779.764648
0.150500	8773.921875
0.151000	8768.333008
0.151500	8763.000000
0.152000	8757.918945
0.152500	8753.347656
0.153000	8748.775391
0.153500	8744.457031
0.154000	8740.393555
0.154500	8736.583984
0.155000	8732.773438
0.155500	8729.218750
0.156000	8725.662109
0.156500	8722.359375
0.157000	8719.566406
0.157500	8716.518555
0.158000	8713.977539
0.158500	8711.691406
0.159000	8709.406250
0.159500	8707.374023
0.160000	8705.595703
0.160500	8704.072266
0.161000	8702.547852
0.161500	8701.531250
0.162000	8700.515625
0.162500	8700.007812
0.163000	8699.500000
0.163500	8698.992188
0.164000	8698.738281
0.164500	8698.738281
0.165000	8698.738281
0.165500	8698.992188
0.166000	8699.500000
0.166500	8700.261719
0.167000	8701.024414
0.167500	8702.040039
0.168000	8703.309570
0.168500	8704.580078
0.169000	8706.104492
0.169500	8707.881836
0.170000	8709.914062
0.170500	8711.945312
0.171000	8713.977539
0.171500	8716.263672
0.172000	8718.804688
0.172500	8721.343750
0.173000	8724.391602
0.173500	8727.693359
0.174000	8730.995117
0.174500	8734.552734
0.175000	8738.362305
0.175500	8742.170898
0.176000	8746.236328
0.176500	8750.299805
0.177000	8754.618164
0.177500	8759.189453
0.178000	8763.761719
0.178500	8768.333008
0.179000	8773.160156
0.179500	8778.240234
0.180000	8783.319336
0.180500	8788.908203
0.181000	8794.495117
0.181500	8800.083984
0.182000	8805.671875
0.182500	8811.258789
0.183000	8817.102539
0.183500	8822.690430
0.184000	8828.531250
0.184500	8834.373047
0.185000	8840.215820
0.185500	8846.566406
0.186000	8852.916016
0.186500	8859.266602
0.187000	8865.869141
0.187500	8872.219727
0.188000	8878.824219
0.188500	8885.428711
0.189000	8892.031250
0.189500	8898.635742
0.190000	8905.240234
0.190500	8912.097656
0.191000	8918.702148
0.191500	8925.559570
0.192000	8932.417969
0.192500	8939.275391
0.193000	8945.879883
0.193500	8952.230469
0.194000	8958.833984
0.194500	8965.183594
0.195000	8972.041992
0.195500	8978.900391
0.196000	8985.757812
0.196500	8992.615234
0.197000	8999.728516
0.197500	9006.585938
0.198000	9013.444336
0.198500	9020.301758
0.199000	9027.414062
0.199500	9034.271484
0.200000	9041.129883
0.200500	9048.242188
0.201000	9055.099609
0.201500	9062.211914
0.202000	9069.070312
0.202500	9076.181641
0.203000	9083.040039
0.203500	9090.151367
0.204000	9097.009766
0.204500	9104.122070
0.205000	9110.980469
0.205500	9117.583008
0.206000	9123.933594
0.206500	9130.538086
0.207000	9137.142578
0.207500	9144.000000
0.208000	9150.858398
0.208500	9157.715820
0.209000	9164.573242
0.209500	9171.431641
0.210000	9178.290039
0.210500	9184.893555
0.211000	9191.498047
0.211500	9198.356445
0.212000	9204.959961
0.212500	9211.564453
0.213000	9217.914062
0.213500	9224.517578
0.214000	9231.122070
0.214500	9237.726562
0.215000	9244.330078
0.215500	9250.679688
0.216000	9257.283203
0.216500	9263.633789
0.217000	9269.983398
0.217500	9276.333984
0.218000	9282.683594
0.218500	9289.034180
0.219000	9295.129883
0.219500	9301.480469
0.220000	9307.830078
0.220500	9314.180664
0.221000	9320.276367
0.221500	9326.372070
0.222000	9332.214844
0.222500	9338.309570
0.223000	9344.406250
0.223500	9350.756836
0.224000	9357.106445
0.224500	9363.457031
0.225000	9370.059570
0.225500	9376.409180
0.226000	9382.759766
0.226500	9389.364258
0.227000	9395.968750
0.227500	9402.318359
0.228000	9408.920898
0.228500	9415.526367
0.229000	9422.130859
0.229500	9428.733398
0.230000	9435.337891
0.230500	9441.687500
0.231000	9448.291992
0.231500	9454.642578
0.232000	9461.245117
0.232500	9467.595703
0.233000	9473.945312
0.233500	9480.294922
0.234000	9486.391602
0.234500	9492.488281
0.235000	9498.583984
0.235500	9504.425781
0.236000	9510.013672
0.236500	9515.602539
0.237000	9521.189453
0.237500	9526.523438
0.238000	9531.857422
0.238500	9537.446289
0.239000	9542.780273
0.239500	9548.114258
0.240000	9553.702148
0.240500	9559.036133
0.241000	9564.624023
0.241500	9570.210938
0.242000	9575.799805
0.242500	9581.387695
0.243000	9586.975586
0.243500	9592.309570
0.244000	9597.643555
0.244500	9602.723633
0.245000	9608.057617
0.245500	9613.138672
0.246000	9618.218750
0.246500	9623.297852
0.247000	9628.377930
0.247500	9633.204102
0.248000	9638.030273
0.248500	9642.856445
0.249000	9647.428711
0.249500	9652.253906
0.250000	9656.826172
0.250500	9661.143555
0.251000	9665.461914
0.251500	9669.271484
0.252000	9673.335938
0.252500	9677.145508
0.253000	9680.956055
0.253500	9684.765625
0.254000	9688.576172
0.254500	9692.640625
0.255000	9696.450195
0.255500	9700.006836
0.256000	9703.816406
0.256500	9707.118164
0.257000	9710.673828
0.257500	9713.975586
0.258000	9717.278320
0.258500	9720.580078
0.259000	9723.627930
0.259500	9726.930664
0.260000	9729.977539
0.260500	9733.025391
0.261000	9735.819336
0.261500	9738.868164
0.262000	9741.662109
0.262500	9744.456055
0.263000	9746.996094
0.263500	9749.535156
0.264000	9752.076172
0.264500	9754.616211
0.265000	9756.901367
0.265500	9759.187500
0.266000	9761.473633
0.266500	9763.759766
0.267000	9766.045898
0.267500	9768.078125
0.268000	9770.110352
0.268500	9772.142578
0.269000	9774.173828
0.269500	9776.206055
0.270000	9778.238281
0.270500	9780.015625
0.271000	9782.047852
0.271500	9784.080078
0.272000	9785.857422
0.272500	9787.635742
0.273000	9789.667969
0.273500	9791.445312
0.274000	9793.477539
0.274500	9795.509766
0.275000	9797.542969
0.275500	9799.574219
0.276000	9801.351562
0.276500	9803.383789
0.277000	9805.416016
0.277500	9807.193359
0.278000	9809.225586
0.278500	9811.003906
0.279000	9812.781250
0.279500	9814.559570
0.280000	9816.591797
0.280500	9818.370117
0.281000	9820.147461
0.281500	9821.925781
0.282000	9823.704102
0.282500	9825.481445
0.283000	9827.259766
0.283500	9829.038086
0.284000	9830.561523
0.284500	9832.339844
0.285000	9834.371094
0.285500	9836.150391
0.286000	9837.927734
0.286500	9839.959961
0.287000	9841.737305
0.287500	9843.770508
0.288000	9845.547852
0.288500	9847.580078
0.289000	9849.612305
0.289500	9851.389648
0.290000	9853.168945
0.290500	9855.200195
0.291000	9856.723633
0.291500	9858.501953
0.292000	9860.280273
0.292500	9861.803711
0.293000	9863.582031
0.293500	9865.106445
0.294000	9866.630859
0.294500	9867.899414
0.295000	9869.423828
0.295500	9870.693359
0.296000	9871.963867
0.296500	9873.233398
0.297000	9874.503906
0.297500	9875.773438
0.298000	9877.043945
0.298500	9878.059570
0.299000	9879.076172
0.299500	9880.092773
0.300000	9881.107422
0.300500	9882.124023
0.301000	9882.885742
0.301500	9883.647461
0.302000	9884.410156
0.302500	9885.171875
0.303000	9885.680664
0.303500	9886.442383
0.304000	9886.949219
0.304500	9887.458008
0.305000	9887.965820
0.305500	9888.473633
0.306000	9888.728516
0.306500	9888.981445
0.307000	9889.235352
0.307500	9889.235352
0.308000	9889.235352
0.308500	9888.981445
0.309000	9888.981445
0.309500	9888.981445
0.310000	9888.981445
0.310500	9888.981445
0.311000	9888.981445
0.311500	9889.235352
0.312000	9889.490234
0.312500	9889.744141
0.313000	9889.997070
0.313500	9890.505859
0.314000	9891.013672
0.314500	9891.521484
0.315000	9891.776367
0.315500	9892.283203
0.316000	9892.791992
0.316500	9893.299805
0.317000	9893.553711
0.317500	9894.062500
0.318000	9894.315430
0.318500	9894.824219
0.319000	9895.331055
0.319500	9895.585938
0.320000	9896.093750
0.320500	9896.347656
0.321000	9896.856445
0.321500	9897.110352
0.322000	9897.618164
0.322500	9897.872070
0.323000	9898.125977
0.323500	9898.633789
0.324000	9898.887695
0.324500	9898.887695
0.325000	9899.142578
0.325500	9899.395508
0.326000	9899.649414
0.326500	9899.904297
0.327000	9900.158203
0.327500	9900.666016
0.328000	9900.919922
0.328500	9901.428711
0.329000	9901.935547
0.329500	9902.697266
0.330000	9903.206055
0.330500	9903.713867
0.331000	9904.476562
0.331500	9904.983398
0.332000	9905.745117
0.332500	9906.253906
0.333000	9907.015625
0.333500	9907.777344
0.334000	9908.286133
0.334500	9909.047852
0.335000	9909.556641
0.335500	9910.318359
0.336000	9910.826172
0.336500	9911.587891
0.337000	9912.095703
0.337500	9912.858398
0.338000	9913.366211
0.338500	9914.127930
0.339000	9914.890625
0.339500	9915.397461
0.340000	9916.159180
0.340500	9916.667969
0.341000	9917.429688
0.341500	9918.192383
0.342000	9918.700195
0.342500	9919.208008
0.343000	9919.715820
0.343500	9920.477539
0.344000	9920.986328
0.344500	9921.240234
0.345000	9921.748047
0.345500	9922.001953
0.346000	9922.256836
0.346500	9922.509766
0.347000	9922.509766
0.347500	9922.509766
0.348000	9922.509766
0.348500	9922.256836
0.349000	9922.256836
0.349500	9921.748047
0.350000	9921.493164
0.350500	9920.986328
0.351000	9920.731445
0.351500	9920.224609
0.352000	9919.715820
0.352500	9919.208008
0.353000	9918.700195
0.353500	9918.445312
0.354000	9917.938477
0.354500	9917.429688
0.355000	9916.921875
0.355500	9916.414062
0.356000	9916.159180
0.356500	9915.652344
0.357000	9915.397461
0.357500	9914.890625
0.358000	9914.635742
0.358500	9914.381836
0.359000	9914.127930
0.359500	9913.620117
0.360000	9913.366211
0.360500	9913.111328
0.361000	9912.858398
0.361500	9912.604492
0.362000	9912.095703
0.362500	9911.842773
0.363000	9911.587891
0.363500	9911.080078
0.364000	9910.826172
0.364500	9910.572266
0.365000	9910.063477
0.365500	9909.810547
0.366000	9909.556641
0.366500	9909.047852
0.367000	9908.792969
0.367500	9908.286133
0.368000	9908.031250
0.368500	9907.524414
0.369000	9907.269531
0.369500	9907.015625
0.370000	9906.507812
0.370500	9906.253906
0.371000	9906.000000
0.371500	9905.745117
0.372000	9905.238281
0.372500	9904.983398
0.373000	9904.729492
0.373500	9904.221680
0.374000	9903.713867
0.374500	9903.206055
0.375000	9902.697266
0.375500	9902.190430
0.376000	9901.681641
0.376500	9901.173828
0.377000	9900.411133
0.377500	9899.904297
0.378000	9899.395508
0.378500	9898.887695
0.379000	9898.125977
0.379500	9897.618164
0.380000	9897.110352
0.380500	9896.601562
0.381000	9896.093750
0.381500	9895.585938
0.382000	9895.331055
0.382500	9894.824219
0.383000	9894.569336
0.383500	9894.315430
0.384000	9893.807617
0.384500	9893.553711
0.385000	9893.299805
0.385500	9893.045898
0.386000	9892.538086
0.386500	9892.283203
0.387000	9892.029297
0.387500	9891.776367
0.388000	9891.521484
0.388500	9891.521484
0.389000	9891.267578
0.389500	9891.013672
0.390000	9890.759766
0.390500	9890.505859
0.391000	9890.251953
0.391500	9889.997070
0.392000	9889.744141
0.392500	9889.235352
0.393000	9888.981445
0.393500	9888.728516
0.394000	9888.219727
0.394500	9887.965820
0.395000	9887.458008
0.395500	9887.204102
0.396000	9886.696289
0.396500	9886.442383
0.397000	9885.933594
0.397500	9885.680664
0.398000	9885.171875
0.398500	9884.664062
0.399000	9884.156250
0.399500	9883.647461
0.400000	9883.139648
0.400500	9882.377930
0.401000	9881.869141
0.401500	9881.107422
0.402000	9880.345703
0.402500	9879.583008
0.403000	9878.821289
0.403500	9878.314453
0.404000	9877.551758
0.404500	9876.790039
0.405000	9876.028320
0.405500	9875.265625
0.406000	9874.757812
0.406500	9873.996094
0.407000	9872.980469
0.407500	9872.217773
0.408000	9871.456055
0.408500	9870.440430
0.409000	9869.678711
0.409500	9868.662109
0.410000	9867.645508
0.410500	9866.882812
0.411000	9865.868164
0.411500	9864.851562
0.412000	9863.834961
0.412500	9863.073242
0.413000	9862.057617
0.413500	9861.041992
0.414000	9860.026367
0.414500	9859.009766
0.415000	9857.740234
0.415500	9856.723633
0.416000	9855.707031
0.416500	9854.692383
0.417000	9853.675781
0.417500	9852.660156
0.418000	9851.643555
0.418500	9850.627930
0.419000	9849.866211
0.419500	9848.850586
0.420000	9847.833984
0.420500	9847.071289
0.421000	9846.055664
0.421500	9845.040039
0.422000	9844.278320
0.422500	9843.261719
0.423000	9842.246094
0.423500	9841.230469
0.424000	9840.213867
0.424500	9839.198242
0.425000	9838.436523
0.425500	9837.673828
0.426000	9836.912109
0.426500	9836.404297
0.427000	9835.895508
0.427500	9835.388672
0.428000	9835.133789
0.428500	9834.879883
0.429000	9834.625977
0.429500	9834.625977
0.430000	9834.371094
0.430500	9834.118164
0.431000	9833.864258
0.431500	9833.355469
0.432000	9833.102539
0.432500	9832.593750
0.433000	9831.832031
0.433500	9831.070312
0.434000	9830.054688
0.434500	9829.038086
0.435000	9828.022461
0.435500	9827.005859
0.436000	9825.736328
0.436500	9824.465820
0.437000	9823.450195
0.437500	9822.179688
0.438000	9820.909180
0.438500	9819.640625
0.439000	9818.370117
0.439500	9817.354492
0.440000	9816.083984
0.440500	9814.813477
0.441000	9813.797852
0.441500	9812.527344
0.442000	9811.511719
0.442500	9810.495117
0.443000	9809.480469
0.443500	9808.463867
0.444000	9807.702148
0.444500	9806.685547
0.445000	9805.923828
0.445500	9804.908203
0.446000	9804.145508
0.446500	9803.129883
0.447000	9802.368164
0.447500	9801.351562
0.448000	9800.335938
0.448500	9799.319336
0.449000	9798.304688
0.449500	9797.033203
0.450000	9796.018555
0.450500	9794.747070
0.451000	9793.477539
0.451500	9792.208008
0.452000	9790.938477
0.452500	9789.667969
0.453000	9788.143555
0.453500	9786.874023
0.454000	9785.349609
0.454500	9784.080078
0.455000	9782.556641
0.455500	9781.031250
0.456000	9779.762695
0.456500	9778.238281
0.457000	9776.967773
0.457500	9775.697266
0.458000	9774.173828
0.458500	9772.904297
0.459000	9771.380859
0.459500	9770.110352
0.460000	9768.839844
0.460500	9767.315430
0.461000	9766.045898
0.461500	9764.776367
0.462000	9763.251953
0.462500	9761.982422
0.463000	9760.458008
0.463500	9759.187500
0.464000	9757.664062
0.464500	9756.393555
0.465000	9754.869141
0.465500	9753.345703
0.466000	9752.076172
0.466500	9750.551758
0.467000	9749.282227
0.467500	9747.757812
0.468000	9746.487305
0.468500	9745.218750
0.469000	9743.948242
0.469500	9742.677734
0.470000	9741.407227
0.470500	9740.137695
0.471000	9739.121094
0.471500	9737.852539
0.472000	9736.582031
0.472500	9735.566406
0.473000	9734.549805
0.473500	9733.280273
0.474000	9732.263672
0.474500	9730.993164
0.475000	9729.723633
0.475500	9728.707031
0.476000	9727.437500
0.476500	9726.420898
0.477000	9725.152344
0.477500	9724.135742
0.478000	9722.866211
0.478500	9721.849609
0.479000	9720.580078
0.479500	9719.564453
0.480000	9718.292969
0.480500	9717.023438
0.481000	9715.754883
0.481500	9714.483398
0.482000	9713.213867
0.482500	9711.943359
0.483000	9710.419922
0.483500	9709.150391
0.484000	9707.625977
0.484500	6543548.000000
0.485000	22820122.000000
0.485500	43853096.000000
0.486000	64653160.000000
0.486500	92925896.000000
0.487000	132313672.000000
0.487500	171757344.000000
0.488000	200192640.000000
0.488500	196987152.000000
0.489000	155719776.000000
0.489500	86636856.000000
