0.000000	-0.026729
0.000500	-0.026729
0.001000	-0.026729
0.001500	-0.026729
0.002000	-0.026729
0.002500	-0.026729
0.003000	-0.026750
0.003500	-0.026804
0.004000	-0.026867
0.004500	-0.026944
0.005000	-0.027039
0.005500	-0.027142
0.006000	-0.027246
0.006500	-0.027350
0.007000	-0.027454
0.007500	-0.027559
0.008000	-0.027664
0.008500	-0.027769
0.009000	-0.027873
0.009500	-0.027946
0.010000	-0.027979
0.010500	-0.027979
0.011000	-0.027950
0.011500	-0.027896
0.012000	-0.027829
0.012500	-0.027766
0.013000	-0.027722
0.013500	-0.027687
0.014000	-0.027653
0.014500	-0.027625
0.015000	-0.027602
0.015500	-0.027589
0.016000	-0.027581
0.016500	-0.027574
0.017000	-0.027560
0.017500	-0.027534
0.018000	-0.027499
0.018500	-0.027465
0.019000	-0.027442
0.019500	-0.027431
0.020000	-0.027426
0.020500	-0.027427
0.021000	-0.027434
0.021500	-0.027446
0.022000	-0.027459
0.022500	-0.027472
0.023000	-0.027484
0.023500	-0.027494
0.024000	-0.027501
0.024500	-0.027510
0.025000	-0.027522
0.025500	-0.027541
0.026000	-0.027567
0.026500	-0.027597
0.027000	-0.027627
0.027500	-0.027657
0.028000	-0.027689
0.028500	-0.027721
0.029000	-0.027752
0.029500	-0.027777
0.030000	-0.027793
0.030500	-0.027802
0.031000	-0.027805
0.031500	-0.027804
0.032000	-0.027799
0.032500	-0.027785
0.033000	-0.027762
0.033500	-0.027728
0.034000	-0.027691
0.034500	-0.027653
0.035000	-0.027617
0.035500	-0.027582
0.036000	-0.027547
0.036500	-0.027512
0.037000	-0.027479
0.037500	-0.027448
0.038000	-0.027422
0.038500	-0.027396
0.039000	-0.027370
0.039500	-0.027341
0.040000	-0.027309
0.040500	-0.027277
0.041000	-0.027243
0.041500	-0.027207
0.042000	-0.027168
0.042500	-0.027128
0.043000	-0.027088
0.043500	-0.027050
0.044000	-0.027013
0.044500	-0.026979
0.045000	-0.026951
0.045500	-0.026931
0.046000	-0.026919
0.046500	-0.026910
0.047000	-0.026900
0.047500	-0.026886
0.048000	-0.026870
0.048500	-0.026853
0.049000	-0.026837
0.049500	-0.026824
0.050000	-0.026814
0.050500	-0.026805
0.051000	-0.026796
0.051500	-0.026786
0.052000	-0.026775
0.052500	-0.026762
0.053000	-0.026748
0.053500	-0.026733
0.054000	-0.026710
0.054500	-0.026678
0.055000	-0.026641
0.055500	-0.026601
0.056000	-0.026557
0.056500	-0.026508
0.057000	-0.026452
0.057500	-0.026388
0.058000	-0.026318
0.058500	-0.026243
0.059000	-0.026163
0.059500	-0.026081
0.060000	-0.025997
0.060500	-0.025911
0.061000	-0.025822
0.061500	-0.025729
0.062000	-0.025632
0.062500	-0.025533
0.063000	-0.025433
0.063500	-0.025332
0.064000	-0.025230
0.064500	-0.025127
0.065000	-0.025023
0.065500	-0.024918
0.066000	-0.024811
0.066500	-0.024701
0.067000	-0.024590
0.067500	-0.024478
0.068000	-0.024364
0.068500	-0.024245
0.069000	-0.024121
0.069500	-0.023990
0.070000	-0.023851
0.070500	-0.023701
0.071000	-0.023542
0.071500	-0.023374
0.072000	-0.023200
0.072500	-0.023025
0.073000	-0.022849
0.073500	-0.022671
0.074000	-0.022491
0.074500	-0.022312
0.075000	-0.022131
0.075500	-0.021949
0.076000	-0.021765
0.076500	-0.021578
0.077000	-0.021389
0.077500	-0.021201
0.078000	-0.021016
0.078500	-0.020835
0.079000	-0.020659
0.079500	-0.020490
0.080000	-0.020334
0.080500	-0.020197
0.081000	-0.020069
0.081500	-0.019942
0.082000	-0.019817
0.082500	-0.019703
0.083000	-0.019594
0.083500	-0.019481
0.084000	-0.019347
0.084500	-0.019149
0.085000	-0.018900
0.085500	-0.018619
0.086000	-0.018287
0.086500	-0.017773
0.087000	-0.017106
0.087500	-0.016332
0.088000	-0.015457
0.088500	-0.014358
0.089000	-0.013048
0.089500	-0.011561
0.090000	-0.009904
0.090500	-0.008001
0.091000	-0.005867
0.091500	-0.003529
0.092000	-0.000969
0.092500	0.001919
0.093000	0.004999
0.093500	0.008111
0.094000	0.011153
0.094500	0.014553
0.095000	0.018432
0.095500	0.022790
0.096000	2802.199951
0.096500	28180.000000
0.097000	64806.000000
0.097500	93928.000000
0.098000	99999.000000
0.098500	99999.000000
0.099000	99999.000000
0.099500	99999.000000
0.100000	99999.000000
0.100500	99999.000000
0.101000	99999.000000
0.101500	99999.000000
0.102000	99999.000000
0.102500	99999.000000
0.103000	99999.000000
0.103500	100000.000000
0.104000	100000.000000
0.104500	100000.000000
0.105000	100000.000000
0.105500	100000.000000
0.106000	99274.000000
0.106500	78394.000000
0.107000	42517.000000
0.107500	10395.000000
0.108000	0.209270
0.108500	0.217700
0.109000	0.226200
0.109500	0.234680
0.110000	0.243050
0.110500	0.251310
0.111000	0.259560
0.111500	0.267870
0.112000	0.276300
0.112500	0.284970
0.113000	0.293850
0.113500	0.302790
0.114000	0.311610
0.114500	0.320300
0.115000	0.328940
0.115500	0.337530
0.116000	0.346060
0.116500	0.354440
0.117000	0.362660
0.117500	0.370740
0.118000	0.378720
0.118500	0.386560
0.119000	0.394210
0.119500	0.401720
0.120000	0.409130
0.120500	0.416420
0.121000	0.423510
0.121500	0.430330
0.122000	0.436810
0.122500	0.442970
0.123000	0.448910
0.123500	0.454670
0.124000	0.460310
0.124500	0.465880
0.125000	0.471380
0.125500	0.476770
0.126000	0.482000
0.126500	0.487030
0.127000	0.491860
0.127500	0.496490
0.128000	0.500940
0.128500	0.505250
0.129000	0.509420
0.129500	0.513450
0.130000	0.517350
0.130500	0.521140
0.131000	0.524840
0.131500	0.528370
0.132000	0.531660
0.132500	0.534720
0.133000	0.537730
0.133500	0.540710
0.134000	0.543650
0.134500	0.546570
0.135000	0.549490
0.135500	0.552400
0.136000	0.555280
0.136500	0.558110
0.137000	0.560910
0.137500	0.563680
0.138000	0.566410
0.138500	0.569130
0.139000	0.571820
0.139500	0.574480
0.140000	0.577120
0.140500	0.579740
0.141000	0.582330
0.141500	0.584880
0.142000	0.587360
0.142500	0.589750
0.143000	0.592060
0.143500	0.594340
0.144000	0.596650
0.144500	0.599010
0.145000	0.601410
0.145500	0.603810
0.146000	0.606210
0.146500	0.608600
0.147000	0.610950
0.147500	0.613290
0.148000	0.615610
0.148500	0.617910
0.149000	0.620130
0.149500	0.622270
0.150000	0.624360
0.150500	0.626420
0.151000	0.628390
0.151500	0.630260
0.152000	0.632030
0.152500	0.633680
0.153000	0.635240
0.153500	0.636720
0.154000	0.638120
0.154500	0.639470
0.155000	0.640780
0.155500	0.642040
0.156000	0.643230
0.156500	0.644340
0.157000	0.645380
0.157500	0.646360
0.158000	0.647260
0.158500	0.648080
0.159000	0.648860
0.159500	0.649600
0.160000	0.650300
0.160500	0.650930
0.161000	0.651500
0.161500	0.652050
0.162000	0.652610
0.162500	0.653210
0.163000	0.653860
0.163500	0.654500
0.164000	0.655140
0.164500	0.655780
0.165000	0.656430
0.165500	0.657070
0.166000	0.657710
0.166500	0.658350
0.167000	0.658960
0.167500	0.659520
0.168000	0.660060
0.168500	0.660590
0.169000	0.661090
0.169500	0.661540
0.170000	0.661940
0.170500	0.662310
0.171000	0.662610
0.171500	0.662830
0.172000	0.662960
0.172500	0.663030
0.173000	0.663040
0.173500	0.662960
0.174000	0.662820
0.174500	0.662610
0.175000	0.662340
0.175500	0.662010
0.176000	0.661620
0.176500	0.661170
0.177000	0.660650
0.177500	0.660070
0.178000	0.659410
0.178500	0.658680
0.179000	0.657870
0.179500	0.656990
0.180000	0.656020
0.180500	0.654980
0.181000	0.653850
0.181500	0.652660
0.182000	0.651400
0.182500	0.650100
0.183000	0.648770
0.183500	0.647370
0.184000	0.645910
0.184500	0.644350
0.185000	0.642680
0.185500	0.640870
0.186000	0.638950
0.186500	0.636950
0.187000	0.634870
0.187500	0.632750
0.188000	0.630560
0.188500	0.628320
0.189000	0.626010
0.189500	0.623650
0.190000	0.621210
0.190500	0.618670
0.191000	0.616010
0.191500	0.613290
0.192000	0.610530
0.192500	0.607730
0.193000	0.604920
0.193500	0.602130
0.194000	0.599290
0.194500	0.596370
0.195000	0.593310
0.195500	0.590190
0.196000	0.587040
0.196500	0.583860
0.197000	0.580680
0.197500	0.577500
0.198000	0.574320
0.198500	0.571130
0.199000	0.567950
0.199500	0.564770
0.200000	0.561600
0.200500	0.558420
0.201000	0.555250
0.201500	0.552090
0.202000	0.548950
0.202500	0.545820
0.203000	0.542690
0.203500	0.539560
0.204000	0.536470
0.204500	0.533410
0.205000	0.530410
0.205500	0.527510
0.206000	0.524670
0.206500	0.521820
0.207000	0.518900
0.207500	0.515940
0.208000	0.512980
0.208500	0.510020
0.209000	0.507060
0.209500	0.504120
0.210000	0.501170
0.210500	0.498220
0.211000	0.495270
0.211500	0.492320
0.212000	0.489370
0.212500	0.486420
0.213000	0.483470
0.213500	0.480530
0.214000	0.477580
0.214500	0.474640
0.215000	0.471690
0.215500	0.468730
0.216000	0.465740
0.216500	0.462730
0.217000	0.459700
0.217500	0.456640
0.218000	0.453560
0.218500	0.450470
0.219000	0.447370
0.219500	0.444240
0.220000	0.441080
0.220500	0.437950
0.221000	0.434900
0.221500	0.431940
0.222000	0.429040
0.222500	0.426150
0.223000	0.423230
0.223500	0.420270
0.224000	0.417300
0.224500	0.414330
0.225000	0.411390
0.225500	0.408480
0.226000	0.405620
0.226500	0.402790
0.227000	0.400010
0.227500	0.397250
0.228000	0.394490
0.228500	0.391760
0.229000	0.389040
0.229500	0.386330
0.230000	0.383620
0.230500	0.380920
0.231000	0.378210
0.231500	0.375500
0.232000	0.372780
0.232500	0.370070
0.233000	0.367350
0.233500	0.364610
0.234000	0.361820
0.234500	0.359040
0.235000	0.356310
0.235500	0.353620
0.236000	0.350960
0.236500	0.348320
0.237000	0.345680
0.237500	0.343060
0.238000	0.340440
0.238500	0.337830
0.239000	0.335210
0.239500	0.332560
0.240000	0.329880
0.240500	0.327170
0.241000	0.324450
0.241500	0.321720
0.242000	0.318930
0.242500	0.316120
0.243000	0.313380
0.243500	0.310750
0.244000	0.308200
0.244500	0.305710
0.245000	0.303260
0.245500	0.300840
0.246000	0.298420
0.246500	0.296010
0.247000	0.293580
0.247500	0.291150
0.248000	0.288720
0.248500	0.286280
0.249000	0.283830
0.249500	0.281350
0.250000	0.278840
0.250500	0.276310
0.251000	0.273800
0.251500	0.271350
0.252000	0.268950
0.252500	0.266560
0.253000	0.264110
0.253500	0.261600
0.254000	0.259070
0.254500	0.256540
0.255000	0.254010
0.255500	0.251480
0.256000	0.248950
0.256500	0.246430
0.257000	0.243900
0.257500	0.241370
0.258000	0.238830
0.258500	0.236290
0.259000	0.233760
0.259500	0.231230
0.260000	0.228710
0.260500	0.226200
0.261000	0.223700
0.261500	0.221200
0.262000	0.218710
0.262500	0.216210
0.263000	0.213730
0.263500	0.211240
0.264000	0.208770
0.264500	0.206290
0.265000	0.203830
0.265500	0.201360
0.266000	0.198920
0.266500	0.196480
0.267000	0.194040
0.267500	0.191620
0.268000	0.189220
0.268500	0.186850
0.269000	0.184480
0.269500	0.182120
0.270000	0.179790
0.270500	0.177510
0.271000	0.175320
0.271500	0.173230
0.272000	0.171190
0.272500	0.169170
0.273000	0.167180
0.273500	0.165190
0.274000	0.163200
0.274500	0.161210
0.275000	0.159240
0.275500	0.157300
0.276000	0.155390
0.276500	0.153510
0.277000	0.151660
0.277500	0.149820
0.278000	0.148000
0.278500	0.146200
0.279000	0.144420
0.279500	0.142670
0.280000	0.140950
0.280500	0.139250
0.281000	0.137580
0.281500	0.135930
0.282000	0.134300
0.282500	0.132700
0.283000	0.131120
0.283500	0.129570
0.284000	0.128060
0.284500	0.126580
0.285000	0.125150
0.285500	0.123760
0.286000	0.122400
0.286500	0.121080
0.287000	0.119800
0.287500	0.118560
0.288000	0.117340
0.288500	0.116140
0.289000	0.114950
0.289500	0.113790
0.290000	0.112640
0.290500	0.111490
0.291000	0.110350
0.291500	0.109220
0.292000	0.108090
0.292500	0.106970
0.293000	0.105900
0.293500	0.104890
0.294000	0.103900
0.294500	0.102910
0.295000	0.101930
0.295500	0.100940
0.296000	0.099942
0.296500	0.098945
0.297000	0.097953
0.297500	0.096976
0.298000	0.096015
0.298500	0.095067
0.299000	0.094123
0.299500	0.093177
0.300000	0.092230
0.300500	0.091283
0.301000	0.090337
0.301500	0.089392
0.302000	0.088454
0.302500	0.087523
0.303000	0.086595
0.303500	0.085669
0.304000	0.084757
0.304500	0.083856
0.305000	0.082953
0.305500	0.082034
0.306000	0.081093
0.306500	0.080136
0.307000	0.079167
0.307500	0.078190
0.308000	0.077195
0.308500	0.076185
0.309000	0.075175
0.309500	0.074181
0.310000	0.073211
0.310500	0.072268
0.311000	0.071352
0.311500	0.070463
0.312000	0.069623
0.312500	0.068837
0.313000	0.068094
0.313500	0.067386
0.314000	0.066697
0.314500	0.066032
0.315000	0.065400
0.315500	0.064815
0.316000	0.064252
0.316500	0.063696
0.317000	0.063146
0.317500	0.062602
0.318000	0.062061
0.318500	0.061525
0.319000	0.060996
0.319500	0.060479
0.320000	0.059986
0.320500	0.059524
0.321000	0.059085
0.321500	0.058662
0.322000	0.058251
0.322500	0.057855
0.323000	0.057470
0.323500	0.057096
0.324000	0.056736
0.324500	0.056395
0.325000	0.056070
0.325500	0.055759
0.326000	0.055473
0.326500	0.055222
0.327000	0.055007
0.327500	0.054825
0.328000	0.054678
0.328500	0.054566
0.329000	0.054489
0.329500	0.054445
0.330000	0.054423
0.330500	0.054416
0.331000	0.054431
0.331500	0.054471
0.332000	0.054531
0.332500	0.054601
0.333000	0.054682
0.333500	0.054776
0.334000	0.054879
0.334500	0.054992
0.335000	0.055116
0.335500	0.055253
0.336000	0.055406
0.336500	0.055575
0.337000	0.055761
0.337500	0.055962
0.338000	0.056176
0.338500	0.056403
0.339000	0.056644
0.339500	0.056900
0.340000	0.057167
0.340500	0.057442
0.341000	0.057729
0.341500	0.058033
0.342000	0.058347
0.342500	0.058666
0.343000	0.058988
0.343500	0.059313
0.344000	0.059643
0.344500	0.059979
0.345000	0.060317
0.345500	0.060648
0.346000	0.060966
0.346500	0.061267
0.347000	0.061555
0.347500	0.061834
0.348000	0.062110
0.348500	0.062378
0.349000	0.062629
0.349500	0.062857
0.350000	0.063062
0.350500	0.063259
0.351000	0.063451
0.351500	0.063638
0.352000	0.063823
0.352500	0.064005
0.353000	0.064186
0.353500	0.064368
0.354000	0.064557
0.354500	0.064760
0.355000	0.064974
0.355500	0.065199
0.356000	0.065447
0.356500	0.065745
0.357000	0.066091
0.357500	0.066482
0.358000	0.066908
0.358500	0.067353
0.359000	0.067816
0.359500	0.068299
0.360000	0.068796
0.360500	0.069298
0.361000	0.069805
0.361500	0.070321
0.362000	0.070846
0.362500	0.071379
0.363000	0.071922
0.363500	0.072477
0.364000	0.073046
0.364500	0.073629
0.365000	0.074229
0.365500	0.074845
0.366000	0.075473
0.366500	0.076108
0.367000	0.076750
0.367500	0.077401
0.368000	0.078061
0.368500	0.078727
0.369000	0.079392
0.369500	0.080054
0.370000	0.080706
0.370500	0.081354
0.371000	0.081999
0.371500	0.082647
0.372000	0.083303
0.372500	0.083975
0.373000	0.084651
0.373500	0.085315
0.374000	0.085956
0.374500	0.086579
0.375000	0.087190
0.375500	0.087794
0.376000	0.088396
0.376500	0.088989
0.377000	0.089579
0.377500	0.090174
0.378000	0.090780
0.378500	0.091404
0.379000	0.092044
0.379500	0.092695
0.380000	0.093359
0.380500	0.094046
0.381000	0.094758
0.381500	0.095492
0.382000	0.096249
0.382500	0.097027
0.383000	0.097826
0.383500	0.098644
0.384000	0.099479
0.384500	0.100330
0.385000	0.101190
0.385500	0.102070
0.386000	0.102960
0.386500	0.103870
0.387000	0.104800
0.387500	0.105750
0.388000	0.106730
0.388500	0.107720
0.389000	0.108720
0.389500	0.109730
0.390000	0.110760
0.390500	0.111780
0.391000	0.112810
0.391500	0.113840
0.392000	0.114880
0.392500	0.115920
0.393000	0.116970
0.393500	0.118040
0.394000	0.119130
0.394500	0.120240
0.395000	0.121370
0.395500	0.122480
0.396000	0.123580
0.396500	0.124670
0.397000	0.125750
0.397500	0.126840
0.398000	0.127940
0.398500	0.129070
0.399000	0.130200
0.399500	0.131320
0.400000	0.132420
0.400500	0.133510
0.401000	0.134600
0.401500	0.135680
0.402000	0.136760
0.402500	0.137840
0.403000	0.138920
0.403500	0.140000
0.404000	0.141080
0.404500	0.142150
0.405000	0.143230
0.405500	0.144310
0.406000	0.145380
0.406500	0.146430
0.407000	0.147460
0.407500	0.148470
0.408000	0.149470
0.408500	0.150460
0.409000	0.151440
0.409500	0.152420
0.410000	0.153390
0.410500	0.154350
0.411000	0.155310
0.411500	0.156260
0.412000	0.157190
0.412500	0.158120
0.413000	0.159030
0.413500	0.159920
0.414000	0.160800
0.414500	0.161660
0.415000	0.162520
0.415500	0.163370
0.416000	0.164240
0.416500	0.165120
0.417000	0.166020
0.417500	0.166920
0.418000	0.167850
0.418500	0.168800
0.419000	0.169780
0.419500	0.170790
0.420000	0.171820
0.420500	0.172870
0.421000	0.173930
0.421500	0.175010
0.422000	0.176090
0.422500	0.177180
0.423000	0.178280
0.423500	0.179410
0.424000	0.180550
0.424500	0.181760
0.425000	0.183030
0.425500	0.184330
0.426000	0.185660
0.426500	0.187020
0.427000	0.188430
0.427500	0.189900
0.428000	0.191440
0.428500	0.193070
0.429000	0.194740
0.429500	0.196420
0.430000	0.198050
0.430500	0.199640
0.431000	0.201200
0.431500	0.202710
0.432000	0.204170
0.432500	0.205540
0.433000	0.206830
0.433500	0.208040
0.434000	0.209180
0.434500	0.210290
0.435000	0.211390
0.435500	0.212470
0.436000	0.213530
0.436500	0.214570
0.437000	0.215620
0.437500	0.216660
0.438000	0.217720
0.438500	0.218780
0.439000	0.219840
0.439500	0.220920
0.440000	0.221990
0.440500	0.223080
0.441000	0.224180
0.441500	0.225300
0.442000	0.226420
0.442500	0.227550
0.443000	0.228710
0.443500	0.229880
0.444000	0.231080
0.444500	0.232290
0.445000	0.233500
0.445500	0.234720
0.446000	0.235940
0.446500	0.237170
0.447000	0.238400
0.447500	0.239620
0.448000	0.240840
0.448500	0.242050
0.449000	0.243240
0.449500	0.244420
0.450000	0.245600
0.450500	0.246760
0.451000	0.247930
0.451500	0.249090
0.452000	0.250240
0.452500	0.251390
0.453000	0.252540
0.453500	0.253690
0.454000	0.254820
0.454500	0.255950
0.455000	0.257060
0.455500	0.258180
0.456000	0.259290
0.456500	0.260380
0.457000	0.261460
0.457500	0.262550
0.458000	0.263660
0.458500	0.264830
0.459000	0.266030
0.459500	0.267270
0.460000	0.268520
0.460500	0.269760
0.461000	0.271010
0.461500	0.272270
0.462000	0.273550
0.462500	0.274850
0.463000	0.276140
0.463500	0.277440
0.464000	0.278740
0.464500	0.280050
0.465000	0.281350
0.465500	0.282660
0.466000	0.283960
0.466500	0.285260
0.467000	0.286560
0.467500	0.287860
0.468000	0.289150
0.468500	0.290440
0.469000	0.291720
0.469500	0.293010
0.470000	0.294290
0.470500	0.295570
0.471000	0.296850
0.471500	0.298120
0.472000	0.299400
0.472500	0.300680
0.473000	0.301950
0.473500	0.303210
0.474000	0.304470
0.474500	0.305710
0.475000	0.306930
0.475500	0.308140
0.476000	0.309350
0.476500	0.310550
0.477000	0.311740
0.477500	0.312930
0.478000	0.314100
0.478500	0.315270
0.479000	0.316430
0.479500	0.317560
0.480000	0.318680
0.480500	0.319770
0.481000	0.320870
0.481500	0.321960
0.482000	0.323050
0.482500	0.324150
0.483000	0.325240
0.483500	0.326350
0.484000	0.327450
0.484500	1013.099976
0.485000	3536.000000
0.485500	6796.000000
0.486000	10020.000000
0.486500	14402.000000
0.487000	20508.000000
0.487500	26621.000000
0.488000	31029.000000
0.488500	30532.000000
0.489000	24136.000000
0.489500	13428.000000
