0.000000	0.011268
0.000500	0.011268
0.001000	0.011268
0.001500	0.011268
0.002000	0.011268
0.002500	0.011268
0.003000	0.037308
0.003500	0.098454
0.004000	0.147930
0.004500	0.178120
0.005000	0.182030
0.005500	0.174380
0.006000	0.165450
0.006500	0.156760
0.007000	0.149760
0.007500	0.143530
0.008000	0.137440
0.008500	0.131760
0.009000	0.126880
0.009500	0.125770
0.010000	0.128770
0.010500	0.134520
0.011000	0.141950
0.011500	0.157440
0.012000	0.179640
0.012500	0.202410
0.013000	0.219700
0.013500	0.228880
0.014000	0.228820
0.014500	0.217590
0.015000	0.193270
0.015500	0.138460
0.016000	0.053146
0.016500	-0.038587
0.017000	-0.112640
0.017500	-0.170870
0.018000	-0.221830
0.018500	-0.251570
0.019000	-0.246110
0.019500	-0.204500
0.020000	-0.144800
0.020500	-0.081594
0.021000	-0.029480
0.021500	0.015858
0.022000	0.062061
0.022500	0.099551
0.023000	0.118750
0.023500	0.117230
0.024000	0.108010
0.024500	0.096412
0.025000	0.087421
0.025500	0.083728
0.026000	0.081821
0.026500	0.079582
0.027000	0.074985
0.027500	0.065519
0.028000	0.050272
0.028500	0.031095
0.029000	0.009893
0.029500	-0.014156
0.030000	-0.043706
0.030500	-0.075058
0.031000	-0.104330
0.031500	-0.130090
0.032000	-0.151400
0.032500	-0.160650
0.033000	-0.150040
0.033500	-0.112200
0.034000	-0.050161
0.034500	0.022842
0.035000	0.093199
0.035500	0.151760
0.036000	0.207370
0.036500	0.257800
0.037000	0.299120
0.037500	0.316190
0.038000	0.278060
0.038500	0.218930
0.039000	0.179150
0.039500	0.185860
0.040000	0.205400
0.040500	0.227320
0.041000	0.245810
0.041500	0.259130
0.042000	0.275950
0.042500	0.287220
0.043000	0.281920
0.043500	0.251140
0.044000	0.208250
0.044500	0.161380
0.045000	0.114890
0.045500	0.072523
0.046000	0.031355
0.046500	-0.009772
0.047000	-0.050857
0.047500	-0.091896
0.048000	-0.132710
0.048500	-0.172920
0.049000	-0.212120
0.049500	-0.247390
0.050000	-0.258610
0.050500	-0.249650
0.051000	-0.230680
0.051500	-0.210240
0.052000	-0.182510
0.052500	-0.150700
0.053000	-0.121390
0.053500	-0.101420
0.054000	-0.099920
0.054500	-0.107910
0.055000	-0.110350
0.055500	-0.092683
0.056000	-0.061007
0.056500	-0.025293
0.057000	0.010483
0.057500	0.042375
0.058000	0.069094
0.058500	0.093576
0.059000	0.119070
0.059500	0.149120
0.060000	0.194430
0.060500	0.254100
0.061000	0.321400
0.061500	0.389580
0.062000	0.475040
0.062500	0.583680
0.063000	0.693040
0.063500	0.780650
0.064000	0.827610
0.064500	0.824190
0.065000	0.761680
0.065500	0.631380
0.066000	0.454470
0.066500	0.265780
0.067000	0.077116
0.067500	-0.099693
0.068000	-0.266260
0.068500	-0.432400
0.069000	-0.598620
0.069500	-0.765440
0.070000	-0.931040
0.070500	-1.096500
0.071000	-1.266800
0.071500	-1.446900
0.072000	-1.650700
0.072500	-1.890800
0.073000	-2.151300
0.073500	-2.415700
0.074000	-2.675100
0.074500	-2.936200
0.075000	-3.197700
0.075500	-3.457500
0.076000	-3.710200
0.076500	-3.952400
0.077000	-4.193100
0.077500	-4.441700
0.078000	-4.713200
0.078500	-5.016000
0.079000	-5.337300
0.079500	-5.664300
0.080000	-6.006000
0.080500	-6.383900
0.081000	-6.764800
0.081500	-7.113800
0.082000	-7.398900
0.082500	-7.620100
0.083000	-7.795600
0.083500	-7.944100
0.084000	-8.069900
0.084500	-8.144500
0.085000	-8.205300
0.085500	-8.296500
0.086000	-8.451600
0.086500	-8.651800
0.087000	-8.893800
0.087500	-9.177900
0.088000	-9.507500
0.088500	-9.882100
0.089000	-10.274000
0.089500	-10.654000
0.090000	-10.996000
0.090500	-11.301000
0.091000	-11.577000
0.091500	-11.830000
0.092000	-12.045000
0.092500	-12.138000
0.093000	-12.116000
0.093500	-11.998000
0.094000	-11.795000
0.094500	-11.467000
0.095000	-10.985000
0.095500	-10.331000
0.096000	-9.498300
0.096500	-8.598600
0.097000	-7.649300
0.097500	-6.637100
0.098000	-5.554900
0.098500	-4.453200
0.099000	-3.349800
0.099500	-2.249100
0.100000	-1.156000
0.100500	-0.070656
0.101000	1.011600
0.101500	2.096100
0.102000	3.189900
0.102500	4.354500
0.103000	5.575100
0.103500	6.796400
0.104000	7.963700
0.104500	9.060000
0.105000	10.100000
0.105500	11.094000
0.106000	12.051000
0.106500	12.945000
0.107000	13.762000
0.107500	14.508000
0.108000	15.189000
0.108500	15.798000
0.109000	16.327000
0.109500	16.773001
0.110000	17.135000
0.110500	17.445000
0.111000	17.707001
0.111500	17.906000
0.112000	18.028999
0.112500	18.101999
0.113000	18.157000
0.113500	18.188999
0.114000	18.190001
0.114500	18.169001
0.115000	18.141001
0.115500	18.106001
0.116000	18.066000
0.116500	18.018000
0.117000	17.957001
0.117500	17.872999
0.118000	17.757999
0.118500	17.580000
0.119000	17.325001
0.119500	17.010000
0.120000	16.650999
0.120500	16.264000
0.121000	15.864000
0.121500	15.466000
0.122000	15.084000
0.122500	14.716000
0.123000	14.352000
0.123500	13.996000
0.124000	13.651000
0.124500	13.321000
0.125000	13.009000
0.125500	12.714000
0.126000	12.440000
0.126500	12.185000
0.127000	11.944000
0.127500	11.707000
0.128000	11.463000
0.128500	11.208000
0.129000	10.946000
0.129500	10.677000
0.130000	10.398000
0.130500	10.101000
0.131000	9.769200
0.131500	9.407600
0.132000	9.020200
0.132500	8.613000
0.133000	8.191500
0.133500	7.755300
0.134000	7.303700
0.134500	6.834500
0.135000	6.348100
0.135500	5.858000
0.136000	5.378900
0.136500	4.921200
0.137000	4.474500
0.137500	4.034400
0.138000	3.598200
0.138500	3.165500
0.139000	2.744300
0.139500	2.333800
0.140000	1.932200
0.140500	1.545600
0.141000	1.206500
0.141500	0.919410
0.142000	0.685140
0.142500	0.500620
0.143000	0.350420
0.143500	0.233900
0.144000	0.152220
0.144500	0.103670
0.145000	0.063112
0.145500	0.025962
0.146000	-0.005851
0.146500	-0.029979
0.147000	-0.044471
0.147500	-0.057629
0.148000	-0.079420
0.148500	-0.118060
0.149000	-0.163680
0.149500	-0.211620
0.150000	-0.260480
0.150500	-0.309480
0.151000	-0.362090
0.151500	-0.415550
0.152000	-0.465500
0.152500	-0.504660
0.153000	-0.509450
0.153500	-0.491370
0.154000	-0.469910
0.154500	-0.464210
0.155000	-0.475770
0.155500	-0.492650
0.156000	-0.505120
0.156500	-0.503350
0.157000	-0.478960
0.157500	-0.437380
0.158000	-0.387540
0.158500	-0.337460
0.159000	-0.268700
0.159500	-0.185830
0.160000	-0.109320
0.160500	-0.059954
0.161000	-0.063191
0.161500	-0.119190
0.162000	-0.219180
0.162500	-0.354380
0.163000	-0.521430
0.163500	-0.707580
0.164000	-0.889970
0.164500	-1.045800
0.165000	-1.179800
0.165500	-1.313000
0.166000	-1.446100
0.166500	-1.580200
0.167000	-1.713500
0.167500	-1.846700
0.168000	-1.983700
0.168500	-2.128400
0.169000	-2.302200
0.169500	-2.511700
0.170000	-2.738800
0.170500	-2.965200
0.171000	-3.188100
0.171500	-3.414700
0.172000	-3.641800
0.172500	-3.866400
0.173000	-4.084500
0.173500	-4.290600
0.174000	-4.479000
0.174500	-4.644200
0.175000	-4.776500
0.175500	-4.869300
0.176000	-4.931100
0.176500	-4.970500
0.177000	-4.996100
0.177500	-5.015200
0.178000	-5.033900
0.178500	-5.058500
0.179000	-5.091100
0.179500	-5.126700
0.180000	-5.165400
0.180500	-5.207800
0.181000	-5.261800
0.181500	-5.335500
0.182000	-5.414300
0.182500	-5.483200
0.183000	-5.530700
0.183500	-5.558700
0.184000	-5.568800
0.184500	-5.562600
0.185000	-5.541100
0.185500	-5.501200
0.186000	-5.439000
0.186500	-5.350800
0.187000	-5.237600
0.187500	-5.115900
0.188000	-4.986000
0.188500	-4.845700
0.189000	-4.695700
0.189500	-4.544700
0.190000	-4.392300
0.190500	-4.236900
0.191000	-4.077800
0.191500	-3.918200
0.192000	-3.758400
0.192500	-3.598200
0.193000	-3.437600
0.193500	-3.275800
0.194000	-3.113700
0.194500	-2.951900
0.195000	-2.791800
0.195500	-2.638800
0.196000	-2.491500
0.196500	-2.347100
0.197000	-2.203700
0.197500	-2.067400
0.198000	-1.939000
0.198500	-1.817400
0.199000	-1.702000
0.199500	-1.599400
0.200000	-1.514500
0.200500	-1.451400
0.201000	-1.412000
0.201500	-1.381600
0.202000	-1.355900
0.202500	-1.334800
0.203000	-1.317700
0.203500	-1.301800
0.204000	-1.286500
0.204500	-1.271800
0.205000	-1.258000
0.205500	-1.247000
0.206000	-1.238600
0.206500	-1.232200
0.207000	-1.228300
0.207500	-1.253600
0.208000	-1.301100
0.208500	-1.344100
0.209000	-1.356800
0.209500	-1.339800
0.210000	-1.304300
0.210500	-1.255800
0.211000	-1.199700
0.211500	-1.141600
0.212000	-1.074000
0.212500	-0.985790
0.213000	-0.866260
0.213500	-0.722320
0.214000	-0.567370
0.214500	-0.410610
0.215000	-0.260860
0.215500	-0.114150
0.216000	0.027899
0.216500	0.157680
0.217000	0.266130
0.217500	0.306480
0.218000	0.277900
0.218500	0.205950
0.219000	0.116110
0.219500	0.024496
0.220000	-0.069178
0.220500	-0.166720
0.221000	-0.269820
0.221500	-0.375360
0.222000	-0.481940
0.222500	-0.590270
0.223000	-0.701040
0.223500	-0.821370
0.224000	-0.951440
0.224500	-1.081600
0.225000	-1.202300
0.225500	-1.311000
0.226000	-1.409900
0.226500	-1.496200
0.227000	-1.567100
0.227500	-1.628700
0.228000	-1.689400
0.228500	-1.750000
0.229000	-1.811300
0.229500	-1.873700
0.230000	-1.936400
0.230500	-1.999100
0.231000	-2.061600
0.231500	-2.120500
0.232000	-2.171500
0.232500	-2.212800
0.233000	-2.242600
0.233500	-2.250200
0.234000	-2.231600
0.234500	-2.195000
0.235000	-2.148200
0.235500	-2.092200
0.236000	-2.027200
0.236500	-1.961400
0.237000	-1.902700
0.237500	-1.852800
0.238000	-1.807800
0.238500	-1.776200
0.239000	-1.766900
0.239500	-1.785000
0.240000	-1.818800
0.240500	-1.861600
0.241000	-1.907700
0.241500	-1.956300
0.242000	-2.016600
0.242500	-2.076400
0.243000	-2.121200
0.243500	-2.132000
0.244000	-2.102100
0.244500	-2.046800
0.245000	-1.982300
0.245500	-1.910800
0.246000	-1.823000
0.246500	-1.739000
0.247000	-1.679700
0.247500	-1.649300
0.248000	-1.622500
0.248500	-1.597600
0.249000	-1.573400
0.249500	-1.550300
0.250000	-1.529300
0.250500	-1.508100
0.251000	-1.484100
0.251500	-1.448900
0.252000	-1.391100
0.252500	-1.315600
0.253000	-1.227300
0.253500	-1.131700
0.254000	-1.032900
0.254500	-0.932150
0.255000	-0.830210
0.255500	-0.726070
0.256000	-0.615490
0.256500	-0.503900
0.257000	-0.397700
0.257500	-0.309350
0.258000	-0.260720
0.258500	-0.239020
0.259000	-0.228130
0.259500	-0.224410
0.260000	-0.253510
0.260500	-0.283420
0.261000	-0.276010
0.261500	-0.210280
0.262000	-0.135330
0.262500	-0.058818
0.263000	0.018161
0.263500	0.095279
0.264000	0.174140
0.264500	0.253010
0.265000	0.329780
0.265500	0.387210
0.266000	0.373590
0.266500	0.308990
0.267000	0.220960
0.267500	0.131230
0.268000	0.034719
0.268500	-0.063393
0.269000	-0.155880
0.269500	-0.238490
0.270000	-0.318070
0.270500	-0.393140
0.271000	-0.461000
0.271500	-0.519200
0.272000	-0.568050
0.272500	-0.609410
0.273000	-0.645180
0.273500	-0.676910
0.274000	-0.703030
0.274500	-0.723610
0.275000	-0.739420
0.275500	-0.751070
0.276000	-0.755880
0.276500	-0.748970
0.277000	-0.725510
0.277500	-0.681430
0.278000	-0.621940
0.278500	-0.552950
0.279000	-0.479280
0.279500	-0.403980
0.280000	-0.317690
0.280500	-0.226720
0.281000	-0.141680
0.281500	-0.074772
0.282000	-0.045515
0.282500	-0.050602
0.283000	-0.081948
0.283500	-0.132900
0.284000	-0.206030
0.284500	-0.289040
0.285000	-0.365930
0.285500	-0.424260
0.286000	-0.480640
0.286500	-0.526480
0.287000	-0.545180
0.287500	-0.524580
0.288000	-0.494430
0.288500	-0.464000
0.289000	-0.433630
0.289500	-0.403640
0.290000	-0.373860
0.290500	-0.344100
0.291000	-0.314250
0.291500	-0.283390
0.292000	-0.245310
0.292500	-0.201370
0.293000	-0.154940
0.293500	-0.106780
0.294000	-0.040950
0.294500	0.032019
0.295000	0.094997
0.295500	0.131360
0.296000	0.145820
0.296500	0.148440
0.297000	0.143420
0.297500	0.134990
0.298000	0.126070
0.298500	0.116990
0.299000	0.107770
0.299500	0.097828
0.300000	0.072015
0.300500	0.042223
0.301000	0.033214
0.301500	0.068496
0.302000	0.125350
0.302500	0.184910
0.303000	0.245350
0.303500	0.304910
0.304000	0.363910
0.304500	0.422940
0.305000	0.481950
0.305500	0.540090
0.306000	0.575600
0.306500	0.592540
0.307000	0.609720
0.307500	0.646010
0.308000	0.713580
0.308500	0.798970
0.309000	0.883600
0.309500	0.949650
0.310000	1.004200
0.310500	1.043000
0.311000	1.049600
0.311500	1.008500
0.312000	0.939880
0.312500	0.863480
0.313000	0.787000
0.313500	0.717800
0.314000	0.652580
0.314500	0.588380
0.315000	0.526090
0.315500	0.467310
0.316000	0.431470
0.316500	0.412060
0.317000	0.388900
0.317500	0.341810
0.318000	0.266630
0.318500	0.178920
0.319000	0.088042
0.319500	0.003399
0.320000	-0.076195
0.320500	-0.152870
0.321000	-0.218670
0.321500	-0.265650
0.322000	-0.277300
0.322500	-0.252990
0.323000	-0.208510
0.323500	-0.159680
0.324000	-0.104590
0.324500	-0.038721
0.325000	0.026076
0.325500	0.077944
0.326000	0.109460
0.326500	0.118160
0.327000	0.099593
0.327500	0.049332
0.328000	-0.026363
0.328500	-0.117040
0.329000	-0.220800
0.329500	-0.335780
0.330000	-0.461390
0.330500	-0.593380
0.331000	-0.724460
0.331500	-0.847300
0.332000	-0.958230
0.332500	-1.059500
0.333000	-1.152900
0.333500	-1.239800
0.334000	-1.316300
0.334500	-1.375500
0.335000	-1.415600
0.335500	-1.434500
0.336000	-1.433000
0.336500	-1.413600
0.337000	-1.376500
0.337500	-1.321900
0.338000	-1.252400
0.338500	-1.175900
0.339000	-1.101300
0.339500	-1.037500
0.340000	-0.983010
0.340500	-0.929980
0.341000	-0.876950
0.341500	-0.822470
0.342000	-0.767300
0.342500	-0.711520
0.343000	-0.652730
0.343500	-0.588510
0.344000	-0.513220
0.344500	-0.423860
0.345000	-0.329040
0.345500	-0.237620
0.346000	-0.153840
0.346500	-0.072588
0.347000	0.005772
0.347500	0.080639
0.348000	0.147110
0.348500	0.197900
0.349000	0.236200
0.349500	0.265520
0.350000	0.288550
0.350500	0.303160
0.351000	0.305400
0.351500	0.291330
0.352000	0.261280
0.352500	0.224790
0.353000	0.186770
0.353500	0.151930
0.354000	0.119050
0.354500	0.083462
0.355000	0.054671
0.355500	0.042578
0.356000	0.047737
0.356500	0.055049
0.357000	0.063300
0.357500	0.071790
0.358000	0.080118
0.358500	0.088534
0.359000	0.096966
0.359500	0.105330
0.360000	0.114580
0.360500	0.123890
0.361000	0.127860
0.361500	0.120990
0.362000	0.099464
0.362500	0.067071
0.363000	0.029168
0.363500	-0.008919
0.364000	-0.045637
0.364500	-0.084884
0.365000	-0.124250
0.365500	-0.161110
0.366000	-0.185080
0.366500	-0.181830
0.367000	-0.156040
0.367500	-0.112940
0.368000	-0.054514
0.368500	0.017533
0.369000	0.092345
0.369500	0.158820
0.370000	0.214130
0.370500	0.267300
0.371000	0.313440
0.371500	0.347200
0.372000	0.364010
0.372500	0.367970
0.373000	0.367930
0.373500	0.372750
0.374000	0.387980
0.374500	0.404930
0.375000	0.422260
0.375500	0.439850
0.376000	0.458120
0.376500	0.478500
0.377000	0.499620
0.377500	0.519820
0.378000	0.534330
0.378500	0.527520
0.379000	0.493760
0.379500	0.428750
0.380000	0.333830
0.380500	0.230570
0.381000	0.123450
0.381500	0.014562
0.382000	-0.096165
0.382500	-0.213390
0.383000	-0.330800
0.383500	-0.440930
0.384000	-0.528710
0.384500	-0.566390
0.385000	-0.568440
0.385500	-0.553420
0.386000	-0.535020
0.386500	-0.507830
0.387000	-0.479210
0.387500	-0.458440
0.388000	-0.452440
0.388500	-0.454560
0.389000	-0.458650
0.389500	-0.459220
0.390000	-0.452230
0.390500	-0.440560
0.391000	-0.424760
0.391500	-0.404900
0.392000	-0.380530
0.392500	-0.348890
0.393000	-0.308230
0.393500	-0.257000
0.394000	-0.193600
0.394500	-0.119580
0.395000	-0.040898
0.395500	0.036285
0.396000	0.110390
0.396500	0.189860
0.397000	0.260790
0.397500	0.306940
0.398000	0.313080
0.398500	0.283000
0.399000	0.234130
0.399500	0.183700
0.400000	0.145380
0.400500	0.102930
0.401000	0.063521
0.401500	0.042173
0.402000	0.052252
0.402500	0.085357
0.403000	0.129040
0.403500	0.173050
0.404000	0.208450
0.404500	0.240950
0.405000	0.273310
0.405500	0.305870
0.406000	0.339000
0.406500	0.373390
0.407000	0.409860
0.407500	0.449190
0.408000	0.494430
0.408500	0.562240
0.409000	0.644100
0.409500	0.725510
0.410000	0.793890
0.410500	0.855810
0.411000	0.910420
0.411500	0.953130
0.412000	0.979100
0.412500	0.984810
0.413000	0.974680
0.413500	0.954290
0.414000	0.929040
0.414500	0.900360
0.415000	0.866330
0.415500	0.825000
0.416000	0.774470
0.416500	0.713940
0.417000	0.643790
0.417500	0.564470
0.418000	0.475220
0.418500	0.369650
0.419000	0.256710
0.419500	0.148690
0.420000	0.056340
0.420500	-0.026043
0.421000	-0.100840
0.421500	-0.167720
0.422000	-0.226290
0.422500	-0.275990
0.423000	-0.317820
0.423500	-0.353050
0.424000	-0.383170
0.424500	-0.409010
0.425000	-0.425000
0.425500	-0.424630
0.426000	-0.402990
0.426500	-0.371070
0.427000	-0.333560
0.427500	-0.292040
0.428000	-0.247970
0.428500	-0.200060
0.429000	-0.150130
0.429500	-0.101890
0.430000	-0.058948
0.430500	-0.022309
0.431000	0.007603
0.431500	0.029622
0.432000	0.042720
0.432500	0.050881
0.433000	0.057087
0.433500	0.062294
0.434000	0.067553
0.434500	0.075345
0.435000	0.082218
0.435500	0.082500
0.436000	0.069944
0.436500	0.025699
0.437000	-0.043010
0.437500	-0.117030
0.438000	-0.177850
0.438500	-0.231410
0.439000	-0.283640
0.439500	-0.332030
0.440000	-0.374040
0.440500	-0.406850
0.441000	-0.430310
0.441500	-0.445090
0.442000	-0.451990
0.442500	-0.454500
0.443000	-0.455380
0.443500	-0.456180
0.444000	-0.458620
0.444500	-0.467600
0.445000	-0.479360
0.445500	-0.486550
0.446000	-0.481500
0.446500	-0.450630
0.447000	-0.398900
0.447500	-0.338680
0.448000	-0.281820
0.448500	-0.222910
0.449000	-0.160160
0.449500	-0.098771
0.450000	-0.045266
0.450500	-0.037220
0.451000	-0.061823
0.451500	-0.080905
0.452000	-0.056815
0.452500	0.016430
0.453000	0.112390
0.453500	0.206170
0.454000	0.273820
0.454500	0.326020
0.455000	0.367190
0.455500	0.387960
0.456000	0.379050
0.456500	0.340450
0.457000	0.286250
0.457500	0.231450
0.458000	0.191040
0.458500	0.159670
0.459000	0.129600
0.459500	0.112270
0.460000	0.119120
0.460500	0.143160
0.461000	0.169160
0.461500	0.196200
0.462000	0.223390
0.462500	0.251530
0.463000	0.280930
0.463500	0.309900
0.464000	0.336720
0.464500	0.341350
0.465000	0.310160
0.465500	0.251080
0.466000	0.172030
0.466500	0.084124
0.467000	-0.005688
0.467500	-0.095686
0.468000	-0.184130
0.468500	-0.270700
0.469000	-0.356200
0.469500	-0.440620
0.470000	-0.523960
0.470500	-0.601860
0.471000	-0.659550
0.471500	-0.681330
0.472000	-0.651520
0.472500	-0.589580
0.473000	-0.525890
0.473500	-0.461180
0.474000	-0.396210
0.474500	-0.327330
0.475000	-0.255560
0.475500	-0.188560
0.476000	-0.134020
0.476500	-0.106730
0.477000	-0.106300
0.477500	-0.117620
0.478000	-0.125610
0.478500	-0.126920
0.479000	-0.128360
0.479500	-0.130120
0.480000	-0.132370
0.480500	-0.137800
0.481000	-0.147350
0.481500	-0.158550
0.482000	-0.168920
0.482500	-0.170320
0.483000	-0.156890
0.483500	-0.129600
0.484000	-0.089395
0.484500	1012.700012
0.485000	3535.699951
0.485500	6795.700195
0.486000	10020.000000
0.486500	14402.000000
0.487000	20507.000000
0.487500	26621.000000
0.488000	31029.000000
0.488500	30532.000000
0.489000	24136.000000
0.489500	13428.000000
