0.000000	-0.001208
0.000500	-0.003646
0.001000	-0.006204
0.001500	-0.008863
0.002000	-0.011437
0.002500	-0.013895
0.003000	-0.016489
0.003500	-0.019162
0.004000	-0.021899
0.004500	-0.024806
0.005000	-0.027777
0.005500	-0.030855
0.006000	-0.033927
0.006500	-0.036786
0.007000	-0.039583
0.007500	-0.042429
0.008000	-0.045378
0.008500	-0.048375
0.009000	-0.051580
0.009500	-0.054849
0.010000	-0.057792
0.010500	-0.060861
0.011000	-0.064045
0.011500	-0.067166
0.012000	-0.070265
0.012500	-0.073234
0.013000	-0.076182
0.013500	-0.079186
0.014000	-0.082201
0.014500	-0.085245
0.015000	-0.088182
0.015500	-0.090988
0.016000	-0.093678
0.016500	-0.096314
0.017000	-0.098937
0.017500	-0.101280
0.018000	-0.103670
0.018500	-0.106570
0.019000	-0.109370
0.019500	-0.111810
0.020000	-0.114220
0.020500	-0.116760
0.021000	-0.119420
0.021500	-0.122080
0.022000	-0.124690
0.022500	-0.127140
0.023000	-0.129590
0.023500	-0.132070
0.024000	-0.134400
0.024500	-0.136530
0.025000	-0.138580
0.025500	-0.140840
0.026000	-0.143230
0.026500	-0.145520
0.027000	-0.147740
0.027500	-0.149760
0.028000	-0.151740
0.028500	-0.153910
0.029000	-0.156000
0.029500	-0.157750
0.030000	-0.159390
0.030500	-0.161020
0.031000	-0.162510
0.031500	-0.164110
0.032000	-0.165780
0.032500	-0.167400
0.033000	-0.169080
0.033500	-0.170790
0.034000	-0.172480
0.034500	-0.174080
0.035000	-0.175690
0.035500	-0.177100
0.036000	-0.178270
0.036500	-0.179450
0.037000	-0.180670
0.037500	-0.181750
0.038000	-0.182880
0.038500	-0.184050
0.039000	-0.185190
0.039500	-0.186320
0.040000	-0.187400
0.040500	-0.188580
0.041000	-0.189570
0.041500	-0.190410
0.042000	-0.191300
0.042500	-0.192110
0.043000	-0.192860
0.043500	-0.193540
0.044000	-0.194060
0.044500	-0.194590
0.045000	-0.194920
0.045500	-0.195150
0.046000	-0.195420
0.046500	-0.195420
0.047000	-0.195270
0.047500	-0.195090
0.048000	-0.195030
0.048500	-0.194960
0.049000	-0.194670
0.049500	-0.194420
0.050000	-0.194090
0.050500	-0.193820
0.051000	-0.193530
0.051500	-0.192990
0.052000	-0.192500
0.052500	-0.191820
0.053000	-0.190900
0.053500	-0.189740
0.054000	-0.188460
0.054500	-0.186950
0.055000	-0.184910
0.055500	-0.182580
0.056000	-0.179990
0.056500	-0.177030
0.057000	-0.173740
0.057500	-0.170050
0.058000	-0.166140
0.058500	-0.161730
0.059000	-0.156730
0.059500	-0.151410
0.060000	-0.145730
0.060500	-0.139850
0.061000	-0.133860
0.061500	-0.127560
0.062000	-0.120860
0.062500	-0.113820
0.063000	-0.106030
0.063500	-0.097352
0.064000	-0.088231
0.064500	-0.078965
0.065000	-0.069950
0.065500	-0.061086
0.066000	-0.051913
0.066500	-0.042270
0.067000	-0.032078
0.067500	-0.021411
0.068000	-0.010664
0.068500	-0.000090
0.069000	0.010337
0.069500	0.020844
0.070000	0.031510
0.070500	0.042441
0.071000	0.053823
0.071500	0.065585
0.072000	0.077625
0.072500	0.089826
0.073000	0.101810
0.073500	0.113680
0.074000	0.125580
0.074500	0.137520
0.075000	0.150060
0.075500	0.163860
0.076000	0.179000
0.076500	0.195640
0.077000	0.213760
0.077500	0.233590
0.078000	0.255490
0.078500	0.279000
0.079000	0.303250
0.079500	0.327690
0.080000	0.352000
0.080500	0.376190
0.081000	0.401940
0.081500	0.430620
0.082000	0.462890
0.082500	0.498300
0.083000	0.536340
0.083500	0.575350
0.084000	0.615100
0.084500	0.655600
0.085000	0.694900
0.085500	0.732840
0.086000	0.766390
0.086500	0.791040
0.087000	0.803600
0.087500	0.802120
0.088000	0.786520
0.088500	0.757680
0.089000	0.718800
0.089500	0.671240
0.090000	0.613700
0.090500	0.550110
0.091000	0.486910
0.091500	0.426090
0.092000	0.363290
0.092500	0.296230
0.093000	0.226050
0.093500	0.153930
0.094000	0.080335
0.094500	0.006919
0.095000	-0.060362
0.095500	-0.117080
0.096000	-0.162940
0.096500	-0.202440
0.097000	-0.240030
0.097500	-0.276880
0.098000	-0.314180
0.098500	-0.353710
0.099000	-0.397500
0.099500	-0.446830
0.100000	-0.503280
0.100500	-0.567750
0.101000	-0.639470
0.101500	-0.718250
0.102000	-0.802470
0.102500	-0.889370
0.103000	-0.977350
0.103500	-1.063600
0.104000	-1.144200
0.104500	-1.219200
0.105000	-1.290800
0.105500	-1.362000
0.106000	-1.435900
0.106500	-1.513700
0.107000	-1.594000
0.107500	-1.673300
0.108000	-1.747300
0.108500	-1.812500
0.109000	-1.867200
0.109500	-1.909800
0.110000	-1.938900
0.110500	-1.954600
0.111000	-1.958300
0.111500	-1.950200
0.112000	-1.930100
0.112500	-1.897500
0.113000	-1.851700
0.113500	-1.797300
0.114000	-1.741900
0.114500	-1.690700
0.115000	-1.645200
0.115500	-1.603400
0.116000	-1.561600
0.116500	-1.511900
0.117000	-1.444700
0.117500	-1.353200
0.118000	-1.236200
0.118500	-1.101700
0.119000	-0.967580
0.119500	-0.851440
0.120000	-0.762980
0.120500	-0.708290
0.121000	-0.687350
0.121500	-0.688320
0.122000	-0.695980
0.122500	-0.699680
0.123000	-0.692600
0.123500	-0.670860
0.124000	-0.634080
0.124500	-0.584690
0.125000	-0.529220
0.125500	-0.474730
0.126000	-0.425130
0.126500	-0.383530
0.127000	-0.349350
0.127500	-0.318250
0.128000	-0.286410
0.128500	-0.250110
0.129000	-0.209300
0.129500	-0.165830
0.130000	-0.123640
0.130500	-0.087987
0.131000	-0.062615
0.131500	-0.051264
0.132000	-0.055678
0.132500	-0.073457
0.133000	-0.098732
0.133500	-0.127750
0.134000	-0.154300
0.134500	-0.165440
0.135000	-0.151170
0.135500	-0.108560
0.136000	-0.034411
0.136500	0.071396
0.137000	0.199290
0.137500	0.336340
0.138000	0.469810
0.138500	0.588310
0.139000	0.684480
0.139500	0.754390
0.140000	0.799680
0.140500	0.825240
0.141000	0.836860
0.141500	0.842220
0.142000	0.848040
0.142500	0.859700
0.143000	0.881080
0.143500	0.912950
0.144000	0.954110
0.144500	1.001400
0.145000	1.050200
0.145500	1.096500
0.146000	1.138500
0.146500	1.176300
0.147000	1.211700
0.147500	1.246000
0.148000	1.280800
0.148500	1.317000
0.149000	1.354300
0.149500	1.391900
0.150000	1.429700
0.150500	1.467700
0.151000	1.506500
0.151500	1.546400
0.152000	1.587500
0.152500	1.629700
0.153000	1.671700
0.153500	1.710100
0.154000	1.741400
0.154500	1.765300
0.155000	1.781400
0.155500	1.787100
0.156000	1.784700
0.156500	1.781400
0.157000	1.781800
0.157500	1.787200
0.158000	1.801000
0.158500	1.826000
0.159000	1.861000
0.159500	1.903100
0.160000	1.948300
0.160500	1.991600
0.161000	2.028200
0.161500	2.055800
0.162000	2.075300
0.162500	2.087900
0.163000	2.094600
0.163500	2.097200
0.164000	2.096800
0.164500	2.093800
0.165000	2.088000
0.165500	2.079100
0.166000	2.067200
0.166500	2.052200
0.167000	2.034300
0.167500	2.015100
0.168000	1.996100
0.168500	1.977800
0.169000	1.960100
0.169500	1.943100
0.170000	1.926700
0.170500	1.910400
0.171000	1.894800
0.171500	1.880800
0.172000	1.868200
0.172500	1.856200
0.173000	1.844600
0.173500	1.832300
0.174000	1.818400
0.174500	1.802300
0.175000	1.783000
0.175500	1.761100
0.176000	1.738100
0.176500	1.716300
0.177000	1.698500
0.177500	1.686700
0.178000	1.681900
0.178500	1.685400
0.179000	1.697100
0.179500	1.714000
0.180000	1.731000
0.180500	1.744300
0.181000	1.750600
0.181500	1.747300
0.182000	1.736100
0.182500	1.721000
0.183000	1.708100
0.183500	1.703000
0.184000	1.706900
0.184500	1.719200
0.185000	1.735100
0.185500	1.749300
0.186000	1.758900
0.186500	1.760600
0.187000	1.754900
0.187500	1.747100
0.188000	1.741200
0.188500	1.739100
0.189000	1.742700
0.189500	1.753400
0.190000	1.769900
0.190500	1.789900
0.191000	1.811200
0.191500	1.830900
0.192000	1.846700
0.192500	1.858200
0.193000	1.864400
0.193500	1.863600
0.194000	1.855700
0.194500	1.840000
0.195000	1.816200
0.195500	1.785800
0.196000	1.752100
0.196500	1.717600
0.197000	1.685600
0.197500	1.660600
0.198000	1.645100
0.198500	1.639600
0.199000	1.643000
0.199500	1.653300
0.200000	1.667400
0.200500	1.682300
0.201000	1.697100
0.201500	1.712000
0.202000	1.726600
0.202500	1.741300
0.203000	1.756200
0.203500	1.769900
0.204000	1.780500
0.204500	1.786000
0.205000	1.784900
0.205500	1.775600
0.206000	1.757900
0.206500	1.733300
0.207000	1.704600
0.207500	1.674400
0.208000	1.645900
0.208500	1.621300
0.209000	1.601600
0.209500	1.586900
0.210000	1.576300
0.210500	1.568600
0.211000	1.561700
0.211500	1.554000
0.212000	1.544900
0.212500	1.533900
0.213000	1.521100
0.213500	1.507200
0.214000	1.493300
0.214500	1.480500
0.215000	1.469700
0.215500	1.461100
0.216000	1.454600
0.216500	1.449600
0.217000	1.445400
0.217500	1.441200
0.218000	1.436100
0.218500	1.430100
0.219000	1.422900
0.219500	1.414700
0.220000	1.405600
0.220500	1.395600
0.221000	1.385100
0.221500	1.374000
0.222000	1.362900
0.222500	1.352300
0.223000	1.341900
0.223500	1.331200
0.224000	1.320600
0.224500	1.309900
0.225000	1.298500
0.225500	1.286400
0.226000	1.274900
0.226500	1.264000
0.227000	1.253700
0.227500	1.244300
0.228000	1.235900
0.228500	1.228900
0.229000	1.222400
0.229500	1.216200
0.230000	1.210100
0.230500	1.204100
0.231000	1.198200
0.231500	1.192100
0.232000	1.186100
0.232500	1.180600
0.233000	1.175600
0.233500	1.170500
0.234000	1.165400
0.234500	1.159800
0.235000	1.153800
0.235500	1.147500
0.236000	1.140500
0.236500	1.133100
0.237000	1.125800
0.237500	1.118300
0.238000	1.110700
0.238500	1.103100
0.239000	1.096000
0.239500	1.089800
0.240000	1.084000
0.240500	1.078200
0.241000	1.072200
0.241500	1.065300
0.242000	1.057600
0.242500	1.049500
0.243000	1.040400
0.243500	1.030000
0.244000	1.019100
0.244500	1.008600
0.245000	0.998980
0.245500	0.989900
0.246000	0.981940
0.246500	0.974720
0.247000	0.967760
0.247500	0.961470
0.248000	0.955540
0.248500	0.950130
0.249000	0.944620
0.249500	0.938830
0.250000	0.933080
0.250500	0.927220
0.251000	0.921270
0.251500	0.914920
0.252000	0.907870
0.252500	0.899930
0.253000	0.891770
0.253500	0.883800
0.254000	0.876160
0.254500	0.869130
0.255000	0.863020
0.255500	0.857810
0.256000	0.853120
0.256500	0.848910
0.257000	0.845560
0.257500	0.842870
0.258000	0.840630
0.258500	0.839370
0.259000	0.838530
0.259500	0.838070
0.260000	0.838210
0.260500	0.838150
0.261000	0.837070
0.261500	0.835560
0.262000	0.833950
0.262500	0.831560
0.263000	0.828560
0.263500	0.825200
0.264000	0.821490
0.264500	0.817020
0.265000	0.811720
0.265500	0.805260
0.266000	0.796900
0.266500	0.786080
0.267000	0.773030
0.267500	0.758390
0.268000	0.742370
0.268500	0.725120
0.269000	0.706620
0.269500	0.687150
0.270000	0.667310
0.270500	0.647410
0.271000	0.627620
0.271500	0.607890
0.272000	0.588440
0.272500	0.569520
0.273000	0.550850
0.273500	0.532530
0.274000	0.515100
0.274500	0.498480
0.275000	0.482120
0.275500	0.465330
0.276000	0.447890
0.276500	0.429990
0.277000	0.411350
0.277500	0.391690
0.278000	0.371200
0.278500	0.350080
0.279000	0.328050
0.279500	0.305570
0.280000	0.283270
0.280500	0.260900
0.281000	0.238470
0.281500	0.216140
0.282000	0.194360
0.282500	0.173420
0.283000	0.151850
0.283500	0.129510
0.284000	0.107600
0.284500	0.085866
0.285000	0.064870
0.285500	0.044266
0.286000	0.023912
0.286500	0.003985
0.287000	-0.015680
0.287500	-0.034425
0.288000	-0.052795
0.288500	-0.071427
0.289000	-0.090137
0.289500	-0.108390
0.290000	-0.126680
0.290500	-0.145300
0.291000	-0.163930
0.291500	-0.182900
0.292000	-0.202100
0.292500	-0.221430
0.293000	-0.240850
0.293500	-0.260580
0.294000	-0.280450
0.294500	-0.300320
0.295000	-0.319980
0.295500	-0.339070
0.296000	-0.357590
0.296500	-0.375410
0.297000	-0.392740
0.297500	-0.409540
0.298000	-0.425910
0.298500	-0.441940
