0.000000	0.078657
0.000500	0.078657
0.001000	0.078657
0.001500	0.078657
0.002000	0.078656
0.002500	0.078656
0.003000	0.078655
0.003500	0.078654
0.004000	0.078652
0.004500	0.078650
0.005000	0.078648
0.005500	0.078646
0.006000	0.078644
0.006500	0.078641
0.007000	0.078638
0.007500	0.078635
0.008000	0.078632
0.008500	0.078628
0.009000	0.078624
0.009500	0.078620
0.010000	0.078616
0.010500	0.078611
0.011000	0.078607
0.011500	0.078602
0.012000	0.078597
0.012500	0.078593
0.013000	0.078588
0.013500	0.078583
0.014000	0.078578
0.014500	0.078573
0.015000	0.078567
0.015500	0.078562
0.016000	0.078557
0.016500	0.078552
0.017000	0.078546
0.017500	0.078541
0.018000	0.078537
0.018500	0.078532
0.019000	0.078527
0.019500	0.078522
0.020000	0.078517
0.020500	0.078512
0.021000	0.078507
0.021500	0.078501
0.022000	0.078496
0.022500	0.078491
0.023000	0.078486
0.023500	0.078481
0.024000	0.078475
0.024500	0.078470
0.025000	0.078464
0.025500	0.078458
0.026000	0.078452
0.026500	0.078446
0.027000	0.078440
0.027500	0.078434
0.028000	0.078428
0.028500	0.078422
0.029000	0.078416
0.029500	0.078410
0.030000	0.078404
0.030500	0.078397
0.031000	0.078390
0.031500	0.078383
0.032000	0.078376
0.032500	0.078369
0.033000	0.078362
0.033500	0.078354
0.034000	0.078346
0.034500	0.078338
0.035000	0.078330
0.035500	0.078322
0.036000	0.078314
0.036500	0.078306
0.037000	0.078298
0.037500	0.078289
0.038000	0.078281
0.038500	0.078272
0.039000	0.078264
0.039500	0.078255
0.040000	0.078245
0.040500	0.078236
0.041000	0.078225
0.041500	0.078215
0.042000	0.078204
0.042500	0.078193
0.043000	0.078182
0.043500	0.078171
0.044000	0.078159
0.044500	0.078147
0.045000	0.078135
0.045500	0.078124
0.046000	0.078112
0.046500	0.078100
0.047000	0.078088
0.047500	0.078076
0.048000	0.078063
0.048500	0.078051
0.049000	0.078038
0.049500	0.078025
0.050000	0.078012
0.050500	0.077999
0.051000	0.077986
0.051500	0.077972
0.052000	0.077959
0.052500	0.077945
0.053000	0.077931
0.053500	0.077917
0.054000	0.077903
0.054500	0.077888
0.055000	0.077873
0.055500	0.077857
0.056000	0.077841
0.056500	0.077823
0.057000	0.077804
0.057500	0.077783
0.058000	0.077761
0.058500	0.077737
0.059000	0.077711
0.059500	0.077683
0.060000	0.077653
0.060500	0.077619
0.061000	0.077582
0.061500	0.077543
0.062000	0.077500
0.062500	0.077453
0.063000	0.077404
0.063500	0.077350
0.064000	0.077291
0.064500	0.077227
0.065000	0.077157
0.065500	0.077082
0.066000	0.077001
0.066500	0.076914
0.067000	0.076821
0.067500	0.076721
0.068000	0.076615
0.068500	0.076502
0.069000	0.076383
0.069500	0.076258
0.070000	0.076126
0.070500	0.075988
0.071000	0.075843
0.071500	0.075691
0.072000	0.075534
0.072500	0.075370
0.073000	0.075201
0.073500	0.075025
0.074000	0.074844
0.074500	0.074655
0.075000	0.074460
0.075500	0.074256
0.076000	0.074044
0.076500	0.073823
0.077000	0.073590
0.077500	0.073346
0.078000	0.073089
0.078500	0.072818
0.079000	0.072531
0.079500	0.072229
0.080000	0.071914
0.080500	0.071590
0.081000	0.071258
0.081500	0.070918
0.082000	0.070568
0.082500	0.070202
0.083000	0.069814
0.083500	0.069400
0.084000	0.068957
0.084500	0.068483
0.085000	0.067978
0.085500	0.067440
0.086000	0.066871
0.086500	0.066276
0.087000	0.065663
0.087500	0.065042
0.088000	0.064423
0.088500	0.063817
0.089000	0.063232
0.089500	0.062672
0.090000	0.062139
0.090500	0.061636
0.091000	0.061164
0.091500	0.060728
0.092000	0.060330
0.092500	0.059971
0.093000	0.059650
0.093500	0.059369
0.094000	0.059124
0.094500	0.058909
0.095000	0.058716
0.095500	0.058537
0.096000	0.058366
0.096500	0.058202
0.097000	0.058050
0.097500	0.057917
0.098000	0.057812
0.098500	0.057742
0.099000	0.057713
0.099500	0.057724
0.100000	0.057774
0.100500	0.057859
0.101000	0.057971
0.101500	0.058106
0.102000	0.058259
0.102500	0.058428
0.103000	0.058615
0.103500	0.058825
0.104000	0.059064
0.104500	0.059337
0.105000	0.059653
0.105500	0.060016
0.106000	0.060432
0.106500	0.060904
0.107000	0.061434
0.107500	0.062019
0.108000	0.062655
0.108500	0.063336
0.109000	0.064053
0.109500	0.064796
0.110000	0.065555
0.110500	0.066320
0.111000	0.067084
0.111500	0.067843
0.112000	0.068593
0.112500	0.069335
0.113000	0.070072
0.113500	0.070807
0.114000	0.071547
0.114500	0.072296
0.115000	0.073059
0.115500	0.073838
0.116000	0.074631
0.116500	0.075438
0.117000	0.076254
0.117500	0.077081
0.118000	0.077919
0.118500	0.078776
0.119000	0.079665
0.119500	0.080605
0.120000	0.081621
0.120500	0.082738
0.121000	0.083980
0.121500	0.085361
0.122000	0.086890
0.122500	0.088567
0.123000	0.090385
0.123500	0.092332
0.124000	0.094391
0.124500	0.096545
0.125000	0.098781
0.125500	0.101090
0.126000	0.103470
0.126500	0.105940
0.127000	0.108510
0.127500	0.111180
0.128000	0.113970
0.128500	0.116880
0.129000	0.119910
0.129500	0.123070
0.130000	0.126360
0.130500	0.129790
0.131000	0.133370
0.131500	0.137120
0.132000	0.141060
0.132500	0.145210
0.133000	0.149590
0.133500	0.154230
0.134000	0.159120
0.134500	0.164240
0.135000	0.169570
0.135500	0.175050
0.136000	0.180630
0.136500	0.186260
0.137000	0.191910
0.137500	0.197580
0.138000	0.203270
0.138500	0.209030
0.139000	0.214900
0.139500	0.220950
0.140000	0.227240
0.140500	0.233810
0.141000	0.240710
0.141500	0.247940
0.142000	0.255500
0.142500	0.263390
0.143000	0.271590
0.143500	0.280090
0.144000	0.288880
0.144500	0.297970
0.145000	0.307380
0.145500	0.317100
0.146000	0.327170
0.146500	0.337600
0.147000	0.348410
0.147500	0.359600
0.148000	0.371190
0.148500	0.383200
0.149000	0.395610
0.149500	0.408450
0.150000	0.421710
0.150500	0.435380
0.151000	0.449440
0.151500	0.463890
0.152000	0.478690
0.152500	0.493820
0.153000	0.509240
0.153500	0.524920
0.154000	0.540810
0.154500	0.556870
0.155000	0.573060
0.155500	0.589350
0.156000	0.605730
0.156500	0.622160
0.157000	0.638600
0.157500	0.655000
0.158000	0.671280
0.158500	0.687370
0.159000	0.703190
0.159500	0.718680
0.160000	0.733800
0.160500	0.748540
0.161000	0.762900
0.161500	0.776890
0.162000	0.790510
0.162500	0.803750
0.163000	0.816600
0.163500	0.829050
0.164000	0.841080
0.164500	0.852680
0.165000	0.863840
0.165500	0.874550
0.166000	0.884810
0.166500	0.894620
0.167000	0.903960
0.167500	0.912840
0.168000	0.921260
0.168500	0.929220
0.169000	0.936720
0.169500	0.943760
0.170000	0.950350
0.170500	0.956490
0.171000	0.962170
0.171500	0.967380
0.172000	0.972130
0.172500	0.976410
0.173000	0.980210
0.173500	0.983540
0.174000	0.986390
0.174500	0.988780
0.175000	0.990700
0.175500	0.992180
0.176000	0.993210
0.176500	0.993810
0.177000	0.994010
0.177500	0.993800
0.178000	0.993220
0.178500	0.992250
0.179000	0.990920
0.179500	0.989220
0.180000	0.987160
0.180500	0.984720
0.181000	0.981870
0.181500	0.978590
0.182000	0.974850
0.182500	0.970600
0.183000	0.965820
0.183500	0.960490
0.184000	0.954590
0.184500	0.948140
0.185000	0.941150
0.185500	0.933670
0.186000	0.925770
0.186500	0.917530
0.187000	0.909020
0.187500	0.900320
0.188000	0.891510
0.188500	0.882620
0.189000	0.873700
0.189500	0.864750
0.190000	0.855770
0.190500	0.846780
0.191000	0.837770
0.191500	0.828740
0.192000	0.819720
0.192500	0.810720
0.193000	0.801760
0.193500	0.792870
0.194000	0.784080
0.194500	0.775420
0.195000	0.766910
0.195500	0.758580
0.196000	0.750460
0.196500	0.742550
0.197000	0.734880
0.197500	0.727440
0.198000	0.720240
0.198500	0.713260
0.199000	0.706510
0.199500	0.699970
0.200000	0.693620
0.200500	0.687470
0.201000	0.681480
0.201500	0.675660
0.202000	0.669990
0.202500	0.664470
0.203000	0.659080
0.203500	0.653820
0.204000	0.648690
0.204500	0.643680
0.205000	0.638790
0.205500	0.634030
0.206000	0.629380
0.206500	0.624860
0.207000	0.620470
0.207500	0.616200
0.208000	0.612040
0.208500	0.608010
0.209000	0.604080
0.209500	0.600250
0.210000	0.596530
0.210500	0.592890
0.211000	0.589350
0.211500	0.585890
0.212000	0.582520
0.212500	0.579240
0.213000	0.576060
0.213500	0.572960
0.214000	0.569950
0.214500	0.567040
0.215000	0.564200
0.215500	0.561450
0.216000	0.558790
0.216500	0.556200
0.217000	0.553680
0.217500	0.551240
0.218000	0.548870
0.218500	0.546570
0.219000	0.544340
0.219500	0.542170
0.220000	0.540080
0.220500	0.538050
0.221000	0.536080
0.221500	0.534170
0.222000	0.532330
0.222500	0.530550
0.223000	0.528820
0.223500	0.527150
0.224000	0.525530
0.224500	0.523970
0.225000	0.522460
0.225500	0.521010
0.226000	0.519600
0.226500	0.518240
0.227000	0.516930
0.227500	0.515670
0.228000	0.514450
0.228500	0.513260
0.229000	0.512110
0.229500	0.511000
0.230000	0.509930
0.230500	0.508880
0.231000	0.507860
0.231500	0.506880
0.232000	0.505920
0.232500	0.505000
0.233000	0.504100
0.233500	0.503230
0.234000	0.502380
0.234500	0.501560
0.235000	0.500760
0.235500	0.499990
0.236000	0.499240
0.236500	0.498510
0.237000	0.497800
0.237500	0.497110
0.238000	0.496440
0.238500	0.495800
0.239000	0.495170
0.239500	0.494560
0.240000	0.493970
0.240500	0.493390
0.241000	0.492830
0.241500	0.492280
0.242000	0.491750
0.242500	0.491230
0.243000	0.490730
0.243500	0.490240
0.244000	0.489760
0.244500	0.489300
0.245000	0.488850
0.245500	0.488410
0.246000	0.487980
0.246500	0.487570
0.247000	0.487170
0.247500	0.486770
0.248000	0.486390
0.248500	0.486020
0.249000	0.485650
0.249500	0.485290
0.250000	0.484950
0.250500	0.484610
0.251000	0.484280
0.251500	0.483970
0.252000	0.483660
0.252500	0.483360
0.253000	0.483070
0.253500	0.482790
0.254000	0.482510
0.254500	0.482250
0.255000	0.481980
0.255500	0.481720
0.256000	0.481460
0.256500	0.481210
0.257000	0.480960
0.257500	0.480700
0.258000	0.480450
0.258500	0.480200
0.259000	0.479940
0.259500	0.479680
0.260000	0.479420
0.260500	0.479150
0.261000	0.478880
0.261500	0.478600
0.262000	0.478310
0.262500	0.478020
0.263000	0.477730
0.263500	0.477420
0.264000	0.477110
0.264500	0.476790
0.265000	0.476470
0.265500	0.476150
0.266000	0.475830
0.266500	0.475500
0.267000	0.475180
0.267500	0.474860
0.268000	0.474540
0.268500	0.474230
0.269000	0.473920
0.269500	0.473630
0.270000	0.473330
0.270500	0.473050
0.271000	0.472770
0.271500	0.472500
0.272000	0.472240
0.272500	0.471980
0.273000	0.471730
0.273500	0.471480
0.274000	0.471240
0.274500	0.471010
0.275000	0.470780
0.275500	0.470560
0.276000	0.470340
0.276500	0.470130
0.277000	0.469920
0.277500	0.469730
0.278000	0.469540
0.278500	0.469360
0.279000	0.469200
0.279500	0.469040
0.280000	0.468890
0.280500	0.468760
0.281000	0.468630
0.281500	0.468520
0.282000	0.468410
0.282500	0.468320
0.283000	0.468240
0.283500	0.468170
0.284000	0.468100
0.284500	0.468040
0.285000	0.468000
0.285500	0.467960
0.286000	0.467920
0.286500	0.467900
0.287000	0.467880
0.287500	0.467870
0.288000	0.467860
0.288500	0.467870
0.289000	0.467880
0.289500	0.467900
0.290000	0.467920
0.290500	0.467960
0.291000	0.468010
0.291500	0.468060
0.292000	0.468130
0.292500	0.468200
0.293000	0.468290
0.293500	0.468380
0.294000	0.468480
0.294500	0.468600
0.295000	0.468720
0.295500	0.468860
0.296000	0.469000
0.296500	0.469160
0.297000	0.469320
0.297500	0.469490
0.298000	0.469670
0.298500	0.469860
