0.000000	0.024459
0.000500	0.024459
0.001000	0.024459
0.001500	0.024459
0.002000	0.024459
0.002500	0.024459
0.003000	0.011729
0.003500	-0.016229
0.004000	-0.037585
0.004500	-0.050957
0.005000	-0.054871
0.005500	-0.047276
0.006000	-0.033725
0.006500	-0.022182
0.007000	-0.020275
0.007500	-0.023424
0.008000	-0.028262
0.008500	-0.035991
0.009000	-0.047740
0.009500	-0.061882
0.010000	-0.077092
0.010500	-0.093076
0.011000	-0.109619
0.011500	-0.128596
0.012000	-0.149455
0.012500	-0.170204
0.013000	-0.188760
0.013500	-0.199703
0.014000	-0.200830
0.014500	-0.192011
0.015000	-0.173085
0.015500	-0.136136
0.016000	-0.082484
0.016500	-0.025927
0.017000	0.019743
0.017500	0.055347
0.018000	0.086420
0.018500	0.106257
0.019000	0.108150
0.019500	0.089298
0.020000	0.058321
0.020500	0.025650
0.021000	0.001714
0.021500	-0.015201
0.022000	-0.031580
0.022500	-0.044164
0.023000	-0.049690
0.023500	-0.047041
0.024000	-0.040618
0.024500	-0.033255
0.025000	-0.027692
0.025500	-0.026200
0.026000	-0.027340
0.026500	-0.027922
0.027000	-0.024753
0.027500	-0.016048
0.028000	-0.004014
0.028500	0.009884
0.029000	0.024238
0.029500	0.039038
0.030000	0.055703
0.030500	0.072821
0.031000	0.088889
0.031500	0.100721
0.032000	0.103843
0.032500	0.097573
0.033000	0.081341
0.033500	0.052651
0.034000	0.007658
0.034500	-0.044484
0.035000	-0.093472
0.035500	-0.132311
0.036000	-0.166873
0.036500	-0.194232
0.037000	-0.210196
0.037500	-0.204515
0.038000	-0.161803
0.038500	-0.105890
0.039000	-0.064128
0.039500	-0.053601
0.040000	-0.048021
0.040500	-0.043930
0.041000	-0.041701
0.041500	-0.042316
0.042000	-0.046714
0.042500	-0.051155
0.043000	-0.051501
0.043500	-0.043932
0.044000	-0.029668
0.044500	-0.012430
0.045000	0.004307
0.045500	0.017558
0.046000	0.029541
0.046500	0.041219
0.047000	0.052661
0.047500	0.064622
0.048000	0.080712
0.048500	0.094637
0.049000	0.098067
0.049500	0.084624
0.050000	0.066838
0.050500	0.048802
0.051000	0.030727
0.051500	0.012802
0.052000	-0.005075
0.052500	-0.022933
0.053000	-0.040757
0.053500	-0.057837
0.054000	-0.055547
0.054500	-0.038158
0.055000	-0.022769
0.055500	-0.025843
0.056000	-0.039033
0.056500	-0.053078
0.057000	-0.067024
0.057500	-0.079926
0.058000	-0.091562
0.058500	-0.102694
0.059000	-0.114125
0.059500	-0.126858
0.060000	-0.147218
0.060500	-0.175113
0.061000	-0.206736
0.061500	-0.238296
0.062000	-0.279109
0.062500	-0.332555
0.063000	-0.385953
0.063500	-0.426605
0.064000	-0.437645
0.064500	-0.413119
0.065000	-0.356647
0.065500	-0.271866
0.066000	-0.160807
0.066500	-0.033841
0.067000	0.092941
0.067500	0.203453
0.068000	0.299258
0.068500	0.391296
0.069000	0.477605
0.069500	0.556173
0.070000	0.618970
0.070500	0.667862
0.071000	0.715820
0.071500	0.775736
0.072000	0.858344
0.072500	0.957962
0.073000	1.061362
0.073500	1.155364
0.074000	1.235365
0.074500	1.309572
0.075000	1.371966
0.075500	1.416030
0.076000	1.439993
0.076500	1.454654
0.077000	1.467432
0.077500	1.485602
0.078000	1.511609
0.078500	1.538678
0.079000	1.566020
0.079500	1.593106
0.080000	1.619644
0.080500	1.644589
0.081000	1.666154
0.081500	1.682408
0.082000	1.663257
0.082500	1.565715
0.083000	1.418074
0.083500	1.250412
0.084000	1.081012
0.084500	0.887408
0.085000	0.685468
0.085500	0.496064
0.086000	0.336385
0.086500	0.205867
0.087000	0.109667
0.087500	0.054193
0.088000	0.043925
0.088500	0.074701
0.089000	0.146136
0.089500	0.258541
0.090000	0.407212
0.090500	0.568404
0.091000	0.732445
0.091500	0.891657
0.092000	1.040779
0.092500	1.185105
0.093000	1.325134
0.093500	1.460576
0.094000	1.590370
0.094500	1.702525
0.095000	1.780578
0.095500	1.808420
0.096000	1.774463
0.096500	1.709445
0.097000	1.633806
0.097500	1.560468
0.098000	1.500906
0.098500	1.449810
0.099000	1.400789
0.099500	1.349499
0.100000	1.291595
0.100500	1.220881
0.101000	1.127442
0.101500	1.000980
0.102000	0.831773
0.102500	0.632150
0.103000	0.414712
0.103500	0.184543
0.104000	-0.053345
0.104500	-0.295894
0.105000	-0.540482
0.105500	-0.783960
0.106000	-1.023140
0.106500	-1.255739
0.107000	-1.481997
0.107500	-1.702686
0.108000	-1.918177
0.108500	-2.117092
0.109000	-2.292511
0.109500	-2.443306
0.110000	-2.567869
0.110500	-2.663464
0.111000	-2.742322
0.111500	-2.820536
0.112000	-2.914522
0.112500	-3.035866
0.113000	-3.170890
0.113500	-3.298190
0.114000	-3.396521
0.114500	-3.469263
0.115000	-3.536051
0.115500	-3.599942
0.116000	-3.663350
0.116500	-3.727401
0.117000	-3.789522
0.117500	-3.847942
0.118000	-3.900728
0.118500	-3.919236
0.119000	-3.885439
0.119500	-3.813502
0.120000	-3.716941
0.120500	-3.609597
0.121000	-3.496461
0.121500	-3.378335
0.122000	-3.256347
0.122500	-3.114563
0.123000	-2.955882
0.123500	-2.808788
0.124000	-2.702089
0.124500	-2.645601
0.125000	-2.607781
0.125500	-2.576721
0.126000	-2.541154
0.126500	-2.495449
0.127000	-2.446847
0.127500	-2.399854
0.128000	-2.358333
0.128500	-2.323410
0.129000	-2.290418
0.129500	-2.258393
0.130000	-2.226045
0.130500	-2.192570
0.131000	-2.158613
0.131500	-2.123690
0.132000	-2.088124
0.132500	-2.037269
0.133000	-1.954709
0.133500	-1.862172
0.134000	-1.782187
0.134500	-1.732459
0.135000	-1.699145
0.135500	-1.670499
0.136000	-1.635898
0.136500	-1.588503
0.137000	-1.536119
0.137500	-1.478231
0.138000	-1.412956
0.138500	-1.336786
0.139000	-1.246437
0.139500	-1.150665
0.140000	-1.059270
0.140500	-0.979479
0.141000	-0.907058
0.141500	-0.842282
0.142000	-0.786342
0.142500	-0.740878
0.143000	-0.708546
0.143500	-0.689427
0.144000	-0.683327
0.144500	-0.690344
0.145000	-0.709898
0.145500	-0.734521
0.146000	-0.755716
0.146500	-0.766611
0.147000	-0.775157
0.147500	-0.779631
0.148000	-0.774690
0.148500	-0.756215
0.149000	-0.731930
0.149500	-0.705971
0.150000	-0.680398
0.150500	-0.656886
0.151000	-0.634130
0.151500	-0.612082
0.152000	-0.591257
0.152500	-0.573441
0.153000	-0.567728
0.153500	-0.569386
0.154000	-0.570512
0.154500	-0.563158
0.155000	-0.543813
0.155500	-0.518627
0.156000	-0.495066
0.156500	-0.480421
0.157000	-0.476124
0.157500	-0.478490
0.158000	-0.484429
0.158500	-0.491510
0.159000	-0.513864
0.159500	-0.546952
0.160000	-0.575002
0.160500	-0.582148
0.161000	-0.554049
0.161500	-0.493151
0.162000	-0.406198
0.162500	-0.299982
0.163000	-0.177800
0.163500	-0.046104
0.164000	0.083594
0.164500	0.199800
0.165000	0.305148
0.165500	0.409337
0.166000	0.511353
0.166500	0.610247
0.167000	0.705198
0.167500	0.797687
0.168000	0.890080
0.168500	0.984790
0.169000	1.089349
0.169500	1.202647
0.170000	1.314078
0.170500	1.413036
0.171000	1.496320
0.171500	1.571331
0.172000	1.643301
0.172500	1.717653
0.173000	1.807454
0.173500	1.915924
0.174000	2.014094
0.174500	2.072835
0.175000	2.084905
0.175500	2.086836
0.176000	2.084583
0.176500	2.083940
0.177000	2.086193
0.177500	2.087641
0.178000	2.090216
0.178500	2.096814
0.179000	2.110494
0.179500	2.132542
0.180000	2.158452
0.180500	2.184363
0.181000	2.209146
0.181500	2.236345
0.182000	2.263542
0.182500	2.287361
0.183000	2.290740
0.183500	2.255174
0.184000	2.203675
0.184500	2.159740
0.185000	2.144773
0.185500	2.152337
0.186000	2.160544
0.186500	2.147348
0.187000	2.100838
0.187500	2.048856
0.188000	1.996552
0.188500	1.944570
0.189000	1.893554
0.189500	1.842860
0.190000	1.792166
0.190500	1.741310
0.191000	1.690294
0.191500	1.637669
0.192000	1.583788
0.192500	1.528829
0.193000	1.468028
0.193500	1.387142
0.194000	1.297791
0.194500	1.214154
0.195000	1.149538
0.195500	1.101773
0.196000	1.060139
0.196500	1.014547
0.197000	0.955854
0.197500	0.888181
0.198000	0.817676
0.198500	0.749101
0.199000	0.686417
0.199500	0.626357
0.200000	0.570802
0.200500	0.523407
0.201000	0.487116
0.201500	0.457150
0.202000	0.430982
0.202500	0.407486
0.203000	0.385534
0.203500	0.364565
0.204000	0.344400
0.204500	0.324814
0.205000	0.305936
0.205500	0.290197
0.206000	0.278175
0.206500	0.269790
0.207000	0.265976
0.207500	0.292514
0.208000	0.341197
0.208500	0.385438
0.209000	0.399584
0.209500	0.395319
0.210000	0.386049
0.210500	0.372756
0.211000	0.356615
0.211500	0.343112
0.212000	0.327888
0.212500	0.302187
0.213000	0.257688
0.213500	0.201924
0.214000	0.142800
0.214500	0.082865
0.215000	0.024534
0.215500	-0.033716
0.216000	-0.091330
0.216500	-0.145797
0.217000	-0.193330
0.217500	-0.196034
0.218000	-0.154273
0.218500	-0.091350
0.219000	-0.029799
0.219500	0.034762
0.220000	0.103119
0.220500	0.165698
0.221000	0.213367
0.221500	0.253729
0.222000	0.293158
0.222500	0.331927
0.223000	0.370310
0.223500	0.409369
0.224000	0.448540
0.224500	0.485620
0.225000	0.518434
0.225500	0.540579
0.226000	0.550991
0.226500	0.555481
0.227000	0.559859
0.227500	0.563576
0.228000	0.564864
0.228500	0.567664
0.229000	0.575904
0.229500	0.590645
0.230000	0.609088
0.230500	0.629479
0.231000	0.650014
0.231500	0.672432
0.232000	0.697602
0.232500	0.722290
0.233000	0.743324
0.233500	0.752223
0.234000	0.745802
0.234500	0.728695
0.235000	0.705553
0.235500	0.674975
0.236000	0.636850
0.236500	0.597775
0.237000	0.564365
0.237500	0.538841
0.238000	0.517501
0.238500	0.503998
0.239000	0.502292
0.239500	0.515376
0.240000	0.539034
0.240500	0.567181
0.241000	0.593961
0.241500	0.618761
0.242000	0.651125
0.242500	0.672513
0.243000	0.661633
0.243500	0.612275
0.244000	0.549607
0.244500	0.481628
0.245000	0.415533
0.245500	0.354442
0.246000	0.293689
0.246500	0.234095
0.247000	0.176754
0.247500	0.131786
0.248000	0.114933
0.248500	0.120445
0.249000	0.141962
0.249500	0.173584
0.250000	0.210631
0.250500	0.247984
0.251000	0.280557
0.251500	0.306886
0.252000	0.332378
0.252500	0.357822
0.253000	0.383764
0.253500	0.410994
0.254000	0.439914
0.254500	0.469430
0.255000	0.498317
0.255500	0.521878
0.256000	0.530842
0.256500	0.536684
0.257000	0.552858
0.257500	0.588022
0.258000	0.629350
0.258500	0.672802
0.259000	0.715965
0.259500	0.757679
0.260000	0.800101
0.260500	0.840206
0.261000	0.874357
0.261500	0.889806
0.262000	0.856799
0.262500	0.793358
0.263000	0.722257
0.263500	0.656339
0.264000	0.576016
0.264500	0.496386
0.265000	0.436808
0.265500	0.410302
0.266000	0.399600
0.266500	0.397508
0.267000	0.399053
0.267500	0.401692
0.268000	0.409932
0.268500	0.417995
0.269000	0.418977
0.269500	0.407164
0.270000	0.384649
0.270500	0.354426
0.271000	0.319181
0.271500	0.281265
0.272000	0.241450
0.272500	0.201297
0.273000	0.162512
0.273500	0.126544
0.274000	0.092156
0.274500	0.058279
0.275000	0.024227
0.275500	-0.010545
0.276000	-0.045681
0.276500	-0.082295
0.277000	-0.121864
0.277500	-0.166245
0.278000	-0.218597
0.278500	-0.276389
0.279000	-0.335838
0.279500	-0.394209
0.280000	-0.456329
0.280500	-0.520446
0.281000	-0.582631
0.281500	-0.637139
0.282000	-0.665641
0.282500	-0.668167
0.283000	-0.649451
0.283500	-0.613933
0.284000	-0.564848
0.284500	-0.510243
0.285000	-0.459130
0.285500	-0.418494
0.286000	-0.378212
0.286500	-0.341503
0.287000	-0.316075
0.287500	-0.307674
0.288000	-0.303506
0.288500	-0.299579
0.289000	-0.295781
0.289500	-0.292015
0.290000	-0.288201
0.290500	-0.284468
0.291000	-0.280927
0.291500	-0.278658
0.292000	-0.284886
0.292500	-0.297825
0.293000	-0.313404
0.293500	-0.328644
0.294000	-0.349453
0.294500	-0.373143
0.295000	-0.394466
0.295500	-0.408194
0.296000	-0.411606
0.296500	-0.405410
0.297000	-0.390379
0.297500	-0.367413
0.298000	-0.341213
0.298500	-0.314176
0.299000	-0.286672
0.299500	-0.258879
0.300000	-0.226515
0.300500	-0.192268
0.301000	-0.162431
0.301500	-0.143824
0.302000	-0.156657
0.302500	-0.196292
0.303000	-0.246262
0.303500	-0.290921
0.304000	-0.341245
0.304500	-0.395384
0.305000	-0.438578
0.305500	-0.456667
0.306000	-0.458583
0.306500	-0.455541
0.307000	-0.451437
0.307500	-0.450053
0.308000	-0.451485
0.308500	-0.453529
0.309000	-0.454559
0.309500	-0.452773
0.310000	-0.440027
0.310500	-0.416836
0.311000	-0.388431
0.311500	-0.359576
0.312000	-0.322448
0.312500	-0.280364
0.313000	-0.244186
0.313500	-0.224391
0.314000	-0.215379
0.314500	-0.210052
0.315000	-0.206431
0.315500	-0.202954
0.316000	-0.209038
0.316500	-0.219016
0.317000	-0.219064
0.317500	-0.195358
0.318000	-0.152548
0.318500	-0.105990
0.319000	-0.058012
0.319500	-0.010943
0.320000	0.034976
0.320500	0.080831
0.321000	0.126293
0.321500	0.171041
0.322000	0.193524
0.322500	0.182516
0.323000	0.153171
0.323500	0.120591
0.324000	0.083111
0.324500	0.036160
0.325000	-0.009507
0.325500	-0.043135
0.326000	-0.062304
0.326500	-0.070079
0.327000	-0.063951
0.327500	-0.041408
0.328000	-0.007251
0.328500	0.031902
0.329000	0.075808
0.329500	0.124238
0.330000	0.177350
0.330500	0.233403
0.331000	0.289344
0.331500	0.342066
0.332000	0.389107
0.332500	0.429856
0.333000	0.464054
0.333500	0.491397
0.334000	0.509985
0.334500	0.516841
0.335000	0.510049
0.335500	0.487744
0.336000	0.456072
0.336500	0.423193
0.337000	0.390234
0.337500	0.358353
0.338000	0.324540
0.338500	0.289070
0.339000	0.258058
0.339500	0.237523
0.340000	0.224568
0.340500	0.212031
0.341000	0.199639
0.341500	0.187118
0.342000	0.174485
0.342500	0.161868
0.343000	0.149197
0.343500	0.136427
0.344000	0.121103
0.344500	0.099652
0.345000	0.074509
0.345500	0.048275
0.346000	0.022148
0.346500	-0.005086
0.347000	-0.032620
0.347500	-0.059568
0.348000	-0.084895
0.348500	-0.108061
0.349000	-0.129380
0.349500	-0.149183
0.350000	-0.165167
0.350500	-0.172860
0.351000	-0.173584
0.351500	-0.168852
0.352000	-0.156362
0.352500	-0.133382
0.353000	-0.107717
0.353500	-0.087452
0.354000	-0.076173
0.354500	-0.069839
0.355000	-0.071007
0.355500	-0.082485
0.356000	-0.107993
0.356500	-0.145729
0.357000	-0.186603
0.357500	-0.221381
0.358000	-0.246841
0.358500	-0.270000
0.359000	-0.289215
0.359500	-0.302524
0.360000	-0.309252
0.360500	-0.310990
0.361000	-0.307353
0.361500	-0.297890
0.362000	-0.283132
0.362500	-0.265880
0.363000	-0.248048
0.363500	-0.231520
0.364000	-0.216586
0.364500	-0.202182
0.365000	-0.190579
0.365500	-0.184141
0.366000	-0.186024
0.366500	-0.196758
0.367000	-0.212450
0.367500	-0.229074
0.368000	-0.246745
0.368500	-0.269227
0.369000	-0.291694
0.369500	-0.308994
0.370000	-0.314772
0.370500	-0.305631
0.371000	-0.284097
0.371500	-0.252892
0.372000	-0.214719
0.372500	-0.172618
0.373000	-0.129327
0.373500	-0.087555
0.374000	-0.048826
0.374500	-0.010767
0.375000	0.024897
0.375500	0.055918
0.376000	0.078380
0.376500	0.087701
0.377000	0.091259
0.377500	0.097462
0.378000	0.111495
0.378500	0.126618
0.379000	0.145430
0.379500	0.171846
0.380000	0.208265
0.380500	0.249690
0.381000	0.293174
0.381500	0.336224
0.382000	0.377504
0.382500	0.418864
0.383000	0.458051
0.383500	0.492347
0.384000	0.514427
0.384500	0.509164
0.385000	0.486038
0.385500	0.456973
0.386000	0.429099
0.386500	0.393629
0.387000	0.357419
0.387500	0.329304
0.388000	0.316928
0.388500	0.317314
0.389000	0.322706
0.389500	0.325409
0.390000	0.320099
0.390500	0.311344
0.391000	0.298678
0.391500	0.280782
0.392000	0.255290
0.392500	0.217471
0.393000	0.167613
0.393500	0.106543
0.394000	0.035053
0.394500	-0.044445
0.395000	-0.126958
0.395500	-0.207364
0.396000	-0.282746
0.396500	-0.357113
0.397000	-0.426187
0.397500	-0.484686
0.398000	-0.526915
0.398500	-0.547837
0.399000	-0.553325
0.399500	-0.550959
0.400000	-0.546903
0.400500	-0.535622
0.401000	-0.521653
0.401500	-0.512753
0.402000	-0.516873
0.402500	-0.537650
0.403000	-0.566103
0.403500	-0.591675
0.404000	-0.605548
0.404500	-0.614898
0.405000	-0.619066
0.405500	-0.613933
0.406000	-0.596085
0.406500	-0.570368
0.407000	-0.541818
0.407500	-0.514507
0.408000	-0.492025
0.408500	-0.472536
0.409000	-0.453771
0.409500	-0.434137
0.410000	-0.411960
0.410500	-0.386082
0.411000	-0.356615
0.411500	-0.323784
0.412000	-0.286866
0.412500	-0.239937
0.413000	-0.188245
0.413500	-0.139648
0.414000	-0.100874
0.414500	-0.067032
0.415000	-0.035888
0.415500	-0.007170
0.416000	0.019053
0.416500	0.040900
0.417000	0.060824
0.417500	0.082234
0.418000	0.108972
0.418500	0.145089
0.419000	0.185590
0.419500	0.223908
0.420000	0.254260
0.420500	0.279012
0.421000	0.298582
0.421500	0.312020
0.422000	0.318634
0.422500	0.320774
0.423000	0.319970
0.423500	0.317202
0.424000	0.313822
0.424500	0.311939
0.425000	0.307111
0.425500	0.293689
0.426000	0.266797
0.426500	0.231118
0.427000	0.191448
0.427500	0.151431
0.428000	0.114518
0.428500	0.078491
0.429000	0.042818
0.429500	0.009416
0.430000	-0.019779
0.430500	-0.043150
0.431000	-0.061878
0.431500	-0.077850
0.432000	-0.092920
0.432500	-0.107478
0.433000	-0.121436
0.433500	-0.135064
0.434000	-0.148806
0.434500	-0.166277
0.435000	-0.182773
0.435500	-0.190031
0.436000	-0.179876
0.436500	-0.149072
0.437000	-0.104577
0.437500	-0.054565
0.438000	-0.006963
0.438500	0.040047
0.439000	0.087838
0.439500	0.134303
0.440000	0.177318
0.440500	0.215008
0.441000	0.247372
0.441500	0.274828
0.442000	0.297873
0.442500	0.319149
0.443000	0.340054
0.443500	0.360944
0.444000	0.382187
0.444500	0.404525
0.445000	0.427345
0.445500	0.449602
0.446000	0.469896
0.446500	0.478844
0.447000	0.476430
0.447500	0.468126
0.448000	0.459275
0.448500	0.448991
0.449000	0.436808
0.449500	0.424464
0.450000	0.414116
0.450500	0.417319
0.451000	0.427731
0.451500	0.430612
0.452000	0.410769
0.452500	0.348664
0.453000	0.257479
0.453500	0.161353
0.454000	0.083641
0.454500	0.015032
0.455000	-0.050220
0.455500	-0.105591
0.456000	-0.144352
0.456500	-0.157988
0.457000	-0.155530
0.457500	-0.151710
0.458000	-0.161256
0.458500	-0.181791
0.459000	-0.204242
0.459500	-0.233291
0.460000	-0.273605
0.460500	-0.323237
0.461000	-0.375701
0.461500	-0.428890
0.462000	-0.480679
0.462500	-0.530569
0.463000	-0.578961
0.463500	-0.624973
0.464000	-0.667781
0.464500	-0.691841
0.465000	-0.686047
0.465500	-0.656258
0.466000	-0.608316
0.466500	-0.551522
0.467000	-0.491123
0.467500	-0.426814
0.468000	-0.358353
0.468500	-0.285610
0.469000	-0.210373
0.469500	-0.135256
0.470000	-0.062859
0.470500	0.008344
0.471000	0.075152
0.471500	0.127829
0.472000	0.156647
0.472500	0.168112
0.473000	0.176271
0.473500	0.182661
0.474000	0.188840
0.474500	0.193974
0.475000	0.197756
0.475500	0.202552
0.476000	0.210711
0.476500	0.236751
0.477000	0.283454
0.477500	0.335597
0.478000	0.377906
0.478500	0.409562
0.479000	0.438739
0.479500	0.463668
0.480000	0.482594
0.480500	0.492379
0.481000	0.494213
0.481500	0.492862
0.482000	0.493103
0.482500	0.452129
0.483000	0.375991
0.483500	0.342678
0.484000	0.430226
0.484500	1961629.375000
0.485000	6733978.000000
0.485500	12648478.000000
0.486000	18037528.000000
0.486500	22851076.000000
0.487000	27954306.000000
0.487500	33044660.000000
0.488000	37817976.000000
0.488500	32767854.000000
0.489000	12034353.000000
0.489500	-19226832.000000
