0.000000	1.158977
0.000500	1.158977
0.001000	1.158977
0.001500	1.158977
0.002000	1.158977
0.002500	1.158977
0.003000	1.188796
0.003500	1.262507
0.004000	1.335456
0.004500	1.408151
0.005000	1.481353
0.005500	1.560474
0.006000	1.639494
0.006500	1.707490
0.007000	1.752625
0.007500	1.744777
0.008000	1.693215
0.008500	1.625143
0.009000	1.566977
0.009500	1.516812
0.010000	1.466596
0.010500	1.416228
0.011000	1.365885
0.011500	1.319276
0.012000	1.272692
0.012500	1.218946
0.013000	1.150722
0.013500	1.060450
0.014000	0.953872
0.014500	0.840715
0.015000	0.730631
0.015500	0.629793
0.016000	0.531495
0.016500	0.425983
0.017000	0.303530
0.017500	0.161935
0.018000	0.009637
0.018500	-0.147104
0.019000	-0.302031
0.019500	-0.454889
0.020000	-0.608863
0.020500	-0.762762
0.021000	-0.915441
0.021500	-1.039114
0.022000	-1.107542
0.022500	-1.121689
0.023000	-1.082624
0.023500	-0.998982
0.024000	-0.895655
0.024500	-0.788924
0.025000	-0.694792
0.025500	-0.617906
0.026000	-0.542392
0.026500	-0.467741
0.027000	-0.394030
0.027500	-0.325628
0.028000	-0.266294
0.028500	-0.206929
0.029000	-0.138112
0.029500	-0.029098
0.030000	0.145852
0.030500	0.346735
0.031000	0.531901
0.031500	0.681228
0.032000	0.815721
0.032500	0.928903
0.033000	1.013028
0.033500	1.052068
0.034000	1.013663
0.034500	0.908558
0.035000	0.751789
0.035500	0.555219
0.036000	0.324764
0.036500	0.083424
0.037000	-0.144132
0.037500	-0.346100
0.038000	-0.547091
0.038500	-0.719684
0.039000	-0.830529
0.039500	-0.858672
0.040000	-0.844931
0.040500	-0.814832
0.041000	-0.789864
0.041500	-0.779653
0.042000	-0.759206
0.042500	-0.749224
0.043000	-0.775818
0.043500	-0.863473
0.044000	-1.005611
0.044500	-1.174725
0.045000	-1.343812
0.045500	-1.489329
0.046000	-1.626133
0.046500	-1.762379
0.047000	-1.900199
0.047500	-2.041652
0.048000	-2.187829
0.048500	-2.338553
0.049000	-2.493544
0.049500	-2.653792
0.050000	-2.829814
0.050500	-3.018282
0.051000	-3.212592
0.051500	-3.407410
0.052000	-3.610610
0.052500	-3.829558
0.053000	-4.069588
0.053500	-4.336542
0.054000	-4.647184
0.054500	-5.001260
0.055000	-5.390134
0.055500	-5.805170
0.056000	-6.234430
0.056500	-6.669278
0.057000	-7.102856
0.057500	-7.529322
0.058000	-7.961376
0.058500	-8.390636
0.059000	-8.795512
0.059500	-9.155684
0.060000	-9.483344
0.060500	-9.798050
0.061000	-10.108691
0.061500	-10.424160
0.062000	-10.745978
0.062500	-11.069829
0.063000	-11.396218
0.063500	-11.725148
0.064000	-12.098020
0.064500	-12.547091
0.065000	-13.058647
0.065500	-13.619226
0.066000	-14.223491
0.066500	-14.874493
0.067000	-15.569946
0.067500	-16.308578
0.068000	-17.078199
0.068500	-17.868393
0.069000	-18.678652
0.069500	-19.507961
0.070000	-20.349211
0.070500	-21.207983
0.071000	-22.104349
0.071500	-23.057865
0.072000	-24.081486
0.072500	-25.153620
0.073000	-26.243280
0.073500	-27.320240
0.074000	-28.366718
0.074500	-29.395420
0.075000	-30.406342
0.075500	-31.396940
0.076000	-32.318962
0.076500	-33.086040
0.077000	-33.723583
0.077500	-34.254440
0.078000	-34.701477
0.078500	-35.062157
0.079000	-35.346638
0.079500	-35.557461
0.080000	-35.709858
0.080500	-35.821621
0.081000	-35.877499
0.081500	-35.862259
0.082000	-35.783520
0.082500	-35.661602
0.083000	-35.476181
0.083500	-35.196777
0.084000	-34.818321
0.084500	-34.427158
0.085000	-34.033459
0.085500	-33.634682
0.086000	-33.235901
0.086500	-32.834583
0.087000	-32.433262
0.087500	-32.031940
0.088000	-31.640779
0.088500	-31.290258
0.089000	-30.985460
0.089500	-30.731461
0.090000	-30.543499
0.090500	-30.464760
0.091000	-30.472380
0.091500	-30.533340
0.092000	-30.622240
0.092500	-30.767019
0.093000	-30.947359
0.093500	-31.132780
0.094000	-31.287718
0.094500	-31.338520
0.095000	-31.269938
0.095500	-31.081980
0.096000	18078196.000000
0.096500	181808128.000000
0.097000	418109408.000000
0.097500	605993216.000000
0.098000	645160000.000000
0.098500	645160000.000000
0.099000	645160000.000000
0.099500	645160000.000000
0.100000	645160000.000000
0.100500	645160000.000000
0.101000	645160000.000000
0.101500	645160000.000000
0.102000	645160000.000000
0.102500	645160000.000000
0.103000	645160000.000000
0.103500	645160000.000000
0.104000	645160000.000000
0.104500	645160000.000000
0.105000	645160000.000000
0.105500	645160000.000000
0.106000	640460992.000000
0.106500	505764768.000000
0.107000	274294592.000000
0.107500	67066156.000000
0.108000	-34.541458
0.108500	-34.886902
0.109000	-35.097721
0.109500	-35.344097
0.110000	-35.780979
0.110500	-36.278820
0.111000	-36.766499
0.111500	-37.294819
0.112000	-37.917118
0.112500	-38.618164
0.113000	-39.354759
0.113500	-40.121838
0.114000	-40.919395
0.114500	-41.757603
0.115000	-42.631363
0.115500	-43.500038
0.116000	-44.333160
0.116500	-45.120560
0.117000	-45.862240
0.117500	-46.532799
0.118000	-47.106838
0.118500	-47.607220
0.119000	-48.084740
0.119500	-48.544483
0.120000	-48.996601
0.120500	-49.436020
0.121000	-49.862740
0.121500	-50.289459
0.122000	-50.731422
0.122500	-51.214016
0.123000	-51.765205
0.123500	-52.382416
0.124000	-53.070763
0.124500	-53.842922
0.125000	-54.714138
0.125500	-55.669178
0.126000	-56.687721
0.126500	-57.739281
0.127000	-58.811157
0.127500	-59.928761
0.128000	-61.117477
0.128500	-62.374779
0.129000	-63.662560
0.129500	-64.957962
0.130000	-66.240654
0.130500	-67.503036
0.131000	-68.757805
0.131500	-69.989700
0.132000	-71.183502
0.132500	-72.306175
0.133000	-73.332336
0.133500	-74.292458
0.134000	-75.209404
0.134500	-76.116180
0.135000	-77.017883
0.135500	-77.899261
0.136000	-78.734917
0.136500	-79.519775
0.137000	-80.297012
0.137500	-81.069176
0.138000	-81.838791
0.138500	-82.608414
0.139000	-83.375496
0.139500	-84.140038
0.140000	-84.907112
0.140500	-85.669121
0.141000	-86.420959
0.141500	-87.165176
0.142000	-87.899239
0.142500	-88.620605
0.143000	-89.306396
0.143500	-89.961723
0.144000	-90.596718
0.144500	-91.219025
0.145000	-91.831161
0.145500	-92.415359
0.146000	-92.953842
0.146500	-93.431358
0.147000	-93.896179
0.147500	-94.353378
0.148000	-94.810585
0.148500	-95.267776
0.149000	-95.722435
0.149500	-96.174561
0.150000	-96.626678
0.150500	-97.068634
0.151000	-97.467422
0.151500	-97.810318
0.152000	-98.092255
0.152500	-98.320854
0.153000	-98.529137
0.153500	-98.732338
0.154000	-98.938080
0.154500	-99.148903
0.155000	-99.364792
0.155500	-99.583237
0.156000	-99.799141
0.156500	-100.015038
0.157000	-100.218239
0.157500	-100.403656
0.158000	-100.563675
0.158500	-100.695763
0.159000	-100.764336
0.159500	-100.766884
0.160000	-100.721161
0.160500	-100.642418
0.161000	-100.553520
0.161500	-100.451920
0.162000	-100.342697
0.162500	-100.218239
0.163000	-100.081078
0.163500	-99.941383
0.164000	-99.788979
0.164500	-99.626419
0.165000	-99.438461
0.165500	-99.227638
0.166000	-99.011734
0.166500	-98.816154
0.167000	-98.648521
0.167500	-98.503738
0.168000	-98.379280
0.168500	-98.277679
0.169000	-98.204025
0.169500	-98.168465
0.170000	-98.165924
0.170500	-98.191315
0.171000	-98.239578
0.171500	-98.310699
0.172000	-98.414841
0.172500	-98.559616
0.173000	-98.742500
0.173500	-98.938080
0.174000	-99.143822
0.174500	-99.364792
0.175000	-99.598480
0.175500	-99.832153
0.176000	-100.070915
0.176500	-100.312218
0.177000	-100.558601
0.177500	-100.815140
0.178000	-101.076759
0.178500	-101.343460
0.179000	-101.622856
0.179500	-101.935272
0.180000	-102.280724
0.180500	-102.659172
0.181000	-103.078278
0.181500	-103.558334
0.182000	-104.091743
0.182500	-104.675934
0.183000	-105.293159
0.183500	-105.925621
0.184000	-106.580940
0.184500	-107.259109
0.185000	-107.967781
0.185500	-108.696762
0.186000	-109.428276
0.186500	-110.149635
0.187000	-110.850685
0.187500	-111.541557
0.188000	-112.222275
0.188500	-112.897919
0.189000	-113.560860
0.189500	-114.200935
0.190000	-114.813072
0.190500	-115.404900
0.191000	-115.968781
0.191500	-116.479324
0.192000	-116.931442
0.192500	-117.314980
0.193000	-117.635017
0.193500	-117.934731
0.194000	-118.216675
0.194500	-118.483383
0.195000	-118.729752
0.195500	-118.976143
0.196000	-119.217438
0.196500	-119.451111
0.197000	-119.669556
0.197500	-119.877846
0.198000	-120.083588
0.198500	-120.294403
0.199000	-120.510300
0.199500	-120.731277
0.200000	-120.954803
0.200500	-121.180855
0.201000	-121.414536
0.201500	-121.650764
0.202000	-121.889519
0.202500	-122.125748
0.203000	-122.361961
0.203500	-122.598183
0.204000	-122.831848
0.204500	-123.065536
0.205000	-123.296677
0.205500	-123.512581
0.206000	-123.705612
0.206500	-123.870720
0.207000	-124.010414
0.207500	-124.119637
0.208000	-124.208542
0.208500	-124.277115
0.209000	-124.327919
0.209500	-124.376175
0.210000	-124.421898
0.210500	-124.470161
0.211000	-124.515884
0.211500	-124.566681
0.212000	-124.614929
0.212500	-124.665741
0.213000	-124.711464
0.213500	-124.688599
0.214000	-124.587006
0.214500	-124.439682
0.215000	-124.274582
0.215500	-124.084076
0.216000	-123.852936
0.216500	-123.560844
0.217000	-123.197617
0.217500	-122.781059
0.218000	-122.331467
0.218500	-121.848885
0.219000	-121.345963
0.219500	-120.807480
0.220000	-120.253754
0.220500	-119.705116
0.221000	-119.184410
0.221500	-118.711975
0.222000	-118.280182
0.222500	-117.878860
0.223000	-117.505486
0.223500	-117.175278
0.224000	-116.911110
0.224500	-116.715538
0.225000	-116.580917
0.225500	-116.512337
0.226000	-116.512337
0.226500	-116.580917
0.227000	-116.720627
0.227500	-116.903496
0.228000	-117.111778
0.228500	-117.365776
0.229000	-117.688354
0.229500	-118.054115
0.230000	-118.419876
0.230500	-118.788185
0.231000	-119.153938
0.231500	-119.519707
0.232000	-119.882919
0.232500	-120.241058
0.233000	-120.599205
0.233500	-120.876068
0.234000	-121.005592
0.234500	-121.013214
0.235000	-120.921783
0.235500	-120.774452
0.236000	-120.604279
0.236500	-120.406151
0.237000	-120.177559
0.237500	-119.918480
0.238000	-119.654320
0.238500	-119.390152
0.239000	-119.133621
0.239500	-118.894859
0.240000	-118.656105
0.240500	-118.419876
0.241000	-118.181122
0.241500	-117.942360
0.242000	-117.706139
0.242500	-117.467384
0.243000	-117.231155
0.243500	-117.022881
0.244000	-116.898422
0.244500	-116.852699
0.245000	-116.867935
0.245500	-116.944145
0.246000	-117.063515
0.246500	-117.195595
0.247000	-117.302277
0.247500	-117.375938
0.248000	-117.439438
0.248500	-117.485161
0.249000	-117.502945
0.249500	-117.480080
0.250000	-117.408951
0.250500	-117.307358
0.251000	-117.185432
0.251500	-117.055901
0.252000	-116.908585
0.252500	-116.733322
0.253000	-116.525047
0.253500	-116.271042
0.254000	-115.973854
0.254500	-115.638573
0.255000	-115.275360
0.255500	-114.894356
0.256000	-114.495575
0.256500	-114.079018
0.257000	-113.639603
0.257500	-113.172234
0.258000	-112.682014
0.258500	-112.168938
0.259000	-111.630455
0.259500	-111.074203
0.260000	-110.500160
0.260500	-109.908333
0.261000	-109.286034
0.261500	-108.633255
0.262000	-107.970322
0.262500	-107.297218
0.263000	-106.619041
0.263500	-105.938324
0.264000	-105.252510
0.264500	-104.559097
0.265000	-103.858063
0.265500	-103.141777
0.266000	-102.400093
0.266500	-101.630486
0.267000	-100.832916
0.267500	-100.009964
0.268000	-99.166687
0.268500	-98.313232
0.269000	-97.475037
0.269500	-96.654617
0.270000	-95.841820
0.270500	-95.034096
0.271000	-94.228912
0.271500	-93.426277
0.272000	-92.638878
0.272500	-91.856560
0.273000	-91.071701
0.273500	-90.266518
0.274000	-89.407997
0.274500	-88.518997
0.275000	-87.645241
0.275500	-86.824821
0.276000	-86.050117
0.276500	-85.303360
0.277000	-84.587074
0.277500	-83.896194
0.278000	-83.220566
0.278500	-82.565239
0.279000	-81.922623
0.279500	-81.295235
0.280000	-80.685638
0.280500	-80.098907
0.281000	-79.532478
0.281500	-78.991455
0.282000	-78.501236
0.282500	-78.054199
0.283000	-77.632561
0.283500	-77.228699
0.284000	-76.855316
0.284500	-76.530197
0.285000	-76.271118
0.285500	-76.090775
0.286000	-75.981560
0.286500	-75.938385
0.287000	-75.958702
0.287500	-76.037437
0.288000	-76.131416
0.288500	-76.233025
0.289000	-76.344780
0.289500	-76.461624
0.290000	-76.588623
0.290500	-76.723244
0.291000	-76.873100
0.291500	-77.045822
0.292000	-77.289665
0.292500	-77.604622
0.293000	-77.977997
0.293500	-78.394562
0.294000	-78.849220
0.294500	-79.334358
0.295000	-79.852524
0.295500	-80.403702
0.296000	-80.977737
0.296500	-81.572098
0.297000	-82.191856
0.297500	-82.831940
0.298000	-83.497421
0.298500	-84.198463
0.299000	-84.937599
0.299500	-85.732620
0.300000	-86.568283
0.300500	-87.439499
0.301000	-88.343742
0.301500	-89.273376
0.302000	-90.228416
0.302500	-91.196159
0.303000	-92.163895
0.303500	-93.116394
0.304000	-94.043503
0.304500	-94.945198
0.305000	-95.824043
0.305500	-96.682564
0.306000	-97.459793
0.306500	-98.122742
0.307000	-98.676460
0.307500	-99.120956
0.308000	-99.489258
0.308500	-99.791519
0.309000	-100.027740
0.309500	-100.187767
0.310000	-100.309677
0.310500	-100.423973
0.311000	-100.545898
0.311500	-100.685600
0.312000	-100.835457
0.312500	-100.985321
0.313000	-101.137718
0.313500	-101.295197
0.314000	-101.457756
0.314500	-101.627937
0.315000	-101.795578
0.315500	-101.955597
0.316000	-102.100380
0.316500	-102.229912
0.317000	-102.349297
0.317500	-102.468681
0.318000	-102.580437
0.318500	-102.671883
0.319000	-102.750618
0.319500	-102.816666
0.320000	-102.852226
0.320500	-102.836975
0.321000	-102.765862
0.321500	-102.636322
0.322000	-102.458519
0.322500	-102.247696
0.323000	-102.006393
0.323500	-101.734627
0.324000	-101.450134
0.324500	-101.160576
0.325000	-100.860863
0.325500	-100.540825
0.326000	-100.210625
0.326500	-99.877876
0.327000	-99.547676
0.327500	-99.214943
0.328000	-98.884743
0.328500	-98.554535
0.329000	-98.224342
0.329500	-97.894142
0.330000	-97.624901
0.330500	-97.457260
0.331000	-97.375977
0.331500	-97.358200
0.332000	-97.381058
0.332500	-97.439476
0.333000	-97.528374
0.333500	-97.642677
0.334000	-97.777298
0.334500	-97.924622
0.335000	-98.092255
0.335500	-98.287842
0.336000	-98.513901
0.336500	-98.772980
0.337000	-99.059998
0.337500	-99.374954
0.338000	-99.710243
0.338500	-100.065842
0.339000	-100.457001
0.339500	-100.901497
0.340000	-101.376480
0.340500	-101.859077
0.341000	-102.349297
0.341500	-102.847137
0.342000	-103.347519
0.342500	-103.850441
0.343000	-104.353355
0.343500	-104.856285
0.344000	-105.364281
0.344500	-105.879898
0.345000	-106.395515
0.345500	-106.911133
0.346000	-107.396278
0.346500	-107.822998
0.347000	-108.204010
0.347500	-108.557060
0.348000	-108.882172
0.348500	-109.143791
0.349000	-109.336830
0.349500	-109.453674
0.350000	-109.501938
0.350500	-109.504486
0.351000	-109.461311
0.351500	-109.364777
0.352000	-109.227623
0.352500	-109.082840
0.353000	-108.932976
0.353500	-108.772964
0.354000	-108.607857
0.354500	-108.435150
0.355000	-108.254799
0.355500	-108.059219
0.356000	-107.833153
0.356500	-107.553749
0.357000	-107.226097
0.357500	-106.850174
0.358000	-106.446327
0.358500	-106.024681
0.359000	-105.582718
0.359500	-105.115364
0.360000	-104.627686
0.360500	-104.137451
0.361000	-103.647232
0.361500	-103.157013
0.362000	-102.666794
0.362500	-102.179115
0.363000	-101.688896
0.363500	-101.201218
0.364000	-100.728783
0.364500	-100.291901
0.365000	-99.885490
0.365500	-99.501953
0.366000	-99.136200
0.366500	-98.795837
0.367000	-98.475800
0.367500	-98.173538
0.368000	-97.896675
0.368500	-97.642677
0.369000	-97.393761
0.369500	-97.129601
0.370000	-96.842583
0.370500	-96.540321
0.371000	-96.220276
0.371500	-95.872299
0.372000	-95.486214
0.372500	-95.056961
0.373000	-94.612457
0.373500	-94.178116
0.374000	-93.779343
0.374500	-93.388184
0.375000	-93.009720
0.375500	-92.651581
0.376000	-92.323914
0.376500	-92.029282
0.377000	-91.742264
0.377500	-91.442543
0.378000	-91.112335
0.378500	-90.777061
0.379000	-90.436699
0.379500	-90.091255
0.380000	-89.743279
0.380500	-89.380058
0.381000	-89.011757
0.381500	-88.648537
0.382000	-88.303093
0.382500	-87.993217
0.383000	-87.721436
0.383500	-87.492836
0.384000	-87.309967
0.384500	-87.157562
0.385000	-87.030563
0.385500	-86.923874
0.386000	-86.829903
0.386500	-86.738457
0.387000	-86.654640
0.387500	-86.586060
0.388000	-86.532722
0.388500	-86.484459
0.389000	-86.438736
0.389500	-86.390480
0.390000	-86.342224
0.390500	-86.288887
0.391000	-86.235542
0.391500	-86.179657
0.392000	-86.116158
0.392500	-86.017097
0.393000	-85.907875
0.393500	-85.808823
0.394000	-85.752945
0.394500	-85.750397
0.395000	-85.796120
0.395500	-85.879936
0.396000	-85.989159
0.396500	-86.133934
0.397000	-86.311737
0.397500	-86.517479
0.398000	-86.746078
0.398500	-87.002609
0.399000	-87.297256
0.399500	-87.637619
0.400000	-88.028770
0.400500	-88.463120
0.401000	-88.943176
0.401500	-89.466415
0.402000	-90.037918
0.402500	-90.642441
0.403000	-91.257118
0.403500	-91.861641
0.404000	-92.440765
0.404500	-93.004646
0.405000	-93.558357
0.405500	-94.099380
0.406000	-94.625160
0.406500	-95.125542
0.407000	-95.603058
0.407500	-96.065338
0.408000	-96.509834
0.408500	-96.926399
0.409000	-97.317551
0.409500	-97.685860
0.410000	-98.031296
0.410500	-98.341179
0.411000	-98.615494
0.411500	-98.856796
0.412000	-99.070152
0.412500	-99.258118
0.413000	-99.407982
0.413500	-99.504501
0.414000	-99.529900
0.414500	-99.532440
0.415000	-99.529900
0.415500	-99.519745
0.416000	-99.501953
0.416500	-99.474022
0.417000	-99.443542
0.417500	-99.423218
0.418000	-99.428299
0.418500	-99.479103
0.419000	-99.560379
0.419500	-99.661987
0.420000	-99.771202
0.420500	-99.893120
0.421000	-100.017578
0.421500	-100.136955
0.422000	-100.238556
0.422500	-100.330002
0.423000	-100.413818
0.423500	-100.490021
0.424000	-100.561142
0.424500	-100.614479
0.425000	-100.655113
0.425500	-100.703384
0.426000	-100.766884
0.426500	-100.853233
0.427000	-100.959923
0.427500	-101.091995
0.428000	-101.246941
0.428500	-101.429817
0.429000	-101.638100
0.429500	-101.861626
0.430000	-102.102921
0.430500	-102.364532
0.431000	-102.643936
0.431500	-102.920799
0.432000	-103.174789
0.432500	-103.405945
0.433000	-103.609146
0.433500	-103.776779
0.434000	-103.901237
0.434500	-103.987595
0.435000	-104.043480
0.435500	-104.073967
0.436000	-104.089203
0.436500	-104.094276
0.437000	-104.089203
0.437500	-104.079041
0.438000	-104.061264
0.438500	-104.033310
0.439000	-103.985062
0.439500	-103.911400
0.440000	-103.804726
0.440500	-103.639618
0.441000	-103.411018
0.441500	-103.139236
0.442000	-102.834442
0.442500	-102.516937
0.443000	-102.181656
0.443500	-101.833679
0.444000	-101.465378
0.444500	-101.086922
0.445000	-100.698303
0.445500	-100.279198
0.446000	-99.819458
0.446500	-99.334320
0.447000	-98.839012
0.447500	-98.333557
0.448000	-97.820480
0.448500	-97.302315
0.449000	-96.784157
0.449500	-96.265999
0.450000	-95.747833
0.450500	-95.227135
0.451000	-94.706436
0.451500	-94.185738
0.452000	-93.667580
0.452500	-93.179893
0.453000	-92.730324
0.453500	-92.306137
0.454000	-91.897194
0.454500	-91.521278
0.455000	-91.196159
0.455500	-90.931999
0.456000	-90.736420
0.456500	-90.589096
0.457000	-90.474800
0.457500	-90.390984
0.458000	-90.330017
0.458500	-90.296997
0.459000	-90.284302
0.459500	-90.269058
0.460000	-90.225883
0.460500	-90.149681
0.461000	-90.050613
0.461500	-89.923615
0.462000	-89.766136
0.462500	-89.583260
0.463000	-89.382607
0.463500	-89.156540
0.464000	-88.897461
0.464500	-88.618057
0.465000	-88.336121
0.465500	-88.049095
0.466000	-87.756996
0.466500	-87.459816
0.467000	-87.155014
0.467500	-86.852760
0.468000	-86.558121
0.468500	-86.296501
0.469000	-86.075516
0.469500	-85.882477
0.470000	-85.712296
0.470500	-85.570061
0.471000	-85.450676
0.471500	-85.323677
0.472000	-85.168739
0.472500	-84.985863
0.473000	-84.800438
0.473500	-84.615021
0.474000	-84.427055
0.474500	-84.239098
0.475000	-84.051140
0.475500	-83.858101
0.476000	-83.662521
0.476500	-83.433922
0.477000	-83.154518
0.477500	-82.834473
0.478000	-82.481415
0.478500	-82.113113
0.479000	-81.742279
0.479500	-81.366356
0.480000	-80.985359
0.480500	-80.601822
0.481000	-80.215736
0.481500	-79.829659
0.482000	-79.443581
0.482500	-79.052422
0.483000	-78.653641
0.483500	-78.247238
0.484000	-77.830681
0.484500	6533896.000000
0.485000	22810724.000000
0.485500	43842940.000000
0.486000	64645540.000000
0.486500	92915744.000000
0.487000	132306064.000000
0.487500	171749712.000000
0.488000	200187568.000000
0.488500	196979536.000000
0.489000	155712160.000000
0.489500	86629240.000000
