0.000000	0.998840
0.000500	0.998840
0.001000	0.998840
0.001500	0.998840
0.002000	0.998840
0.002500	0.998840
0.003000	0.998840
0.003500	0.998840
0.004000	0.998840
0.004500	0.998840
0.005000	0.998840
0.005500	0.998840
0.006000	0.998840
0.006500	0.998840
0.007000	0.998850
0.007500	0.998850
0.008000	0.998850
0.008500	0.998850
0.009000	0.998850
0.009500	0.998850
0.010000	0.998850
0.010500	0.998850
0.011000	0.998850
0.011500	0.998850
0.012000	0.998850
0.012500	0.998850
0.013000	0.998850
0.013500	0.998850
0.014000	0.998850
0.014500	0.998850
0.015000	0.998850
0.015500	0.998850
0.016000	0.998850
0.016500	0.998860
0.017000	0.998860
0.017500	0.998860
0.018000	0.998860
0.018500	0.998860
0.019000	0.998860
0.019500	0.998860
0.020000	0.998860
0.020500	0.998860
0.021000	0.998860
0.021500	0.998860
0.022000	0.998860
0.022500	0.998860
0.023000	0.998860
0.023500	0.998860
0.024000	0.998870
0.024500	0.998870
0.025000	0.998870
0.025500	0.998870
0.026000	0.998870
0.026500	0.998870
0.027000	0.998870
0.027500	0.998870
0.028000	0.998870
0.028500	0.998870
0.029000	0.998870
0.029500	0.998870
0.030000	0.998870
0.030500	0.998870
0.031000	0.998880
0.031500	0.998880
0.032000	0.998880
0.032500	0.998880
0.033000	0.998880
0.033500	0.998880
0.034000	0.998880
0.034500	0.998880
0.035000	0.998880
0.035500	0.998880
0.036000	0.998880
0.036500	0.998880
0.037000	0.998880
0.037500	0.998880
0.038000	0.998880
0.038500	0.998880
0.039000	0.998880
0.039500	0.998880
0.040000	0.998880
0.040500	0.998880
0.041000	0.998880
0.041500	0.998880
0.042000	0.998880
0.042500	0.998890
0.043000	0.998890
0.043500	0.998890
0.044000	0.998890
0.044500	0.998890
0.045000	0.998890
0.045500	0.998890
0.046000	0.998890
0.046500	0.998890
0.047000	0.998890
0.047500	0.998890
0.048000	0.998890
0.048500	0.998890
0.049000	0.998890
0.049500	0.998890
0.050000	0.998890
0.050500	0.998890
0.051000	0.998890
0.051500	0.998890
0.052000	0.998890
0.052500	0.998890
0.053000	0.998890
0.053500	0.998890
0.054000	0.998890
0.054500	0.998890
0.055000	0.998890
0.055500	0.998890
0.056000	0.998890
0.056500	0.998890
0.057000	0.998890
0.057500	0.998890
0.058000	0.998880
0.058500	0.998880
0.059000	0.998880
0.059500	0.998880
0.060000	0.998880
0.060500	0.998880
0.061000	0.998880
0.061500	0.998880
0.062000	0.998880
0.062500	0.998880
0.063000	0.998880
0.063500	0.998880
0.064000	0.998880
0.064500	0.998880
0.065000	0.998880
0.065500	0.998880
0.066000	0.998890
0.066500	0.998890
0.067000	0.998890
0.067500	0.998890
0.068000	0.998890
0.068500	0.998890
0.069000	0.998900
0.069500	0.998900
0.070000	0.998900
0.070500	0.998900
0.071000	0.998910
0.071500	0.998910
0.072000	0.998920
0.072500	0.998920
0.073000	0.998930
0.073500	0.998930
0.074000	0.998940
0.074500	0.998940
0.075000	0.998950
0.075500	0.998950
0.076000	0.998960
0.076500	0.998970
0.077000	0.998970
0.077500	0.998980
0.078000	0.998990
0.078500	0.999000
0.079000	0.999010
0.079500	0.999020
0.080000	0.999030
0.080500	0.999040
0.081000	0.999050
0.081500	0.999060
0.082000	0.999070
0.082500	0.999080
0.083000	0.999090
0.083500	0.999110
0.084000	0.999120
0.084500	0.999140
0.085000	0.999150
0.085500	0.999170
0.086000	0.999190
0.086500	0.999210
0.087000	0.999240
0.087500	0.999260
0.088000	0.999290
0.088500	0.999320
0.089000	0.999350
0.089500	0.999380
0.090000	0.999420
0.090500	0.999450
0.091000	0.999480
0.091500	0.999500
0.092000	0.999530
0.092500	0.999540
0.093000	0.999550
0.093500	0.999560
0.094000	0.999550
0.094500	0.999530
0.095000	0.999490
0.095500	0.999430
0.096000	0.999350
0.096500	0.999240
0.097000	0.999110
0.097500	0.998940
0.098000	0.998730
0.098500	0.998490
0.099000	0.998200
0.099500	0.997860
0.100000	0.997470
0.100500	0.997020
0.101000	0.996520
0.101500	0.995950
0.102000	0.995320
0.102500	0.994620
0.103000	0.993840
0.103500	0.992980
0.104000	0.992050
0.104500	0.991040
0.105000	0.989940
0.105500	0.988770
0.106000	0.987510
0.106500	0.986170
0.107000	0.984740
0.107500	0.983230
0.108000	0.981630
0.108500	0.979940
0.109000	0.978160
0.109500	0.976290
0.110000	0.974320
0.110500	0.972250
0.111000	0.970080
0.111500	0.967820
0.112000	0.965470
0.112500	0.963030
0.113000	0.960510
0.113500	0.957910
0.114000	0.955240
0.114500	0.952490
0.115000	0.949660
0.115500	0.946770
0.116000	0.943810
0.116500	0.940780
0.117000	0.937680
0.117500	0.934530
0.118000	0.931320
0.118500	0.928070
0.119000	0.924780
0.119500	0.921470
0.120000	0.918140
0.120500	0.914810
0.121000	0.911470
0.121500	0.908140
0.122000	0.904830
0.122500	0.901530
0.123000	0.898260
0.123500	0.895020
0.124000	0.891810
0.124500	0.888660
0.125000	0.885550
0.125500	0.882500
0.126000	0.879510
0.126500	0.876580
0.127000	0.873710
0.127500	0.870900
0.128000	0.868140
0.128500	0.865430
0.129000	0.862770
0.129500	0.860170
0.130000	0.857630
0.130500	0.855140
0.131000	0.852730
0.131500	0.850380
0.132000	0.848090
0.132500	0.845870
0.133000	0.843700
0.133500	0.841570
0.134000	0.839470
0.134500	0.837390
0.135000	0.835320
0.135500	0.833240
0.136000	0.831160
0.136500	0.829070
0.137000	0.826970
0.137500	0.824880
0.138000	0.822790
0.138500	0.820710
0.139000	0.818650
0.139500	0.816590
0.140000	0.814560
0.140500	0.812550
0.141000	0.810550
0.141500	0.808580
0.142000	0.806630
0.142500	0.804700
0.143000	0.802790
0.143500	0.800900
0.144000	0.799030
0.144500	0.797170
0.145000	0.795320
0.145500	0.793490
0.146000	0.791670
0.146500	0.789870
0.147000	0.788080
0.147500	0.786300
0.148000	0.784540
0.148500	0.782790
0.149000	0.781060
0.149500	0.779350
0.150000	0.777650
0.150500	0.775990
0.151000	0.774340
0.151500	0.772730
0.152000	0.771150
0.152500	0.769610
0.153000	0.768110
0.153500	0.766650
0.154000	0.765240
0.154500	0.763890
0.155000	0.762600
0.155500	0.761360
0.156000	0.760190
0.156500	0.759060
0.157000	0.757990
0.157500	0.756960
0.158000	0.755980
0.158500	0.755040
0.159000	0.754150
0.159500	0.753310
0.160000	0.752500
0.160500	0.751740
0.161000	0.751020
0.161500	0.750340
0.162000	0.749690
0.162500	0.749090
0.163000	0.748510
0.163500	0.747980
0.164000	0.747480
0.164500	0.747020
0.165000	0.746590
0.165500	0.746200
0.166000	0.745850
0.166500	0.745530
0.167000	0.745250
0.167500	0.745000
0.168000	0.744780
0.168500	0.744600
0.169000	0.744450
0.169500	0.744330
0.170000	0.744240
0.170500	0.744180
0.171000	0.744150
0.171500	0.744160
0.172000	0.744200
0.172500	0.744270
0.173000	0.744380
0.173500	0.744520
0.174000	0.744700
0.174500	0.744910
0.175000	0.745160
0.175500	0.745450
0.176000	0.745770
0.176500	0.746130
0.177000	0.746520
0.177500	0.746950
0.178000	0.747420
0.178500	0.747910
0.179000	0.748450
0.179500	0.749020
0.180000	0.749630
0.180500	0.750290
0.181000	0.750990
0.181500	0.751740
0.182000	0.752550
0.182500	0.753420
0.183000	0.754360
0.183500	0.755370
0.184000	0.756450
0.184500	0.757610
0.185000	0.758850
0.185500	0.760170
0.186000	0.761560
0.186500	0.763030
0.187000	0.764570
0.187500	0.766160
0.188000	0.767800
0.188500	0.769490
0.189000	0.771210
0.189500	0.772970
0.190000	0.774780
0.190500	0.776610
0.191000	0.778490
0.191500	0.780400
0.192000	0.782350
0.192500	0.784340
0.193000	0.786360
0.193500	0.788420
0.194000	0.790510
0.194500	0.792620
0.195000	0.794760
0.195500	0.796900
0.196000	0.799060
0.196500	0.801220
0.197000	0.803380
0.197500	0.805540
0.198000	0.807690
0.198500	0.809830
0.199000	0.811950
0.199500	0.814060
0.200000	0.816150
0.200500	0.818220
0.201000	0.820270
0.201500	0.822300
0.202000	0.824310
0.202500	0.826290
0.203000	0.828240
0.203500	0.830180
0.204000	0.832090
0.204500	0.833980
0.205000	0.835850
0.205500	0.837710
0.206000	0.839560
0.206500	0.841410
0.207000	0.843240
0.207500	0.845070
0.208000	0.846880
0.208500	0.848680
0.209000	0.850480
0.209500	0.852250
0.210000	0.854020
0.210500	0.855770
0.211000	0.857510
0.211500	0.859230
0.212000	0.860940
0.212500	0.862630
0.213000	0.864310
0.213500	0.865970
0.214000	0.867620
0.214500	0.869250
0.215000	0.870860
0.215500	0.872450
0.216000	0.874030
0.216500	0.875580
0.217000	0.877130
0.217500	0.878650
0.218000	0.880160
0.218500	0.881650
0.219000	0.883120
0.219500	0.884570
0.220000	0.886010
0.220500	0.887430
0.221000	0.888830
0.221500	0.890220
0.222000	0.891590
0.222500	0.892940
0.223000	0.894270
0.223500	0.895590
0.224000	0.896880
0.224500	0.898160
0.225000	0.899430
0.225500	0.900670
0.226000	0.901900
0.226500	0.903120
0.227000	0.904310
0.227500	0.905490
0.228000	0.906660
0.228500	0.907810
0.229000	0.908940
0.229500	0.910060
0.230000	0.911170
0.230500	0.912260
0.231000	0.913340
0.231500	0.914400
0.232000	0.915450
0.232500	0.916480
0.233000	0.917500
0.233500	0.918500
0.234000	0.919490
0.234500	0.920470
0.235000	0.921430
0.235500	0.922380
0.236000	0.923310
0.236500	0.924230
0.237000	0.925130
0.237500	0.926030
0.238000	0.926900
0.238500	0.927770
0.239000	0.928620
0.239500	0.929450
0.240000	0.930280
0.240500	0.931090
0.241000	0.931890
0.241500	0.932680
0.242000	0.933460
0.242500	0.934220
0.243000	0.934970
0.243500	0.935720
0.244000	0.936450
0.244500	0.937160
0.245000	0.937870
0.245500	0.938570
0.246000	0.939250
0.246500	0.939920
0.247000	0.940580
0.247500	0.941230
0.248000	0.941870
0.248500	0.942490
0.249000	0.943110
0.249500	0.943710
0.250000	0.944300
0.250500	0.944880
0.251000	0.945450
0.251500	0.946010
0.252000	0.946560
0.252500	0.947090
0.253000	0.947620
0.253500	0.948140
0.254000	0.948640
0.254500	0.949140
0.255000	0.949620
0.255500	0.950100
0.256000	0.950570
0.256500	0.951030
0.257000	0.951470
0.257500	0.951920
0.258000	0.952350
0.258500	0.952770
0.259000	0.953190
0.259500	0.953590
0.260000	0.953990
0.260500	0.954380
0.261000	0.954760
0.261500	0.955140
0.262000	0.955500
0.262500	0.955860
0.263000	0.956210
0.263500	0.956540
0.264000	0.956880
0.264500	0.957200
0.265000	0.957510
0.265500	0.957820
0.266000	0.958110
0.266500	0.958400
0.267000	0.958680
0.267500	0.958950
0.268000	0.959220
0.268500	0.959470
0.269000	0.959720
0.269500	0.959960
0.270000	0.960190
0.270500	0.960410
0.271000	0.960630
0.271500	0.960830
0.272000	0.961030
0.272500	0.961220
0.273000	0.961400
0.273500	0.961580
0.274000	0.961740
0.274500	0.961900
0.275000	0.962050
0.275500	0.962200
0.276000	0.962330
0.276500	0.962460
0.277000	0.962580
0.277500	0.962700
0.278000	0.962810
0.278500	0.962910
0.279000	0.963000
0.279500	0.963090
0.280000	0.963170
0.280500	0.963240
0.281000	0.963310
0.281500	0.963370
0.282000	0.963420
0.282500	0.963470
0.283000	0.963510
0.283500	0.963550
0.284000	0.963580
0.284500	0.963600
0.285000	0.963620
0.285500	0.963640
0.286000	0.963650
0.286500	0.963650
0.287000	0.963650
0.287500	0.963650
0.288000	0.963630
0.288500	0.963620
0.289000	0.963600
0.289500	0.963580
0.290000	0.963550
0.290500	0.963510
0.291000	0.963480
0.291500	0.963440
0.292000	0.963390
0.292500	0.963340
0.293000	0.963290
0.293500	0.963230
0.294000	0.963160
0.294500	0.963100
0.295000	0.963030
0.295500	0.962950
0.296000	0.962870
0.296500	0.962790
0.297000	0.962710
0.297500	0.962620
0.298000	0.962530
0.298500	0.962430
