0.000000	-8606.028320
0.000500	-8606.028320
0.001000	-8606.028320
0.001500	-8606.028320
0.002000	-8606.028320
0.002500	-8606.028320
0.003000	-8606.028320
0.003500	-8606.028320
0.004000	-8606.028320
0.004500	-8605.774414
0.005000	-8605.774414
0.005500	-8605.774414
0.006000	-8605.774414
0.006500	-8605.774414
0.007000	-8605.774414
0.007500	-8605.774414
0.008000	-8605.774414
0.008500	-8605.774414
0.009000	-8605.774414
0.009500	-8605.774414
0.010000	-8605.774414
0.010500	-8605.774414
0.011000	-8605.774414
0.011500	-8605.774414
0.012000	-8605.774414
0.012500	-8605.774414
0.013000	-8605.774414
0.013500	-8605.774414
0.014000	-8605.774414
0.014500	-8605.774414
0.015000	-8605.519531
0.015500	-8605.519531
0.016000	-8605.519531
0.016500	-8605.519531
0.017000	-8605.519531
0.017500	-8605.519531
0.018000	-8605.519531
0.018500	-8605.519531
0.019000	-8605.519531
0.019500	-8605.519531
0.020000	-8605.519531
0.020500	-8605.519531
0.021000	-8605.519531
0.021500	-8605.519531
0.022000	-8605.266602
0.022500	-8605.266602
0.023000	-8605.266602
0.023500	-8605.266602
0.024000	-8605.266602
0.024500	-8605.266602
0.025000	-8605.266602
0.025500	-8605.266602
0.026000	-8605.266602
0.026500	-8605.266602
0.027000	-8605.266602
0.027500	-8605.266602
0.028000	-8605.011719
0.028500	-8605.011719
0.029000	-8605.011719
0.029500	-8605.011719
0.030000	-8605.011719
0.030500	-8605.011719
0.031000	-8605.011719
0.031500	-8605.011719
0.032000	-8605.011719
0.032500	-8605.011719
0.033000	-8605.011719
0.033500	-8605.011719
0.034000	-8604.756836
0.034500	-8604.756836
0.035000	-8604.756836
0.035500	-8604.756836
0.036000	-8604.756836
0.036500	-8604.756836
0.037000	-8604.756836
0.037500	-8604.756836
0.038000	-8604.756836
0.038500	-8604.756836
0.039000	-8604.756836
0.039500	-8604.756836
0.040000	-8604.756836
0.040500	-8604.756836
0.041000	-8604.504883
0.041500	-8604.504883
0.042000	-8604.504883
0.042500	-8604.504883
0.043000	-8604.504883
0.043500	-8604.504883
0.044000	-8604.504883
0.044500	-8604.504883
0.045000	-8604.504883
0.045500	-8604.504883
0.046000	-8604.504883
0.046500	-8604.504883
0.047000	-8604.504883
0.047500	-8604.504883
0.048000	-8604.504883
0.048500	-8604.504883
0.049000	-8604.504883
0.049500	-8604.504883
0.050000	-8604.504883
0.050500	-8604.504883
0.051000	-8604.756836
0.051500	-8604.756836
0.052000	-8604.756836
0.052500	-8604.756836
0.053000	-8604.756836
0.053500	-8604.756836
0.054000	-8604.756836
0.054500	-8604.756836
0.055000	-8604.756836
0.055500	-8605.011719
0.056000	-8605.011719
0.056500	-8605.011719
0.057000	-8605.011719
0.057500	-8605.011719
0.058000	-8605.266602
0.058500	-8605.266602
0.059000	-8605.266602
0.059500	-8605.266602
0.060000	-8605.519531
0.060500	-8605.519531
0.061000	-8605.519531
0.061500	-8605.774414
0.062000	-8605.774414
0.062500	-8606.028320
0.063000	-8606.028320
0.063500	-8606.281250
0.064000	-8606.281250
0.064500	-8606.536133
0.065000	-8606.536133
0.065500	-8606.790039
0.066000	-8607.042969
0.066500	-8607.042969
0.067000	-8607.297852
0.067500	-8607.551758
0.068000	-8607.806641
0.068500	-8608.059570
0.069000	-8608.313477
0.069500	-8608.568359
0.070000	-8608.822266
0.070500	-8609.075195
0.071000	-8609.583984
0.071500	-8609.837891
0.072000	-8610.091797
0.072500	-8610.599609
0.073000	-8611.107422
0.073500	-8611.361328
0.074000	-8611.870117
0.074500	-8612.377930
0.075000	-8613.139648
0.075500	-8613.647461
0.076000	-8614.156250
0.076500	-8614.918945
0.077000	-8615.679688
0.077500	-8616.441406
0.078000	-8617.204102
0.078500	-8617.965820
0.079000	-8618.981445
0.079500	-8619.743164
0.080000	-8620.759766
0.080500	-8622.030273
0.081000	-8623.045898
0.081500	-8624.316406
0.082000	-8625.839844
0.082500	-8627.364258
0.083000	-8628.887695
0.083500	-8630.666016
0.084000	-8632.443359
0.084500	-8634.475586
0.085000	-8636.761719
0.085500	-8639.047852
0.086000	-8641.587891
0.086500	-8644.381836
0.087000	-8647.430664
0.087500	-8650.731445
0.088000	-8654.033203
0.088500	-8657.843750
0.089000	-8661.907227
0.089500	-8666.480469
0.090000	-8671.306641
0.090500	-8676.385742
0.091000	-8681.719727
0.091500	-8687.561523
0.092000	-8693.911133
0.092500	-8700.515625
0.093000	-8707.374023
0.093500	-8714.740234
0.094000	-8722.614258
0.094500	-8730.742188
0.095000	-8739.377930
0.095500	-8748.521484
0.096000	-8757.918945
0.096500	-8767.826172
0.097000	-8777.985352
0.097500	-8788.654297
0.098000	-8799.576172
0.098500	-8811.006836
0.099000	-8822.435547
0.099500	-8834.627930
0.100000	-8846.820312
0.100500	-8859.519531
0.101000	-8872.473633
0.101500	-8885.681641
0.102000	-8899.143555
0.102500	-8912.860352
0.103000	-8926.830078
0.103500	-8941.054688
0.104000	-8955.786133
0.104500	-8970.518555
0.105000	-8985.757812
0.105500	-9001.251953
0.106000	-9017.000000
0.106500	-9033.001953
0.107000	-9049.511719
0.107500	-9066.021484
0.108000	-9083.040039
0.108500	-9100.565430
0.109000	-9118.092773
0.109500	-9136.125977
0.110000	-9154.159180
0.110500	-9172.702148
0.111000	-9191.243164
0.111500	-9210.293945
0.112000	-9229.597656
0.112500	-9248.902344
0.113000	-9268.713867
0.113500	-9288.780273
0.114000	-9308.845703
0.114500	-9329.418945
0.115000	-9350.247070
0.115500	-9371.330078
0.116000	-9392.412109
0.116500	-9414.001953
0.117000	-9435.591797
0.117500	-9457.435547
0.118000	-9479.533203
0.118500	-9501.631836
0.119000	-9524.237305
0.119500	-9546.843750
0.120000	-9569.958008
0.120500	-9593.325195
0.121000	-9616.693359
0.121500	-9640.569336
0.122000	-9664.954102
0.122500	-9689.337891
0.123000	-9713.975586
0.123500	-9739.121094
0.124000	-9764.521484
0.124500	-9790.176758
0.125000	-9816.337891
0.125500	-9842.753906
0.126000	-9869.423828
0.126500	-9896.601562
0.127000	-9924.034180
0.127500	-9951.973633
0.128000	-9979.914062
0.128500	-10008.362305
0.129000	-10037.318359
0.129500	-10066.528320
0.130000	-10095.992188
0.130500	-10125.963867
0.131000	-10156.189453
0.131500	-10186.923828
0.132000	-10218.166016
0.132500	-10249.661133
0.133000	-10281.412109
0.133500	-10313.668945
0.134000	-10346.181641
0.134500	-10379.202148
0.135000	-10412.475586
0.135500	-10446.003906
0.136000	-10479.786133
0.136500	-10514.076172
0.137000	-10548.366211
0.137500	-10583.164062
0.138000	-10618.216797
0.138500	-10653.521484
0.139000	-10689.081055
0.139500	-10725.150391
0.140000	-10761.471680
0.140500	-10798.301758
0.141000	-10835.385742
0.141500	-10872.723633
0.142000	-10910.569336
0.142500	-10948.669922
0.143000	-10987.278320
0.143500	-11026.140625
0.144000	-11065.255859
0.144500	-11104.879883
0.145000	-11144.756836
0.145500	-11185.143555
0.146000	-11225.530273
0.146500	-11266.423828
0.147000	-11307.571289
0.147500	-11349.227539
0.148000	-11390.883789
0.148500	-11433.046875
0.149000	-11475.465820
0.149500	-11518.137695
0.150000	-11561.318359
0.150500	-11604.498047
0.151000	-11648.185547
0.151500	-11692.127930
0.152000	-11736.578125
0.152500	-11781.281250
0.153000	-11826.239258
0.153500	-11871.452148
0.154000	-11916.917969
0.154500	-11962.892578
0.155000	-12009.120117
0.155500	-12055.855469
0.156000	-12102.592773
0.156500	-12149.835938
0.157000	-12197.333008
0.157500	-12245.085938
0.158000	-12293.091797
0.158500	-12341.606445
0.159000	-12390.119141
0.159500	-12438.887695
0.160000	-12487.909180
0.160500	-12537.185547
0.161000	-12586.715820
0.161500	-12636.499023
0.162000	-12686.284180
0.162500	-12736.321289
0.163000	-12786.613281
0.163500	-12837.160156
0.164000	-12887.706055
0.164500	-12938.505859
0.165000	-12989.306641
0.165500	-13040.360352
0.166000	-13091.666992
0.166500	-13142.975586
0.167000	-13194.284180
0.167500	-13245.845703
0.168000	-13297.408203
0.168500	-13348.969727
0.169000	-13400.786133
0.169500	-13452.602539
0.170000	-13504.671875
0.170500	-13556.487305
0.171000	-13608.558594
0.171500	-13660.627930
0.172000	-13712.952148
0.172500	-13765.276367
0.173000	-13817.345703
0.173500	-13869.923828
0.174000	-13922.248047
0.174500	-13974.826172
0.175000	-14027.150391
0.175500	-14079.728516
0.176000	-14132.305664
0.176500	-14185.136719
0.177000	-14237.715820
0.177500	-14290.547852
0.178000	-14343.379883
0.178500	-14396.212891
0.179000	-14449.297852
0.179500	-14502.130859
0.180000	-14555.214844
0.180500	-14608.555664
0.181000	-14661.641602
0.181500	-14714.982422
0.182000	-14768.322266
0.182500	-14821.916016
0.183000	-14875.509766
0.183500	-14929.103516
0.184000	-14982.952148
0.184500	-15037.053711
0.185000	-15091.156250
0.185500	-15145.257812
0.186000	-15199.867188
0.186500	-15254.223633
0.187000	-15309.086914
0.187500	-15363.952148
0.188000	-15418.815430
0.188500	-15473.934570
0.189000	-15529.051758
0.189500	-15584.168945
0.190000	-15639.541992
0.190500	-15695.167969
0.191000	-15750.793945
0.191500	-15806.418945
0.192000	-15862.299805
0.192500	-15918.180664
0.193000	-15974.312500
0.193500	-16030.702148
0.194000	-16087.089844
0.194500	-16143.478516
0.195000	-16200.119141
0.195500	-16257.015625
0.196000	-16313.913086
0.196500	-16370.807617
0.197000	-16427.957031
0.197500	-16485.107422
0.198000	-16542.259766
0.198500	-16599.662109
0.199000	-16657.064453
0.199500	-16714.470703
0.200000	-16772.126953
0.200500	-16829.787109
0.201000	-16887.443359
0.201500	-16945.103516
0.202000	-17002.759766
0.202500	-17060.417969
0.203000	-17118.330078
0.203500	-17176.240234
0.204000	-17234.154297
0.204500	-17292.064453
0.205000	-17349.976562
0.205500	-17408.144531
0.206000	-17466.310547
0.206500	-17524.474609
0.207000	-17582.642578
0.207500	-17641.062500
0.208000	-17699.482422
0.208500	-17758.156250
0.209000	-17816.576172
0.209500	-17875.250000
0.210000	-17933.923828
0.210500	-17992.851562
0.211000	-18051.525391
0.211500	-18110.455078
0.212000	-18169.382812
0.212500	-18228.310547
0.213000	-18287.236328
0.213500	-18346.419922
0.214000	-18405.347656
0.214500	-18464.531250
0.215000	-18523.712891
0.215500	-18582.892578
0.216000	-18642.076172
0.216500	-18701.257812
0.217000	-18760.693359
0.217500	-18819.875000
0.218000	-18879.312500
0.218500	-18938.748047
0.219000	-18997.929688
0.219500	-19057.365234
0.220000	-19116.802734
0.220500	-19176.236328
0.221000	-19235.673828
0.221500	-19295.111328
0.222000	-19354.544922
0.222500	-19413.982422
0.223000	-19473.671875
0.223500	-19533.107422
0.224000	-19592.542969
0.224500	-19651.978516
0.225000	-19711.669922
0.225500	-19771.107422
0.226000	-19830.541016
0.226500	-19889.978516
0.227000	-19949.666016
0.227500	-20009.103516
0.228000	-20068.539062
0.228500	-20128.228516
0.229000	-20187.666016
0.229500	-20247.103516
0.230000	-20306.791016
0.230500	-20366.228516
0.231000	-20425.662109
0.231500	-20485.099609
0.232000	-20544.789062
0.232500	-20604.224609
0.233000	-20663.662109
0.233500	-20723.097656
0.234000	-20782.787109
0.234500	-20842.224609
0.235000	-20901.660156
0.235500	-20961.095703
0.236000	-21020.533203
0.236500	-21079.966797
0.237000	-21139.404297
0.237500	-21198.839844
0.238000	-21258.021484
0.238500	-21317.458984
0.239000	-21376.894531
0.239500	-21436.076172
0.240000	-21495.511719
0.240500	-21554.947266
0.241000	-21614.130859
0.241500	-21673.564453
0.242000	-21732.748047
0.242500	-21791.929688
0.243000	-21851.365234
0.243500	-21910.546875
0.244000	-21969.730469
0.244500	-22028.912109
0.245000	-22088.347656
0.245500	-22147.529297
0.246000	-22206.712891
0.246500	-22265.638672
0.247000	-22324.822266
0.247500	-22384.003906
0.248000	-22443.185547
0.248500	-22502.113281
0.249000	-22561.294922
0.249500	-22620.224609
0.250000	-22679.152344
0.250500	-22738.080078
0.251000	-22797.007812
0.251500	-22855.935547
0.252000	-22914.863281
0.252500	-22973.791016
0.253000	-23032.718750
0.253500	-23091.392578
0.254000	-23150.322266
0.254500	-23208.996094
0.255000	-23267.669922
0.255500	-23326.597656
0.256000	-23385.271484
0.256500	-23443.945312
0.257000	-23502.619141
0.257500	-23561.292969
0.258000	-23619.712891
0.258500	-23678.386719
0.259000	-23737.062500
0.259500	-23795.482422
0.260000	-23854.156250
0.260500	-23912.576172
0.261000	-23970.994141
0.261500	-24029.667969
0.262000	-24088.089844
0.262500	-24146.511719
0.263000	-24204.929688
0.263500	-24263.095703
0.264000	-24321.515625
0.264500	-24379.935547
0.265000	-24438.103516
0.265500	-24496.267578
0.266000	-24554.433594
0.266500	-24612.853516
0.267000	-24670.765625
0.267500	-24728.931641
0.268000	-24787.097656
0.268500	-24845.261719
0.269000	-24903.175781
0.269500	-24961.341797
0.270000	-25019.253906
0.270500	-25077.166016
0.271000	-25135.078125
0.271500	-25192.990234
0.272000	-25250.902344
0.272500	-25308.812500
0.273000	-25366.726562
0.273500	-25425.400391
0.274000	-25481.279297
0.274500	-25539.699219
0.275000	-25598.119141
0.275500	-25656.539062
0.276000	-25712.419922
0.276500	-25770.839844
0.277000	-25829.259766
0.277500	-25885.138672
0.278000	-25943.560547
0.278500	-26001.980469
0.279000	-26057.859375
0.279500	-26116.277344
0.280000	-26172.160156
0.280500	-26230.580078
0.281000	-26289.000000
0.281500	-26344.878906
0.282000	-26403.298828
0.282500	-26459.179688
0.283000	-26517.599609
0.283500	-26573.478516
0.284000	-26631.898438
0.284500	-26687.779297
0.285000	-26746.201172
0.285500	-26802.078125
0.286000	-26860.500000
0.286500	-26916.378906
0.287000	-26974.800781
0.287500	-27030.677734
0.288000	-27086.560547
0.288500	-27144.978516
0.289000	-27200.861328
0.289500	-27259.279297
0.290000	-27315.160156
0.290500	-27371.039062
0.291000	-27429.460938
0.291500	-27485.337891
0.292000	-27541.220703
0.292500	-27599.640625
0.293000	-27655.521484
0.293500	-27711.398438
0.294000	-27767.279297
0.294500	-27825.699219
0.295000	-27881.578125
0.295500	-27937.458984
0.296000	-27993.339844
0.296500	-28049.220703
0.297000	-28107.638672
0.297500	-28163.521484
0.298000	-28219.400391
0.298500	-28275.277344
