0.000000	0.086486
0.000500	0.086486
0.001000	0.086486
0.001500	0.086486
0.002000	0.086486
0.002500	0.086486
0.003000	0.086508
0.003500	0.086561
0.004000	0.086612
0.004500	0.086660
0.005000	0.086707
0.005500	0.086752
0.006000	0.086794
0.006500	0.086834
0.007000	0.086868
0.007500	0.086901
0.008000	0.086934
0.008500	0.086966
0.009000	0.086999
0.009500	0.087031
0.010000	0.087064
0.010500	0.087097
0.011000	0.087130
0.011500	0.087173
0.012000	0.087225
0.012500	0.087279
0.013000	0.087330
0.013500	0.087378
0.014000	0.087424
0.014500	0.087466
0.015000	0.087501
0.015500	0.087510
0.016000	0.087486
0.016500	0.087445
0.017000	0.087400
0.017500	0.087348
0.018000	0.087286
0.018500	0.087226
0.019000	0.087184
0.019500	0.087162
0.020000	0.087155
0.020500	0.087162
0.021000	0.087185
0.021500	0.087218
0.022000	0.087255
0.022500	0.087292
0.023000	0.087324
0.023500	0.087351
0.024000	0.087377
0.024500	0.087403
0.025000	0.087427
0.025500	0.087450
0.026000	0.087470
0.026500	0.087487
0.027000	0.087504
0.027500	0.087517
0.028000	0.087525
0.028500	0.087524
0.029000	0.087512
0.029500	0.087490
0.030000	0.087463
0.030500	0.087434
0.031000	0.087403
0.031500	0.087370
0.032000	0.087333
0.032500	0.087296
0.033000	0.087262
0.033500	0.087240
0.034000	0.087248
0.034500	0.087280
0.035000	0.087328
0.035500	0.087390
0.036000	0.087469
0.036500	0.087553
0.037000	0.087626
0.037500	0.087676
0.038000	0.087715
0.038500	0.087752
0.039000	0.087796
0.039500	0.087853
0.040000	0.087911
0.040500	0.087969
0.041000	0.088027
0.041500	0.088085
0.042000	0.088143
0.042500	0.088202
0.043000	0.088260
0.043500	0.088316
0.044000	0.088350
0.044500	0.088366
0.045000	0.088369
0.045500	0.088367
0.046000	0.088361
0.046500	0.088345
0.047000	0.088312
0.047500	0.088258
0.048000	0.088198
0.048500	0.088137
0.049000	0.088076
0.049500	0.088016
0.050000	0.087952
0.050500	0.087889
0.051000	0.087835
0.051500	0.087795
0.052000	0.087764
0.052500	0.087736
0.053000	0.087710
0.053500	0.087682
0.054000	0.087654
0.054500	0.087625
0.055000	0.087598
0.055500	0.087571
0.056000	0.087561
0.056500	0.087569
0.057000	0.087587
0.057500	0.087606
0.058000	0.087633
0.058500	0.087671
0.059000	0.087716
0.059500	0.087769
0.060000	0.087833
0.060500	0.087919
0.061000	0.088031
0.061500	0.088175
0.062000	0.088356
0.062500	0.088562
0.063000	0.088774
0.063500	0.088973
0.064000	0.089155
0.064500	0.089327
0.065000	0.089485
0.065500	0.089626
0.066000	0.089708
0.066500	0.089706
0.067000	0.089643
0.067500	0.089543
0.068000	0.089407
0.068500	0.089227
0.069000	0.089010
0.069500	0.088762
0.070000	0.088476
0.070500	0.088142
0.071000	0.087759
0.071500	0.087325
0.072000	0.086828
0.072500	0.086244
0.073000	0.085582
0.073500	0.084852
0.074000	0.084060
0.074500	0.083201
0.075000	0.082279
0.075500	0.081301
0.076000	0.080264
0.076500	0.079158
0.077000	0.077983
0.077500	0.076742
0.078000	0.075440
0.078500	0.074059
0.079000	0.072567
0.079500	0.070932
0.080000	0.069166
0.080500	0.067347
0.081000	0.065487
0.081500	0.063592
0.082000	0.061676
0.082500	0.059747
0.083000	0.057798
0.083500	0.055822
0.084000	0.053802
0.084500	0.051711
0.085000	0.049564
0.085500	0.047379
0.086000	0.045163
0.086500	0.042879
0.087000	0.040517
0.087500	0.038073
0.088000	0.035540
0.088500	0.032901
0.089000	0.030154
0.089500	0.027303
0.090000	0.024347
0.090500	0.021306
0.091000	0.018238
0.091500	0.015200
0.092000	0.012239
0.092500	0.009333
0.093000	0.006468
0.093500	0.003629
0.094000	0.000821
0.094500	-0.001829
0.095000	-0.004314
0.095500	-0.006665
0.096000	-0.008882
0.096500	-0.010718
0.097000	-0.012181
0.097500	-0.013348
0.098000	-0.014285
0.098500	-0.014921
0.099000	-0.015249
0.099500	-0.015294
0.100000	-0.015079
0.100500	-0.014606
0.101000	-0.013854
0.101500	-0.012800
0.102000	-0.011424
0.102500	-0.009750
0.103000	-0.007789
0.103500	-0.005526
0.104000	-0.002955
0.104500	-0.000176
0.105000	0.002797
0.105500	0.006012
0.106000	0.009511
0.106500	0.013148
0.107000	0.016912
0.107500	0.020890
0.108000	0.025164
0.108500	0.029555
0.109000	0.033953
0.109500	0.038359
0.110000	0.042772
0.110500	0.047179
0.111000	0.051585
0.111500	0.056008
0.112000	0.060467
0.112500	0.065037
0.113000	0.069728
0.113500	0.074452
0.114000	0.079123
0.114500	0.083734
0.115000	0.088333
0.115500	0.092920
0.116000	0.097495
0.116500	0.102040
0.117000	0.106530
0.117500	0.110980
0.118000	0.115410
0.118500	0.119760
0.119000	0.124000
0.119500	0.128160
0.120000	0.132270
0.120500	0.136330
0.121000	0.140290
0.121500	0.144100
0.122000	0.147700
0.122500	0.151140
0.123000	0.154500
0.123500	0.157800
0.124000	0.161060
0.124500	0.164300
0.125000	0.167530
0.125500	0.170730
0.126000	0.173880
0.126500	0.176960
0.127000	0.179940
0.127500	0.182850
0.128000	0.185690
0.128500	0.188490
0.129000	0.191190
0.129500	0.193820
0.130000	0.196400
0.130500	0.198900
0.131000	0.201300
0.131500	0.203560
0.132000	0.205700
0.132500	0.207690
0.133000	0.209520
0.133500	0.211210
0.134000	0.212800
0.134500	0.214310
0.135000	0.215730
0.135500	0.217050
0.136000	0.218270
0.136500	0.219360
0.137000	0.220330
0.137500	0.221190
0.138000	0.221930
0.138500	0.222540
0.139000	0.223080
0.139500	0.223530
0.140000	0.223860
0.140500	0.224090
0.141000	0.224280
0.141500	0.224430
0.142000	0.224520
0.142500	0.224550
0.143000	0.224570
0.143500	0.224570
0.144000	0.224550
0.144500	0.224500
0.145000	0.224440
0.145500	0.224370
0.146000	0.224290
0.146500	0.224190
0.147000	0.224090
0.147500	0.223970
0.148000	0.223850
0.148500	0.223700
0.149000	0.223540
0.149500	0.223370
0.150000	0.223180
0.150500	0.222970
0.151000	0.222740
0.151500	0.222500
0.152000	0.222270
0.152500	0.222060
0.153000	0.221850
0.153500	0.221640
0.154000	0.221440
0.154500	0.221230
0.155000	0.221020
0.155500	0.220800
0.156000	0.220580
0.156500	0.220370
0.157000	0.220190
0.157500	0.220030
0.158000	0.219900
0.158500	0.219790
0.159000	0.219720
0.159500	0.219660
0.160000	0.219610
0.160500	0.219540
0.161000	0.219460
0.161500	0.219360
0.162000	0.219240
0.162500	0.219110
0.163000	0.218920
0.163500	0.218680
0.164000	0.218390
0.164500	0.218070
0.165000	0.217730
0.165500	0.217350
0.166000	0.216950
0.166500	0.216520
0.167000	0.216060
0.167500	0.215550
0.168000	0.214990
0.168500	0.214390
0.169000	0.213730
0.169500	0.213000
0.170000	0.212210
0.170500	0.211380
0.171000	0.210530
0.171500	0.209630
0.172000	0.208670
0.172500	0.207620
0.173000	0.206490
0.173500	0.205320
0.174000	0.204110
0.174500	0.202850
0.175000	0.201570
0.175500	0.200280
0.176000	0.198980
0.176500	0.197670
0.177000	0.196340
0.177500	0.195020
0.178000	0.193680
0.178500	0.192340
0.179000	0.190980
0.179500	0.189600
0.180000	0.188210
0.180500	0.186800
0.181000	0.185370
0.181500	0.183890
0.182000	0.182410
0.182500	0.180970
0.183000	0.179570
0.183500	0.178180
0.184000	0.176790
0.184500	0.175390
0.185000	0.174000
0.185500	0.172610
0.186000	0.171220
0.186500	0.169830
0.187000	0.168460
0.187500	0.167170
0.188000	0.165940
0.188500	0.164750
0.189000	0.163580
0.189500	0.162460
0.190000	0.161380
0.190500	0.160330
0.191000	0.159320
0.191500	0.158340
0.192000	0.157410
0.192500	0.156540
0.193000	0.155740
0.193500	0.154980
0.194000	0.154270
0.194500	0.153580
0.195000	0.152920
0.195500	0.152280
0.196000	0.151660
0.196500	0.151080
0.197000	0.150530
0.197500	0.150020
0.198000	0.149530
0.198500	0.149070
0.199000	0.148640
0.199500	0.148230
0.200000	0.147830
0.200500	0.147430
0.201000	0.147050
0.201500	0.146670
0.202000	0.146290
0.202500	0.145920
0.203000	0.145560
0.203500	0.145200
0.204000	0.144840
0.204500	0.144500
0.205000	0.144160
0.205500	0.143840
0.206000	0.143530
0.206500	0.143210
0.207000	0.142890
0.207500	0.142550
0.208000	0.142200
0.208500	0.141860
0.209000	0.141520
0.209500	0.141210
0.210000	0.140920
0.210500	0.140650
0.211000	0.140390
0.211500	0.140150
0.212000	0.139940
0.212500	0.139760
0.213000	0.139610
0.213500	0.139490
0.214000	0.139410
0.214500	0.139380
0.215000	0.139400
0.215500	0.139450
0.216000	0.139520
0.216500	0.139580
0.217000	0.139630
0.217500	0.139670
0.218000	0.139710
0.218500	0.139730
0.219000	0.139740
0.219500	0.139710
0.220000	0.139640
0.220500	0.139540
0.221000	0.139430
0.221500	0.139290
0.222000	0.139120
0.222500	0.138920
0.223000	0.138680
0.223500	0.138410
0.224000	0.138100
0.224500	0.137770
0.225000	0.137400
0.225500	0.137010
0.226000	0.136610
0.226500	0.136190
0.227000	0.135750
0.227500	0.135290
0.228000	0.134830
0.228500	0.134350
0.229000	0.133850
0.229500	0.133340
0.230000	0.132820
0.230500	0.132280
0.231000	0.131730
0.231500	0.131160
0.232000	0.130590
0.232500	0.130010
0.233000	0.129440
0.233500	0.128870
0.234000	0.128300
0.234500	0.127750
0.235000	0.127210
0.235500	0.126690
0.236000	0.126210
0.236500	0.125740
0.237000	0.125280
0.237500	0.124830
0.238000	0.124380
0.238500	0.123940
0.239000	0.123490
0.239500	0.123020
0.240000	0.122540
0.240500	0.122040
0.241000	0.121520
0.241500	0.120980
0.242000	0.120410
0.242500	0.119820
0.243000	0.119250
0.243500	0.118710
0.244000	0.118190
0.244500	0.117690
0.245000	0.117210
0.245500	0.116760
0.246000	0.116310
0.246500	0.115880
0.247000	0.115450
0.247500	0.115030
0.248000	0.114610
0.248500	0.114190
0.249000	0.113780
0.249500	0.113370
0.250000	0.112970
0.250500	0.112590
0.251000	0.112210
0.251500	0.111850
0.252000	0.111540
0.252500	0.111260
0.253000	0.111000
0.253500	0.110750
0.254000	0.110520
0.254500	0.110320
0.255000	0.110160
0.255500	0.110040
0.256000	0.109940
0.256500	0.109860
0.257000	0.109800
0.257500	0.109760
0.258000	0.109730
0.258500	0.109690
0.259000	0.109650
0.259500	0.109620
0.260000	0.109580
0.260500	0.109550
0.261000	0.109510
0.261500	0.109490
0.262000	0.109500
0.262500	0.109550
0.263000	0.109620
0.263500	0.109700
0.264000	0.109800
0.264500	0.109910
0.265000	0.110020
0.265500	0.110100
0.266000	0.110170
0.266500	0.110230
0.267000	0.110270
0.267500	0.110280
0.268000	0.110270
0.268500	0.110230
0.269000	0.110160
0.269500	0.110060
0.270000	0.109960
0.270500	0.109840
0.271000	0.109710
0.271500	0.109560
0.272000	0.109410
0.272500	0.109260
0.273000	0.109090
0.273500	0.108910
0.274000	0.108720
0.274500	0.108520
0.275000	0.108330
0.275500	0.108140
0.276000	0.107950
0.276500	0.107770
0.277000	0.107590
0.277500	0.107410
0.278000	0.107250
0.278500	0.107120
0.279000	0.107020
0.279500	0.106960
0.280000	0.106910
0.280500	0.106870
0.281000	0.106820
0.281500	0.106770
0.282000	0.106730
0.282500	0.106680
0.283000	0.106630
0.283500	0.106570
0.284000	0.106470
0.284500	0.106350
0.285000	0.106210
0.285500	0.106080
0.286000	0.105940
0.286500	0.105800
0.287000	0.105660
0.287500	0.105530
0.288000	0.105420
0.288500	0.105320
0.289000	0.105230
0.289500	0.105140
0.290000	0.105060
0.290500	0.104990
0.291000	0.104930
0.291500	0.104880
0.292000	0.104830
0.292500	0.104800
0.293000	0.104790
0.293500	0.104810
0.294000	0.104850
0.294500	0.104880
0.295000	0.104920
0.295500	0.104970
0.296000	0.105010
0.296500	0.105060
0.297000	0.105110
0.297500	0.105150
0.298000	0.105190
0.298500	0.105230
0.299000	0.105260
0.299500	0.105300
0.300000	0.105330
0.300500	0.105360
0.301000	0.105390
0.301500	0.105420
0.302000	0.105480
0.302500	0.105550
0.303000	0.105650
0.303500	0.105760
0.304000	0.105890
0.304500	0.106020
0.305000	0.106170
0.305500	0.106320
0.306000	0.106470
0.306500	0.106630
0.307000	0.106810
0.307500	0.107010
0.308000	0.107240
0.308500	0.107490
0.309000	0.107750
0.309500	0.108000
0.310000	0.108270
0.310500	0.108540
0.311000	0.108810
0.311500	0.109070
0.312000	0.109290
0.312500	0.109500
0.313000	0.109680
0.313500	0.109840
0.314000	0.109990
0.314500	0.110120
0.315000	0.110250
0.315500	0.110360
0.316000	0.110460
0.316500	0.110550
0.317000	0.110630
0.317500	0.110690
0.318000	0.110730
0.318500	0.110740
0.319000	0.110730
0.319500	0.110700
0.320000	0.110640
0.320500	0.110570
0.321000	0.110510
0.321500	0.110450
0.322000	0.110390
0.322500	0.110340
0.323000	0.110300
0.323500	0.110290
0.324000	0.110300
0.324500	0.110320
0.325000	0.110340
0.325500	0.110350
0.326000	0.110370
0.326500	0.110380
0.327000	0.110390
0.327500	0.110400
0.328000	0.110380
0.328500	0.110310
0.329000	0.110210
0.329500	0.110080
0.330000	0.109930
0.330500	0.109740
0.331000	0.109530
0.331500	0.109280
0.332000	0.109000
0.332500	0.108720
0.333000	0.108420
0.333500	0.108090
0.334000	0.107740
0.334500	0.107390
0.335000	0.107040
0.335500	0.106690
0.336000	0.106350
0.336500	0.106020
0.337000	0.105690
0.337500	0.105370
0.338000	0.105080
0.338500	0.104810
0.339000	0.104550
0.339500	0.104310
0.340000	0.104070
0.340500	0.103850
0.341000	0.103650
0.341500	0.103450
0.342000	0.103280
0.342500	0.103130
0.343000	0.102990
0.343500	0.102880
0.344000	0.102780
0.344500	0.102700
0.345000	0.102650
0.345500	0.102620
0.346000	0.102620
0.346500	0.102630
0.347000	0.102650
0.347500	0.102700
0.348000	0.102760
0.348500	0.102830
0.349000	0.102890
0.349500	0.102960
0.350000	0.103030
0.350500	0.103110
0.351000	0.103180
0.351500	0.103250
0.352000	0.103310
0.352500	0.103360
0.353000	0.103390
0.353500	0.103420
0.354000	0.103430
0.354500	0.103450
0.355000	0.103460
0.355500	0.103480
0.356000	0.103490
0.356500	0.103510
0.357000	0.103530
0.357500	0.103560
0.358000	0.103590
0.358500	0.103620
0.359000	0.103650
0.359500	0.103680
0.360000	0.103710
0.360500	0.103740
0.361000	0.103770
0.361500	0.103800
0.362000	0.103820
0.362500	0.103820
0.363000	0.103810
0.363500	0.103780
0.364000	0.103750
0.364500	0.103700
0.365000	0.103650
0.365500	0.103610
0.366000	0.103570
0.366500	0.103530
0.367000	0.103500
0.367500	0.103480
0.368000	0.103480
0.368500	0.103500
0.369000	0.103540
0.369500	0.103600
0.370000	0.103670
0.370500	0.103750
0.371000	0.103820
0.371500	0.103910
0.372000	0.103990
0.372500	0.104080
0.373000	0.104170
0.373500	0.104270
0.374000	0.104370
0.374500	0.104480
0.375000	0.104590
0.375500	0.104710
0.376000	0.104830
0.376500	0.104960
0.377000	0.105100
0.377500	0.105230
0.378000	0.105350
0.378500	0.105460
0.379000	0.105560
0.379500	0.105640
0.380000	0.105710
0.380500	0.105740
0.381000	0.105740
0.381500	0.105690
0.382000	0.105600
0.382500	0.105490
0.383000	0.105380
0.383500	0.105270
0.384000	0.105140
0.384500	0.105010
0.385000	0.104880
0.385500	0.104750
0.386000	0.104640
0.386500	0.104540
0.387000	0.104430
0.387500	0.104320
0.388000	0.104220
0.388500	0.104120
0.389000	0.104010
0.389500	0.103910
0.390000	0.103810
0.390500	0.103710
0.391000	0.103630
0.391500	0.103550
0.392000	0.103470
0.392500	0.103410
0.393000	0.103360
0.393500	0.103320
0.394000	0.103300
0.394500	0.103300
0.395000	0.103320
0.395500	0.103360
0.396000	0.103410
0.396500	0.103490
0.397000	0.103560
0.397500	0.103640
0.398000	0.103690
0.398500	0.103730
0.399000	0.103770
0.399500	0.103800
0.400000	0.103820
0.400500	0.103820
0.401000	0.103820
0.401500	0.103830
0.402000	0.103850
0.402500	0.103880
0.403000	0.103920
0.403500	0.103960
0.404000	0.104020
0.404500	0.104080
0.405000	0.104160
0.405500	0.104240
0.406000	0.104330
0.406500	0.104430
0.407000	0.104540
0.407500	0.104670
0.408000	0.104820
0.408500	0.104990
0.409000	0.105180
0.409500	0.105390
0.410000	0.105630
0.410500	0.105870
0.411000	0.106120
0.411500	0.106370
0.412000	0.106610
0.412500	0.106850
0.413000	0.107090
0.413500	0.107330
0.414000	0.107560
0.414500	0.107770
0.415000	0.107960
0.415500	0.108150
0.416000	0.108320
0.416500	0.108480
0.417000	0.108600
0.417500	0.108710
0.418000	0.108790
0.418500	0.108840
0.419000	0.108870
0.419500	0.108870
0.420000	0.108850
0.420500	0.108820
0.421000	0.108780
0.421500	0.108720
0.422000	0.108650
0.422500	0.108560
0.423000	0.108480
0.423500	0.108390
0.424000	0.108300
0.424500	0.108200
0.425000	0.108110
0.425500	0.108010
0.426000	0.107930
0.426500	0.107850
0.427000	0.107800
0.427500	0.107760
0.428000	0.107730
0.428500	0.107700
0.429000	0.107680
0.429500	0.107670
0.430000	0.107680
0.430500	0.107680
0.431000	0.107690
0.431500	0.107700
0.432000	0.107710
0.432500	0.107720
0.433000	0.107730
0.433500	0.107740
0.434000	0.107760
0.434500	0.107770
0.435000	0.107780
0.435500	0.107780
0.436000	0.107790
0.436500	0.107770
0.437000	0.107730
0.437500	0.107670
0.438000	0.107590
0.438500	0.107510
0.439000	0.107430
0.439500	0.107330
0.440000	0.107220
0.440500	0.107110
0.441000	0.107000
0.441500	0.106890
0.442000	0.106780
0.442500	0.106660
0.443000	0.106550
0.443500	0.106430
0.444000	0.106320
0.444500	0.106200
0.445000	0.106080
0.445500	0.105960
0.446000	0.105840
0.446500	0.105730
0.447000	0.105650
0.447500	0.105590
0.448000	0.105560
0.448500	0.105540
0.449000	0.105520
0.449500	0.105500
0.450000	0.105480
0.450500	0.105460
0.451000	0.105440
0.451500	0.105430
0.452000	0.105410
0.452500	0.105440
0.453000	0.105510
0.453500	0.105600
0.454000	0.105690
0.454500	0.105790
0.455000	0.105900
0.455500	0.106000
0.456000	0.106080
0.456500	0.106150
0.457000	0.106210
0.457500	0.106260
0.458000	0.106310
0.458500	0.106350
0.459000	0.106390
0.459500	0.106430
0.460000	0.106480
0.460500	0.106530
0.461000	0.106600
0.461500	0.106660
0.462000	0.106730
0.462500	0.106810
0.463000	0.106890
0.463500	0.106980
0.464000	0.107060
0.464500	0.107130
0.465000	0.107170
0.465500	0.107210
0.466000	0.107230
0.466500	0.107230
0.467000	0.107200
0.467500	0.107140
0.468000	0.107050
0.468500	0.106940
0.469000	0.106810
0.469500	0.106670
0.470000	0.106520
0.470500	0.106360
0.471000	0.106180
0.471500	0.106000
0.472000	0.105840
0.472500	0.105690
0.473000	0.105560
0.473500	0.105450
0.474000	0.105380
0.474500	0.105320
0.475000	0.105270
0.475500	0.105210
0.476000	0.105160
0.476500	0.105100
0.477000	0.105050
0.477500	0.105000
0.478000	0.104940
0.478500	0.104890
0.479000	0.104840
0.479500	0.104790
0.480000	0.104740
0.480500	0.104690
0.481000	0.104630
0.481500	0.104580
0.482000	0.104530
0.482500	0.104480
0.483000	0.104440
0.483500	0.104420
0.484000	0.104410
0.484500	1012.900024
0.485000	3535.800049
0.485500	6795.799805
0.486000	10020.000000
0.486500	14402.000000
0.487000	20507.000000
0.487500	26621.000000
0.488000	31029.000000
0.488500	30532.000000
0.489000	24135.000000
0.489500	13428.000000
