0.000000	-8673.592773
0.000500	-8673.592773
0.001000	-8673.592773
0.001500	-8673.592773
0.002000	-8673.592773
0.002500	-8673.592773
0.003000	-8673.592773
0.003500	-8673.592773
0.004000	-8673.592773
0.004500	-8673.592773
0.005000	-8673.592773
0.005500	-8673.592773
0.006000	-8673.592773
0.006500	-8673.592773
0.007000	-8673.592773
0.007500	-8673.592773
0.008000	-8673.592773
0.008500	-8673.592773
0.009000	-8673.592773
0.009500	-8673.592773
0.010000	-8673.592773
0.010500	-8673.592773
0.011000	-8673.845703
0.011500	-8673.845703
0.012000	-8673.845703
0.012500	-8673.845703
0.013000	-8673.845703
0.013500	-8673.845703
0.014000	-8673.845703
0.014500	-8673.845703
0.015000	-8673.845703
0.015500	-8673.845703
0.016000	-8673.845703
0.016500	-8673.845703
0.017000	-8673.845703
0.017500	-8673.845703
0.018000	-8673.845703
0.018500	-8673.845703
0.019000	-8673.845703
0.019500	-8674.099609
0.020000	-8674.099609
0.020500	-8674.099609
0.021000	-8674.099609
0.021500	-8674.099609
0.022000	-8674.099609
0.022500	-8674.099609
0.023000	-8674.099609
0.023500	-8674.099609
0.024000	-8674.354492
0.024500	-8674.354492
0.025000	-8674.354492
0.025500	-8674.354492
0.026000	-8674.354492
0.026500	-8674.354492
0.027000	-8674.354492
0.027500	-8674.354492
0.028000	-8674.607422
0.028500	-8674.607422
0.029000	-8674.607422
0.029500	-8674.607422
0.030000	-8674.607422
0.030500	-8674.607422
0.031000	-8674.862305
0.031500	-8674.862305
0.032000	-8674.862305
0.032500	-8674.862305
0.033000	-8674.862305
0.033500	-8675.116211
0.034000	-8675.116211
0.034500	-8675.116211
0.035000	-8675.116211
0.035500	-8675.369141
0.036000	-8675.369141
0.036500	-8675.369141
0.037000	-8675.624023
0.037500	-8675.624023
0.038000	-8675.624023
0.038500	-8675.878906
0.039000	-8675.878906
0.039500	-8676.130859
0.040000	-8676.130859
0.040500	-8676.130859
0.041000	-8676.385742
0.041500	-8676.385742
0.042000	-8676.640625
0.042500	-8676.640625
0.043000	-8676.893555
0.043500	-8676.893555
0.044000	-8677.147461
0.044500	-8677.401367
0.045000	-8677.401367
0.045500	-8677.656250
0.046000	-8677.656250
0.046500	-8677.910156
0.047000	-8678.163086
0.047500	-8678.417969
0.048000	-8678.417969
0.048500	-8678.671875
0.049000	-8678.925781
0.049500	-8679.179688
0.050000	-8679.433594
0.050500	-8679.687500
0.051000	-8679.942383
0.051500	-8680.196289
0.052000	-8680.449219
0.052500	-8680.704102
0.053000	-8681.211914
0.053500	-8681.465820
0.054000	-8681.973633
0.054500	-8682.228516
0.055000	-8682.735352
0.055500	-8683.244141
0.056000	-8683.751953
0.056500	-8684.513672
0.057000	-8685.021484
0.057500	-8685.783203
0.058000	-8686.544922
0.058500	-8687.307617
0.059000	-8688.324219
0.059500	-8689.085938
0.060000	-8690.101562
0.060500	-8691.118164
0.061000	-8692.387695
0.061500	-8693.404297
0.062000	-8694.673828
0.062500	-8695.943359
0.063000	-8697.467773
0.063500	-8698.992188
0.064000	-8700.515625
0.064500	-8702.040039
0.065000	-8703.818359
0.065500	-8705.595703
0.066000	-8707.627930
0.066500	-8709.659180
0.067000	-8711.691406
0.067500	-8713.977539
0.068000	-8716.263672
0.068500	-8718.804688
0.069000	-8721.343750
0.069500	-8724.138672
0.070000	-8726.931641
0.070500	-8729.725586
0.071000	-8733.028320
0.071500	-8736.330078
0.072000	-8739.631836
0.072500	-8743.442383
0.073000	-8747.252930
0.073500	-8751.061523
0.074000	-8755.380859
0.074500	-8759.951172
0.075000	-8764.523438
0.075500	-8769.349609
0.076000	-8774.683594
0.076500	-8780.017578
0.077000	-8785.860352
0.077500	-8791.702148
0.078000	-8798.051758
0.078500	-8804.656250
0.079000	-8811.768555
0.079500	-8818.879883
0.080000	-8826.754883
0.080500	-8834.627930
0.081000	-8843.009766
0.081500	-8851.900391
0.082000	-8861.043945
0.082500	-8870.696289
0.083000	-8880.856445
0.083500	-8891.269531
0.084000	-8901.937500
0.084500	-8913.368164
0.085000	-8925.051758
0.085500	-8936.990234
0.086000	-8949.689453
0.086500	-8962.643555
0.087000	-8976.106445
0.087500	-8989.821289
0.088000	-9004.299805
0.088500	-9019.031250
0.089000	-9034.271484
0.089500	-9049.766602
0.090000	-9065.768555
0.090500	-9082.023438
0.091000	-9098.533203
0.091500	-9115.551758
0.092000	-9132.569336
0.092500	-9149.841797
0.093000	-9167.114258
0.093500	-9184.639648
0.094000	-9202.166992
0.094500	-9219.692383
0.095000	-9237.471680
0.095500	-9255.251953
0.096000	-9273.031250
0.096500	-9291.066406
0.097000	-9309.100586
0.097500	-9327.642578
0.098000	-9346.183594
0.098500	-9365.233398
0.099000	-9384.284180
0.099500	-9403.841797
0.100000	-9423.400391
0.100500	-9443.465820
0.101000	-9463.786133
0.101500	-9484.106445
0.102000	-9504.933594
0.102500	-9525.761719
0.103000	-9546.843750
0.103500	-9568.433594
0.104000	-9590.024414
0.104500	-9611.614258
0.105000	-9633.711914
0.105500	-9655.809570
0.106000	-9678.162109
0.106500	-9700.768555
0.107000	-9723.373047
0.107500	-9745.980469
0.108000	-9769.093750
0.108500	-9792.208008
0.109000	-9815.322266
0.109500	-9838.943359
0.110000	-9862.312500
0.110500	-9886.187500
0.111000	-9910.063477
0.111500	-9934.193359
0.112000	-9958.578125
0.112500	-9982.961914
0.113000	-10007.599609
0.113500	-10032.238281
0.114000	-10057.129883
0.114500	-10082.276367
0.115000	-10107.675781
0.115500	-10133.076172
0.116000	-10158.730469
0.116500	-10184.383789
0.117000	-10210.545898
0.117500	-10236.454102
0.118000	-10262.870117
0.118500	-10289.286133
0.119000	-10315.956055
0.119500	-10342.625977
0.120000	-10369.549805
0.120500	-10396.728516
0.121000	-10424.160156
0.121500	-10451.592773
0.122000	-10479.277344
0.122500	-10507.218750
0.123000	-10535.157227
0.123500	-10563.606445
0.124000	-10592.054688
0.124500	-10621.009766
0.125000	-10649.965820
0.125500	-10679.176758
0.126000	-10708.893555
0.126500	-10738.866211
0.127000	-10769.092773
0.127500	-10799.572266
0.128000	-10830.305664
0.128500	-10861.293945
0.129000	-10892.790039
0.129500	-10924.286133
0.130000	-10956.290039
0.130500	-10988.801758
0.131000	-11021.313477
0.131500	-11054.333984
0.132000	-11087.607422
0.132500	-11121.135742
0.133000	-11155.171875
0.133500	-11189.461914
0.134000	-11224.006836
0.134500	-11259.057617
0.135000	-11294.364258
0.135500	-11329.923828
0.136000	-11365.483398
0.136500	-11401.551758
0.137000	-11437.874023
0.137500	-11474.195312
0.138000	-11511.026367
0.138500	-11548.110352
0.139000	-11585.193359
0.139500	-11622.785156
0.140000	-11660.630859
0.140500	-11698.731445
0.141000	-11737.084961
0.141500	-11775.947266
0.142000	-11815.063477
0.142500	-11854.433594
0.143000	-11894.311523
0.143500	-11934.443359
0.144000	-11974.831055
0.144500	-12015.469727
0.145000	-12056.618164
0.145500	-12098.274414
0.146000	-12139.929688
0.146500	-12182.093750
0.147000	-12224.511719
0.147500	-12267.183594
0.148000	-12310.110352
0.148500	-12353.542969
0.149000	-12396.978516
0.149500	-12440.919922
0.150000	-12485.116211
0.150500	-12529.565430
0.151000	-12574.269531
0.151500	-12619.228516
0.152000	-12664.440430
0.152500	-12709.906250
0.153000	-12755.879883
0.153500	-12802.107422
0.154000	-12848.335938
0.154500	-12895.072266
0.155000	-12942.061523
0.155500	-12989.306641
0.156000	-13037.057617
0.156500	-13084.810547
0.157000	-13132.815430
0.157500	-13181.330078
0.158000	-13229.842773
0.158500	-13278.612305
0.159000	-13327.887695
0.159500	-13377.163086
0.160000	-13426.694336
0.160500	-13476.477539
0.161000	-13526.262695
0.161500	-13576.554688
0.162000	-13626.845703
0.162500	-13677.390625
0.163000	-13727.936523
0.163500	-13778.992188
0.164000	-13829.791016
0.164500	-13881.099609
0.165000	-13932.408203
0.165500	-13983.714844
0.166000	-14035.278320
0.166500	-14087.093750
0.167000	-14139.163086
0.167500	-14190.979492
0.168000	-14243.304688
0.168500	-14295.627930
0.169000	-14347.952148
0.169500	-14400.530273
0.170000	-14453.108398
0.170500	-14505.939453
0.171000	-14558.772461
0.171500	-14611.603516
0.172000	-14664.689453
0.172500	-14717.776367
0.173000	-14770.862305
0.173500	-14824.201172
0.174000	-14877.541992
0.174500	-14930.882812
0.175000	-14984.221680
0.175500	-15037.815430
0.176000	-15091.663086
0.176500	-15145.257812
0.177000	-15199.106445
0.177500	-15252.954102
0.178000	-15307.056641
0.178500	-15361.158203
0.179000	-15415.260742
0.179500	-15469.362305
0.180000	-15523.716797
0.180500	-15578.073242
0.181000	-15632.684570
0.181500	-15687.292969
0.182000	-15741.904297
0.182500	-15796.767578
0.183000	-15851.631836
0.183500	-15906.750000
0.184000	-15961.867188
0.184500	-16016.987305
0.185000	-16072.103516
0.185500	-16127.729492
0.186000	-16183.101562
0.186500	-16238.727539
0.187000	-16294.353516
0.187500	-16350.235352
0.188000	-16406.113281
0.188500	-16462.248047
0.189000	-16518.382812
0.189500	-16574.769531
0.190000	-16630.902344
0.190500	-16687.544922
0.191000	-16744.185547
0.191500	-16800.830078
0.192000	-16857.470703
0.192500	-16914.367188
0.193000	-16971.263672
0.193500	-17028.160156
0.194000	-17085.310547
0.194500	-17142.458984
0.195000	-17199.863281
0.195500	-17257.013672
0.196000	-17314.416016
0.196500	-17371.822266
0.197000	-17429.226562
0.197500	-17486.884766
0.198000	-17544.287109
0.198500	-17601.945312
0.199000	-17659.603516
0.199500	-17717.515625
0.200000	-17775.173828
0.200500	-17833.085938
0.201000	-17890.744141
0.201500	-17948.656250
0.202000	-18006.566406
0.202500	-18064.734375
0.203000	-18122.646484
0.203500	-18180.558594
0.204000	-18238.724609
0.204500	-18296.636719
0.205000	-18354.800781
0.205500	-18412.966797
0.206000	-18471.134766
0.206500	-18529.300781
0.207000	-18587.464844
0.207500	-18645.630859
0.208000	-18704.052734
0.208500	-18762.216797
0.209000	-18820.384766
0.209500	-18878.802734
0.210000	-18936.970703
0.210500	-18995.390625
0.211000	-19053.810547
0.211500	-19111.976562
0.212000	-19170.394531
0.212500	-19228.814453
0.213000	-19287.236328
0.213500	-19345.402344
0.214000	-19403.822266
0.214500	-19462.242188
0.215000	-19520.662109
0.215500	-19578.828125
0.216000	-19637.248047
0.216500	-19695.667969
0.217000	-19753.833984
0.217500	-19812.253906
0.218000	-19870.417969
0.218500	-19928.837891
0.219000	-19987.005859
0.219500	-20045.425781
0.220000	-20103.591797
0.220500	-20161.757812
0.221000	-20219.923828
0.221500	-20278.089844
0.222000	-20336.255859
0.222500	-20394.419922
0.223000	-20452.587891
0.223500	-20510.500000
0.224000	-20568.412109
0.224500	-20626.324219
0.225000	-20684.236328
0.225500	-20742.146484
0.226000	-20800.060547
0.226500	-20857.970703
0.227000	-20915.630859
0.227500	-20973.287109
0.228000	-21031.201172
0.228500	-21088.857422
0.229000	-21146.515625
0.229500	-21204.173828
0.230000	-21261.832031
0.230500	-21319.236328
0.231000	-21376.894531
0.231500	-21434.296875
0.232000	-21491.957031
0.232500	-21549.359375
0.233000	-21606.763672
0.233500	-21664.167969
0.234000	-21721.570312
0.234500	-21778.976562
0.235000	-21836.380859
0.235500	-21893.783203
0.236000	-21950.933594
0.236500	-22008.083984
0.237000	-22065.234375
0.237500	-22122.384766
0.238000	-22179.535156
0.238500	-22236.685547
0.239000	-22293.833984
0.239500	-22350.730469
0.240000	-22407.625000
0.240500	-22464.521484
0.241000	-22521.417969
0.241500	-22578.314453
0.242000	-22635.210938
0.242500	-22691.853516
0.243000	-22748.494141
0.243500	-22805.134766
0.244000	-22861.777344
0.244500	-22918.417969
0.245000	-22974.808594
0.245500	-23031.451172
0.246000	-23087.837891
0.246500	-23144.226562
0.247000	-23200.867188
0.247500	-23257.255859
0.248000	-23313.388672
0.248500	-23369.777344
0.249000	-23426.164062
0.249500	-23482.300781
0.250000	-23538.687500
0.250500	-23594.822266
0.251000	-23650.955078
0.251500	-23707.087891
0.252000	-23763.224609
0.252500	-23819.359375
0.253000	-23875.492188
0.253500	-23931.371094
0.254000	-23987.507812
0.254500	-24043.386719
0.255000	-24099.265625
0.255500	-24155.146484
0.256000	-24211.025391
0.256500	-24266.906250
0.257000	-24322.787109
0.257500	-24378.666016
0.258000	-24434.291016
0.258500	-24490.171875
0.259000	-24545.796875
0.259500	-24601.423828
0.260000	-24657.048828
0.260500	-24712.931641
0.261000	-24768.556641
0.261500	-24824.181641
0.262000	-24879.808594
0.262500	-24935.685547
0.263000	-24991.314453
0.263500	-25046.939453
0.264000	-25102.566406
0.264500	-25158.445312
0.265000	-25214.070312
0.265500	-25269.697266
0.266000	-25325.578125
0.266500	-25381.205078
0.267000	-25438.099609
0.267500	-25493.980469
0.268000	-25547.320312
0.268500	-25603.199219
0.269000	-25659.080078
0.269500	-25714.960938
0.270000	-25770.839844
0.270500	-25826.718750
0.271000	-25882.599609
0.271500	-25938.480469
0.272000	-25994.359375
0.272500	-26050.240234
0.273000	-26106.121094
0.273500	-26161.998047
0.274000	-26215.339844
0.274500	-26271.220703
0.275000	-26327.099609
0.275500	-26382.978516
0.276000	-26438.859375
0.276500	-26494.740234
0.277000	-26550.621094
0.277500	-26606.500000
0.278000	-26659.839844
0.278500	-26715.720703
0.279000	-26771.599609
0.279500	-26827.478516
0.280000	-26883.359375
0.280500	-26939.240234
0.281000	-26995.121094
0.281500	-27048.460938
0.282000	-27104.339844
0.282500	-27160.220703
0.283000	-27216.099609
0.283500	-27271.978516
0.284000	-27327.859375
0.284500	-27381.199219
0.285000	-27437.078125
0.285500	-27492.960938
0.286000	-27548.839844
0.286500	-27604.720703
0.287000	-27658.060547
0.287500	-27713.939453
0.288000	-27769.820312
0.288500	-27825.699219
0.289000	-27881.578125
0.289500	-27934.921875
0.290000	-27990.798828
0.290500	-28046.677734
0.291000	-28102.560547
0.291500	-28158.439453
0.292000	-28211.779297
0.292500	-28267.660156
0.293000	-28323.539062
0.293500	-28379.421875
0.294000	-28435.298828
0.294500	-28488.640625
0.295000	-28544.521484
0.295500	-28600.398438
0.296000	-28656.279297
0.296500	-28712.160156
0.297000	-28765.500000
0.297500	-28821.378906
0.298000	-28877.259766
0.298500	-28933.140625
