0.000000	-8673.592773
0.000500	-8673.592773
0.001000	-8673.592773
0.001500	-8673.592773
0.002000	-8673.592773
0.002500	-8673.592773
0.003000	-8673.592773
0.003500	-8673.592773
0.004000	-8673.592773
0.004500	-8673.592773
0.005000	-8673.592773
0.005500	-8673.592773
0.006000	-8673.592773
0.006500	-8673.592773
0.007000	-8673.592773
0.007500	-8673.592773
0.008000	-8673.592773
0.008500	-8673.592773
0.009000	-8673.592773
0.009500	-8673.592773
0.010000	-8673.592773
0.010500	-8673.592773
0.011000	-8673.592773
0.011500	-8673.592773
0.012000	-8673.592773
0.012500	-8673.592773
0.013000	-8673.592773
0.013500	-8673.592773
0.014000	-8673.592773
0.014500	-8673.592773
0.015000	-8673.592773
0.015500	-8673.592773
0.016000	-8673.592773
0.016500	-8673.592773
0.017000	-8673.592773
0.017500	-8673.592773
0.018000	-8673.592773
0.018500	-8673.592773
0.019000	-8673.592773
0.019500	-8673.592773
0.020000	-8673.592773
0.020500	-8673.592773
0.021000	-8673.592773
0.021500	-8673.592773
0.022000	-8673.592773
0.022500	-8673.592773
0.023000	-8673.592773
0.023500	-8673.592773
0.024000	-8673.337891
0.024500	-8673.337891
0.025000	-8673.337891
0.025500	-8673.337891
0.026000	-8673.337891
0.026500	-8673.337891
0.027000	-8673.337891
0.027500	-8673.337891
0.028000	-8673.337891
0.028500	-8673.083008
0.029000	-8673.083008
0.029500	-8673.083008
0.030000	-8673.083008
0.030500	-8673.083008
0.031000	-8673.083008
0.031500	-8672.831055
0.032000	-8672.831055
0.032500	-8672.831055
0.033000	-8672.831055
0.033500	-8672.831055
0.034000	-8672.831055
0.034500	-8672.576172
0.035000	-8672.576172
0.035500	-8672.576172
0.036000	-8672.576172
0.036500	-8672.576172
0.037000	-8672.321289
0.037500	-8672.321289
0.038000	-8672.321289
0.038500	-8672.321289
0.039000	-8672.068359
0.039500	-8672.068359
0.040000	-8671.814453
0.040500	-8671.814453
0.041000	-8671.559570
0.041500	-8671.559570
0.042000	-8671.306641
0.042500	-8671.051758
0.043000	-8671.051758
0.043500	-8670.796875
0.044000	-8670.543945
0.044500	-8670.035156
0.045000	-8669.781250
0.045500	-8669.273438
0.046000	-8669.019531
0.046500	-8668.511719
0.047000	-8668.003906
0.047500	-8667.242188
0.048000	-8666.733398
0.048500	-8665.971680
0.049000	-8665.209961
0.049500	-8664.448242
0.050000	-8663.431641
0.050500	-8662.416016
0.051000	-8661.399414
0.051500	-8660.130859
0.052000	-8659.114258
0.052500	-8657.843750
0.053000	-8656.319336
0.053500	-8654.795898
0.054000	-8653.271484
0.054500	-8651.748047
0.055000	-8649.969727
0.055500	-8648.192383
0.056000	-8646.160156
0.056500	-8644.127930
0.057000	-8642.095703
0.057500	-8639.809570
0.058000	-8637.523438
0.058500	-8634.984375
0.059000	-8632.443359
0.059500	-8629.903320
0.060000	-8627.109375
0.060500	-8624.316406
0.061000	-8621.268555
0.061500	-8618.219727
0.062000	-8614.918945
0.062500	-8611.616211
0.063000	-8608.313477
0.063500	-8604.756836
0.064000	-8600.947266
0.064500	-8597.137695
0.065000	-8593.328125
0.065500	-8589.263672
0.066000	-8585.200195
0.066500	-8581.135742
0.067000	-8576.818359
0.067500	-8572.245117
0.068000	-8567.928711
0.068500	-8563.101562
0.069000	-8558.530273
0.069500	-8553.704102
0.070000	-8548.877930
0.070500	-8543.797852
0.071000	-8538.717773
0.071500	-8533.637695
0.072000	-8528.557617
0.072500	-8523.478516
0.073000	-8518.143555
0.073500	-8512.809570
0.074000	-8507.730469
0.074500	-8502.395508
0.075000	-8497.061523
0.075500	-8491.727539
0.076000	-8486.393555
0.076500	-8481.313477
0.077000	-8476.233398
0.077500	-8470.899414
0.078000	-8465.819336
0.078500	-8460.994141
0.079000	-8456.167969
0.079500	-8451.342773
0.080000	-8446.769531
0.080500	-8442.198242
0.081000	-8437.880859
0.081500	-8433.816406
0.082000	-8429.751953
0.082500	-8425.942383
0.083000	-8422.131836
0.083500	-8418.830078
0.084000	-8415.528320
0.084500	-8412.225586
0.085000	-8409.431641
0.085500	-8406.637695
0.086000	-8404.097656
0.086500	-8401.811523
0.087000	-8399.525391
0.087500	-8397.748047
0.088000	-8395.969727
0.088500	-8394.445312
0.089000	-8393.175781
0.089500	-8392.159180
0.090000	-8391.143555
0.090500	-8390.381836
0.091000	-8389.366211
0.091500	-8388.604492
0.092000	-8387.841797
0.092500	-8387.080078
0.093000	-8386.063477
0.093500	-8385.047852
0.094000	-8383.777344
0.094500	-8382.254883
0.095000	-8380.730469
0.095500	-8378.952148
0.096000	-8377.173828
0.096500	-8375.142578
0.097000	-8373.109375
0.097500	-8371.078125
0.098000	-8369.044922
0.098500	-8367.268555
0.099000	-8365.236328
0.099500	-8363.458008
0.100000	-8361.426758
0.100500	-8359.647461
0.101000	-8357.869141
0.101500	-8355.837891
0.102000	-8354.060547
0.102500	-8352.281250
0.103000	-8350.503906
0.103500	-8348.726562
0.104000	-8346.694336
0.104500	-8344.916016
0.105000	-8342.883789
0.105500	-8340.851562
0.106000	-8338.819336
0.106500	-8336.533203
0.107000	-8334.248047
0.107500	-8331.961914
0.108000	-8329.421875
0.108500	-8326.881836
0.109000	-8324.341797
0.109500	-8321.547852
0.110000	-8318.753906
0.110500	-8315.959961
0.111000	-8313.166016
0.111500	-8310.119141
0.112000	-8307.069336
0.112500	-8304.021484
0.113000	-8300.719727
0.113500	-8297.418945
0.114000	-8294.116211
0.114500	-8290.559570
0.115000	-8287.004883
0.115500	-8283.448242
0.116000	-8279.891602
0.116500	-8276.081055
0.117000	-8272.272461
0.117500	-8268.208008
0.118000	-8264.397461
0.118500	-8260.333984
0.119000	-8256.269531
0.119500	-8251.952148
0.120000	-8247.633789
0.120500	-8243.315430
0.121000	-8238.997070
0.121500	-8234.680664
0.122000	-8230.107422
0.122500	-8225.535156
0.123000	-8220.964844
0.123500	-8216.392578
0.124000	-8212.074219
0.124500	-8207.501953
0.125000	-8202.930664
0.125500	-8198.357422
0.126000	-8194.040039
0.126500	-8189.722168
0.127000	-8185.403809
0.127500	-8181.085449
0.128000	-8177.021973
0.128500	-8172.957520
0.129000	-8168.894043
0.129500	-8165.083984
0.130000	-8161.019531
0.130500	-8157.209473
0.131000	-8153.654297
0.131500	-8150.097656
0.132000	-8146.542480
0.132500	-8143.239746
0.133000	-8139.938477
0.133500	-8136.890625
0.134000	-8133.842285
0.134500	-8131.048340
0.135000	-8128.000488
0.135500	-8125.206055
0.136000	-8122.411621
0.136500	-8119.872070
0.137000	-8117.077637
0.137500	-8114.283691
0.138000	-8111.744141
0.138500	-8108.949707
0.139000	-8106.410156
0.139500	-8103.869629
0.140000	-8101.583496
0.140500	-8099.043945
0.141000	-8097.011719
0.141500	-8094.725586
0.142000	-8092.693359
0.142500	-8090.915527
0.143000	-8089.138184
0.143500	-8087.614258
0.144000	-8086.090332
0.144500	-8084.819824
0.145000	-8083.549316
0.145500	-8082.533691
0.146000	-8081.518066
0.146500	-8080.756348
0.147000	-8079.993164
0.147500	-8079.485840
0.148000	-8078.978516
0.148500	-8078.724121
0.149000	-8078.469238
0.149500	-8078.216797
0.150000	-8078.216797
0.150500	-8078.216797
0.151000	-8078.469238
0.151500	-8078.724121
0.152000	-8078.978516
0.152500	-8079.485840
0.153000	-8079.993164
0.153500	-8080.501465
0.154000	-8081.518066
0.154500	-8082.280273
0.155000	-8083.295898
0.155500	-8084.311523
0.156000	-8085.581543
0.156500	-8086.852051
0.157000	-8088.375977
0.157500	-8089.899902
0.158000	-8091.423828
0.158500	-8092.947754
0.159000	-8094.725586
0.159500	-8096.504395
0.160000	-8098.535645
0.160500	-8100.313965
0.161000	-8102.345703
0.161500	-8104.377930
0.162000	-8106.410156
0.162500	-8108.442383
0.163000	-8110.473633
0.163500	-8112.505859
0.164000	-8114.538086
0.164500	-8116.824219
0.165000	-8118.856445
0.165500	-8120.887695
0.166000	-8122.919922
0.166500	-8124.952148
0.167000	-8126.983887
0.167500	-8129.016113
0.168000	-8131.048340
0.168500	-8133.080566
0.169000	-8135.111816
0.169500	-8137.143066
0.170000	-8139.176270
0.170500	-8140.954102
0.171000	-8142.731445
0.171500	-8144.509277
0.172000	-8146.288086
0.172500	-8148.066406
0.173000	-8149.590332
0.173500	-8151.368164
0.174000	-8152.892090
0.174500	-8154.416016
0.175000	-8155.939941
0.175500	-8157.209473
0.176000	-8158.733398
0.176500	-8160.004395
0.177000	-8161.273926
0.177500	-8162.797852
0.178000	-8164.068359
0.178500	-8165.083984
0.179000	-8166.354004
0.179500	-8167.623535
0.180000	-8168.894043
0.180500	-8169.909668
0.181000	-8171.179688
0.181500	-8172.195312
0.182000	-8173.465820
0.182500	-8174.481445
0.183000	-8175.751465
0.183500	-8176.768066
0.184000	-8178.037598
0.184500	-8179.054199
0.185000	-8180.323730
0.185500	-8181.340332
0.186000	-8182.609375
0.186500	-8183.879883
0.187000	-8185.150391
0.187500	-8186.419434
0.188000	-8187.689941
0.188500	-8189.213867
0.189000	-8190.483887
0.189500	-8192.007812
0.190000	-8193.532227
0.190500	-8195.055664
0.191000	-8196.580078
0.191500	-8198.357422
0.192000	-8199.881836
0.192500	-8201.660156
0.193000	-8203.437500
0.193500	-8204.961914
0.194000	-8206.740234
0.194500	-8208.771484
0.195000	-8210.550781
0.195500	-8212.328125
0.196000	-8214.106445
0.196500	-8216.137695
0.197000	-8217.916016
0.197500	-8219.948242
0.198000	-8221.726562
0.198500	-8223.757812
0.199000	-8225.790039
0.199500	-8227.821289
0.200000	-8229.854492
0.200500	-8231.885742
0.201000	-8233.917969
0.201500	-8235.949219
0.202000	-8237.981445
0.202500	-8240.268555
0.203000	-8242.299805
0.203500	-8244.585938
0.204000	-8246.618164
0.204500	-8248.904297
0.205000	-8251.190430
0.205500	-8253.476562
0.206000	-8255.761719
0.206500	-8258.047852
0.207000	-8260.333984
0.207500	-8262.874023
0.208000	-8265.159180
0.208500	-8267.700195
0.209000	-8269.986328
0.209500	-8272.525391
0.210000	-8275.066406
0.210500	-8277.606445
0.211000	-8280.145508
0.211500	-8282.686523
0.212000	-8285.225586
0.212500	-8287.766602
0.213000	-8290.559570
0.213500	-8293.100586
0.214000	-8295.639648
0.214500	-8298.180664
0.215000	-8300.973633
0.215500	-8303.513672
0.216000	-8306.053711
0.216500	-8308.593750
0.217000	-8311.133789
0.217500	-8313.673828
0.218000	-8316.213867
0.218500	-8318.753906
0.219000	-8321.293945
0.219500	-8323.833008
0.220000	-8326.374023
0.220500	-8328.914062
0.221000	-8331.199219
0.221500	-8333.740234
0.222000	-8336.026367
0.222500	-8338.312500
0.223000	-8340.597656
0.223500	-8342.883789
0.224000	-8344.916016
0.224500	-8347.202148
0.225000	-8349.233398
0.225500	-8351.265625
0.226000	-8353.297852
0.226500	-8355.330078
0.227000	-8357.361328
0.227500	-8359.140625
0.228000	-8361.171875
0.228500	-8362.950195
0.229000	-8364.727539
0.229500	-8366.506836
0.230000	-8368.283203
0.230500	-8370.061523
0.231000	-8371.585938
0.231500	-8373.364258
0.232000	-8374.887695
0.232500	-8376.666016
0.233000	-8378.190430
0.233500	-8379.713867
0.234000	-8381.238281
0.234500	-8382.761719
0.235000	-8384.286133
0.235500	-8385.556641
0.236000	-8387.080078
0.236500	-8388.349609
0.237000	-8389.620117
0.237500	-8390.889648
0.238000	-8392.159180
0.238500	-8393.429688
0.239000	-8394.700195
0.239500	-8395.715820
0.240000	-8396.731445
0.240500	-8398.001953
0.241000	-8398.763672
0.241500	-8399.780273
0.242000	-8400.795898
0.242500	-8401.557617
0.243000	-8402.320312
0.243500	-8403.335938
0.244000	-8404.097656
0.244500	-8404.605469
0.245000	-8405.368164
0.245500	-8405.875977
0.246000	-8406.637695
0.246500	-8407.145508
0.247000	-8407.654297
0.247500	-8408.416016
0.248000	-8408.923828
0.248500	-8409.431641
0.249000	-8409.939453
0.249500	-8410.193359
0.250000	-8410.702148
0.250500	-8411.209961
0.251000	-8411.718750
0.251500	-8411.971680
0.252000	-8412.480469
0.252500	-8412.734375
0.253000	-8412.987305
0.253500	-8413.242188
0.254000	-8413.496094
0.254500	-8413.750000
0.255000	-8414.003906
0.255500	-8414.257812
0.256000	-8414.257812
0.256500	-8414.511719
0.257000	-8414.766602
0.257500	-8414.766602
0.258000	-8414.766602
0.258500	-8415.019531
0.259000	-8415.019531
0.259500	-8415.019531
0.260000	-8415.273438
0.260500	-8415.273438
0.261000	-8415.273438
0.261500	-8415.273438
0.262000	-8415.528320
0.262500	-8415.528320
0.263000	-8415.528320
0.263500	-8415.782227
0.264000	-8415.782227
0.264500	-8416.036133
0.265000	-8416.290039
0.265500	-8416.290039
0.266000	-8416.543945
0.266500	-8416.797852
0.267000	-8416.797852
0.267500	-8417.052734
0.268000	-8417.305664
0.268500	-8417.305664
0.269000	-8417.559570
0.269500	-8417.559570
0.270000	-8417.814453
0.270500	-8418.068359
0.271000	-8418.068359
0.271500	-8418.068359
0.272000	-8418.321289
0.272500	-8418.321289
0.273000	-8418.321289
0.273500	-8418.576172
0.274000	-8418.576172
0.274500	-8418.576172
0.275000	-8418.576172
0.275500	-8418.576172
0.276000	-8418.321289
0.276500	-8418.321289
0.277000	-8418.321289
0.277500	-8418.321289
0.278000	-8418.068359
0.278500	-8418.068359
0.279000	-8418.068359
0.279500	-8417.814453
0.280000	-8417.814453
0.280500	-8417.559570
0.281000	-8417.559570
0.281500	-8417.305664
0.282000	-8417.305664
0.282500	-8417.052734
0.283000	-8416.797852
0.283500	-8416.797852
0.284000	-8416.543945
0.284500	-8416.290039
0.285000	-8416.036133
0.285500	-8415.782227
0.286000	-8415.528320
0.286500	-8415.273438
0.287000	-8415.019531
0.287500	-8414.766602
0.288000	-8414.511719
0.288500	-8414.257812
0.289000	-8414.003906
0.289500	-8413.750000
0.290000	-8413.496094
0.290500	-8413.242188
0.291000	-8412.987305
0.291500	-8412.734375
0.292000	-8412.480469
0.292500	-8412.225586
0.293000	-8411.971680
0.293500	-8411.718750
0.294000	-8411.718750
0.294500	-8411.463867
0.295000	-8411.209961
0.295500	-8410.956055
0.296000	-8410.956055
0.296500	-8410.702148
0.297000	-8410.448242
0.297500	-8410.448242
0.298000	-8410.193359
0.298500	-8409.939453
