0.000000	-0.976990
0.000500	1.767400
0.001000	-1.955700
0.001500	-4.361000
0.002000	-2.858600
0.002500	-4.424100
0.003000	-1.176800
0.003500	-3.976100
0.004000	1.094200
0.004500	-2.432500
0.005000	-1.773900
0.005500	0.967140
0.006000	-2.526400
0.006500	-2.544300
0.007000	0.287230
0.007500	-0.561220
0.008000	-0.584990
0.008500	1.028100
0.009000	-0.605780
0.009500	-1.613500
0.010000	2.448100
0.010500	-1.646700
0.011000	0.153730
0.011500	0.292420
0.012000	5.018100
0.012500	-0.716560
0.013000	2.464400
0.013500	4.854100
0.014000	5.478700
0.014500	4.661100
0.015000	1.768000
0.015500	7.516300
0.016000	6.629400
0.016500	5.976400
0.017000	6.252400
0.017500	5.545900
0.018000	2.560200
0.018500	4.518200
0.019000	6.756700
0.019500	4.578200
0.020000	1.585100
0.020500	4.280200
0.021000	2.575300
0.021500	-1.000700
0.022000	0.775490
0.022500	0.109440
0.023000	-0.173750
0.023500	-0.430000
0.024000	-3.667700
0.024500	-3.820100
0.025000	-2.383100
0.025500	-4.333400
0.026000	-4.245700
0.026500	-2.380600
0.027000	-2.300100
0.027500	-6.462900
0.028000	-8.419700
0.028500	-5.111200
0.029000	-3.206200
0.029500	-3.141800
0.030000	-2.385400
0.030500	0.065301
0.031000	3.492300
0.031500	3.548700
0.032000	3.289700
0.032500	6.271500
0.033000	5.652800
0.033500	5.373700
0.034000	6.629500
0.034500	6.270800
0.035000	10.427000
0.035500	5.391600
0.036000	7.342200
0.036500	8.306900
0.037000	11.964000
0.037500	9.350100
0.038000	7.415500
0.038500	6.463800
0.039000	6.753900
0.039500	10.801000
0.040000	10.811000
0.040500	7.622400
0.041000	4.969600
0.041500	8.438500
0.042000	10.333000
0.042500	5.241000
0.043000	7.651700
0.043500	3.583200
0.044000	0.022442
0.044500	1.834400
0.045000	2.520500
0.045500	-2.047600
0.046000	-2.615200
0.046500	-5.680400
0.047000	-1.170700
0.047500	0.527200
0.048000	-1.634600
0.048500	0.429200
0.049000	3.205800
0.049500	6.354800
0.050000	8.861000
0.050500	12.606000
0.051000	13.527000
0.051500	20.851999
0.052000	25.410000
0.052500	26.601999
0.053000	34.359001
0.053500	36.150002
0.054000	48.119999
0.054500	54.445999
0.055000	64.098999
0.055500	74.444000
0.056000	86.702003
0.056500	97.193001
0.057000	108.980003
0.057500	120.129997
0.058000	133.679993
0.058500	141.589996
0.059000	146.979996
0.059500	155.089996
0.060000	164.520004
0.060500	166.429993
0.061000	169.050003
0.061500	167.240005
0.062000	168.160004
0.062500	164.080002
0.063000	151.559998
0.063500	144.889999
0.064000	127.870003
0.064500	120.029999
0.065000	107.769997
0.065500	88.700996
0.066000	80.723000
0.066500	63.504002
0.067000	37.881001
0.067500	9.203500
0.068000	-20.506001
0.068500	-57.276001
0.069000	-101.449997
0.069500	-149.410004
0.070000	-193.910004
0.070500	-242.259995
0.071000	-283.600006
0.071500	-329.589996
0.072000	-371.350006
0.072500	-420.149994
0.073000	-464.959991
0.073500	-515.250000
0.074000	-562.609985
0.074500	-605.250000
0.075000	-637.369995
0.075500	-668.700012
0.076000	-698.510010
0.076500	-719.530029
0.077000	-738.570007
0.077500	-752.940002
0.078000	-764.650024
0.078500	-767.130005
0.079000	-769.890015
0.079500	-780.330017
0.080000	-788.489990
0.080500	-800.150024
0.081000	-826.229980
0.081500	-859.599976
0.082000	-887.700012
0.082500	-901.489990
0.083000	-883.630005
0.083500	-839.330017
0.084000	-755.059998
0.084500	-647.690002
0.085000	-524.359985
0.085500	-414.109985
0.086000	-313.640015
0.086500	-253.190002
0.087000	-228.589996
0.087500	-254.440002
0.088000	-330.369995
0.088500	-432.269989
0.089000	-557.609985
0.089500	-707.510010
0.090000	-875.239990
0.090500	-1065.900024
0.091000	-1301.599976
0.091500	-1559.500000
0.092000	-1830.400024
0.092500	-2068.399902
0.093000	-2201.500000
0.093500	-2182.800049
0.094000	-1962.400024
0.094500	-1509.900024
0.095000	-860.419983
0.095500	-60.326000
0.096000	845.020020
0.096500	1773.400024
0.097000	2664.899902
0.097500	3462.000000
0.098000	4108.299805
0.098500	4605.399902
0.099000	4916.000000
0.099500	5059.000000
0.100000	5034.500000
0.100500	4871.899902
0.101000	4592.899902
0.101500	4226.200195
0.102000	3798.399902
0.102500	3337.699951
0.103000	2881.500000
0.103500	2452.600098
0.104000	2055.800049
0.104500	1720.099976
0.105000	1449.699951
0.105500	1251.300049
0.106000	1115.199951
0.106500	1039.800049
0.107000	1012.200012
0.107500	1001.299988
0.108000	994.869995
0.108500	976.789978
0.109000	939.919983
0.109500	872.299988
0.110000	780.109985
0.110500	679.380005
0.111000	565.830017
0.111500	459.170013
0.112000	351.910004
0.112500	241.210007
0.113000	134.759995
0.113500	38.729000
0.114000	-53.551998
0.114500	-116.650002
0.115000	-160.949997
0.115500	-168.009995
0.116000	-161.990005
0.116500	-145.009995
0.117000	-136.710007
0.117500	-146.759995
0.118000	-180.600006
0.118500	-248.190002
0.119000	-330.269989
0.119500	-418.429993
0.120000	-508.440002
0.120500	-589.869995
0.121000	-654.880005
0.121500	-701.280029
0.122000	-725.210022
0.122500	-714.500000
0.123000	-688.450012
0.123500	-634.609985
0.124000	-559.830017
0.124500	-476.170013
0.125000	-388.609985
0.125500	-307.290009
0.126000	-247.470001
0.126500	-207.940002
0.127000	-181.660004
0.127500	-170.419998
0.128000	-193.259995
0.128500	-222.130005
0.129000	-274.829987
0.129500	-322.459991
0.130000	-368.440002
0.130500	-403.019989
0.131000	-424.440002
0.131500	-426.579987
0.132000	-441.089996
0.132500	-484.980011
0.133000	-554.400024
0.133500	-707.309998
0.134000	-880.419983
0.134500	-1077.400024
0.135000	-1241.300049
0.135500	-1363.500000
0.136000	-1404.199951
0.136500	-1402.000000
0.137000	-1362.699951
0.137500	-1305.800049
0.138000	-1235.900024
0.138500	-1161.199951
0.139000	-1088.500000
0.139500	-1025.300049
0.140000	-952.909973
0.140500	-890.080017
0.141000	-814.140015
0.141500	-737.520020
0.142000	-653.719971
0.142500	-566.619995
0.143000	-482.309998
0.143500	-411.029999
0.144000	-343.390015
0.144500	-288.170013
0.145000	-243.070007
0.145500	-213.119995
0.146000	-182.529999
0.146500	-164.990005
0.147000	-157.639999
0.147500	-151.279999
0.148000	-147.550003
0.148500	-141.690002
0.149000	-134.160004
0.149500	-117.540001
0.150000	-99.724998
0.150500	-70.346001
0.151000	-38.889000
0.151500	-5.453800
0.152000	27.396000
0.152500	57.499001
0.153000	81.728996
0.153500	97.880997
0.154000	111.800003
0.154500	128.789993
0.155000	142.850006
0.155500	163.830002
0.156000	183.589996
0.156500	188.740005
0.157000	187.520004
0.157500	172.910004
0.158000	145.190002
0.158500	113.839996
0.159000	70.752998
0.159500	27.018000
0.160000	-28.056999
0.160500	-85.772003
0.161000	-141.500000
0.161500	-192.529999
0.162000	-235.789993
0.162500	-265.829987
0.163000	-285.929993
0.163500	-301.720001
0.164000	-306.760010
0.164500	-309.279999
0.165000	-303.510010
0.165500	-300.920013
0.166000	-295.619995
0.166500	-292.920013
0.167000	-297.369995
0.167500	-303.850006
0.168000	-323.589996
0.168500	-349.510010
0.169000	-384.959991
0.169500	-418.640015
0.170000	-454.600006
0.170500	-479.350006
0.171000	-493.119995
0.171500	-492.170013
0.172000	-476.649994
0.172500	-455.140015
0.173000	-427.160004
0.173500	-392.600006
0.174000	-372.790009
0.174500	-348.220001
0.175000	-327.209991
0.175500	-300.890015
0.176000	-276.440002
0.176500	-258.359985
0.177000	-235.320007
0.177500	-218.679993
0.178000	-198.919998
0.178500	-174.380005
0.179000	-145.600006
0.179500	-118.839996
0.180000	-88.667000
0.180500	-66.239998
0.181000	-40.662998
0.181500	-19.377001
0.182000	2.952900
0.182500	29.777000
0.183000	55.425999
0.183500	80.778000
0.184000	113.599998
0.184500	150.139999
0.185000	195.050003
0.185500	240.199997
0.186000	282.059998
0.186500	310.279999
0.187000	341.899994
0.187500	363.089996
0.188000	379.609985
0.188500	392.790009
0.189000	390.429993
0.189500	381.529999
0.190000	365.899994
0.190500	349.859985
0.191000	331.760010
0.191500	321.320007
0.192000	312.839996
0.192500	304.720001
0.193000	296.000000
0.193500	274.799988
0.194000	261.309998
0.194500	236.669998
0.195000	224.580002
0.195500	212.070007
0.196000	205.360001
0.196500	200.910004
0.197000	194.119995
0.197500	187.070007
0.198000	170.869995
0.198500	157.360001
0.199000	146.949997
0.199500	142.770004
0.200000	138.410004
0.200500	139.539993
0.201000	133.970001
0.201500	132.389999
0.202000	128.289993
0.202500	121.400002
0.203000	115.540001
0.203500	112.580002
0.204000	112.580002
0.204500	114.349998
0.205000	117.180000
0.205500	126.900002
0.206000	129.690002
0.206500	134.300003
0.207000	145.500000
0.207500	147.210007
0.208000	146.740005
0.208500	142.809998
0.209000	134.089996
0.209500	119.160004
0.210000	104.769997
0.210500	91.873001
0.211000	68.308998
0.211500	51.981998
0.212000	41.964001
0.212500	25.607000
0.213000	19.858000
0.213500	14.314000
0.214000	15.729000
0.214500	18.927999
0.215000	26.327999
0.215500	27.681000
0.216000	33.299999
0.216500	30.794001
0.217000	26.547001
0.217500	8.433400
0.218000	-5.722300
0.218500	-25.792000
0.219000	-53.106998
0.219500	-78.632004
0.220000	-105.000000
0.220500	-127.580002
0.221000	-149.479996
0.221500	-166.389999
0.222000	-177.220001
0.222500	-183.479996
0.223000	-183.830002
0.223500	-184.660004
0.224000	-180.179993
0.224500	-176.610001
0.225000	-173.649994
0.225500	-163.610001
0.226000	-159.309998
0.226500	-151.869995
0.227000	-145.990005
0.227500	-137.149994
0.228000	-132.220001
0.228500	-121.900002
0.229000	-114.440002
0.229500	-104.660004
0.230000	-97.652000
0.230500	-91.421997
0.231000	-84.121002
0.231500	-70.948997
0.232000	-69.203003
0.232500	-62.563000
0.233000	-56.683998
0.233500	-47.865002
0.234000	-37.618999
0.234500	-35.771000
0.235000	-26.290001
0.235500	-21.412001
0.236000	-14.288000
0.236500	-3.361900
0.237000	8.417900
0.237500	17.291000
0.238000	21.271000
0.238500	29.680000
0.239000	31.841000
0.239500	41.944000
0.240000	43.109001
0.240500	40.729000
0.241000	38.230000
0.241500	41.855999
0.242000	40.632000
0.242500	49.316002
0.243000	58.446999
0.243500	71.765999
0.244000	85.619003
0.244500	112.910004
0.245000	133.940002
0.245500	156.750000
0.246000	180.960007
0.246500	197.279999
0.247000	211.410004
0.247500	221.199997
0.248000	218.070007
0.248500	209.020004
0.249000	195.669998
0.249500	179.889999
0.250000	159.220001
0.250500	136.710007
0.251000	119.019997
0.251500	98.563004
0.252000	83.806999
0.252500	74.282997
0.253000	71.529999
0.253500	64.394997
0.254000	61.882000
0.254500	59.439999
0.255000	56.526001
0.255500	46.236000
0.256000	43.478001
0.256500	35.125000
0.257000	21.243999
0.257500	19.018000
0.258000	16.971001
0.258500	14.482000
0.259000	26.350000
0.259500	46.801998
0.260000	62.432999
0.260500	86.363998
0.261000	104.889999
0.261500	119.370003
0.262000	130.800003
0.262500	134.350006
0.263000	134.830002
0.263500	127.580002
0.264000	114.809998
0.264500	98.707001
0.265000	73.297997
0.265500	44.109001
0.266000	17.879000
0.266500	-7.741200
0.267000	-30.030001
0.267500	-51.014000
0.268000	-66.642998
0.268500	-75.567001
0.269000	-91.473999
0.269500	-101.050003
0.270000	-112.830002
0.270500	-122.540001
0.271000	-133.050003
0.271500	-139.970001
0.272000	-147.380005
0.272500	-147.169998
0.273000	-146.899994
0.273500	-143.059998
0.274000	-136.830002
0.274500	-127.669998
0.275000	-116.080002
0.275500	-106.440002
0.276000	-89.589996
0.276500	-69.989998
0.277000	-52.478001
0.277500	-40.891998
0.278000	-25.610001
0.278500	-13.567000
0.279000	-4.093700
0.279500	5.617400
0.280000	9.453900
0.280500	8.975900
0.281000	8.284900
0.281500	8.965800
0.282000	3.270600
0.282500	-1.523900
0.283000	-2.582800
0.283500	-0.988970
0.284000	1.824300
0.284500	10.326000
0.285000	17.313999
0.285500	31.649000
0.286000	49.226002
0.286500	64.586998
0.287000	84.088997
0.287500	99.580002
0.288000	118.720001
0.288500	134.729996
0.289000	149.639999
0.289500	160.000000
0.290000	167.039993
0.290500	172.399994
0.291000	173.160004
0.291500	175.190002
0.292000	170.690002
0.292500	163.789993
0.293000	156.050003
0.293500	151.199997
0.294000	138.080002
0.294500	128.789993
0.295000	122.360001
0.295500	112.430000
0.296000	97.269997
0.296500	85.513000
0.297000	74.245003
0.297500	66.177002
0.298000	56.363998
0.298500	46.868999
