0.000000	0.130900
0.000500	0.130900
0.001000	0.130900
0.001500	0.130900
0.002000	0.130900
0.002500	0.130900
0.003000	0.130940
0.003500	0.131030
0.004000	0.131150
0.004500	0.131260
0.005000	0.131390
0.005500	0.131540
0.006000	0.131700
0.006500	0.131860
0.007000	0.132010
0.007500	0.132130
0.008000	0.132240
0.008500	0.132310
0.009000	0.132320
0.009500	0.132300
0.010000	0.132280
0.010500	0.132260
0.011000	0.132240
0.011500	0.132220
0.012000	0.132210
0.012500	0.132200
0.013000	0.132180
0.013500	0.132190
0.014000	0.132200
0.014500	0.132210
0.015000	0.132200
0.015500	0.132150
0.016000	0.132070
0.016500	0.131960
0.017000	0.131850
0.017500	0.131730
0.018000	0.131590
0.018500	0.131460
0.019000	0.131340
0.019500	0.131240
0.020000	0.131160
0.020500	0.131080
0.021000	0.131020
0.021500	0.130970
0.022000	0.130930
0.022500	0.130920
0.023000	0.130930
0.023500	0.130960
0.024000	0.131010
0.024500	0.131080
0.025000	0.131160
0.025500	0.131250
0.026000	0.131350
0.026500	0.131460
0.027000	0.131560
0.027500	0.131630
0.028000	0.131700
0.028500	0.131740
0.029000	0.131750
0.029500	0.131730
0.030000	0.131700
0.030500	0.131660
0.031000	0.131610
0.031500	0.131550
0.032000	0.131490
0.032500	0.131430
0.033000	0.131370
0.033500	0.131320
0.034000	0.131260
0.034500	0.131210
0.035000	0.131160
0.035500	0.131120
0.036000	0.131100
0.036500	0.131110
0.037000	0.131120
0.037500	0.131150
0.038000	0.131190
0.038500	0.131240
0.039000	0.131310
0.039500	0.131400
0.040000	0.131490
0.040500	0.131590
0.041000	0.131680
0.041500	0.131760
0.042000	0.131840
0.042500	0.131910
0.043000	0.131990
0.043500	0.132070
0.044000	0.132170
0.044500	0.132270
0.045000	0.132390
0.045500	0.132530
0.046000	0.132700
0.046500	0.132870
0.047000	0.133040
0.047500	0.133190
0.048000	0.133340
0.048500	0.133480
0.049000	0.133620
0.049500	0.133750
0.050000	0.133870
0.050500	0.133990
0.051000	0.134110
0.051500	0.134230
0.052000	0.134360
0.052500	0.134490
0.053000	0.134630
0.053500	0.134770
0.054000	0.134930
0.054500	0.135090
0.055000	0.135250
0.055500	0.135410
0.056000	0.135560
0.056500	0.135710
0.057000	0.135850
0.057500	0.135990
0.058000	0.136010
0.058500	0.135900
0.059000	0.135660
0.059500	0.135310
0.060000	0.134880
0.060500	0.134360
0.061000	0.133780
0.061500	0.133120
0.062000	0.132410
0.062500	0.131650
0.063000	0.130900
0.063500	0.130180
0.064000	0.129510
0.064500	0.128890
0.065000	0.128290
0.065500	0.127740
0.066000	0.127280
0.066500	0.126970
0.067000	0.126790
0.067500	0.126710
0.068000	0.126750
0.068500	0.126920
0.069000	0.127210
0.069500	0.127620
0.070000	0.128110
0.070500	0.128680
0.071000	0.129350
0.071500	0.130130
0.072000	0.131010
0.072500	0.131960
0.073000	0.133000
0.073500	0.134120
0.074000	0.135310
0.074500	0.136540
0.075000	0.137830
0.075500	0.139220
0.076000	0.140700
0.076500	0.142200
0.077000	0.143710
0.077500	0.145250
0.078000	0.146800
0.078500	0.148380
0.079000	0.149970
0.079500	0.151540
0.080000	0.153050
0.080500	0.154460
0.081000	0.155770
0.081500	0.157010
0.082000	0.158130
0.082500	0.159060
0.083000	0.159820
0.083500	0.160470
0.084000	0.161030
0.084500	0.161490
0.085000	0.161800
0.085500	0.161920
0.086000	0.161840
0.086500	0.161650
0.087000	0.161370
0.087500	0.161020
0.088000	0.160600
0.088500	0.160080
0.089000	0.159530
0.089500	0.159020
0.090000	0.158620
0.090500	0.158390
0.091000	0.158300
0.091500	0.158340
0.092000	0.158510
0.092500	0.158950
0.093000	0.159690
0.093500	0.160740
0.094000	0.162090
0.094500	0.163630
0.095000	0.165360
0.095500	0.167300
0.096000	0.169450
0.096500	0.171720
0.097000	0.174020
0.097500	0.176300
0.098000	0.178500
0.098500	0.180700
0.099000	0.182860
0.099500	0.184880
0.100000	0.186700
0.100500	0.188390
0.101000	0.189990
0.101500	0.191550
0.102000	0.193080
0.102500	0.194610
0.103000	0.196140
0.103500	0.197660
0.104000	0.199170
0.104500	0.200650
0.105000	0.202120
0.105500	0.203570
0.106000	0.205020
0.106500	0.206380
0.107000	0.207640
0.107500	0.208810
0.108000	0.209900
0.108500	0.210820
0.109000	0.211530
0.109500	0.212020
0.110000	0.212300
0.110500	0.212460
0.111000	0.212530
0.111500	0.212510
0.112000	0.212390
0.112500	0.212180
0.113000	0.211910
0.113500	0.211650
0.114000	0.211470
0.114500	0.211390
0.115000	0.211370
0.115500	0.211410
0.116000	0.211510
0.116500	0.211730
0.117000	0.212050
0.117500	0.212390
0.118000	0.212650
0.118500	0.212800
0.119000	0.212850
0.119500	0.212770
0.120000	0.212570
0.120500	0.212170
0.121000	0.211550
0.121500	0.210740
0.122000	0.209770
0.122500	0.208700
0.123000	0.207590
0.123500	0.206370
0.124000	0.205010
0.124500	0.203530
0.125000	0.202030
0.125500	0.200520
0.126000	0.198990
0.126500	0.197450
0.127000	0.195900
0.127500	0.194360
0.128000	0.192790
0.128500	0.191220
0.129000	0.189640
0.129500	0.188070
0.130000	0.186490
0.130500	0.184920
0.131000	0.183340
0.131500	0.181770
0.132000	0.180200
0.132500	0.178690
0.133000	0.177350
0.133500	0.176130
0.134000	0.174950
0.134500	0.173790
0.135000	0.172700
0.135500	0.171700
0.136000	0.170790
0.136500	0.169980
0.137000	0.169330
0.137500	0.168830
0.138000	0.168440
0.138500	0.168150
0.139000	0.167990
0.139500	0.167940
0.140000	0.168000
0.140500	0.168170
0.141000	0.168500
0.141500	0.168970
0.142000	0.169590
0.142500	0.170340
0.143000	0.171280
0.143500	0.172450
0.144000	0.173840
0.144500	0.175480
0.145000	0.177280
0.145500	0.179270
0.146000	0.181480
0.146500	0.183910
0.147000	0.186400
0.147500	0.188940
0.148000	0.191540
0.148500	0.194200
0.149000	0.196910
0.149500	0.199640
0.150000	0.202350
0.150500	0.205020
0.151000	0.207650
0.151500	0.210240
0.152000	0.212770
0.152500	0.215240
0.153000	0.217570
0.153500	0.219790
0.154000	0.221940
0.154500	0.224050
0.155000	0.226110
0.155500	0.228070
0.156000	0.229940
0.156500	0.231690
0.157000	0.233280
0.157500	0.234670
0.158000	0.235920
0.158500	0.237040
0.159000	0.238050
0.159500	0.238930
0.160000	0.239680
0.160500	0.240270
0.161000	0.240760
0.161500	0.241150
0.162000	0.241420
0.162500	0.241530
0.163000	0.241550
0.163500	0.241520
0.164000	0.241420
0.164500	0.241220
0.165000	0.240960
0.165500	0.240700
0.166000	0.240430
0.166500	0.240170
0.167000	0.239910
0.167500	0.239650
0.168000	0.239390
0.168500	0.239140
0.169000	0.238900
0.169500	0.238700
0.170000	0.238520
0.170500	0.238360
0.171000	0.238230
0.171500	0.238170
0.172000	0.238150
0.172500	0.238180
0.173000	0.238250
0.173500	0.238400
0.174000	0.238620
0.174500	0.238900
0.175000	0.239240
0.175500	0.239650
0.176000	0.240140
0.176500	0.240700
0.177000	0.241310
0.177500	0.241970
0.178000	0.242700
0.178500	0.243530
0.179000	0.244440
0.179500	0.245370
0.180000	0.246300
0.180500	0.247220
0.181000	0.248140
0.181500	0.249060
0.182000	0.249960
0.182500	0.250850
0.183000	0.251690
0.183500	0.252430
0.184000	0.253100
0.184500	0.253740
0.185000	0.254370
0.185500	0.254990
0.186000	0.255580
0.186500	0.256150
0.187000	0.256690
0.187500	0.257180
0.188000	0.257610
0.188500	0.257990
0.189000	0.258290
0.189500	0.258540
0.190000	0.258740
0.190500	0.258880
0.191000	0.258950
0.191500	0.259010
0.192000	0.259070
0.192500	0.259130
0.193000	0.259210
0.193500	0.259280
0.194000	0.259360
0.194500	0.259450
0.195000	0.259540
0.195500	0.259650
0.196000	0.259780
0.196500	0.259920
0.197000	0.260080
0.197500	0.260240
0.198000	0.260410
0.198500	0.260590
0.199000	0.260770
0.199500	0.260960
0.200000	0.261150
0.200500	0.261340
0.201000	0.261530
0.201500	0.261700
0.202000	0.261850
0.202500	0.261990
0.203000	0.262130
0.203500	0.262220
0.204000	0.262280
0.204500	0.262320
0.205000	0.262360
0.205500	0.262360
0.206000	0.262310
0.206500	0.262220
0.207000	0.262080
0.207500	0.261860
0.208000	0.261510
0.208500	0.261010
0.209000	0.260340
0.209500	0.259610
0.210000	0.258870
0.210500	0.258140
0.211000	0.257400
0.211500	0.256660
0.212000	0.255920
0.212500	0.255180
0.213000	0.254440
0.213500	0.253810
0.214000	0.253300
0.214500	0.252920
0.215000	0.252630
0.215500	0.252390
0.216000	0.252170
0.216500	0.251990
0.217000	0.251840
0.217500	0.251700
0.218000	0.251560
0.218500	0.251420
0.219000	0.251280
0.219500	0.251140
0.220000	0.250990
0.220500	0.250850
0.221000	0.250720
0.221500	0.250600
0.222000	0.250510
0.222500	0.250440
0.223000	0.250360
0.223500	0.250270
0.224000	0.250190
0.224500	0.250100
0.225000	0.250020
0.225500	0.249920
0.226000	0.249810
0.226500	0.249700
0.227000	0.249610
0.227500	0.249530
0.228000	0.249460
0.228500	0.249410
0.229000	0.249360
0.229500	0.249320
0.230000	0.249290
0.230500	0.249270
0.231000	0.249250
0.231500	0.249250
0.232000	0.249260
0.232500	0.249300
0.233000	0.249340
0.233500	0.249410
0.234000	0.249520
0.234500	0.249670
0.235000	0.249870
0.235500	0.250100
0.236000	0.250370
0.236500	0.250660
0.237000	0.250980
0.237500	0.251330
0.238000	0.251690
0.238500	0.252060
0.239000	0.252420
0.239500	0.252760
0.240000	0.253070
0.240500	0.253360
0.241000	0.253620
0.241500	0.253840
0.242000	0.254020
0.242500	0.254160
0.243000	0.254270
0.243500	0.254350
0.244000	0.254420
0.244500	0.254470
0.245000	0.254500
0.245500	0.254510
0.246000	0.254500
0.246500	0.254460
0.247000	0.254390
0.247500	0.254280
0.248000	0.254140
0.248500	0.253950
0.249000	0.253690
0.249500	0.253380
0.250000	0.253070
0.250500	0.252750
0.251000	0.252430
0.251500	0.252100
0.252000	0.251770
0.252500	0.251440
0.253000	0.251120
0.253500	0.250800
0.254000	0.250510
0.254500	0.250250
0.255000	0.250030
0.255500	0.249850
0.256000	0.249720
0.256500	0.249650
0.257000	0.249610
0.257500	0.249610
0.258000	0.249610
0.258500	0.249620
0.259000	0.249650
0.259500	0.249690
0.260000	0.249730
0.260500	0.249790
0.261000	0.249860
0.261500	0.249940
0.262000	0.250030
0.262500	0.250150
0.263000	0.250300
0.263500	0.250480
0.264000	0.250680
0.264500	0.250890
0.265000	0.251120
0.265500	0.251350
0.266000	0.251590
0.266500	0.251840
0.267000	0.252080
0.267500	0.252300
0.268000	0.252510
0.268500	0.252690
0.269000	0.252860
0.269500	0.253000
0.270000	0.253100
0.270500	0.253160
0.271000	0.253160
0.271500	0.253120
0.272000	0.253060
0.272500	0.252990
0.273000	0.252890
0.273500	0.252760
0.274000	0.252640
0.274500	0.252510
0.275000	0.252380
0.275500	0.252240
0.276000	0.252100
0.276500	0.251970
0.277000	0.251830
0.277500	0.251690
0.278000	0.251570
0.278500	0.251440
0.279000	0.251310
0.279500	0.251170
0.280000	0.251020
0.280500	0.250860
0.281000	0.250700
0.281500	0.250540
0.282000	0.250390
0.282500	0.250220
0.283000	0.250060
0.283500	0.249890
0.284000	0.249710
0.284500	0.249520
0.285000	0.249320
0.285500	0.249120
0.286000	0.248900
0.286500	0.248670
0.287000	0.248450
0.287500	0.248250
0.288000	0.248070
0.288500	0.247900
0.289000	0.247750
0.289500	0.247630
0.290000	0.247510
0.290500	0.247400
0.291000	0.247290
0.291500	0.247170
0.292000	0.247040
0.292500	0.246910
0.293000	0.246780
0.293500	0.246640
0.294000	0.246490
0.294500	0.246320
0.295000	0.246130
0.295500	0.245920
0.296000	0.245700
0.296500	0.245470
0.297000	0.245230
0.297500	0.244980
0.298000	0.244730
0.298500	0.244470
0.299000	0.244220
0.299500	0.243960
0.300000	0.243700
0.300500	0.243440
0.301000	0.243180
0.301500	0.242920
0.302000	0.242710
0.302500	0.242520
0.303000	0.242350
0.303500	0.242180
0.304000	0.242040
0.304500	0.241900
0.305000	0.241750
0.305500	0.241570
0.306000	0.241330
0.306500	0.241060
0.307000	0.240790
0.307500	0.240540
0.308000	0.240320
0.308500	0.240100
0.309000	0.239890
0.309500	0.239680
0.310000	0.239500
0.310500	0.239360
0.311000	0.239190
0.311500	0.238980
0.312000	0.238690
0.312500	0.238330
0.313000	0.237950
0.313500	0.237550
0.314000	0.237110
0.314500	0.236650
0.315000	0.236210
0.315500	0.235860
0.316000	0.235550
0.316500	0.235270
0.317000	0.235000
0.317500	0.234750
0.318000	0.234500
0.318500	0.234270
0.319000	0.234020
0.319500	0.233770
0.320000	0.233500
0.320500	0.233210
0.321000	0.232930
0.321500	0.232650
0.322000	0.232380
0.322500	0.232130
0.323000	0.231880
0.323500	0.231660
0.324000	0.231460
0.324500	0.231290
0.325000	0.231130
0.325500	0.230990
0.326000	0.230850
0.326500	0.230730
0.327000	0.230600
0.327500	0.230470
0.328000	0.230310
0.328500	0.230140
0.329000	0.229950
0.329500	0.229730
0.330000	0.229490
0.330500	0.229230
0.331000	0.228940
0.331500	0.228630
0.332000	0.228310
0.332500	0.227990
0.333000	0.227660
0.333500	0.227330
0.334000	0.227000
0.334500	0.226660
0.335000	0.226320
0.335500	0.225980
0.336000	0.225680
0.336500	0.225440
0.337000	0.225240
0.337500	0.225100
0.338000	0.224990
0.338500	0.224950
0.339000	0.224950
0.339500	0.224990
0.340000	0.225070
0.340500	0.225160
0.341000	0.225270
0.341500	0.225410
0.342000	0.225580
0.342500	0.225750
0.343000	0.225940
0.343500	0.226160
0.344000	0.226410
0.344500	0.226680
0.345000	0.226960
0.345500	0.227230
0.346000	0.227480
0.346500	0.227720
0.347000	0.227940
0.347500	0.228160
0.348000	0.228340
0.348500	0.228480
0.349000	0.228580
0.349500	0.228650
0.350000	0.228700
0.350500	0.228730
0.351000	0.228750
0.351500	0.228750
0.352000	0.228740
0.352500	0.228720
0.353000	0.228680
0.353500	0.228620
0.354000	0.228530
0.354500	0.228420
0.355000	0.228280
0.355500	0.228110
0.356000	0.227930
0.356500	0.227740
0.357000	0.227530
0.357500	0.227300
0.358000	0.227050
0.358500	0.226790
0.359000	0.226530
0.359500	0.226270
0.360000	0.226020
0.360500	0.225770
0.361000	0.225520
0.361500	0.225280
0.362000	0.225040
0.362500	0.224810
0.363000	0.224590
0.363500	0.224370
0.364000	0.224160
0.364500	0.223970
0.365000	0.223800
0.365500	0.223640
0.366000	0.223500
0.366500	0.223400
0.367000	0.223350
0.367500	0.223330
0.368000	0.223350
0.368500	0.223400
0.369000	0.223470
0.369500	0.223570
0.370000	0.223700
0.370500	0.223840
0.371000	0.223980
0.371500	0.224110
0.372000	0.224220
0.372500	0.224320
0.373000	0.224430
0.373500	0.224530
0.374000	0.224640
0.374500	0.224750
0.375000	0.224870
0.375500	0.225000
0.376000	0.225160
0.376500	0.225330
0.377000	0.225520
0.377500	0.225720
0.378000	0.225910
0.378500	0.226110
0.379000	0.226320
0.379500	0.226520
0.380000	0.226700
0.380500	0.226850
0.381000	0.226960
0.381500	0.227020
0.382000	0.227040
0.382500	0.227040
0.383000	0.227030
0.383500	0.227020
0.384000	0.227030
0.384500	0.227040
0.385000	0.227050
0.385500	0.227090
0.386000	0.227160
0.386500	0.227250
0.387000	0.227350
0.387500	0.227460
0.388000	0.227560
0.388500	0.227680
0.389000	0.227790
0.389500	0.227900
0.390000	0.228000
0.390500	0.228100
0.391000	0.228170
0.391500	0.228230
0.392000	0.228270
0.392500	0.228300
0.393000	0.228330
0.393500	0.228360
0.394000	0.228400
0.394500	0.228440
0.395000	0.228480
0.395500	0.228520
0.396000	0.228560
0.396500	0.228600
0.397000	0.228650
0.397500	0.228690
0.398000	0.228720
0.398500	0.228720
0.399000	0.228690
0.399500	0.228650
0.400000	0.228610
0.400500	0.228580
0.401000	0.228540
0.401500	0.228500
0.402000	0.228470
0.402500	0.228490
0.403000	0.228530
0.403500	0.228560
0.404000	0.228540
0.404500	0.228470
0.405000	0.228360
0.405500	0.228210
0.406000	0.228010
0.406500	0.227780
0.407000	0.227520
0.407500	0.227280
0.408000	0.227070
0.408500	0.226880
0.409000	0.226700
0.409500	0.226550
0.410000	0.226410
0.410500	0.226310
0.411000	0.226220
0.411500	0.226150
0.412000	0.226110
0.412500	0.226070
0.413000	0.226050
0.413500	0.226040
0.414000	0.226040
0.414500	0.226050
0.415000	0.226080
0.415500	0.226120
0.416000	0.226170
0.416500	0.226240
0.417000	0.226310
0.417500	0.226400
0.418000	0.226490
0.418500	0.226590
0.419000	0.226690
0.419500	0.226790
0.420000	0.226890
0.420500	0.226990
0.421000	0.227070
0.421500	0.227140
0.422000	0.227190
0.422500	0.227220
0.423000	0.227220
0.423500	0.227210
0.424000	0.227190
0.424500	0.227180
0.425000	0.227160
0.425500	0.227130
0.426000	0.227090
0.426500	0.227030
0.427000	0.226970
0.427500	0.226890
0.428000	0.226810
0.428500	0.226720
0.429000	0.226610
0.429500	0.226510
0.430000	0.226430
0.430500	0.226370
0.431000	0.226330
0.431500	0.226280
0.432000	0.226210
0.432500	0.226110
0.433000	0.226010
0.433500	0.225900
0.434000	0.225790
0.434500	0.225680
0.435000	0.225560
0.435500	0.225450
0.436000	0.225340
0.436500	0.225220
0.437000	0.225110
0.437500	0.225000
0.438000	0.224890
0.438500	0.224800
0.439000	0.224730
0.439500	0.224680
0.440000	0.224650
0.440500	0.224660
0.441000	0.224730
0.441500	0.224870
0.442000	0.225100
0.442500	0.225370
0.443000	0.225650
0.443500	0.225930
0.444000	0.226230
0.444500	0.226530
0.445000	0.226820
0.445500	0.227120
0.446000	0.227420
0.446500	0.227710
0.447000	0.228010
0.447500	0.228300
0.448000	0.228600
0.448500	0.228910
0.449000	0.229230
0.449500	0.229560
0.450000	0.229890
0.450500	0.230230
0.451000	0.230570
0.451500	0.230920
0.452000	0.231260
0.452500	0.231630
0.453000	0.232000
0.453500	0.232370
0.454000	0.232730
0.454500	0.233060
0.455000	0.233360
0.455500	0.233620
0.456000	0.233860
0.456500	0.234050
0.457000	0.234190
0.457500	0.234290
0.458000	0.234340
0.458500	0.234380
0.459000	0.234390
0.459500	0.234380
0.460000	0.234320
0.460500	0.234230
0.461000	0.234140
0.461500	0.234050
0.462000	0.233960
0.462500	0.233870
0.463000	0.233780
0.463500	0.233700
0.464000	0.233620
0.464500	0.233550
0.465000	0.233490
0.465500	0.233440
0.466000	0.233380
0.466500	0.233310
0.467000	0.233240
0.467500	0.233170
0.468000	0.233100
0.468500	0.233030
0.469000	0.232970
0.469500	0.232910
0.470000	0.232840
0.470500	0.232800
0.471000	0.232790
0.471500	0.232800
0.472000	0.232840
0.472500	0.232910
0.473000	0.233030
0.473500	0.233210
0.474000	0.233420
0.474500	0.233670
0.475000	0.233940
0.475500	0.234230
0.476000	0.234550
0.476500	0.234900
0.477000	0.235240
0.477500	0.235600
0.478000	0.235960
0.478500	0.236340
0.479000	0.236740
0.479500	0.237120
0.480000	0.237470
0.480500	0.237790
0.481000	0.238100
0.481500	0.238400
0.482000	0.238700
0.482500	0.239000
0.483000	0.239290
0.483500	0.239590
0.484000	0.239890
0.484500	1013.000000
0.485000	3535.899902
0.485500	6795.899902
0.486000	10020.000000
0.486500	14402.000000
0.487000	20508.000000
0.487500	26621.000000
0.488000	31029.000000
0.488500	30532.000000
0.489000	24135.000000
0.489500	13428.000000
