0.000000	0.041123
0.000500	0.030947
0.001000	0.045039
0.001500	0.040116
0.002000	0.041665
0.002500	0.036654
0.003000	0.046403
0.003500	0.040549
0.004000	0.038888
0.004500	0.034569
0.005000	0.032892
0.005500	0.040842
0.006000	0.031033
0.006500	0.040241
0.007000	0.041311
0.007500	0.036030
0.008000	0.037152
0.008500	0.043469
0.009000	0.037332
0.009500	0.030248
0.010000	0.031629
0.010500	0.037062
0.011000	0.034161
0.011500	0.023511
0.012000	0.031951
0.012500	0.027099
0.013000	0.034604
0.013500	0.030474
0.014000	0.028389
0.014500	0.025758
0.015000	0.021823
0.015500	0.028968
0.016000	0.025204
0.016500	0.024023
0.017000	0.012851
0.017500	0.023519
0.018000	0.015016
0.018500	0.021792
0.019000	0.014682
0.019500	0.015471
0.020000	0.017222
0.020500	0.010244
0.021000	0.011231
0.021500	0.006230
0.022000	0.009477
0.022500	0.007153
0.023000	0.001756
0.023500	0.008239
0.024000	0.002758
0.024500	-0.000239
0.025000	-0.001229
0.025500	0.001115
0.026000	-0.005779
0.026500	-0.001376
0.027000	0.001270
0.027500	0.004457
0.028000	-0.007290
0.028500	0.003280
0.029000	0.003494
0.029500	-0.001586
0.030000	-0.000501
0.030500	-0.000050
0.031000	0.002856
0.031500	-0.004289
0.032000	-0.007045
0.032500	-0.005236
0.033000	-0.009001
0.033500	-0.009952
0.034000	-0.014467
0.034500	-0.010822
0.035000	-0.018995
0.035500	-0.023438
0.036000	-0.029199
0.036500	-0.014736
0.037000	-0.036638
0.037500	-0.031203
0.038000	-0.042315
0.038500	-0.039375
0.039000	-0.046436
0.039500	-0.049085
0.040000	-0.049052
0.040500	-0.054607
0.041000	-0.067208
0.041500	-0.062444
0.042000	-0.062697
0.042500	-0.078102
0.043000	-0.074701
0.043500	-0.081617
0.044000	-0.087017
0.044500	-0.091695
0.045000	-0.101070
0.045500	-0.095823
0.046000	-0.109400
0.046500	-0.102750
0.047000	-0.113300
0.047500	-0.112270
0.048000	-0.117700
0.048500	-0.123140
0.049000	-0.121800
0.049500	-0.128400
0.050000	-0.135140
0.050500	-0.140870
0.051000	-0.132870
0.051500	-0.139590
0.052000	-0.146710
0.052500	-0.157800
0.053000	-0.153450
0.053500	-0.158340
0.054000	-0.175100
0.054500	-0.184000
0.055000	-0.192020
0.055500	-0.194830
0.056000	-0.209260
0.056500	-0.211740
0.057000	-0.223220
0.057500	-0.244350
0.058000	-0.258640
0.058500	-0.272130
0.059000	-0.290320
0.059500	-0.323730
0.060000	-0.339800
0.060500	-0.369010
0.061000	-0.391440
0.061500	-0.428280
0.062000	-0.448600
0.062500	-0.490340
0.063000	-0.520950
0.063500	-0.553020
0.064000	-0.595050
0.064500	-0.635000
0.065000	-0.692560
0.065500	-0.739780
0.066000	-0.780320
0.066500	-0.831410
0.067000	-0.883400
0.067500	-0.911050
0.068000	-0.963720
0.068500	-1.008800
0.069000	-1.058600
0.069500	-1.104800
0.070000	-1.167400
0.070500	-1.243500
0.071000	-1.320900
0.071500	-1.411300
0.072000	-1.500400
0.072500	-1.605500
0.073000	-1.720300
0.073500	-1.827700
0.074000	-1.966900
0.074500	-2.092700
0.075000	-2.232600
0.075500	-2.374900
0.076000	-2.546500
0.076500	-2.700100
0.077000	-2.880300
0.077500	-3.074500
0.078000	-3.303300
0.078500	-3.545300
0.079000	-3.832900
0.079500	-4.172500
0.080000	-4.567400
0.080500	-5.019800
0.081000	-5.521000
0.081500	-6.103900
0.082000	-6.732900
0.082500	-7.426900
0.083000	-8.166700
0.083500	-8.963000
0.084000	-9.750900
0.084500	-10.578000
0.085000	-11.447000
0.085500	-12.373000
0.086000	-13.366000
0.086500	-14.382000
0.087000	-15.482000
0.087500	-16.650999
0.088000	-17.795000
0.088500	-18.969000
0.089000	-20.157000
0.089500	-21.284000
0.090000	-22.256001
0.090500	-23.017000
0.091000	-23.594000
0.091500	-24.121000
0.092000	-24.510000
0.092500	-24.923000
0.093000	-25.358000
0.093500	-25.771000
0.094000	-26.059999
0.094500	-26.104000
0.095000	-25.896000
0.095500	-25.464001
0.096000	-24.879999
0.096500	-24.226000
0.097000	-23.548000
0.097500	-22.903000
0.098000	-22.252001
0.098500	-21.590000
0.099000	-20.936001
0.099500	-20.280001
0.100000	-19.620001
0.100500	-18.961000
0.101000	-18.283001
0.101500	-17.730000
0.102000	-17.320999
0.102500	-17.069000
0.103000	-17.073000
0.103500	-17.319000
0.104000	-17.743999
0.104500	-18.348000
0.105000	-19.013000
0.105500	-19.620001
0.106000	-20.098000
0.106500	-20.296000
0.107000	-20.166000
0.107500	-19.771000
0.108000	-19.150999
0.108500	-18.414000
0.109000	-17.662001
0.109500	-16.993000
0.110000	-16.506001
0.110500	-16.218000
0.111000	-16.173000
0.111500	-16.351999
0.112000	-16.599001
0.112500	-16.809999
0.113000	-16.868000
0.113500	-16.746000
0.114000	-16.337999
0.114500	-15.604000
0.115000	-14.798000
0.115500	-13.913000
0.116000	-13.187000
0.116500	-12.723000
0.117000	-12.637000
0.117500	-12.972000
0.118000	-13.768000
0.118500	-14.602000
0.119000	-15.852000
0.119500	-16.892000
0.120000	-17.715000
0.120500	-18.233999
0.121000	-18.622000
0.121500	-18.638000
0.122000	-18.864000
0.122500	-19.099001
0.123000	-19.379000
0.123500	-19.930000
0.124000	-20.517000
0.124500	-21.212000
0.125000	-21.884001
0.125500	-22.169001
0.126000	-22.327000
0.126500	-22.388000
0.127000	-21.992001
0.127500	-21.598000
0.128000	-21.476999
0.128500	-21.562000
0.129000	-22.191999
0.129500	-22.781000
0.130000	-23.617001
0.130500	-24.330999
0.131000	-25.002001
0.131500	-25.219000
0.132000	-25.389999
0.132500	-24.725000
0.133000	-23.763000
0.133500	-22.462000
0.134000	-20.905001
0.134500	-19.379000
0.135000	-18.343000
0.135500	-17.767000
0.136000	-17.815001
0.136500	-18.278000
0.137000	-18.915001
0.137500	-19.697001
0.138000	-20.452999
0.138500	-21.188000
0.139000	-21.792999
0.139500	-22.327000
0.140000	-22.725000
0.140500	-22.938999
0.141000	-23.035999
0.141500	-22.875999
0.142000	-22.634001
0.142500	-22.295000
0.143000	-21.937000
0.143500	-21.620001
0.144000	-21.298000
0.144500	-21.030001
0.145000	-20.761999
0.145500	-20.518000
0.146000	-20.273001
0.146500	-20.021999
0.147000	-19.791000
0.147500	-19.646000
0.148000	-19.555000
0.148500	-19.533001
0.149000	-19.582001
0.149500	-19.674000
0.150000	-19.789000
0.150500	-19.851000
0.151000	-19.936001
0.151500	-20.041000
0.152000	-20.167999
0.152500	-20.406000
0.153000	-20.610001
0.153500	-20.819000
0.154000	-20.920000
0.154500	-20.783001
0.155000	-20.448000
0.155500	-19.912001
0.156000	-19.158001
0.156500	-18.371000
0.157000	-17.690001
0.157500	-17.143000
0.158000	-16.674000
0.158500	-16.222000
0.159000	-15.773000
0.159500	-15.173000
0.160000	-14.546000
0.160500	-13.846000
0.161000	-13.163000
0.161500	-12.431000
0.162000	-11.760000
0.162500	-11.143000
0.163000	-10.611000
0.163500	-10.076000
0.164000	-9.637800
0.164500	-9.136800
0.165000	-8.629300
0.165500	-8.112400
0.166000	-7.588400
0.166500	-7.113100
0.167000	-6.635200
0.167500	-6.173700
0.168000	-5.744100
0.168500	-5.334500
0.169000	-4.962200
0.169500	-4.610400
0.170000	-4.329000
0.170500	-4.122200
0.171000	-3.930200
0.171500	-3.819300
0.172000	-3.726800
0.172500	-3.680100
0.173000	-3.583800
0.173500	-3.546700
0.174000	-3.445500
0.174500	-3.400200
0.175000	-3.355700
0.175500	-3.299000
0.176000	-3.197100
0.176500	-3.165200
0.177000	-3.147600
0.177500	-3.170700
0.178000	-3.355100
0.178500	-3.645700
0.179000	-3.840000
0.179500	-4.171300
0.180000	-4.612900
0.180500	-4.970300
0.181000	-5.364300
0.181500	-5.833100
0.182000	-6.336000
0.182500	-6.854900
0.183000	-7.370200
0.183500	-7.884500
0.184000	-8.391500
0.184500	-8.830900
0.185000	-9.123000
0.185500	-9.159800
0.186000	-9.022400
0.186500	-8.716600
0.187000	-8.140500
0.187500	-7.591300
0.188000	-7.115900
0.188500	-6.909400
0.189000	-6.842100
0.189500	-6.916600
0.190000	-7.153400
0.190500	-7.426900
0.191000	-7.662200
0.191500	-7.958700
0.192000	-8.242200
0.192500	-8.470600
0.193000	-8.470000
0.193500	-8.542300
0.194000	-8.466400
0.194500	-8.130000
0.195000	-7.629000
0.195500	-7.144400
0.196000	-6.617900
0.196500	-6.123500
0.197000	-5.659200
0.197500	-5.274900
0.198000	-4.916100
0.198500	-4.599900
0.199000	-4.286700
0.199500	-3.927500
0.200000	-3.612200
0.200500	-3.277900
0.201000	-2.919200
0.201500	-2.649800
0.202000	-2.388200
0.202500	-2.293200
0.203000	-2.381200
0.203500	-2.649600
0.204000	-3.118100
0.204500	-3.676000
0.205000	-4.247800
0.205500	-4.699200
0.206000	-4.975500
0.206500	-5.020800
0.207000	-4.881700
0.207500	-4.648600
0.208000	-4.333300
0.208500	-3.989500
0.209000	-3.733500
0.209500	-3.564500
0.210000	-3.454300
0.210500	-3.378000
0.211000	-3.336500
0.211500	-3.246600
0.212000	-3.140600
0.212500	-2.980200
0.213000	-2.775000
0.213500	-2.560500
0.214000	-2.363200
0.214500	-2.180500
0.215000	-2.061200
0.215500	-1.931500
0.216000	-1.839300
0.216500	-1.759600
0.217000	-1.694900
0.217500	-1.583100
0.218000	-1.482100
0.218500	-1.381600
0.219000	-1.269600
0.219500	-1.149200
0.220000	-1.027300
0.220500	-0.909540
0.221000	-0.791450
0.221500	-0.670960
0.222000	-0.533840
0.222500	-0.477910
0.223000	-0.374050
0.223500	-0.280190
0.224000	-0.245320
0.224500	-0.192160
0.225000	-0.134490
0.225500	-0.117820
0.226000	-0.109200
0.226500	-0.071006
0.227000	-0.062056
0.227500	-0.050687
0.228000	-0.051350
0.228500	-0.029737
0.229000	-0.001328
0.229500	0.043051
0.230000	0.073200
0.230500	0.122140
0.231000	0.183230
0.231500	0.226020
0.232000	0.271600
0.232500	0.347440
0.233000	0.404720
0.233500	0.460520
0.234000	0.546770
0.234500	0.612270
0.235000	0.685510
0.235500	0.746100
0.236000	0.793050
0.236500	0.821160
0.237000	0.830630
0.237500	0.809380
0.238000	0.796120
0.238500	0.783080
0.239000	0.767510
0.239500	0.717850
0.240000	0.752440
0.240500	0.737090
0.241000	0.740960
0.241500	0.795060
0.242000	0.819620
0.242500	0.829660
0.243000	0.873660
0.243500	0.927490
0.244000	0.939110
0.244500	1.001600
0.245000	1.043600
0.245500	1.102300
0.246000	1.171600
0.246500	1.234900
0.247000	1.313400
0.247500	1.388600
0.248000	1.461500
0.248500	1.525700
0.249000	1.542200
0.249500	1.575400
0.250000	1.582500
0.250500	1.553700
0.251000	1.579200
0.251500	1.555000
0.252000	1.540900
0.252500	1.550500
0.253000	1.549400
0.253500	1.511300
0.254000	1.500000
0.254500	1.474200
0.255000	1.419400
0.255500	1.393600
0.256000	1.361900
0.256500	1.351200
0.257000	1.310800
0.257500	1.300100
0.258000	1.277400
0.258500	1.274000
0.259000	1.292100
0.259500	1.318500
0.260000	1.369900
0.260500	1.421500
0.261000	1.510700
0.261500	1.602400
0.262000	1.707200
0.262500	1.780300
0.263000	1.843600
0.263500	1.921900
0.264000	1.956900
0.264500	1.961100
0.265000	1.958800
0.265500	1.921900
0.266000	1.891900
0.266500	1.829200
0.267000	1.751200
0.267500	1.693700
0.268000	1.630400
0.268500	1.592900
0.269000	1.559700
0.269500	1.553800
0.270000	1.554600
0.270500	1.553200
0.271000	1.560500
0.271500	1.580300
0.272000	1.614600
0.272500	1.639800
0.273000	1.680600
0.273500	1.734100
0.274000	1.764500
0.274500	1.823000
0.275000	1.885900
0.275500	1.937000
0.276000	1.991100
0.276500	2.044600
0.277000	2.091100
0.277500	2.143300
0.278000	2.138000
0.278500	2.172200
0.279000	2.161100
0.279500	2.127500
0.280000	2.081900
0.280500	2.043400
0.281000	1.993000
0.281500	1.949100
0.282000	1.908700
0.282500	1.877200
0.283000	1.865800
0.283500	1.849000
0.284000	1.855900
0.284500	1.872200
0.285000	1.868700
0.285500	1.885100
0.286000	1.894400
0.286500	1.926000
0.287000	1.936800
0.287500	1.952000
0.288000	1.976700
0.288500	1.995500
0.289000	2.013400
0.289500	2.016600
0.290000	2.024500
0.290500	2.003600
0.291000	1.995600
0.291500	1.983500
0.292000	1.971400
0.292500	1.947400
0.293000	1.968000
0.293500	1.986700
0.294000	2.009000
0.294500	2.038400
0.295000	2.060100
0.295500	2.080700
0.296000	2.091600
0.296500	2.113200
0.297000	2.109900
0.297500	2.113600
0.298000	2.120400
0.298500	2.117000
