0.000000	-0.000105
0.000500	-0.000246
0.001000	-0.000347
0.001500	-0.000714
0.002000	-0.001199
0.002500	-0.001582
0.003000	-0.002029
0.003500	-0.002766
0.004000	-0.003541
0.004500	-0.004041
0.005000	-0.004272
0.005500	-0.004475
0.006000	-0.004691
0.006500	-0.005094
0.007000	-0.005876
0.007500	-0.006564
0.008000	-0.007215
0.008500	-0.007829
0.009000	-0.008384
0.009500	-0.008542
0.010000	-0.008513
0.010500	-0.008825
0.011000	-0.009106
0.011500	-0.009307
0.012000	-0.009534
0.012500	-0.009559
0.013000	-0.009612
0.013500	-0.009996
0.014000	-0.010483
0.014500	-0.010636
0.015000	-0.010670
0.015500	-0.010795
0.016000	-0.010454
0.016500	-0.010180
0.017000	-0.010142
0.017500	-0.010005
0.018000	-0.009792
0.018500	-0.009813
0.019000	-0.010137
0.019500	-0.010234
0.020000	-0.010132
0.020500	-0.010090
0.021000	-0.010240
0.021500	-0.010397
0.022000	-0.010495
0.022500	-0.010432
0.023000	-0.010473
0.023500	-0.010868
0.024000	-0.011367
0.024500	-0.011761
0.025000	-0.011980
0.025500	-0.012010
0.026000	-0.011982
0.026500	-0.011970
0.027000	-0.011948
0.027500	-0.011981
0.028000	-0.012031
0.028500	-0.012196
0.029000	-0.012515
0.029500	-0.012778
0.030000	-0.013069
0.030500	-0.013526
0.031000	-0.013937
0.031500	-0.014314
0.032000	-0.014692
0.032500	-0.014996
0.033000	-0.015201
0.033500	-0.015465
0.034000	-0.015761
0.034500	-0.016037
0.035000	-0.016291
0.035500	-0.016420
0.036000	-0.016471
0.036500	-0.016657
0.037000	-0.016940
0.037500	-0.017116
0.038000	-0.017321
0.038500	-0.017465
0.039000	-0.017777
0.039500	-0.018483
0.040000	-0.019269
0.040500	-0.020040
0.041000	-0.020645
0.041500	-0.021203
0.042000	-0.021851
0.042500	-0.022456
0.043000	-0.022993
0.043500	-0.023369
0.044000	-0.023556
0.044500	-0.023695
0.045000	-0.023687
0.045500	-0.023705
0.046000	-0.023918
0.046500	-0.024096
0.047000	-0.024226
0.047500	-0.024521
0.048000	-0.024872
0.048500	-0.025052
0.049000	-0.025404
0.049500	-0.025938
0.050000	-0.026239
0.050500	-0.026508
0.051000	-0.026919
0.051500	-0.026976
0.052000	-0.027011
0.052500	-0.027211
0.053000	-0.027443
0.053500	-0.027826
0.054000	-0.028410
0.054500	-0.029440
0.055000	-0.030557
0.055500	-0.032011
0.056000	-0.033755
0.056500	-0.035948
0.057000	-0.038921
0.057500	-0.041849
0.058000	-0.044978
0.058500	-0.048696
0.059000	-0.052920
0.059500	-0.057580
0.060000	-0.062982
0.060500	-0.069051
0.061000	-0.075344
0.061500	-0.081669
0.062000	-0.087926
0.062500	-0.094655
0.063000	-0.102300
0.063500	-0.111620
0.064000	-0.122030
0.064500	-0.132630
0.065000	-0.143690
0.065500	-0.155090
0.066000	-0.166930
0.066500	-0.179450
0.067000	-0.192510
0.067500	-0.205560
0.068000	-0.218540
0.068500	-0.231420
0.069000	-0.243950
0.069500	-0.256870
0.070000	-0.270380
0.070500	-0.283890
0.071000	-0.297210
0.071500	-0.310210
0.072000	-0.322560
0.072500	-0.334390
0.073000	-0.346230
0.073500	-0.358610
0.074000	-0.371650
0.074500	-0.385700
0.075000	-0.400990
0.075500	-0.417640
0.076000	-0.435840
0.076500	-0.456050
0.077000	-0.478640
0.077500	-0.503560
0.078000	-0.531360
0.078500	-0.561630
0.079000	-0.592510
0.079500	-0.620970
0.080000	-0.643770
0.080500	-0.660450
0.081000	-0.674720
0.081500	-0.692160
0.082000	-0.718620
0.082500	-0.756450
0.083000	-0.804940
0.083500	-0.860850
0.084000	-0.920930
0.084500	-0.984020
0.085000	-1.049100
0.085500	-1.114500
0.086000	-1.173700
0.086500	-1.219800
0.087000	-1.247600
0.087500	-1.253400
0.088000	-1.237200
0.088500	-1.203200
0.089000	-1.156800
0.089500	-1.103300
0.090000	-1.045800
0.090500	-0.984810
0.091000	-0.916690
0.091500	-0.840710
0.092000	-0.763140
0.092500	-0.685430
0.093000	-0.605230
0.093500	-0.527190
0.094000	-0.459040
0.094500	-0.406380
0.095000	-0.371620
0.095500	-0.350870
0.096000	-0.338480
0.096500	-0.323590
0.097000	-0.295820
0.097500	-0.251390
0.098000	-0.190370
0.098500	-0.118270
0.099000	-0.042201
0.099500	0.031964
0.100000	0.097950
0.100500	0.151090
0.101000	0.189910
0.101500	0.216210
0.102000	0.234220
0.102500	0.250160
0.103000	0.270950
0.103500	0.299720
0.104000	0.337750
0.104500	0.386130
0.105000	0.443760
0.105500	0.509240
0.106000	0.580060
0.106500	0.651100
0.107000	0.717130
0.107500	0.773060
0.108000	0.814180
0.108500	0.836650
0.109000	0.836680
0.109500	0.813760
0.110000	0.770020
0.110500	0.709440
0.111000	0.637250
0.111500	0.558330
0.112000	0.477820
0.112500	0.400550
0.113000	0.330750
0.113500	0.272210
0.114000	0.224530
0.114500	0.184060
0.115000	0.147850
0.115500	0.112280
0.116000	0.073635
0.116500	0.031047
0.117000	-0.012937
0.117500	-0.054131
0.118000	-0.086098
0.118500	-0.098752
0.119000	-0.083842
0.119500	-0.036918
0.120000	0.045659
0.120500	0.161230
0.121000	0.296880
0.121500	0.439500
0.122000	0.580270
0.122500	0.709580
0.123000	0.819590
0.123500	0.906700
0.124000	0.969670
0.124500	1.012100
0.125000	1.042000
0.125500	1.069200
0.126000	1.102500
0.126500	1.145500
0.127000	1.196700
0.127500	1.253600
0.128000	1.312400
0.128500	1.370700
0.129000	1.429800
0.129500	1.492900
0.130000	1.561600
0.130500	1.638800
0.131000	1.727900
0.131500	1.829700
0.132000	1.946400
0.132500	2.075400
0.133000	2.210700
0.133500	2.340500
0.134000	2.444800
0.134500	2.508900
0.135000	2.524000
0.135500	2.483200
0.136000	2.393300
0.136500	2.272500
0.137000	2.140500
0.137500	2.015900
0.138000	1.916100
0.138500	1.854500
0.139000	1.837300
0.139500	1.862800
0.140000	1.924100
0.140500	2.009100
0.141000	2.103500
0.141500	2.194200
0.142000	2.272200
0.142500	2.333000
0.143000	2.376100
0.143500	2.405500
0.144000	2.426600
0.144500	2.444700
0.145000	2.463300
0.145500	2.484100
0.146000	2.508000
0.146500	2.534100
0.147000	2.561200
0.147500	2.588700
0.148000	2.616500
0.148500	2.645000
0.149000	2.674200
0.149500	2.704000
0.150000	2.733800
0.150500	2.761900
0.151000	2.788000
0.151500	2.813300
0.152000	2.838900
0.152500	2.866400
0.153000	2.898500
0.153500	2.937200
0.154000	2.982600
0.154500	3.038700
0.155000	3.108600
0.155500	3.185700
0.156000	3.262100
0.156500	3.332400
0.157000	3.389200
0.157500	3.425200
0.158000	3.438400
0.158500	3.432400
0.159000	3.412000
0.159500	3.382700
0.160000	3.352200
0.160500	3.327500
0.161000	3.311100
0.161500	3.302700
0.162000	3.300300
0.162500	3.302200
0.163000	3.307300
0.163500	3.315800
0.164000	3.329200
0.164500	3.347900
0.165000	3.369800
0.165500	3.393300
0.166000	3.417000
0.166500	3.439100
0.167000	3.459000
0.167500	3.476400
0.168000	3.492100
0.168500	3.506600
0.169000	3.519100
0.169500	3.529300
0.170000	3.537400
0.170500	3.543300
0.171000	3.547700
0.171500	3.551700
0.172000	3.555700
0.172500	3.559300
0.173000	3.563000
0.173500	3.566500
0.174000	3.569100
0.174500	3.570900
0.175000	3.571700
0.175500	3.571100
0.176000	3.568300
0.176500	3.562500
0.177000	3.553900
0.177500	3.542800
0.178000	3.531300
0.178500	3.523200
0.179000	3.521000
0.179500	3.525100
0.180000	3.533000
0.180500	3.540900
0.181000	3.546600
0.181500	3.548000
0.182000	3.543200
0.182500	3.531800
0.183000	3.515500
0.183500	3.496300
0.184000	3.475900
0.184500	3.458900
0.185000	3.448300
0.185500	3.445600
0.186000	3.451000
0.186500	3.458500
0.187000	3.463600
0.187500	3.463200
0.188000	3.453700
0.188500	3.433200
0.189000	3.401700
0.189500	3.360300
0.190000	3.311900
0.190500	3.260300
0.191000	3.209700
0.191500	3.163900
0.192000	3.126000
0.192500	3.098300
0.193000	3.081800
0.193500	3.075000
0.194000	3.075500
0.194500	3.080900
0.195000	3.089700
0.195500	3.098800
0.196000	3.105900
0.196500	3.110900
0.197000	3.112500
0.197500	3.109800
0.198000	3.100800
0.198500	3.083500
0.199000	3.057100
0.199500	3.020800
0.200000	2.972700
0.200500	2.911100
0.201000	2.836900
0.201500	2.752400
0.202000	2.659700
0.202500	2.563400
0.203000	2.470800
0.203500	2.388200
0.204000	2.320200
0.204500	2.271600
0.205000	2.244600
0.205500	2.238300
0.206000	2.249600
0.206500	2.273200
0.207000	2.302700
0.207500	2.332500
0.208000	2.357900
0.208500	2.375700
0.209000	2.385300
0.209500	2.388200
0.210000	2.387500
0.210500	2.386000
0.211000	2.386400
0.211500	2.390000
0.212000	2.398100
0.212500	2.409900
0.213000	2.424100
0.213500	2.439400
0.214000	2.454600
0.214500	2.469000
0.215000	2.482900
0.215500	2.496600
0.216000	2.509700
0.216500	2.522900
0.217000	2.536600
0.217500	2.551100
0.218000	2.566700
0.218500	2.583200
0.219000	2.601100
0.219500	2.620100
0.220000	2.639600
0.220500	2.659700
0.221000	2.680300
0.221500	2.700900
0.222000	2.720300
0.222500	2.739000
0.223000	2.757700
0.223500	2.776600
0.224000	2.796500
0.224500	2.817600
0.225000	2.839300
0.225500	2.861700
0.226000	2.884500
0.226500	2.907000
0.227000	2.928400
0.227500	2.948200
0.228000	2.966300
0.228500	2.982700
0.229000	2.997400
0.229500	3.010600
0.230000	3.022300
0.230500	3.033100
0.231000	3.043200
0.231500	3.052700
0.232000	3.062100
0.232500	3.071200
0.233000	3.079200
0.233500	3.086100
0.234000	3.091800
0.234500	3.096200
0.235000	3.099200
0.235500	3.101300
0.236000	3.102600
0.236500	3.103500
0.237000	3.104800
0.237500	3.106700
0.238000	3.109500
0.238500	3.112800
0.239000	3.115900
0.239500	3.118400
0.240000	3.120200
0.240500	3.121800
0.241000	3.123600
0.241500	3.125300
0.242000	3.127300
0.242500	3.130200
0.243000	3.133200
0.243500	3.135900
0.244000	3.138400
0.244500	3.140500
0.245000	3.141800
0.245500	3.142200
0.246000	3.141700
0.246500	3.140100
0.247000	3.136500
0.247500	3.131400
0.248000	3.125200
0.248500	3.118400
0.249000	3.111500
0.249500	3.105200
0.250000	3.100400
0.250500	3.097200
0.251000	3.094500
0.251500	3.092300
0.252000	3.090400
0.252500	3.088300
0.253000	3.085500
0.253500	3.081900
0.254000	3.076800
0.254500	3.069600
0.255000	3.061300
0.255500	3.052300
0.256000	3.042100
0.256500	3.030900
0.257000	3.018800
0.257500	3.005300
0.258000	2.990000
0.258500	2.972400
0.259000	2.952000
0.259500	2.928400
0.260000	2.901300
0.260500	2.871300
0.261000	2.838300
0.261500	2.802700
0.262000	2.764500
0.262500	2.723900
0.263000	2.681600
0.263500	2.638200
0.264000	2.594900
0.264500	2.553400
0.265000	2.514600
0.265500	2.479600
0.266000	2.448900
0.266500	2.422600
0.267000	2.400600
0.267500	2.383200
0.268000	2.369900
0.268500	2.359500
0.269000	2.351600
0.269500	2.345400
0.270000	2.339800
0.270500	2.333800
0.271000	2.327100
0.271500	2.319100
0.272000	2.309300
0.272500	2.297600
0.273000	2.283700
0.273500	2.267900
0.274000	2.251300
0.274500	2.233900
0.275000	2.216000
0.275500	2.198300
0.276000	2.180900
0.276500	2.163700
0.277000	2.147500
0.277500	2.132200
0.278000	2.118400
0.278500	2.106500
0.279000	2.096500
0.279500	2.088500
0.280000	2.082800
0.280500	2.079300
0.281000	2.077700
0.281500	2.077900
0.282000	2.079100
0.282500	2.081300
0.283000	2.083600
0.283500	2.084800
0.284000	2.085300
0.284500	2.085000
0.285000	2.083700
0.285500	2.080900
0.286000	2.076800
0.286500	2.071600
0.287000	2.065700
0.287500	2.059600
0.288000	2.053400
0.288500	2.046700
0.289000	2.039800
0.289500	2.033100
0.290000	2.027300
0.290500	2.023000
0.291000	2.019900
0.291500	2.018200
0.292000	2.018100
0.292500	2.019400
0.293000	2.021700
0.293500	2.024700
0.294000	2.027900
0.294500	2.030700
0.295000	2.032900
0.295500	2.034500
0.296000	2.035300
0.296500	2.035400
0.297000	2.034600
0.297500	2.033500
0.298000	2.032200
0.298500	2.030800
