0.000000	83.817459
0.000500	83.817459
0.001000	83.817459
0.001500	83.817459
0.002000	83.817459
0.002500	83.817459
0.003000	83.817459
0.003500	83.817459
0.004000	83.817459
0.004500	83.817459
0.005000	83.814919
0.005500	83.814919
0.006000	83.814919
0.006500	83.814919
0.007000	83.814919
0.007500	83.814919
0.008000	83.814919
0.008500	83.814919
0.009000	83.814919
0.009500	83.814919
0.010000	83.814919
0.010500	83.814919
0.011000	83.814919
0.011500	83.817459
0.012000	83.817459
0.012500	83.817459
0.013000	83.817459
0.013500	83.820000
0.014000	83.822540
0.014500	83.825081
0.015000	83.825081
0.015500	83.827614
0.016000	83.830162
0.016500	83.832695
0.017000	83.835236
0.017500	83.837776
0.018000	83.840317
0.018500	83.842857
0.019000	83.847939
0.019500	83.850471
0.020000	83.853020
0.020500	83.855553
0.021000	83.860634
0.021500	83.863182
0.022000	83.865715
0.022500	83.868256
0.023000	83.870796
0.023500	83.873337
0.024000	83.875877
0.024500	83.880959
0.025000	83.883499
0.025500	83.888580
0.026000	83.893661
0.026500	83.898743
0.027000	83.903816
0.027500	83.911438
0.028000	83.916519
0.028500	83.924133
0.029000	83.931763
0.029500	83.939377
0.030000	83.947006
0.030500	83.957161
0.031000	83.964783
0.031500	83.974937
0.032000	83.985100
0.032500	83.995262
0.033000	84.005424
0.033500	84.015579
0.034000	84.025742
0.034500	84.035904
0.035000	84.048599
0.035500	84.058762
0.036000	84.068916
0.036500	84.079079
0.037000	84.089241
0.037500	84.099403
0.038000	84.107018
0.038500	84.114639
0.039000	84.122253
0.039500	84.129875
0.040000	84.137497
0.040500	84.142578
0.041000	84.147659
0.041500	84.155273
0.042000	84.160355
0.042500	84.165436
0.043000	84.170517
0.043500	84.173058
0.044000	84.178139
0.044500	84.180672
0.045000	84.185760
0.045500	84.188301
0.046000	84.190842
0.046500	84.193382
0.047000	84.195923
0.047500	84.195923
0.048000	84.195923
0.048500	84.195923
0.049000	84.193382
0.049500	84.190842
0.050000	84.185760
0.050500	84.178139
0.051000	84.170517
0.051500	84.157814
0.052000	84.142578
0.052500	84.124802
0.053000	84.101936
0.053500	84.073997
0.054000	84.043518
0.054500	84.005424
0.055000	83.964783
0.055500	83.916519
0.056000	83.865715
0.056500	83.807297
0.057000	83.748878
0.057500	83.687920
0.058000	83.621880
0.058500	83.555840
0.059000	83.487259
0.059500	83.418678
0.060000	83.347557
0.060500	83.276436
0.061000	83.205322
0.061500	83.131660
0.062000	83.057999
0.062500	82.984344
0.063000	82.908142
0.063500	82.837021
0.064000	82.765900
0.064500	82.697319
0.065000	82.631279
0.065500	82.567780
0.066000	82.506821
0.066500	82.450943
0.067000	82.400146
0.067500	82.349335
0.068000	82.298538
0.068500	82.242661
0.069000	82.179161
0.069500	82.102951
0.070000	82.003899
0.070500	81.881981
0.071000	81.724495
0.071500	81.531456
0.072000	81.292694
0.072500	81.008217
0.073000	80.672943
0.073500	80.284317
0.074000	79.849976
0.074500	79.364838
0.075000	78.839058
0.075500	78.267563
0.076000	77.655418
0.076500	77.002640
0.077000	76.306679
0.077500	75.567543
0.078000	74.780136
0.078500	73.947021
0.079000	73.063095
0.079500	72.125847
0.080000	71.137779
0.080500	70.096382
0.081000	69.004181
0.081500	67.868797
0.082000	66.697861
0.082500	65.493896
0.083000	64.272156
0.083500	63.030094
0.084000	61.765179
0.084500	60.459621
0.085000	59.095638
0.085500	57.640217
0.086000	56.065418
0.086500	54.333141
0.087000	52.420525
0.087500	50.312321
0.088000	48.000916
0.088500	45.491402
0.089000	42.809158
0.089500	39.982140
0.090000	37.053516
0.090500	34.074100
0.091000	31.099760
0.091500	28.194000
0.092000	25.425400
0.092500	22.855429
0.093000	20.549616
0.093500	18.561050
0.094000	16.931641
0.094500	15.688562
0.095000	14.841982
0.095500	14.387576
0.096000	14.309091
0.096500	14.583663
0.097000	15.183612
0.097500	16.079723
0.098000	17.243044
0.098500	18.642838
0.099000	20.247103
0.099500	22.021799
0.100000	23.930355
0.100500	25.933399
0.101000	27.985718
0.101500	30.050739
0.102000	32.085281
0.102500	34.056320
0.103000	35.933380
0.103500	37.688519
0.104000	39.309040
0.104500	40.779697
0.105000	42.097961
0.105500	43.263821
0.106000	44.279816
0.106500	45.153576
0.107000	45.890179
0.107500	46.497242
0.108000	46.984917
0.108500	47.350677
0.109000	47.607220
0.109500	47.754539
0.110000	47.797722
0.110500	47.739300
0.111000	47.584358
0.111500	47.337978
0.112000	47.000160
0.112500	46.581059
0.113000	46.085758
0.113500	45.524418
0.114000	44.904659
0.114500	44.239182
0.115000	43.538139
0.115500	42.814240
0.116000	42.072556
0.116500	41.320721
0.117000	40.558720
0.117500	39.786564
0.118000	39.001701
0.118500	38.196518
0.119000	37.365940
0.119500	36.499802
0.120000	35.587940
0.120500	34.622742
0.121000	33.601662
0.121500	32.511997
0.122000	31.358839
0.122500	30.137100
0.123000	28.849321
0.123500	27.500580
0.124000	26.095961
0.124500	24.646381
0.125000	23.156164
0.125500	21.633181
0.126000	20.084541
0.126500	18.515329
0.127000	16.928593
0.127500	15.323312
0.128000	13.696695
0.128500	12.042902
0.129000	10.355072
0.129500	8.625587
0.130000	6.847077
0.130500	5.012690
0.131000	3.113532
0.131500	1.140866
0.132000	-0.914121
0.132500	-3.059684
0.133000	-5.302250
0.133500	-7.645400
0.134000	-10.087610
0.134500	-12.623800
0.135000	-15.246857
0.135500	-17.948147
0.136000	-20.716747
0.136500	-23.542498
0.137000	-26.413458
0.137500	-29.314138
0.138000	-32.227520
0.138500	-35.138359
0.139000	-38.028881
0.139500	-40.873680
0.140000	-43.654984
0.140500	-46.349922
0.141000	-48.935642
0.141500	-51.386738
0.142000	-53.682899
0.142500	-55.796181
0.143000	-57.708801
0.143500	-59.402981
0.144000	-60.863476
0.144500	-62.075062
0.145000	-63.037724
0.145500	-63.746376
0.146000	-64.208656
0.146500	-64.432182
0.147000	-64.432182
0.147500	-64.231522
0.148000	-63.850513
0.148500	-63.319653
0.149000	-62.669418
0.149500	-61.935360
0.150000	-61.142879
0.150500	-60.330082
0.151000	-59.527443
0.151500	-58.755280
0.152000	-58.039001
0.152500	-57.396381
0.153000	-56.845196
0.153500	-56.390537
0.154000	-56.040020
0.154500	-55.788559
0.155000	-55.633621
0.155500	-55.570118
0.156000	-55.585358
0.156500	-55.674259
0.157000	-55.819038
0.157500	-56.014622
0.158000	-56.250839
0.158500	-56.514996
0.159000	-56.802021
0.159500	-57.106823
0.160000	-57.426857
0.160500	-57.759598
0.161000	-58.102497
0.161500	-58.460636
0.162000	-58.831478
0.162500	-59.215019
0.163000	-59.613796
0.163500	-60.030361
0.164000	-60.462158
0.164500	-60.909199
0.165000	-61.371475
0.165500	-61.843918
0.166000	-62.329060
0.166500	-62.819279
0.167000	-63.314579
0.167500	-63.809879
0.168000	-64.297554
0.168500	-64.775078
0.169000	-65.237358
0.169500	-65.676781
0.170000	-66.088257
0.170500	-66.469261
0.171000	-66.812157
0.171500	-67.116959
0.172000	-67.376038
0.172500	-67.589401
0.173000	-67.751961
0.173500	-67.866257
0.174000	-67.929756
0.174500	-67.942459
0.175000	-67.904358
0.175500	-67.815460
0.176000	-67.675758
0.176500	-67.487801
0.177000	-67.251579
0.177500	-66.972176
0.178000	-66.649597
0.178500	-66.283844
0.179000	-65.885063
0.179500	-65.455795
0.180000	-64.998596
0.180500	-64.521080
0.181000	-64.030853
0.181500	-63.530476
0.182000	-63.025021
0.182500	-62.514477
0.183000	-62.001400
0.183500	-61.485783
0.184000	-60.965076
0.184500	-60.444378
0.185000	-59.916061
0.185500	-59.382660
0.186000	-58.839096
0.186500	-58.287918
0.187000	-57.726582
0.187500	-57.157616
0.188000	-56.575962
0.188500	-55.986679
0.189000	-55.387238
0.189500	-54.777641
0.190000	-54.155342
0.190500	-53.522877
0.191000	-52.875179
0.191500	-52.214783
0.192000	-51.539139
0.192500	-50.853336
0.193000	-50.154839
0.193500	-49.451260
0.194000	-48.737518
0.194500	-48.018696
0.195000	-47.294800
0.195500	-46.565819
0.196000	-45.831760
0.196500	-45.095161
0.197000	-44.356018
0.197500	-43.616879
0.198000	-42.877739
0.198500	-42.136059
0.199000	-41.391842
0.199500	-40.647617
0.200000	-39.903400
0.200500	-39.156639
0.201000	-38.409882
0.201500	-37.663120
0.202000	-36.916359
0.202500	-36.167061
0.203000	-35.417759
0.203500	-34.665920
0.204000	-33.914078
0.204500	-33.157158
0.205000	-32.397701
0.205500	-31.635698
0.206000	-30.871159
0.206500	-30.101538
0.207000	-29.329380
0.207500	-28.554680
0.208000	-27.779982
0.208500	-27.002739
0.209000	-26.225500
0.209500	-25.448259
0.210000	-24.670765
0.210500	-23.894033
0.211000	-23.117809
0.211500	-22.341585
0.212000	-21.564600
0.212500	-20.786343
0.213000	-20.005293
0.213500	-19.221195
0.214000	-18.432781
0.214500	-17.639030
0.215000	-16.839693
0.215500	-16.033751
0.216000	-15.221203
0.216500	-14.401546
0.217000	-13.574523
0.217500	-12.740387
0.218000	-11.898630
0.218500	-11.048745
0.219000	-10.189717
0.219500	-9.320784
0.220000	-8.440928
0.220500	-7.549388
0.221000	-6.645656
0.221500	-5.728716
0.222000	-4.799076
0.222500	-3.856990
0.223000	-2.902204
0.223500	-1.934337
0.224000	-0.953110
0.224500	0.041826
0.225000	1.050646
0.225500	2.073631
0.226000	3.111500
0.226500	4.164584
0.227000	5.234432
0.227500	6.321552
0.228000	7.427468
0.228500	8.552688
0.229000	9.698228
0.229500	10.865612
0.230000	12.056109
0.230500	13.270992
0.231000	14.511273
0.231500	15.777971
0.232000	17.072102
0.232500	18.394680
0.233000	19.745960
0.233500	21.125435
0.234000	22.533356
0.234500	23.968456
0.235000	25.430479
0.235500	26.916380
0.236000	28.422598
0.236500	29.949141
0.237000	31.490919
0.237500	33.042858
0.238000	34.604958
0.238500	36.169601
0.239000	37.731701
0.239500	39.291260
0.240000	40.843201
0.240500	42.382439
0.241000	43.906441
0.241500	45.415199
0.242000	46.906178
0.242500	48.374298
0.243000	49.824635
0.243500	51.252125
0.244000	52.659279
0.244500	54.043579
0.245000	55.402481
0.245500	56.741062
0.246000	58.059319
0.246500	59.354721
0.247000	60.629799
0.247500	61.882019
0.248000	63.116463
0.248500	64.333122
0.249000	65.529457
0.249500	66.708023
0.250000	67.868797
0.250500	69.014336
0.251000	70.142097
0.251500	71.257156
0.252000	72.359520
0.252500	73.451721
0.253000	74.538841
0.253500	75.620880
0.254000	76.702911
0.254500	77.787498
0.255000	78.879700
0.255500	79.982056
0.256000	81.099663
0.256500	82.229958
0.257000	83.375496
0.257500	84.541359
0.258000	85.724998
0.258500	86.926422
0.259000	88.148163
0.259500	89.390221
0.260000	90.647522
0.260500	91.925148
0.261000	93.218002
0.261500	94.523560
0.262000	95.841820
0.262500	97.170235
0.263000	98.506279
0.263500	99.844856
0.264000	101.180893
0.264500	102.514397
0.265000	103.840286
0.265500	105.155998
0.266000	106.453941
0.266500	107.736641
0.267000	108.999016
0.267500	110.238541
0.268000	111.455200
0.268500	112.646454
0.269000	113.812317
0.269500	114.952782
0.270000	116.065300
0.270500	117.154961
0.271000	118.221756
0.271500	119.265701
0.272000	120.289314
0.272500	121.297691
0.273000	122.288292
0.273500	123.266205
0.274000	124.233940
0.274500	125.194061
0.275000	126.146553
0.275500	127.096519
0.276000	128.043930
0.276500	128.988815
0.277000	129.938766
0.277500	130.888748
0.278000	131.843781
0.278500	132.801376
0.279000	133.758926
0.279500	134.721588
0.280000	135.684250
0.280500	136.649460
0.281000	137.612122
0.281500	138.574783
0.282000	139.539978
0.282500	140.505173
0.283000	141.470367
0.283500	142.440659
0.284000	143.416016
0.284500	144.399002
0.285000	145.392136
0.285500	146.392899
0.286000	147.406357
0.286500	148.429977
0.287000	149.468842
0.287500	150.520401
0.288000	151.587204
0.288500	152.666702
0.289000	153.758896
0.289500	154.861252
0.290000	155.968689
0.290500	157.083771
0.291000	158.198822
0.291500	159.313889
0.292000	160.423859
0.292500	161.526215
0.293000	162.620956
0.293500	163.703003
0.294000	164.774887
0.294500	165.831528
0.295000	166.875458
0.295500	167.904175
0.296000	168.917618
0.296500	169.918381
0.297000	170.903885
0.297500	171.874161
0.298000	172.834305
0.298500	173.784256
