0.000000	-0.083228
0.000500	-0.083276
0.001000	-0.083368
0.001500	-0.083386
0.002000	-0.083312
0.002500	-0.083279
0.003000	-0.083279
0.003500	-0.083167
0.004000	-0.082923
0.004500	-0.082603
0.005000	-0.082230
0.005500	-0.081791
0.006000	-0.081250
0.006500	-0.080622
0.007000	-0.079870
0.007500	-0.078966
0.008000	-0.077968
0.008500	-0.076853
0.009000	-0.075517
0.009500	-0.073975
0.010000	-0.072382
0.010500	-0.070749
0.011000	-0.068933
0.011500	-0.066959
0.012000	-0.064887
0.012500	-0.062710
0.013000	-0.060477
0.013500	-0.058181
0.014000	-0.055778
0.014500	-0.053246
0.015000	-0.050597
0.015500	-0.047925
0.016000	-0.045298
0.016500	-0.042748
0.017000	-0.040330
0.017500	-0.038103
0.018000	-0.036055
0.018500	-0.034072
0.019000	-0.032093
0.019500	-0.030246
0.020000	-0.028575
0.020500	-0.027056
0.021000	-0.025662
0.021500	-0.024355
0.022000	-0.023168
0.022500	-0.022140
0.023000	-0.021294
0.023500	-0.020604
0.024000	-0.020044
0.024500	-0.019659
0.025000	-0.019471
0.025500	-0.019444
0.026000	-0.019552
0.026500	-0.019816
0.027000	-0.020203
0.027500	-0.020661
0.028000	-0.021212
0.028500	-0.021833
0.029000	-0.022421
0.029500	-0.022998
0.030000	-0.023640
0.030500	-0.024352
0.031000	-0.025148
0.031500	-0.026032
0.032000	-0.027023
0.032500	-0.028123
0.033000	-0.029276
0.033500	-0.030447
0.034000	-0.031638
0.034500	-0.032799
0.035000	-0.033899
0.035500	-0.035044
0.036000	-0.036383
0.036500	-0.037876
0.037000	-0.039428
0.037500	-0.041087
0.038000	-0.042827
0.038500	-0.044562
0.039000	-0.046271
0.039500	-0.047915
0.040000	-0.049416
0.040500	-0.050698
0.041000	-0.051793
0.041500	-0.052771
0.042000	-0.053571
0.042500	-0.054153
0.043000	-0.054597
0.043500	-0.054905
0.044000	-0.055027
0.044500	-0.054922
0.045000	-0.054610
0.045500	-0.054130
0.046000	-0.053386
0.046500	-0.052329
0.047000	-0.051001
0.047500	-0.049413
0.048000	-0.047478
0.048500	-0.045113
0.049000	-0.042337
0.049500	-0.039083
0.050000	-0.035268
0.050500	-0.030902
0.051000	-0.025941
0.051500	-0.020309
0.052000	-0.014027
0.052500	-0.007152
0.053000	0.000344
0.053500	0.008520
0.054000	0.017355
0.054500	0.026825
0.055000	0.036845
0.055500	0.047325
0.056000	0.058222
0.056500	0.069464
0.057000	0.081059
0.057500	0.092936
0.058000	0.104912
0.058500	0.116947
0.059000	0.128948
0.059500	0.140739
0.060000	0.152207
0.060500	0.163342
0.061000	0.174147
0.061500	0.184440
0.062000	0.193899
0.062500	0.202265
0.063000	0.209192
0.063500	0.214279
0.064000	0.217264
0.064500	0.218018
0.065000	0.216604
0.065500	0.213159
0.066000	0.207782
0.066500	0.200464
0.067000	0.191036
0.067500	0.179337
0.068000	0.165298
0.068500	0.148839
0.069000	0.129804
0.069500	0.108021
0.070000	0.083419
0.070500	0.055974
0.071000	0.025611
0.071500	-0.007763
0.072000	-0.044287
0.072500	-0.084122
0.073000	-0.127351
0.073500	-0.173934
0.074000	-0.223830
0.074500	-0.277038
0.075000	-0.333604
0.075500	-0.393827
0.076000	-0.458216
0.076500	-0.527482
0.077000	-0.602183
0.077500	-0.682930
0.078000	-0.770433
0.078500	-0.865378
0.079000	-0.968096
0.079500	-1.078789
0.080000	-1.197788
0.080500	-1.325677
0.081000	-1.463167
0.081500	-1.610919
0.082000	-1.769110
0.082500	-1.936953
0.083000	-2.113026
0.083500	-2.295601
0.084000	-2.483510
0.084500	-2.676398
0.085000	-2.874010
0.085500	-3.076702
0.086000	-3.284728
0.086500	-3.497580
0.087000	-3.714750
0.087500	-3.935730
0.088000	-4.160774
0.088500	-4.389882
0.089000	-4.622038
0.089500	-4.856480
0.090000	-5.089652
0.090500	-5.319014
0.091000	-5.543296
0.091500	-5.765292
0.092000	-5.986780
0.092500	-6.208014
0.093000	-6.430264
0.093500	-6.654800
0.094000	-6.883146
0.094500	-7.116572
0.095000	-7.358125
0.095500	-7.611872
0.096000	-7.882890
0.096500	-8.174481
0.097000	-8.488426
0.097500	-8.827007
0.098000	-9.191244
0.098500	-9.582659
0.099000	-10.000234
0.099500	-10.442448
0.100000	-10.904729
0.100500	-11.382503
0.101000	-11.871451
0.101500	-12.367768
0.102000	-12.868909
0.102500	-13.373608
0.103000	-13.881863
0.103500	-14.394942
0.104000	-14.915643
0.104500	-15.447265
0.105000	-15.992349
0.105500	-16.552166
0.106000	-17.126457
0.106500	-17.713451
0.107000	-18.311115
0.107500	-18.917667
0.108000	-19.532345
0.108500	-20.154390
0.109000	-20.782787
0.109500	-21.417280
0.110000	-22.057869
0.110500	-22.704805
0.111000	-23.359110
0.111500	-24.021795
0.112000	-24.694641
0.112500	-25.379681
0.113000	-26.080721
0.113500	-26.796999
0.114000	-27.533600
0.114500	-28.290522
0.115000	-29.062679
0.115500	-29.850079
0.116000	-30.655260
0.116500	-31.475677
0.117000	-32.316422
0.117500	-33.180019
0.118000	-34.071560
0.118500	-34.998657
0.119000	-35.963860
0.119500	-36.969700
0.120000	-38.011101
0.120500	-39.085518
0.121000	-40.190418
0.121500	-41.318180
0.122000	-42.468800
0.122500	-43.637199
0.123000	-44.823383
0.123500	-46.024799
0.124000	-47.243999
0.124500	-48.475899
0.125000	-49.720501
0.125500	-50.972717
0.126000	-52.232559
0.126500	-53.494942
0.127000	-54.759861
0.127500	-56.029861
0.128000	-57.307484
0.128500	-58.595261
0.129000	-59.893204
0.129500	-61.206379
0.130000	-62.534794
0.130500	-63.875919
0.131000	-65.229736
0.131500	-66.588638
0.132000	-67.955162
0.132500	-69.319138
0.133000	-70.680580
0.133500	-72.036942
0.134000	-73.388222
0.134500	-74.734421
0.135000	-76.072998
0.135500	-77.409035
0.136000	-78.737457
0.136500	-80.060799
0.137000	-81.384140
0.137500	-82.704941
0.138000	-84.030823
0.138500	-85.361778
0.139000	-86.700356
0.139500	-88.044014
0.140000	-89.395302
0.140500	-90.754196
0.141000	-92.120720
0.141500	-93.489784
0.142000	-94.863922
0.142500	-96.238052
0.143000	-97.612198
0.143500	-98.986336
0.144000	-100.363014
0.144500	-101.742241
0.145000	-103.129082
0.145500	-104.518456
0.146000	-105.915459
0.146500	-107.320084
0.147000	-108.729790
0.147500	-110.147102
0.148000	-111.569496
0.148500	-112.999519
0.149000	-114.434624
0.149500	-115.877335
0.150000	-117.325142
0.150500	-118.778023
0.151000	-120.238518
0.151500	-121.706642
0.152000	-123.179840
0.152500	-124.658119
0.153000	-126.146553
0.153500	-127.640068
0.154000	-129.141220
0.154500	-130.649979
0.155000	-132.166351
0.155500	-133.687820
0.156000	-135.214355
0.156500	-136.748520
0.157000	-138.285217
0.157500	-139.829529
0.158000	-141.378937
0.158500	-142.935959
0.159000	-144.500595
0.159500	-146.070312
0.160000	-147.647659
0.160500	-149.237701
0.161000	-150.835358
0.161500	-152.443176
0.162000	-154.061172
0.162500	-155.689301
0.163000	-157.330139
0.163500	-158.978592
0.164000	-160.637222
0.164500	-162.303467
0.165000	-163.977325
0.165500	-165.661331
0.166000	-167.350449
0.166500	-169.049698
0.167000	-170.754028
0.167500	-172.463440
0.168000	-174.177963
0.168500	-175.897537
0.169000	-177.624741
0.169500	-179.354492
0.170000	-181.094376
0.170500	-182.839371
0.171000	-184.589417
0.171500	-186.344559
0.172000	-188.107315
0.172500	-189.875153
0.173000	-191.648087
0.173500	-193.428619
0.174000	-195.214233
0.174500	-197.004944
0.175000	-198.798187
0.175500	-200.593948
0.176000	-202.392273
0.176500	-204.188065
0.177000	-205.986374
0.177500	-207.784698
0.178000	-209.585556
0.178500	-211.391510
0.179000	-213.202499
0.179500	-215.023697
0.180000	-216.852509
0.180500	-218.691467
0.181000	-220.538040
0.181500	-222.387146
0.182000	-224.233749
0.182500	-226.075241
0.183000	-227.906586
0.183500	-229.725204
0.184000	-231.533707
0.184500	-233.326935
0.185000	-235.107468
0.185500	-236.875305
0.186000	-238.625381
0.186500	-240.355118
0.187000	-242.067078
0.187500	-243.753632
0.188000	-245.419876
0.188500	-247.063263
0.189000	-248.686310
0.189500	-250.286514
0.190000	-251.866394
0.190500	-253.425949
0.191000	-254.965179
0.191500	-256.463806
0.192000	-257.962402
0.192500	-259.410217
0.193000	-260.858002
0.193500	-262.254974
0.194000	-263.652008
0.194500	-264.998199
0.195000	-266.293610
0.195500	-267.588989
0.196000	-268.833588
0.196500	-270.052795
0.197000	-271.246582
0.197500	-272.415009
0.198000	-273.532593
0.198500	-274.650177
0.199000	-275.716980
0.199500	-276.758392
0.200000	-277.799805
0.200500	-278.790375
0.201000	-279.755585
0.201500	-280.695374
0.202000	-281.609802
0.202500	-282.473419
0.203000	-283.337006
0.203500	-284.149811
0.204000	-284.962585
0.204500	-285.724579
0.205000	-286.461212
0.205500	-287.197784
0.206000	-287.883575
0.206500	-288.544006
0.207000	-289.178986
0.207500	-289.788605
0.208000	-290.347412
0.208500	-290.880798
0.209000	-291.388824
0.209500	-291.845978
0.210000	-292.303192
0.210500	-292.709595
0.211000	-293.090576
0.211500	-293.420807
0.212000	-293.750977
0.212500	-294.030396
0.213000	-294.284393
0.213500	-294.513031
0.214000	-294.716187
0.214500	-294.893982
0.215000	-295.046387
0.215500	-295.173401
0.216000	-295.249573
0.216500	-295.325775
0.217000	-295.351196
0.217500	-295.376587
0.218000	-295.376587
0.218500	-295.325775
0.219000	-295.274994
0.219500	-295.198792
0.220000	-295.097198
0.220500	-294.944824
0.221000	-294.792389
0.221500	-294.614594
0.222000	-294.411377
0.222500	-294.208191
0.223000	-293.954193
0.223500	-293.674805
0.224000	-293.395386
0.224500	-293.090576
0.225000	-292.760406
0.225500	-292.404816
0.226000	-292.023773
0.226500	-291.617401
0.227000	-291.210999
0.227500	-290.753784
0.228000	-290.296570
0.228500	-289.813995
0.229000	-289.306000
0.229500	-288.798004
0.230000	-288.239166
0.230500	-287.680389
0.231000	-287.070801
0.231500	-286.461212
0.232000	-285.826202
0.232500	-285.165802
0.233000	-284.505402
0.233500	-283.794189
0.234000	-283.083008
0.234500	-282.346405
0.235000	-281.584412
0.235500	-280.796997
0.236000	-280.009583
0.236500	-279.171417
0.237000	-278.333191
0.237500	-277.469604
0.238000	-276.580597
0.238500	-275.691589
0.239000	-274.751801
0.239500	-273.811981
0.240000	-272.846802
0.240500	-271.856201
0.241000	-270.840210
0.241500	-269.824219
0.242000	-268.757416
0.242500	-267.690613
0.243000	-266.572968
0.243500	-265.455383
0.244000	-264.312378
0.244500	-263.143982
0.245000	-261.950195
0.245500	-260.731018
0.246000	-259.511810
0.246500	-258.241791
0.247000	-256.971771
0.247500	-255.676392
0.248000	-254.380997
0.248500	-253.044968
0.249000	-251.696198
0.249500	-250.332230
0.250000	-248.953018
0.250500	-247.556015
0.251000	-246.143768
0.251500	-244.713776
0.252000	-243.268509
0.252500	-241.808014
0.253000	-240.332245
0.253500	-238.836197
0.254000	-237.327438
0.254500	-235.798340
0.255000	-234.254028
0.255500	-232.691940
0.256000	-231.112045
0.256500	-229.516953
0.257000	-227.901489
0.257500	-226.270828
0.258000	-224.622360
0.258500	-222.956100
0.259000	-221.272095
0.259500	-219.570297
0.260000	-217.850723
0.260500	-216.115906
0.261000	-214.365845
0.261500	-212.595444
0.262000	-210.812378
0.262500	-209.016602
0.263000	-207.203049
0.263500	-205.381866
0.264000	-203.545456
0.264500	-201.698853
0.265000	-199.842133
0.265500	-197.975220
0.266000	-196.098145
0.266500	-194.210938
0.267000	-192.313568
0.267500	-190.406021
0.268000	-188.485779
0.268500	-186.552841
0.269000	-184.607208
0.269500	-182.648849
0.270000	-180.680359
0.270500	-178.696625
0.271000	-176.700180
0.271500	-174.693573
0.272000	-172.674286
0.272500	-170.642288
0.273000	-168.600128
0.273500	-166.547806
0.274000	-164.485321
0.274500	-162.415222
0.275000	-160.337494
0.275500	-158.252167
0.276000	-156.161743
0.276500	-154.068787
0.277000	-151.970734
0.277500	-149.870163
0.278000	-147.764511
0.278500	-145.658829
0.279000	-143.550629
0.279500	-141.439896
0.280000	-139.329163
0.280500	-137.213333
0.281000	-135.097519
0.281500	-132.979172
0.282000	-130.855728
0.282500	-128.729736
0.283000	-126.598671
0.283500	-124.462547
0.284000	-122.318779
0.284500	-120.167397
0.285000	-118.010941
0.285500	-115.849396
0.286000	-113.680237
0.286500	-111.505989
0.287000	-109.324142
0.287500	-107.139748
0.288000	-104.950256
0.288500	-102.755699
0.289000	-100.558601
0.289500	-98.358955
0.290000	-96.159317
0.290500	-93.954590
0.291000	-91.752419
0.291500	-89.547699
0.292000	-87.342979
0.292500	-85.138260
0.293000	-82.931007
0.293500	-80.726280
0.294000	-78.519020
0.294500	-76.314301
0.295000	-74.109581
0.295500	-71.907402
0.296000	-69.710297
0.296500	-67.513199
0.297000	-65.323715
0.297500	-63.136780
0.298000	-60.957458
0.298500	-58.785759
