0.000000	-0.766720
0.000500	-1.904700
0.001000	-1.581800
0.001500	-0.885610
0.002000	-1.604100
0.002500	-1.266700
0.003000	-2.298600
0.003500	-1.157300
0.004000	-1.971400
0.004500	-0.969540
0.005000	-1.815000
0.005500	-0.696000
0.006000	-2.364200
0.006500	-2.128000
0.007000	-2.692600
0.007500	-2.594400
0.008000	-3.129500
0.008500	-2.868000
0.009000	-2.988100
0.009500	-3.547700
0.010000	-2.988800
0.010500	-2.624400
0.011000	-1.909500
0.011500	-3.348100
0.012000	-1.921800
0.012500	-1.534400
0.013000	-2.761000
0.013500	-2.927600
0.014000	-3.162100
0.014500	-3.230200
0.015000	-2.204000
0.015500	-1.870000
0.016000	-1.576800
0.016500	0.412170
0.017000	-0.343420
0.017500	1.020600
0.018000	0.581430
0.018500	2.166800
0.019000	0.759860
0.019500	1.134600
0.020000	1.611600
0.020500	1.800300
0.021000	1.393400
0.021500	3.449200
0.022000	3.231500
0.022500	3.899400
0.023000	2.338400
0.023500	2.390400
0.024000	1.869000
0.024500	2.455700
0.025000	1.717700
0.025500	1.882300
0.026000	0.581130
0.026500	1.316900
0.027000	1.609800
0.027500	0.723190
0.028000	-0.558620
0.028500	-1.536000
0.029000	-1.542200
0.029500	-4.164700
0.030000	-3.014400
0.030500	-4.921200
0.031000	-5.759700
0.031500	-4.950100
0.032000	-6.708900
0.032500	-6.873100
0.033000	-4.339700
0.033500	-5.713800
0.034000	-4.551300
0.034500	-2.736400
0.035000	-2.970800
0.035500	-2.506000
0.036000	-4.239500
0.036500	-3.116400
0.037000	-4.493100
0.037500	-3.196900
0.038000	-3.046700
0.038500	-2.923700
0.039000	-1.598900
0.039500	0.051908
0.040000	1.575700
0.040500	1.658300
0.041000	3.411600
0.041500	2.242600
0.042000	3.784100
0.042500	2.772600
0.043000	2.879900
0.043500	5.144700
0.044000	3.647800
0.044500	5.080700
0.045000	5.375300
0.045500	8.060200
0.046000	8.615700
0.046500	9.126600
0.047000	10.116000
0.047500	9.834100
0.048000	9.670100
0.048500	11.838000
0.049000	12.670000
0.049500	14.163000
0.050000	14.050000
0.050500	16.695000
0.051000	18.724001
0.051500	18.226999
0.052000	19.613001
0.052500	18.886000
0.053000	20.770000
0.053500	19.768000
0.054000	19.257000
0.054500	16.867001
0.055000	15.149000
0.055500	7.825500
0.056000	-0.033821
0.056500	-10.080000
0.057000	-19.257000
0.057500	-29.625000
0.058000	-38.837002
0.058500	-46.500000
0.059000	-50.750999
0.059500	-56.090000
0.060000	-57.894001
0.060500	-60.523998
0.061000	-62.273998
0.061500	-63.505001
0.062000	-64.530998
0.062500	-61.957001
0.063000	-64.480003
0.063500	-63.825001
0.064000	-63.286999
0.064500	-64.689003
0.065000	-63.994999
0.065500	-64.953003
0.066000	-63.478001
0.066500	-63.755001
0.067000	-67.022003
0.067500	-69.561996
0.068000	-73.487999
0.068500	-76.862000
0.069000	-81.080002
0.069500	-80.765999
0.070000	-78.764999
0.070500	-71.081001
0.071000	-58.134998
0.071500	-39.346001
0.072000	-17.521000
0.072500	6.458700
0.073000	30.660000
0.073500	48.676998
0.074000	58.389000
0.074500	56.148998
0.075000	45.351002
0.075500	28.079000
0.076000	6.931700
0.076500	-9.642300
0.077000	-33.465000
0.077500	-56.023998
0.078000	-73.963997
0.078500	-88.072998
0.079000	-92.556000
0.079500	-85.019997
0.080000	-68.915001
0.080500	-54.306999
0.081000	-41.109001
0.081500	-33.445999
0.082000	-33.648998
0.082500	-42.056000
0.083000	-49.303001
0.083500	-58.462002
0.084000	-57.532001
0.084500	-58.481998
0.085000	-59.057999
0.085500	-63.300999
0.086000	-74.258003
0.086500	-88.462997
0.087000	-105.529999
0.087500	-115.029999
0.088000	-108.430000
0.088500	-82.954002
0.089000	-39.848999
0.089500	16.802999
0.090000	88.249001
0.090500	160.100006
0.091000	225.690002
0.091500	277.100006
0.092000	313.010010
0.092500	329.420013
0.093000	325.079987
0.093500	320.769989
0.094000	330.480011
0.094500	383.609985
0.095000	497.790009
0.095500	678.330017
0.096000	897.409973
0.096500	1077.199951
0.097000	1240.400024
0.097500	1242.199951
0.098000	1183.800049
0.098500	1010.599976
0.099000	805.719971
0.099500	579.340027
0.100000	376.989990
0.100500	174.880005
0.101000	64.250000
0.101500	-26.764000
0.102000	-94.459000
0.102500	-43.776001
0.103000	-60.632000
0.103500	70.077003
0.104000	134.110001
0.104500	251.910004
0.105000	360.380005
0.105500	393.929993
0.106000	409.950012
0.106500	338.230011
0.107000	216.990005
0.107500	59.402000
0.108000	-142.960007
0.108500	-331.029999
0.109000	-528.210022
0.109500	-703.909973
0.110000	-846.770020
0.110500	-964.880005
0.111000	-1027.199951
0.111500	-1057.199951
0.112000	-1036.599976
0.112500	-973.710022
0.113000	-879.909973
0.113500	-754.700012
0.114000	-620.330017
0.114500	-462.850006
0.115000	-301.339996
0.115500	-138.059998
0.116000	16.674000
0.116500	147.789993
0.117000	260.429993
0.117500	340.500000
0.118000	397.029999
0.118500	427.880005
0.119000	444.940002
0.119500	447.339996
0.120000	444.440002
0.120500	438.489990
0.121000	434.470001
0.121500	428.290009
0.122000	420.619995
0.122500	410.809998
0.123000	396.329987
0.123500	377.790009
0.124000	353.149994
0.124500	319.519989
0.125000	270.869995
0.125500	211.759995
0.126000	138.240005
0.126500	54.001999
0.127000	-33.299999
0.127500	-120.279999
0.128000	-188.990005
0.128500	-246.119995
0.129000	-284.920013
0.129500	-309.769989
0.130000	-326.320007
0.130500	-333.750000
0.131000	-336.579987
0.131500	-334.970001
0.132000	-334.299988
0.132500	-328.109985
0.133000	-318.440002
0.133500	-299.570007
0.134000	-276.140015
0.134500	-250.009995
0.135000	-230.679993
0.135500	-210.990005
0.136000	-196.369995
0.136500	-180.440002
0.137000	-162.470001
0.137500	-141.770004
0.138000	-115.519997
0.138500	-88.315002
0.139000	-57.348999
0.139500	-27.240000
0.140000	-1.979300
0.140500	15.020000
0.141000	26.806000
0.141500	27.489000
0.142000	33.408001
0.142500	43.407001
0.143000	48.945000
0.143500	59.083000
0.144000	59.582001
0.144500	61.185001
0.145000	52.970001
0.145500	40.521999
0.146000	21.480000
0.146500	1.569800
0.147000	-18.136000
0.147500	-32.269001
0.148000	-35.866001
0.148500	-31.082001
0.149000	-22.292999
0.149500	-14.296000
0.150000	-12.261000
0.150500	-17.816999
0.151000	-27.898001
0.151500	-47.702000
0.152000	-73.150002
0.152500	-98.495003
0.153000	-128.080002
0.153500	-158.440002
0.154000	-184.520004
0.154500	-199.979996
0.155000	-210.570007
0.155500	-217.699997
0.156000	-223.800003
0.156500	-235.080002
0.157000	-243.009995
0.157500	-257.690002
0.158000	-267.589996
0.158500	-274.149994
0.159000	-277.630005
0.159500	-272.859985
0.160000	-266.350006
0.160500	-244.270004
0.161000	-214.199997
0.161500	-182.339996
0.162000	-151.630005
0.162500	-130.949997
0.163000	-113.089996
0.163500	-94.865997
0.164000	-68.859001
0.164500	-32.294998
0.165000	14.864000
0.165500	61.879002
0.166000	108.790001
0.166500	153.210007
0.167000	192.210007
0.167500	227.360001
0.168000	251.160004
0.168500	264.630005
0.169000	271.480011
0.169500	271.720001
0.170000	271.119995
0.170500	273.380005
0.171000	276.519989
0.171500	283.179993
0.172000	291.450012
0.172500	295.959991
0.173000	299.450012
0.173500	298.239990
0.174000	294.769989
0.174500	286.279999
0.175000	277.640015
0.175500	267.149994
0.176000	255.429993
0.176500	237.050003
0.177000	218.520004
0.177500	196.229996
0.178000	173.149994
0.178500	150.000000
0.179000	129.770004
0.179500	107.449997
0.180000	82.360001
0.180500	54.543999
0.181000	23.007000
0.181500	-4.285000
0.182000	-35.603001
0.182500	-60.334999
0.183000	-86.470001
0.183500	-106.349998
0.184000	-124.699997
0.184500	-137.880005
0.185000	-145.850006
0.185500	-151.839996
0.186000	-155.779999
0.186500	-160.630005
0.187000	-164.830002
0.187500	-167.690002
0.188000	-169.089996
0.188500	-166.850006
0.189000	-164.029999
0.189500	-158.860001
0.190000	-150.820007
0.190500	-141.119995
0.191000	-127.489998
0.191500	-109.519997
0.192000	-92.000000
0.192500	-74.724998
0.193000	-61.040001
0.193500	-51.799999
0.194000	-44.606998
0.194500	-41.263000
0.195000	-40.004002
0.195500	-37.465000
0.196000	-39.007000
0.196500	-36.592999
0.197000	-35.150002
0.197500	-33.449001
0.198000	-32.429001
0.198500	-28.393000
0.199000	-23.267000
0.199500	-19.204000
0.200000	-14.625000
0.200500	-8.662000
0.201000	-5.538300
0.201500	-2.289900
0.202000	-5.096200
0.202500	-10.043000
0.203000	-14.553000
0.203500	-21.445000
0.204000	-27.554001
0.204500	-31.315001
0.205000	-30.771999
0.205500	-30.479000
0.206000	-22.004000
0.206500	-17.444000
0.207000	-6.789400
0.207500	-0.521050
0.208000	8.394000
0.208500	14.702000
0.209000	19.225000
0.209500	22.216000
0.210000	25.834000
0.210500	32.477001
0.211000	28.771999
0.211500	30.118999
0.212000	24.334000
0.212500	26.603001
0.213000	27.240999
0.213500	32.162998
0.214000	36.359001
0.214500	40.320999
0.215000	40.784000
0.215500	39.590000
0.216000	40.999001
0.216500	47.000999
0.217000	53.501999
0.217500	61.641998
0.218000	68.805000
0.218500	74.947998
0.219000	79.616997
0.219500	86.250999
0.220000	93.462997
0.220500	102.010002
0.221000	107.779999
0.221500	114.919998
0.222000	119.419998
0.222500	120.000000
0.223000	119.239998
0.223500	112.269997
0.224000	101.930000
0.224500	86.487999
0.225000	66.446999
0.225500	43.276001
0.226000	18.353001
0.226500	-5.797500
0.227000	-31.441999
0.227500	-57.854000
0.228000	-86.301003
0.228500	-110.720001
0.229000	-133.919998
0.229500	-154.160004
0.230000	-166.289993
0.230500	-176.059998
0.231000	-177.600006
0.231500	-170.600006
0.232000	-155.089996
0.232500	-139.660004
0.233000	-115.800003
0.233500	-90.359001
0.234000	-69.290001
0.234500	-48.862000
0.235000	-32.872002
0.235500	-19.396000
0.236000	-3.985800
0.236500	8.882700
0.237000	26.361000
0.237500	39.334000
0.238000	53.929001
0.238500	66.830002
0.239000	76.748001
0.239500	92.467003
0.240000	105.489998
0.240500	117.800003
0.241000	132.279999
0.241500	156.639999
0.242000	172.169998
0.242500	188.740005
0.243000	194.550003
0.243500	191.539993
0.244000	180.699997
0.244500	163.210007
0.245000	156.529999
0.245500	138.270004
0.246000	122.160004
0.246500	99.997002
0.247000	75.345001
0.247500	52.860001
0.248000	25.378000
0.248500	5.964300
0.249000	-13.971000
0.249500	-31.809000
0.250000	-51.375000
0.250500	-69.503998
0.251000	-84.205002
0.251500	-96.460999
0.252000	-101.839996
0.252500	-109.290001
0.253000	-110.989998
0.253500	-108.720001
0.254000	-103.660004
0.254500	-96.772003
0.255000	-85.464996
0.255500	-75.286003
0.256000	-61.799000
0.256500	-48.745998
0.257000	-34.458000
0.257500	-23.170000
0.258000	-15.462000
0.258500	-11.925000
0.259000	-14.846000
0.259500	-21.313000
0.260000	-26.684999
0.260500	-33.044998
0.261000	-38.103001
0.261500	-41.382000
0.262000	-40.702999
0.262500	-38.597000
0.263000	-35.769001
0.263500	-33.807999
0.264000	-28.660000
0.264500	-28.083000
0.265000	-22.084000
0.265500	-15.467000
0.266000	-9.394000
0.266500	-0.420320
0.267000	4.180300
0.267500	7.523400
0.268000	8.041300
0.268500	7.144700
0.269000	3.892600
0.269500	3.075900
0.270000	2.700900
0.270500	4.258500
0.271000	9.466700
0.271500	15.231000
0.272000	24.386000
0.272500	31.573999
0.273000	42.247002
0.273500	49.186001
0.274000	57.389000
0.274500	60.780998
0.275000	61.580002
0.275500	61.703999
0.276000	57.337002
0.276500	55.183998
0.277000	52.571999
0.277500	47.974998
0.278000	44.488998
0.278500	36.702000
0.279000	21.256001
0.279500	3.711300
0.280000	-20.226999
0.280500	-41.287998
0.281000	-58.903999
0.281500	-72.603996
0.282000	-79.582001
0.282500	-81.106003
0.283000	-80.163002
0.283500	-77.487999
0.284000	-71.661003
0.284500	-63.242001
0.285000	-54.535000
0.285500	-47.589001
0.286000	-40.155998
0.286500	-35.075001
0.287000	-30.694000
0.287500	-27.320000
0.288000	-25.128000
0.288500	-20.188999
0.289000	-16.381001
0.289500	-9.210000
0.290000	-2.236300
0.290500	2.329400
0.291000	14.005000
0.291500	21.011999
0.292000	32.145000
0.292500	39.394001
0.293000	46.895000
0.293500	53.722000
0.294000	56.416000
0.294500	58.743999
0.295000	59.759998
0.295500	61.549000
0.296000	63.452000
0.296500	67.050003
0.297000	67.101997
0.297500	67.776001
0.298000	61.787998
0.298500	55.132000
