0.000000	0.178840
0.000500	0.178840
0.001000	0.178840
0.001500	0.178840
0.002000	0.178840
0.002500	0.178840
0.003000	0.156800
0.003500	0.123030
0.004000	0.095943
0.004500	0.078991
0.005000	0.074608
0.005500	0.075181
0.006000	0.076865
0.006500	0.077760
0.007000	0.076271
0.007500	0.074010
0.008000	0.071681
0.008500	0.069418
0.009000	0.067511
0.009500	0.067063
0.010000	0.067230
0.010500	0.066740
0.011000	0.064007
0.011500	0.049964
0.012000	0.027308
0.012500	0.004742
0.013000	-0.009340
0.013500	-0.018563
0.014000	-0.027310
0.014500	-0.036032
0.015000	-0.045179
0.015500	-0.055062
0.016000	-0.065587
0.016500	-0.076596
0.017000	-0.087931
0.017500	-0.111110
0.018000	-0.149080
0.018500	-0.188840
0.019000	-0.217410
0.019500	-0.225690
0.020000	-0.218060
0.020500	-0.198910
0.021000	-0.172480
0.021500	-0.134890
0.022000	-0.080751
0.022500	-0.026975
0.023000	0.008916
0.023500	0.020916
0.024000	0.025189
0.024500	0.023237
0.025000	0.015967
0.025500	0.005099
0.026000	-0.006265
0.026500	-0.019483
0.027000	-0.036349
0.027500	-0.058157
0.028000	-0.083156
0.028500	-0.109500
0.029000	-0.135450
0.029500	-0.159420
0.030000	-0.181240
0.030500	-0.200510
0.031000	-0.216630
0.031500	-0.227930
0.032000	-0.225070
0.032500	-0.208130
0.033000	-0.179740
0.033500	-0.142500
0.034000	-0.097773
0.034500	-0.048796
0.035000	0.000216
0.035500	0.045354
0.036000	0.091388
0.036500	0.135130
0.037000	0.168090
0.037500	0.181770
0.038000	0.168690
0.038500	0.136110
0.039000	0.097599
0.039500	0.066739
0.040000	0.039804
0.040500	0.011503
0.041000	-0.006943
0.041500	-0.004316
0.042000	0.017693
0.042500	0.047534
0.043000	0.081638
0.043500	0.116430
0.044000	0.150580
0.044500	0.186150
0.045000	0.221600
0.045500	0.255250
0.046000	0.283650
0.046500	0.302840
0.047000	0.313750
0.047500	0.317410
0.048000	0.313810
0.048500	0.301720
0.049000	0.286370
0.049500	0.273570
0.050000	0.266070
0.050500	0.257740
0.051000	0.254520
0.051500	0.263800
0.052000	0.291120
0.052500	0.324370
0.053000	0.359080
0.053500	0.394370
0.054000	0.429650
0.054500	0.466380
0.055000	0.503460
0.055500	0.539060
0.056000	0.570930
0.056500	0.586030
0.057000	0.585200
0.057500	0.577070
0.058000	0.569990
0.058500	0.562070
0.059000	0.552540
0.059500	0.544490
0.060000	0.541020
0.060500	0.544080
0.061000	0.551030
0.061500	0.558310
0.062000	0.562340
0.062500	0.562440
0.063000	0.559650
0.063500	0.553000
0.064000	0.541520
0.064500	0.524270
0.065000	0.501170
0.065500	0.472500
0.066000	0.438550
0.066500	0.400350
0.067000	0.360220
0.067500	0.319430
0.068000	0.279210
0.068500	0.240330
0.069000	0.202940
0.069500	0.167860
0.070000	0.135980
0.070500	0.119590
0.071000	0.136850
0.071500	0.177820
0.072000	0.231760
0.072500	0.293880
0.073000	0.374790
0.073500	0.459470
0.074000	0.530110
0.074500	0.575600
0.075000	0.613530
0.075500	0.646630
0.076000	0.675150
0.076500	0.700040
0.077000	0.726220
0.077500	0.749320
0.078000	0.762870
0.078500	0.762090
0.079000	0.757880
0.079500	0.753620
0.080000	0.749320
0.080500	0.745030
0.081000	0.740730
0.081500	0.736410
0.082000	0.732050
0.082500	0.727200
0.083000	0.708340
0.083500	0.670770
0.084000	0.616850
0.084500	0.549160
0.085000	0.476370
0.085500	0.402730
0.086000	0.329100
0.086500	0.256330
0.087000	0.184710
0.087500	0.113580
0.088000	0.042405
0.088500	-0.029353
0.089000	-0.110970
0.089500	-0.204830
0.090000	-0.301120
0.090500	-0.390040
0.091000	-0.463370
0.091500	-0.521800
0.092000	-0.568920
0.092500	-0.608310
0.093000	-0.641830
0.093500	-0.665160
0.094000	-0.673690
0.094500	-0.662850
0.095000	-0.628740
0.095500	-0.577440
0.096000	-0.521670
0.096500	-0.474220
0.097000	-0.443150
0.097500	-0.416400
0.098000	-0.392110
0.098500	-0.370140
0.099000	-0.355420
0.099500	-0.359880
0.100000	-0.365870
0.100500	-0.352950
0.101000	-0.304300
0.101500	-0.240910
0.102000	-0.173420
0.102500	-0.105800
0.103000	-0.041622
0.103500	0.020370
0.104000	0.081829
0.104500	0.143840
0.105000	0.208070
0.105500	0.291690
0.106000	0.393230
0.106500	0.500470
0.107000	0.602010
0.107500	0.715270
0.108000	0.851920
0.108500	1.011900
0.109000	659.840027
0.109500	19827.000000
0.110000	53573.000000
0.110500	85696.000000
0.111000	99999.000000
0.111500	99999.000000
0.112000	99999.000000
0.112500	99999.000000
0.113000	99999.000000
0.113500	99999.000000
0.114000	99999.000000
0.114500	99999.000000
0.115000	99999.000000
0.115500	99999.000000
0.116000	99999.000000
0.116500	100000.000000
0.117000	100000.000000
0.117500	100000.000000
0.118000	100000.000000
0.118500	100000.000000
0.119000	100000.000000
0.119500	93922.000000
0.120000	64797.000000
0.120500	28175.000000
0.121000	2803.100098
0.121500	3.048300
0.122000	2.679600
0.122500	2.339900
0.123000	2.029500
0.123500	1.742500
0.124000	1.438200
0.124500	1.136200
0.125000	0.870830
0.125500	0.676580
0.126000	0.571140
0.126500	0.534720
0.127000	0.543430
0.127500	0.575200
0.128000	0.625790
0.128500	0.684430
0.129000	0.736930
0.129500	0.769690
0.130000	0.789780
0.130500	0.798000
0.131000	0.786200
0.131500	0.746250
0.132000	0.674590
0.132500	0.577250
0.133000	0.461460
0.133500	0.334440
0.134000	0.186230
0.134500	0.017862
0.135000	-0.146970
0.135500	-0.284560
0.136000	-0.390220
0.136500	-0.474650
0.137000	-0.537260
0.137500	-0.577450
0.138000	-0.603640
0.138500	-0.623260
0.139000	-0.634190
0.139500	-0.634360
0.140000	-0.625650
0.140500	-0.614310
0.141000	-0.598650
0.141500	-0.576730
0.142000	-0.545840
0.142500	-0.507450
0.143000	-0.468700
0.143500	-0.436870
0.144000	-0.416120
0.144500	-0.397690
0.145000	-0.380050
0.145500	-0.362830
0.146000	-0.346550
0.146500	-0.333150
0.147000	-0.319780
0.147500	-0.303170
0.148000	-0.278960
0.148500	-0.238290
0.149000	-0.187620
0.149500	-0.136580
0.150000	-0.093909
0.150500	-0.056698
0.151000	-0.020008
0.151500	0.019933
0.152000	0.066222
0.152500	0.115100
0.153000	0.164860
0.153500	0.215050
0.154000	0.265200
0.154500	0.315460
0.155000	0.366110
0.155500	0.417250
0.156000	0.469430
0.156500	0.533830
0.157000	0.607780
0.157500	0.680860
0.158000	0.742650
0.158500	0.793640
0.159000	0.842370
0.159500	0.890560
0.160000	0.939940
0.160500	0.991480
0.161000	1.044500
0.161500	1.098300
0.162000	1.152200
0.162500	1.222800
0.163000	1.327900
0.163500	1.436800
0.164000	1.517300
0.164500	1.503300
0.165000	1.339000
0.165500	1.076200
0.166000	0.768920
0.166500	0.435970
0.167000	0.000907
0.167500	-0.462930
0.168000	-0.865510
0.168500	-1.141100
0.169000	-1.328300
0.169500	-1.412600
0.170000	-1.370300
0.170500	-1.188200
0.171000	-0.951620
0.171500	-0.701760
0.172000	-0.459590
0.172500	-0.241930
0.173000	-0.028176
0.173500	0.180040
0.174000	0.372440
0.174500	0.537530
0.175000	0.660110
0.175500	0.746050
0.176000	0.805260
0.176500	0.847640
0.177000	0.879590
0.177500	0.899790
0.178000	0.906110
0.178500	0.896790
0.179000	0.880440
0.179500	0.853700
0.180000	0.806180
0.180500	0.727450
0.181000	0.626850
0.181500	0.522760
0.182000	0.418340
0.182500	0.316730
0.183000	0.217870
0.183500	0.119670
0.184000	0.022232
0.184500	-0.074330
0.185000	-0.166620
0.185500	-0.249360
0.186000	-0.319680
0.186500	-0.374680
0.187000	-0.409340
0.187500	-0.422350
0.188000	-0.421720
0.188500	-0.415670
0.189000	-0.402500
0.189500	-0.373960
0.190000	-0.344840
0.190500	-0.330640
0.191000	-0.348160
0.191500	-0.401670
0.192000	-0.469080
0.192500	-0.526620
0.193000	-0.557990
0.193500	-0.580350
0.194000	-0.596970
0.194500	-0.608430
0.195000	-0.614580
0.195500	-0.608530
0.196000	-0.588420
0.196500	-0.554070
0.197000	-0.503610
0.197500	-0.422170
0.198000	-0.308290
0.198500	-0.164470
0.199000	0.007560
0.199500	0.207780
0.200000	0.422150
0.200500	0.634070
0.201000	0.827520
0.201500	1.007800
0.202000	1.175100
0.202500	1.320400
0.203000	1.434800
0.203500	1.506400
0.204000	1.538400
0.204500	1.539400
0.205000	1.517800
0.205500	1.487000
0.206000	1.449500
0.206500	1.397800
0.207000	1.324500
0.207500	1.233900
0.208000	1.138400
0.208500	1.043300
0.209000	0.953590
0.209500	0.869000
0.210000	0.786200
0.210500	0.705920
0.211000	0.628870
0.211500	0.558210
0.212000	0.498160
0.212500	0.446860
0.213000	0.402260
0.213500	0.363870
0.214000	0.335030
0.214500	0.317860
0.215000	0.314420
0.215500	0.323340
0.216000	0.338660
0.216500	0.360550
0.217000	0.389400
0.217500	0.423700
0.218000	0.459660
0.218500	0.496970
0.219000	0.535470
0.219500	0.578030
0.220000	0.631820
0.220500	0.686030
0.221000	0.728200
0.221500	0.747770
0.222000	0.755200
0.222500	0.757340
0.223000	0.757640
0.223500	0.759380
0.224000	0.762450
0.224500	0.764730
0.225000	0.764210
0.225500	0.757820
0.226000	0.736570
0.226500	0.704150
0.227000	0.667110
0.227500	0.631580
0.228000	0.589030
0.228500	0.541660
0.229000	0.499830
0.229500	0.474050
0.230000	0.474540
0.230500	0.491760
0.231000	0.510500
0.231500	0.516140
0.232000	0.514530
0.232500	0.511130
0.233000	0.504150
0.233500	0.491840
0.234000	0.473310
0.234500	0.449280
0.235000	0.420300
0.235500	0.386980
0.236000	0.347390
0.236500	0.302220
0.237000	0.255930
0.237500	0.212960
0.238000	0.177010
0.238500	0.148030
0.239000	0.124900
0.239500	0.106550
0.240000	0.095238
0.240500	0.098782
0.241000	0.119900
0.241500	0.161120
0.242000	0.223910
0.242500	0.302000
0.243000	0.385710
0.243500	0.465380
0.244000	0.537300
0.244500	0.612930
0.245000	0.677290
0.245500	0.712560
0.246000	0.706870
0.246500	0.678150
0.247000	0.636410
0.247500	0.589730
0.248000	0.544830
0.248500	0.500370
0.249000	0.454730
0.249500	0.406640
0.250000	0.354290
0.250500	0.293030
0.251000	0.224890
0.251500	0.153340
0.252000	0.079096
0.252500	-0.015505
0.253000	-0.119960
0.253500	-0.216640
0.254000	-0.288610
0.254500	-0.330110
0.255000	-0.341050
0.255500	-0.320820
0.256000	-0.269400
0.256500	-0.206570
0.257000	-0.142020
0.257500	-0.075682
0.258000	-0.007503
0.258500	0.062097
0.259000	0.132320
0.259500	0.202410
0.260000	0.271550
0.260500	0.336090
0.261000	0.392230
0.261500	0.437090
0.262000	0.467790
0.262500	0.469490
0.263000	0.435580
0.263500	0.375550
0.264000	0.298880
0.264500	0.211600
0.265000	0.117990
0.265500	0.024961
0.266000	-0.060584
0.266500	-0.136640
0.267000	-0.210170
0.267500	-0.281350
0.268000	-0.350160
0.268500	-0.415260
0.269000	-0.474180
0.269500	-0.527150
0.270000	-0.574510
0.270500	-0.613100
0.271000	-0.635950
0.271500	-0.642930
0.272000	-0.634140
0.272500	-0.608330
0.273000	-0.565560
0.273500	-0.517830
0.274000	-0.478030
0.274500	-0.454600
0.275000	-0.436050
0.275500	-0.419810
0.276000	-0.404920
0.276500	-0.390680
0.277000	-0.379180
0.277500	-0.374120
0.278000	-0.379210
0.278500	-0.402360
0.279000	-0.477390
0.279500	-0.592280
0.280000	-0.723930
0.280500	-0.854960
0.281000	-1.013800
0.281500	-1.186600
0.282000	-1.346300
0.282500	-1.465900
0.283000	-1.529100
0.283500	-1.537400
0.284000	-1.493200
0.284500	-1.399900
0.285000	-1.275000
0.285500	-1.128700
0.286000	-0.964070
0.286500	-0.783420
0.287000	-0.574710
0.287500	-0.349380
0.288000	-0.130700
0.288500	0.058277
0.289000	0.208140
0.289500	0.318430
0.290000	0.386650
0.290500	0.410260
0.291000	0.377860
0.291500	0.305260
0.292000	0.230830
0.292500	0.192900
0.293000	0.188880
0.293500	0.194740
0.294000	0.216730
0.294500	0.261100
0.295000	0.339460
0.295500	0.443260
0.296000	0.548500
0.296500	0.631140
0.297000	0.684140
0.297500	0.728510
0.298000	0.759750
0.298500	0.772450
0.299000	0.768940
0.299500	0.762270
0.300000	0.752080
0.300500	0.737600
0.301000	0.719610
0.301500	0.700800
0.302000	0.680950
0.302500	0.659720
0.303000	0.636580
0.303500	0.610380
0.304000	0.580730
0.304500	0.547350
0.305000	0.509240
0.305500	0.463300
0.306000	0.409030
0.306500	0.346260
0.307000	0.276040
0.307500	0.203300
0.308000	0.128560
0.308500	0.051790
0.309000	-0.027177
0.309500	-0.108900
0.310000	-0.191280
0.310500	-0.271740
0.311000	-0.347980
0.311500	-0.421390
0.312000	-0.493350
0.312500	-0.564720
0.313000	-0.636280
0.313500	-0.707320
0.314000	-0.776930
0.314500	-0.844360
0.315000	-0.907590
0.315500	-0.955920
0.316000	-0.990660
0.316500	-1.016200
0.317000	-1.037100
0.317500	-1.054900
0.318000	-1.070100
0.318500	-1.083400
0.319000	-1.094800
0.319500	-1.090400
0.320000	-1.079500
0.320500	-1.082500
0.321000	-1.118800
0.321500	-1.170600
0.322000	-1.223300
0.322500	-1.276400
0.323000	-1.329100
0.323500	-1.381400
0.324000	-1.433700
0.324500	-1.485800
0.325000	-1.537400
0.325500	-1.567200
0.326000	-1.563800
0.326500	-1.542300
0.327000	-1.517600
0.327500	-1.495300
0.328000	-1.468000
0.328500	-1.431400
0.329000	-1.381300
0.329500	-1.314900
0.330000	-1.235500
0.330500	-1.146300
0.331000	-1.050300
0.331500	-0.946050
0.332000	-0.831160
0.332500	-0.715300
0.333000	-0.608440
0.333500	-0.515790
0.334000	-0.433190
0.334500	-0.362580
0.335000	-0.306120
0.335500	-0.263880
0.336000	-0.227930
0.336500	-0.196340
0.337000	-0.168060
0.337500	-0.144210
0.338000	-0.129070
0.338500	-0.114150
0.339000	-0.089819
0.339500	-0.048117
0.340000	0.006248
0.340500	0.065512
0.341000	0.122230
0.341500	0.171500
0.342000	0.219260
0.342500	0.265850
0.343000	0.310670
0.343500	0.352880
0.344000	0.390400
0.344500	0.423870
0.345000	0.454590
0.345500	0.483370
0.346000	0.506760
0.346500	0.524000
0.347000	0.535330
0.347500	0.540450
0.348000	0.535220
0.348500	0.520640
0.349000	0.499100
0.349500	0.472850
0.350000	0.439990
0.350500	0.399020
0.351000	0.350040
0.351500	0.292580
0.352000	0.213120
0.352500	0.119180
0.353000	0.028855
0.353500	-0.040334
0.354000	-0.094260
0.354500	-0.138750
0.355000	-0.171540
0.355500	-0.190620
0.356000	-0.202400
0.356500	-0.210860
0.357000	-0.216340
0.357500	-0.219190
0.358000	-0.220100
0.358500	-0.218560
0.359000	-0.213090
0.359500	-0.202220
0.360000	-0.175290
0.360500	-0.132140
0.361000	-0.086969
0.361500	-0.053993
0.362000	-0.034127
0.362500	-0.019679
0.363000	-0.011942
0.363500	-0.012212
0.364000	-0.023703
0.364500	-0.045747
0.365000	-0.068854
0.365500	-0.083342
0.366000	-0.086608
0.366500	-0.088102
0.367000	-0.086933
0.367500	-0.081821
0.368000	-0.073329
0.368500	-0.064650
0.369000	-0.055860
0.369500	-0.046924
0.370000	-0.037806
0.370500	-0.028535
0.371000	-0.019206
0.371500	-0.009920
0.372000	-0.001030
0.372500	0.005933
0.373000	0.009891
0.373500	0.009857
0.374000	0.002704
0.374500	-0.018503
0.375000	-0.049197
0.375500	-0.083676
0.376000	-0.117340
0.376500	-0.152590
0.377000	-0.192310
0.377500	-0.239140
0.378000	-0.296690
0.378500	-0.372020
0.379000	-0.456900
0.379500	-0.540110
0.380000	-0.611990
0.380500	-0.678580
0.381000	-0.739940
0.381500	-0.793080
0.382000	-0.835260
0.382500	-0.866760
0.383000	-0.887510
0.383500	-0.896980
0.384000	-0.895610
0.384500	-0.891890
0.385000	-0.888080
0.385500	-0.884310
0.386000	-0.880740
0.386500	-0.877390
0.387000	-0.874110
0.387500	-0.870790
0.388000	-0.867150
0.388500	-0.858230
0.389000	-0.843090
0.389500	-0.823550
0.390000	-0.801400
0.390500	-0.775900
0.391000	-0.743090
0.391500	-0.698960
0.392000	-0.639870
0.392500	-0.574880
0.393000	-0.509590
0.393500	-0.444260
0.394000	-0.379110
0.394500	-0.314030
0.395000	-0.248960
0.395500	-0.184240
0.396000	-0.120190
0.396500	-0.068974
0.397000	-0.036721
0.397500	-0.014740
0.398000	0.005660
0.398500	0.027531
0.399000	0.047830
0.399500	0.066100
0.400000	0.081884
0.400500	0.093638
0.401000	0.100990
0.401500	0.105250
0.402000	0.107730
0.402500	0.102170
0.403000	0.081115
0.403500	0.057856
0.404000	0.046252
0.404500	0.055837
0.405000	0.082816
0.405500	0.124700
0.406000	0.179180
0.406500	0.244940
0.407000	0.319120
0.407500	0.394750
0.408000	0.464720
0.408500	0.525550
0.409000	0.581520
0.409500	0.633030
0.410000	0.680260
0.410500	0.722170
0.411000	0.752790
0.411500	0.769330
0.412000	0.769520
0.412500	0.752670
0.413000	0.723670
0.413500	0.682470
0.414000	0.628330
0.414500	0.563040
0.415000	0.496480
0.415500	0.429880
0.416000	0.363360
0.416500	0.297020
0.417000	0.230790
0.417500	0.164640
0.418000	0.098554
0.418500	0.033282
0.419000	-0.023209
0.419500	-0.066764
0.420000	-0.094823
0.420500	-0.103990
0.421000	-0.087142
0.421500	-0.048899
0.422000	0.003685
0.422500	0.064407
0.423000	0.134270
0.423500	0.208570
0.424000	0.280680
0.424500	0.344770
0.425000	0.401710
0.425500	0.448240
0.426000	0.479490
0.426500	0.490310
0.427000	0.469420
0.427500	0.417640
0.428000	0.341450
0.428500	0.247360
0.429000	0.143340
0.429500	0.035394
0.430000	-0.071591
0.430500	-0.172830
0.431000	-0.268440
0.431500	-0.359900
0.432000	-0.447370
0.432500	-0.530540
0.433000	-0.594150
0.433500	-0.631470
0.434000	-0.643470
0.434500	-0.631070
0.435000	-0.593700
0.435500	-0.530460
0.436000	-0.441860
0.436500	-0.328400
0.437000	-0.195590
0.437500	-0.054121
0.438000	0.087745
0.438500	0.221760
0.439000	0.346380
0.439500	0.464450
0.440000	0.574330
0.440500	0.674370
0.441000	0.751550
0.441500	0.794580
0.442000	0.804470
0.442500	0.782190
0.443000	0.731330
0.443500	0.663760
0.444000	0.592900
0.444500	0.532190
0.445000	0.479620
0.445500	0.422880
0.446000	0.385640
0.446500	0.392590
0.447000	0.445480
0.447500	0.506110
0.448000	0.569030
0.448500	0.630050
0.449000	0.687090
0.449500	0.743140
0.450000	0.799400
0.450500	0.856960
0.451000	0.922080
0.451500	1.000900
0.452000	1.084800
0.452500	1.164400
0.453000	1.231900
0.453500	1.288600
0.454000	1.337600
0.454500	1.381700
0.455000	1.421800
0.455500	1.449500
0.456000	1.461600
0.456500	1.455700
0.457000	1.428100
0.457500	1.374400
0.458000	1.298500
0.458500	1.205100
0.459000	1.097300
0.459500	0.974420
0.460000	0.845830
0.460500	0.721900
0.461000	0.610950
0.461500	0.505370
0.462000	0.413450
0.462500	0.348200
0.463000	0.320540
0.463500	0.317740
0.464000	0.330030
0.464500	0.351230
0.465000	0.376240
0.465500	0.408400
0.466000	0.443020
0.466500	0.472960
0.467000	0.491520
0.467500	0.497790
0.468000	0.492170
0.468500	0.474540
0.469000	0.445300
0.469500	0.409270
0.470000	0.367160
0.470500	0.318470
0.471000	0.262700
0.471500	0.201580
0.472000	0.137590
0.472500	0.072691
0.473000	0.008912
0.473500	-0.049668
0.474000	-0.101540
0.474500	-0.146640
0.475000	45.763000
0.475500	1458.500000
0.476000	4254.799805
0.476500	7633.000000
0.477000	10877.000000
0.477500	15788.000000
0.478000	22059.000000
0.478500	27906.000000
0.479000	31542.000000
0.479500	27701.000000
0.480000	16737.000000
0.480500	5289.299805
0.481000	-0.746390
0.481500	-0.590540
0.482000	-0.208500
0.482500	0.129670
0.483000	0.153930
0.483500	-0.133180
0.484000	-0.463260
0.484500	-0.707490
0.485000	-0.737150
0.485500	-0.540690
0.486000	-0.249380
0.486500	0.051257
0.487000	0.275760
0.487500	0.422820
0.488000	0.538550
0.488500	0.608690
0.489000	0.618950
0.489500	0.528340
0.490000	0.290300
0.490500	-0.069173
