0.000000	0.008414
0.000500	0.008414
0.001000	0.008414
0.001500	0.008414
0.002000	0.008414
0.002500	0.008414
0.003000	0.008399
0.003500	0.008369
0.004000	0.008332
0.004500	0.008287
0.005000	0.008234
0.005500	0.008165
0.006000	0.008090
0.006500	0.008018
0.007000	0.007961
0.007500	0.007911
0.008000	0.007871
0.008500	0.007845
0.009000	0.007838
0.009500	0.007839
0.010000	0.007841
0.010500	0.007842
0.011000	0.007842
0.011500	0.007838
0.012000	0.007834
0.012500	0.007830
0.013000	0.007830
0.013500	0.007840
0.014000	0.007863
0.014500	0.007898
0.015000	0.007945
0.015500	0.007996
0.016000	0.008048
0.016500	0.008101
0.017000	0.008154
0.017500	0.008207
0.018000	0.008260
0.018500	0.008314
0.019000	0.008368
0.019500	0.008426
0.020000	0.008494
0.020500	0.008565
0.021000	0.008633
0.021500	0.008695
0.022000	0.008754
0.022500	0.008810
0.023000	0.008864
0.023500	0.008911
0.024000	0.008944
0.024500	0.008975
0.025000	0.009018
0.025500	0.009081
0.026000	0.009152
0.026500	0.009229
0.027000	0.009308
0.027500	0.009388
0.028000	0.009472
0.028500	0.009557
0.029000	0.009640
0.029500	0.009716
0.030000	0.009779
0.030500	0.009831
0.031000	0.009875
0.031500	0.009915
0.032000	0.009948
0.032500	0.009975
0.033000	0.009996
0.033500	0.010011
0.034000	0.010021
0.034500	0.010023
0.035000	0.010016
0.035500	0.009996
0.036000	0.009969
0.036500	0.009937
0.037000	0.009899
0.037500	0.009857
0.038000	0.009811
0.038500	0.009763
0.039000	0.009716
0.039500	0.009670
0.040000	0.009627
0.040500	0.009586
0.041000	0.009548
0.041500	0.009513
0.042000	0.009489
0.042500	0.009475
0.043000	0.009464
0.043500	0.009450
0.044000	0.009426
0.044500	0.009396
0.045000	0.009358
0.045500	0.009313
0.046000	0.009246
0.046500	0.009140
0.047000	0.009020
0.047500	0.008910
0.048000	0.008827
0.048500	0.008757
0.049000	0.008715
0.049500	0.008716
0.050000	0.008769
0.050500	0.008857
0.051000	0.008969
0.051500	0.009095
0.052000	0.009230
0.052500	0.009378
0.053000	0.009532
0.053500	0.009678
0.054000	0.009805
0.054500	0.009909
0.055000	0.009995
0.055500	0.010066
0.056000	0.010127
0.056500	0.010166
0.057000	0.010181
0.057500	0.010174
0.058000	0.010149
0.058500	0.010092
0.059000	0.009998
0.059500	0.009872
0.060000	0.009718
0.060500	0.009541
0.061000	0.009329
0.061500	0.009068
0.062000	0.008743
0.062500	0.008375
0.063000	0.007995
0.063500	0.007604
0.064000	0.007205
0.064500	0.006798
0.065000	0.006386
0.065500	0.005973
0.066000	0.005564
0.066500	0.005164
0.067000	0.004783
0.067500	0.004433
0.068000	0.004126
0.068500	0.003876
0.069000	0.003680
0.069500	0.003528
0.070000	0.003406
0.070500	0.003299
0.071000	0.003193
0.071500	0.003088
0.072000	0.002982
0.072500	0.002874
0.073000	0.002764
0.073500	0.002653
0.074000	0.002544
0.074500	0.002443
0.075000	0.002368
0.075500	0.002312
0.076000	0.002267
0.076500	0.002226
0.077000	0.002195
0.077500	0.002179
0.078000	0.002178
0.078500	0.002196
0.079000	0.002233
0.079500	0.002288
0.080000	0.002357
0.080500	0.002435
0.081000	0.002520
0.081500	0.002619
0.082000	0.002738
0.082500	0.002883
0.083000	0.003049
0.083500	0.003230
0.084000	0.003423
0.084500	0.003625
0.085000	0.003831
0.085500	0.004042
0.086000	0.004260
0.086500	0.004488
0.087000	0.004732
0.087500	0.004992
0.088000	0.005255
0.088500	0.005512
0.089000	0.005753
0.089500	0.005976
0.090000	0.006185
0.090500	0.006379
0.091000	0.006532
0.091500	0.006580
0.092000	0.006524
0.092500	0.006365
0.093000	0.006122
0.093500	0.005837
0.094000	0.005510
0.094500	0.005139
0.095000	0.004734
0.095500	0.004319
0.096000	0.003903
0.096500	0.003492
0.097000	0.003091
0.097500	0.002691
0.098000	0.002304
0.098500	0.001945
0.099000	0.001627
0.099500	0.001361
0.100000	0.001135
0.100500	0.000935
0.101000	0.000747
0.101500	0.000561
0.102000	0.000375
0.102500	0.000190
0.103000	0.000006
0.103500	-0.000177
0.104000	-0.000360
0.104500	-0.000543
0.105000	-0.000729
0.105500	-0.000943
0.106000	-0.001185
0.106500	-0.001435
0.107000	-0.001679
0.107500	-0.001978
0.108000	-0.002323
0.108500	-0.002656
0.109000	658.659973
0.109500	19826.000000
0.110000	53572.000000
0.110500	85696.000000
0.111000	99999.000000
0.111500	99999.000000
0.112000	99999.000000
0.112500	99999.000000
0.113000	99999.000000
0.113500	99999.000000
0.114000	99999.000000
0.114500	99999.000000
0.115000	99999.000000
0.115500	99999.000000
0.116000	99999.000000
0.116500	100000.000000
0.117000	100000.000000
0.117500	90494.000000
0.118000	60635.000000
0.118500	25920.000000
0.119000	2546.000000
0.119500	-0.009274
0.120000	-0.009328
0.120500	-0.009350
0.121000	-0.009342
0.121500	-0.009309
0.122000	-0.009279
0.122500	-0.009247
0.123000	-0.009206
0.123500	-0.009149
0.124000	-0.009068
0.124500	-0.008977
0.125000	-0.008893
0.125500	-0.008829
0.126000	-0.008786
0.126500	-0.008765
0.127000	-0.008775
0.127500	-0.008818
0.128000	-0.008882
0.128500	-0.008962
0.129000	-0.009054
0.129500	-0.009156
0.130000	-0.009271
0.130500	-0.009392
0.131000	-0.009509
0.131500	-0.009613
0.132000	-0.009707
0.132500	-0.009791
0.133000	-0.009859
0.133500	-0.009904
0.134000	-0.009934
0.134500	-0.009961
0.135000	-0.009988
0.135500	-0.010017
0.136000	-0.010047
0.136500	-0.010078
0.137000	-0.010109
0.137500	-0.010142
0.138000	-0.010179
0.138500	-0.010225
0.139000	-0.010277
0.139500	-0.010337
0.140000	-0.010403
0.140500	-0.010477
0.141000	-0.010556
0.141500	-0.010637
0.142000	-0.010722
0.142500	-0.010814
0.143000	-0.010909
0.143500	-0.010999
0.144000	-0.011080
0.144500	-0.011151
0.145000	-0.011206
0.145500	-0.011243
0.146000	-0.011258
0.146500	-0.011263
0.147000	-0.011264
0.147500	-0.011266
0.148000	-0.011275
0.148500	-0.011287
0.149000	-0.011302
0.149500	-0.011318
0.150000	-0.011339
0.150500	-0.011376
0.151000	-0.011429
0.151500	-0.011491
0.152000	-0.011557
0.152500	-0.011645
0.153000	-0.011758
0.153500	-0.011895
0.154000	-0.012056
0.154500	-0.012254
0.155000	-0.012493
0.155500	-0.012765
0.156000	-0.013065
0.156500	-0.013380
0.157000	-0.013714
0.157500	-0.014074
0.158000	-0.014469
0.158500	-0.014889
0.159000	-0.015319
0.159500	-0.015757
0.160000	-0.016203
0.160500	-0.016655
0.161000	-0.017112
0.161500	-0.017575
0.162000	-0.018046
0.162500	-0.018537
0.163000	-0.019058
0.163500	-0.019585
0.164000	-0.020095
0.164500	-0.020579
0.165000	-0.021052
0.165500	-0.021507
0.166000	-0.021936
0.166500	-0.022339
0.167000	-0.022736
0.167500	-0.023132
0.168000	-0.023529
0.168500	-0.023927
0.169000	-0.024324
0.169500	-0.024722
0.170000	-0.025124
0.170500	-0.025537
0.171000	-0.026004
0.171500	-0.026505
0.172000	-0.027008
0.172500	-0.027487
0.173000	-0.027953
0.173500	-0.028412
0.174000	-0.028864
0.174500	-0.029305
0.175000	-0.029711
0.175500	-0.030081
0.176000	-0.030417
0.176500	-0.030724
0.177000	-0.031003
0.177500	-0.031257
0.178000	-0.031485
0.178500	-0.031692
0.179000	-0.031886
0.179500	-0.032068
0.180000	-0.032232
0.180500	-0.032375
0.181000	-0.032500
0.181500	-0.032612
0.182000	-0.032710
0.182500	-0.032793
0.183000	-0.032863
0.183500	-0.032925
0.184000	-0.032975
0.184500	-0.033010
0.185000	-0.033033
0.185500	-0.033050
0.186000	-0.033057
0.186500	-0.033054
0.187000	-0.033041
0.187500	-0.033022
0.188000	-0.033000
0.188500	-0.032975
0.189000	-0.032948
0.189500	-0.032916
0.190000	-0.032877
0.190500	-0.032829
0.191000	-0.032766
0.191500	-0.032670
0.192000	-0.032545
0.192500	-0.032394
0.193000	-0.032223
0.193500	-0.032046
0.194000	-0.031865
0.194500	-0.031682
0.195000	-0.031497
0.195500	-0.031305
0.196000	-0.031109
0.196500	-0.030915
0.197000	-0.030734
0.197500	-0.030616
0.198000	-0.030564
0.198500	-0.030569
0.199000	-0.030624
0.199500	-0.030730
0.200000	-0.030894
0.200500	-0.031123
0.201000	-0.031421
0.201500	-0.031757
0.202000	-0.032105
0.202500	-0.032448
0.203000	-0.032774
0.203500	-0.033091
0.204000	-0.033403
0.204500	-0.033709
0.205000	-0.034006
0.205500	-0.034285
0.206000	-0.034538
0.206500	-0.034766
0.207000	-0.034971
0.207500	-0.035157
0.208000	-0.035323
0.208500	-0.035461
0.209000	-0.035567
0.209500	-0.035654
0.210000	-0.035739
0.210500	-0.035823
0.211000	-0.035905
0.211500	-0.035984
0.212000	-0.036062
0.212500	-0.036141
0.213000	-0.036220
0.213500	-0.036306
0.214000	-0.036403
0.214500	-0.036512
0.215000	-0.036633
0.215500	-0.036769
0.216000	-0.036916
0.216500	-0.037068
0.217000	-0.037215
0.217500	-0.037352
0.218000	-0.037485
0.218500	-0.037614
0.219000	-0.037737
0.219500	-0.037853
0.220000	-0.037948
0.220500	-0.038026
0.221000	-0.038090
0.221500	-0.038143
0.222000	-0.038180
0.222500	-0.038199
0.223000	-0.038200
0.223500	-0.038182
0.224000	-0.038151
0.224500	-0.038107
0.225000	-0.038051
0.225500	-0.037984
0.226000	-0.037910
0.226500	-0.037828
0.227000	-0.037733
0.227500	-0.037622
0.228000	-0.037500
0.228500	-0.037369
0.229000	-0.037225
0.229500	-0.037068
0.230000	-0.036905
0.230500	-0.036740
0.231000	-0.036573
0.231500	-0.036404
0.232000	-0.036236
0.232500	-0.036067
0.233000	-0.035893
0.233500	-0.035710
0.234000	-0.035512
0.234500	-0.035299
0.235000	-0.035079
0.235500	-0.034858
0.236000	-0.034639
0.236500	-0.034417
0.237000	-0.034192
0.237500	-0.033961
0.238000	-0.033719
0.238500	-0.033460
0.239000	-0.033186
0.239500	-0.032901
0.240000	-0.032608
0.240500	-0.032307
0.241000	-0.032002
0.241500	-0.031693
0.242000	-0.031380
0.242500	-0.031062
0.243000	-0.030735
0.243500	-0.030399
0.244000	-0.030050
0.244500	-0.029674
0.245000	-0.029267
0.245500	-0.028826
0.246000	-0.028355
0.246500	-0.027879
0.247000	-0.027401
0.247500	-0.026921
0.248000	-0.026440
0.248500	-0.025957
0.249000	-0.025474
0.249500	-0.024991
0.250000	-0.024511
0.250500	-0.024051
0.251000	-0.023609
0.251500	-0.023182
0.252000	-0.022767
0.252500	-0.022386
0.253000	-0.022041
0.253500	-0.021732
0.254000	-0.021456
0.254500	-0.021198
0.255000	-0.020959
0.255500	-0.020741
0.256000	-0.020547
0.256500	-0.020363
0.257000	-0.020182
0.257500	-0.020006
0.258000	-0.019836
0.258500	-0.019669
0.259000	-0.019503
0.259500	-0.019340
0.260000	-0.019181
0.260500	-0.019027
0.261000	-0.018876
0.261500	-0.018726
0.262000	-0.018572
0.262500	-0.018413
0.263000	-0.018247
0.263500	-0.018083
0.264000	-0.017924
0.264500	-0.017775
0.265000	-0.017637
0.265500	-0.017510
0.266000	-0.017393
0.266500	-0.017285
0.267000	-0.017178
0.267500	-0.017073
0.268000	-0.016969
0.268500	-0.016868
0.269000	-0.016767
0.269500	-0.016667
0.270000	-0.016566
0.270500	-0.016460
0.271000	-0.016349
0.271500	-0.016234
0.272000	-0.016117
0.272500	-0.015998
0.273000	-0.015870
0.273500	-0.015733
0.274000	-0.015591
0.274500	-0.015441
0.275000	-0.015272
0.275500	-0.015085
0.276000	-0.014885
0.276500	-0.014674
0.277000	-0.014444
0.277500	-0.014193
0.278000	-0.013920
0.278500	-0.013624
0.279000	-0.013311
0.279500	-0.012981
0.280000	-0.012636
0.280500	-0.012273
0.281000	-0.011891
0.281500	-0.011504
0.282000	-0.011125
0.282500	-0.010769
0.283000	-0.010426
0.283500	-0.010086
0.284000	-0.009744
0.284500	-0.009391
0.285000	-0.009033
0.285500	-0.008674
0.286000	-0.008316
0.286500	-0.007958
0.287000	-0.007600
0.287500	-0.007244
0.288000	-0.006890
0.288500	-0.006538
0.289000	-0.006234
0.289500	-0.005991
0.290000	-0.005794
0.290500	-0.005632
0.291000	-0.005489
0.291500	-0.005359
0.292000	-0.005245
0.292500	-0.005148
0.293000	-0.005067
0.293500	-0.004992
0.294000	-0.004916
0.294500	-0.004830
0.295000	-0.004738
0.295500	-0.004641
0.296000	-0.004535
0.296500	-0.004414
0.297000	-0.004277
0.297500	-0.004133
0.298000	-0.003982
0.298500	-0.003827
0.299000	-0.003668
0.299500	-0.003509
0.300000	-0.003347
0.300500	-0.003184
0.301000	-0.003019
0.301500	-0.002850
0.302000	-0.002676
0.302500	-0.002495
0.303000	-0.002306
0.303500	-0.002104
0.304000	-0.001892
0.304500	-0.001674
0.305000	-0.001452
0.305500	-0.001221
0.306000	-0.000988
0.306500	-0.000758
0.307000	-0.000540
0.307500	-0.000331
0.308000	-0.000132
0.308500	0.000060
0.309000	0.000246
0.309500	0.000420
0.310000	0.000582
0.310500	0.000729
0.311000	0.000862
0.311500	0.000982
0.312000	0.001091
0.312500	0.001187
0.313000	0.001272
0.313500	0.001352
0.314000	0.001429
0.314500	0.001499
0.315000	0.001563
0.315500	0.001624
0.316000	0.001683
0.316500	0.001740
0.317000	0.001793
0.317500	0.001841
0.318000	0.001886
0.318500	0.001932
0.319000	0.001983
0.319500	0.002042
0.320000	0.002104
0.320500	0.002164
0.321000	0.002218
0.321500	0.002267
0.322000	0.002316
0.322500	0.002362
0.323000	0.002407
0.323500	0.002451
0.324000	0.002494
0.324500	0.002537
0.325000	0.002580
0.325500	0.002626
0.326000	0.002672
0.326500	0.002719
0.327000	0.002762
0.327500	0.002789
0.328000	0.002794
0.328500	0.002784
0.329000	0.002766
0.329500	0.002747
0.330000	0.002727
0.330500	0.002708
0.331000	0.002689
0.331500	0.002669
0.332000	0.002650
0.332500	0.002631
0.333000	0.002613
0.333500	0.002598
0.334000	0.002594
0.334500	0.002601
0.335000	0.002618
0.335500	0.002644
0.336000	0.002672
0.336500	0.002700
0.337000	0.002728
0.337500	0.002755
0.338000	0.002780
0.338500	0.002806
0.339000	0.002834
0.339500	0.002865
0.340000	0.002901
0.340500	0.002939
0.341000	0.002978
0.341500	0.003014
0.342000	0.003048
0.342500	0.003082
0.343000	0.003116
0.343500	0.003156
0.344000	0.003215
0.344500	0.003290
0.345000	0.003372
0.345500	0.003455
0.346000	0.003548
0.346500	0.003645
0.347000	0.003736
0.347500	0.003811
0.348000	0.003870
0.348500	0.003918
0.349000	0.003958
0.349500	0.003993
0.350000	0.004026
0.350500	0.004055
0.351000	0.004075
0.351500	0.004082
0.352000	0.004082
0.352500	0.004079
0.353000	0.004073
0.353500	0.004066
0.354000	0.004057
0.354500	0.004046
0.355000	0.004036
0.355500	0.004028
0.356000	0.004027
0.356500	0.004032
0.357000	0.004044
0.357500	0.004063
0.358000	0.004094
0.358500	0.004135
0.359000	0.004176
0.359500	0.004208
0.360000	0.004232
0.360500	0.004254
0.361000	0.004275
0.361500	0.004291
0.362000	0.004304
0.362500	0.004316
0.363000	0.004329
0.363500	0.004342
0.364000	0.004357
0.364500	0.004374
0.365000	0.004391
0.365500	0.004407
0.366000	0.004419
0.366500	0.004424
0.367000	0.004427
0.367500	0.004435
0.368000	0.004451
0.368500	0.004475
0.369000	0.004504
0.369500	0.004538
0.370000	0.004574
0.370500	0.004612
0.371000	0.004657
0.371500	0.004713
0.372000	0.004780
0.372500	0.004851
0.373000	0.004922
0.373500	0.004993
0.374000	0.005065
0.374500	0.005137
0.375000	0.005210
0.375500	0.005282
0.376000	0.005352
0.376500	0.005414
0.377000	0.005470
0.377500	0.005521
0.378000	0.005569
0.378500	0.005614
0.379000	0.005657
0.379500	0.005699
0.380000	0.005741
0.380500	0.005785
0.381000	0.005827
0.381500	0.005859
0.382000	0.005875
0.382500	0.005882
0.383000	0.005887
0.383500	0.005892
0.384000	0.005899
0.384500	0.005907
0.385000	0.005915
0.385500	0.005923
0.386000	0.005931
0.386500	0.005937
0.387000	0.005943
0.387500	0.005948
0.388000	0.005957
0.388500	0.005980
0.389000	0.006020
0.389500	0.006071
0.390000	0.006126
0.390500	0.006185
0.391000	0.006246
0.391500	0.006311
0.392000	0.006377
0.392500	0.006444
0.393000	0.006515
0.393500	0.006594
0.394000	0.006686
0.394500	0.006794
0.395000	0.006915
0.395500	0.007044
0.396000	0.007178
0.396500	0.007315
0.397000	0.007452
0.397500	0.007589
0.398000	0.007726
0.398500	0.007860
0.399000	0.007993
0.399500	0.008126
0.400000	0.008261
0.400500	0.008400
0.401000	0.008544
0.401500	0.008694
0.402000	0.008850
0.402500	0.009011
0.403000	0.009177
0.403500	0.009343
0.404000	0.009509
0.404500	0.009670
0.405000	0.009828
0.405500	0.009986
0.406000	0.010145
0.406500	0.010311
0.407000	0.010489
0.407500	0.010679
0.408000	0.010879
0.408500	0.011088
0.409000	0.011307
0.409500	0.011534
0.410000	0.011770
0.410500	0.012014
0.411000	0.012264
0.411500	0.012515
0.412000	0.012765
0.412500	0.013010
0.413000	0.013252
0.413500	0.013489
0.414000	0.013722
0.414500	0.013945
0.415000	0.014142
0.415500	0.014313
0.416000	0.014464
0.416500	0.014599
0.417000	0.014720
0.417500	0.014826
0.418000	0.014917
0.418500	0.014994
0.419000	0.015064
0.419500	0.015126
0.420000	0.015179
0.420500	0.015222
0.421000	0.015249
0.421500	0.015269
0.422000	0.015296
0.422500	0.015340
0.423000	0.015395
0.423500	0.015458
0.424000	0.015530
0.424500	0.015610
0.425000	0.015703
0.425500	0.015801
0.426000	0.015897
0.426500	0.015981
0.427000	0.016056
0.427500	0.016125
0.428000	0.016186
0.428500	0.016236
0.429000	0.016280
0.429500	0.016320
0.430000	0.016355
0.430500	0.016388
0.431000	0.016422
0.431500	0.016454
0.432000	0.016476
0.432500	0.016481
0.433000	0.016478
0.433500	0.016475
0.434000	0.016471
0.434500	0.016468
0.435000	0.016466
0.435500	0.016463
0.436000	0.016460
0.436500	0.016457
0.437000	0.016457
0.437500	0.016462
0.438000	0.016471
0.438500	0.016482
0.439000	0.016502
0.439500	0.016532
0.440000	0.016571
0.440500	0.016613
0.441000	0.016666
0.441500	0.016730
0.442000	0.016794
0.442500	0.016845
0.443000	0.016883
0.443500	0.016914
0.444000	0.016936
0.444500	0.016948
0.445000	0.016951
0.445500	0.016949
0.446000	0.016947
0.446500	0.016946
0.447000	0.016949
0.447500	0.016953
0.448000	0.016960
0.448500	0.016972
0.449000	0.016994
0.449500	0.017029
0.450000	0.017075
0.450500	0.017129
0.451000	0.017187
0.451500	0.017249
0.452000	0.017313
0.452500	0.017375
0.453000	0.017434
0.453500	0.017492
0.454000	0.017544
0.454500	0.017584
0.455000	0.017606
0.455500	0.017612
0.456000	0.017607
0.456500	0.017596
0.457000	0.017583
0.457500	0.017570
0.458000	0.017556
0.458500	0.017541
0.459000	0.017525
0.459500	0.017507
0.460000	0.017488
0.460500	0.017466
0.461000	0.017441
0.461500	0.017411
0.462000	0.017376
0.462500	0.017337
0.463000	0.017296
0.463500	0.017251
0.464000	0.017205
0.464500	0.017158
0.465000	0.017115
0.465500	0.017073
0.466000	0.017035
0.466500	0.017007
0.467000	0.016992
0.467500	0.016991
0.468000	0.017001
0.468500	0.017016
0.469000	0.017033
0.469500	0.017051
0.470000	0.017069
0.470500	0.017089
0.471000	0.017110
0.471500	0.017135
0.472000	0.017161
0.472500	0.017187
0.473000	0.017213
0.473500	0.017243
0.474000	0.017279
0.474500	0.017321
0.475000	45.965000
0.475500	1458.699951
0.476000	4255.000000
0.476500	7633.200195
0.477000	10878.000000
0.477500	15788.000000
0.478000	22060.000000
0.478500	27907.000000
0.479000	31542.000000
0.479500	27702.000000
0.480000	16737.000000
0.480500	5290.000000
0.481000	0.017391
0.481500	0.017011
0.482000	0.016774
0.482500	0.016763
0.483000	0.017060
0.483500	0.017582
0.484000	0.018132
0.484500	0.018625
0.485000	0.018977
0.485500	0.019219
0.486000	0.019425
0.486500	0.019574
0.487000	0.019643
0.487500	0.019620
0.488000	0.019541
0.488500	0.019462
0.489000	0.019436
0.489500	0.019483
0.490000	0.019563
0.490500	0.019676
