0.000000	0.014912
0.000500	0.014912
0.001000	0.014912
0.001500	0.014912
0.002000	0.014912
0.002500	0.014912
0.003000	0.014912
0.003500	0.014913
0.004000	0.014916
0.004500	0.014920
0.005000	0.014926
0.005500	0.014935
0.006000	0.014947
0.006500	0.014957
0.007000	0.014963
0.007500	0.014967
0.008000	0.014967
0.008500	0.014963
0.009000	0.014955
0.009500	0.014943
0.010000	0.014929
0.010500	0.014916
0.011000	0.014905
0.011500	0.014896
0.012000	0.014888
0.012500	0.014882
0.013000	0.014876
0.013500	0.014872
0.014000	0.014873
0.014500	0.014879
0.015000	0.014891
0.015500	0.014911
0.016000	0.014941
0.016500	0.014979
0.017000	0.015022
0.017500	0.015069
0.018000	0.015121
0.018500	0.015174
0.019000	0.015223
0.019500	0.015269
0.020000	0.015311
0.020500	0.015346
0.021000	0.015370
0.021500	0.015380
0.022000	0.015376
0.022500	0.015362
0.023000	0.015342
0.023500	0.015318
0.024000	0.015290
0.024500	0.015262
0.025000	0.015237
0.025500	0.015216
0.026000	0.015198
0.026500	0.015183
0.027000	0.015170
0.027500	0.015161
0.028000	0.015157
0.028500	0.015158
0.029000	0.015164
0.029500	0.015173
0.030000	0.015189
0.030500	0.015211
0.031000	0.015240
0.031500	0.015278
0.032000	0.015323
0.032500	0.015371
0.033000	0.015420
0.033500	0.015463
0.034000	0.015503
0.034500	0.015540
0.035000	0.015571
0.035500	0.015593
0.036000	0.015605
0.036500	0.015607
0.037000	0.015601
0.037500	0.015590
0.038000	0.015574
0.038500	0.015554
0.039000	0.015535
0.039500	0.015521
0.040000	0.015512
0.040500	0.015503
0.041000	0.015497
0.041500	0.015494
0.042000	0.015494
0.042500	0.015495
0.043000	0.015497
0.043500	0.015499
0.044000	0.015502
0.044500	0.015507
0.045000	0.015514
0.045500	0.015522
0.046000	0.015535
0.046500	0.015563
0.047000	0.015612
0.047500	0.015688
0.048000	0.015790
0.048500	0.015901
0.049000	0.016015
0.049500	0.016133
0.050000	0.016252
0.050500	0.016373
0.051000	0.016495
0.051500	0.016614
0.052000	0.016730
0.052500	0.016838
0.053000	0.016942
0.053500	0.017046
0.054000	0.017155
0.054500	0.017266
0.055000	0.017383
0.055500	0.017507
0.056000	0.017643
0.056500	0.017798
0.057000	0.017969
0.057500	0.018148
0.058000	0.018327
0.058500	0.018514
0.059000	0.018708
0.059500	0.018902
0.060000	0.019085
0.060500	0.019240
0.061000	0.019364
0.061500	0.019454
0.062000	0.019513
0.062500	0.019539
0.063000	0.019531
0.063500	0.019492
0.064000	0.019425
0.064500	0.019343
0.065000	0.019254
0.065500	0.019153
0.066000	0.019035
0.066500	0.018900
0.067000	0.018759
0.067500	0.018612
0.068000	0.018462
0.068500	0.018305
0.069000	0.018138
0.069500	0.017963
0.070000	0.017782
0.070500	0.017588
0.071000	0.017356
0.071500	0.017084
0.072000	0.016770
0.072500	0.016407
0.073000	0.015984
0.073500	0.015512
0.074000	0.015003
0.074500	0.014472
0.075000	0.013936
0.075500	0.013377
0.076000	0.012775
0.076500	0.012118
0.077000	0.011442
0.077500	0.010762
0.078000	0.010079
0.078500	0.009393
0.079000	0.008701
0.079500	0.008006
0.080000	0.007316
0.080500	0.006639
0.081000	0.006013
0.081500	0.005434
0.082000	0.004889
0.082500	0.004366
0.083000	0.003859
0.083500	0.003371
0.084000	0.002899
0.084500	0.002446
0.085000	0.002028
0.085500	0.001630
0.086000	0.001220
0.086500	0.000768
0.087000	0.000277
0.087500	-0.000224
0.088000	-0.000729
0.088500	-0.001227
0.089000	-0.001716
0.089500	-0.002200
0.090000	-0.002681
0.090500	-0.003159
0.091000	-0.003610
0.091500	-0.003994
0.092000	-0.004330
0.092500	-0.004640
0.093000	-0.004885
0.093500	-0.004970
0.094000	-0.004923
0.094500	-0.004780
0.095000	-0.004539
0.095500	-0.004125
0.096000	-0.003502
0.096500	-0.002640
0.097000	-0.001542
0.097500	-0.000336
0.098000	0.000980
0.098500	0.002419
0.099000	0.003973
0.099500	0.005541
0.100000	0.007109
0.100500	0.008677
0.101000	0.010243
0.101500	0.011821
0.102000	0.013395
0.102500	0.014947
0.103000	0.016447
0.103500	0.017821
0.104000	0.019103
0.104500	0.020353
0.105000	0.021628
0.105500	0.022920
0.106000	0.024211
0.106500	0.025501
0.107000	0.026789
0.107500	0.028064
0.108000	0.029321
0.108500	0.030564
0.109000	0.031792
0.109500	0.032937
0.110000	0.033980
0.110500	0.034937
0.111000	0.035827
0.111500	0.036656
0.112000	0.037424
0.112500	0.038132
0.113000	0.038784
0.113500	0.039360
0.114000	0.039879
0.114500	0.040401
0.115000	0.040988
0.115500	0.041659
0.116000	0.042361
0.116500	0.043091
0.117000	0.043849
0.117500	0.044639
0.118000	0.045462
0.118500	0.046294
0.119000	0.047114
0.119500	0.047901
0.120000	0.048647
0.120500	0.049347
0.121000	0.049992
0.121500	0.050563
0.122000	0.051021
0.122500	0.051386
0.123000	0.051682
0.123500	0.051934
0.124000	0.052151
0.124500	0.052326
0.125000	0.052448
0.125500	0.052510
0.126000	0.052526
0.126500	0.052497
0.127000	0.052419
0.127500	0.052291
0.128000	0.052135
0.128500	0.051941
0.129000	0.051693
0.129500	0.051376
0.130000	0.051023
0.130500	0.050654
0.131000	0.050271
0.131500	0.049873
0.132000	0.049459
0.132500	0.049036
0.133000	0.048615
0.133500	0.048206
0.134000	0.047823
0.134500	0.047472
0.135000	0.047151
0.135500	0.046861
0.136000	0.046614
0.136500	0.046420
0.137000	0.046272
0.137500	0.046164
0.138000	0.046084
0.138500	0.046027
0.139000	0.045995
0.139500	0.045989
0.140000	0.046009
0.140500	0.046047
0.141000	0.046108
0.141500	0.046192
0.142000	0.046299
0.142500	0.046426
0.143000	0.046580
0.143500	0.046772
0.144000	0.047006
0.144500	0.047266
0.145000	0.047534
0.145500	0.047794
0.146000	0.048037
0.146500	0.048281
0.147000	0.048517
0.147500	0.048729
0.148000	0.048909
0.148500	0.049067
0.149000	0.049216
0.149500	0.049365
0.150000	0.049521
0.150500	0.049683
0.151000	0.049848
0.151500	0.050018
0.152000	0.050196
0.152500	0.050429
0.153000	0.050719
0.153500	0.051058
0.154000	0.051438
0.154500	0.051863
0.155000	0.052334
0.155500	0.052843
0.156000	0.053385
0.156500	0.053942
0.157000	0.054521
0.157500	0.055132
0.158000	0.055790
0.158500	0.056483
0.159000	0.057194
0.159500	0.057926
0.160000	0.058685
0.160500	0.059459
0.161000	0.060235
0.161500	0.061013
0.162000	0.061791
0.162500	0.062571
0.163000	0.063357
0.163500	0.064143
0.164000	0.064926
0.164500	0.065669
0.165000	0.066322
0.165500	0.066917
0.166000	0.067489
0.166500	0.068053
0.167000	0.068557
0.167500	0.068994
0.168000	0.069365
0.168500	0.069655
0.169000	0.069807
0.169500	0.069822
0.170000	0.069708
0.170500	0.069478
0.171000	0.069184
0.171500	0.068822
0.172000	0.068373
0.172500	0.067828
0.173000	0.067256
0.173500	0.066670
0.174000	0.066062
0.174500	0.065427
0.175000	0.064769
0.175500	0.064104
0.176000	0.063453
0.176500	0.062830
0.177000	0.062225
0.177500	0.061634
0.178000	0.061059
0.178500	0.060500
0.179000	0.059963
0.179500	0.059437
0.180000	0.058906
0.180500	0.058353
0.181000	0.057783
0.181500	0.057212
0.182000	0.056640
0.182500	0.056068
0.183000	0.055494
0.183500	0.054918
0.184000	0.054344
0.184500	0.053774
0.185000	0.053232
0.185500	0.052725
0.186000	0.052236
0.186500	0.051749
0.187000	0.051255
0.187500	0.050763
0.188000	0.050277
0.188500	0.049799
0.189000	0.049336
0.189500	0.048897
0.190000	0.048475
0.190500	0.048061
0.191000	0.047649
0.191500	0.047246
0.192000	0.046861
0.192500	0.046503
0.193000	0.046179
0.193500	0.045881
0.194000	0.045602
0.194500	0.045335
0.195000	0.045071
0.195500	0.044814
0.196000	0.044566
0.196500	0.044329
0.197000	0.044104
0.197500	0.043904
0.198000	0.043738
0.198500	0.043610
0.199000	0.043523
0.199500	0.043457
0.200000	0.043408
0.200500	0.043374
0.201000	0.043356
0.201500	0.043347
0.202000	0.043339
0.202500	0.043330
0.203000	0.043314
0.203500	0.043295
0.204000	0.043275
0.204500	0.043255
0.205000	0.043237
0.205500	0.043222
0.206000	0.043210
0.206500	0.043201
0.207000	0.043196
0.207500	0.043199
0.208000	0.043212
0.208500	0.043227
0.209000	0.043237
0.209500	0.043238
0.210000	0.043233
0.210500	0.043221
0.211000	0.043202
0.211500	0.043171
0.212000	0.043123
0.212500	0.043059
0.213000	0.042982
0.213500	0.042895
0.214000	0.042798
0.214500	0.042692
0.215000	0.042577
0.215500	0.042454
0.216000	0.042321
0.216500	0.042181
0.217000	0.042032
0.217500	0.041876
0.218000	0.041711
0.218500	0.041528
0.219000	0.041323
0.219500	0.041091
0.220000	0.040844
0.220500	0.040591
0.221000	0.040340
0.221500	0.040098
0.222000	0.039853
0.222500	0.039613
0.223000	0.039387
0.223500	0.039185
0.224000	0.039005
0.224500	0.038839
0.225000	0.038679
0.225500	0.038519
0.226000	0.038364
0.226500	0.038211
0.227000	0.038054
0.227500	0.037886
0.228000	0.037705
0.228500	0.037514
0.229000	0.037318
0.229500	0.037119
0.230000	0.036915
0.230500	0.036707
0.231000	0.036499
0.231500	0.036297
0.232000	0.036103
0.232500	0.035920
0.233000	0.035748
0.233500	0.035588
0.234000	0.035447
0.234500	0.035327
0.235000	0.035221
0.235500	0.035126
0.236000	0.035045
0.236500	0.034976
0.237000	0.034907
0.237500	0.034826
0.238000	0.034728
0.238500	0.034620
0.239000	0.034501
0.239500	0.034372
0.240000	0.034231
0.240500	0.034077
0.241000	0.033914
0.241500	0.033745
0.242000	0.033570
0.242500	0.033382
0.243000	0.033179
0.243500	0.032957
0.244000	0.032712
0.244500	0.032437
0.245000	0.032131
0.245500	0.031797
0.246000	0.031438
0.246500	0.031069
0.247000	0.030697
0.247500	0.030328
0.248000	0.029969
0.248500	0.029613
0.249000	0.029261
0.249500	0.028912
0.250000	0.028568
0.250500	0.028250
0.251000	0.027956
0.251500	0.027680
0.252000	0.027420
0.252500	0.027199
0.253000	0.027021
0.253500	0.026883
0.254000	0.026781
0.254500	0.026711
0.255000	0.026674
0.255500	0.026674
0.256000	0.026711
0.256500	0.026769
0.257000	0.026842
0.257500	0.026931
0.258000	0.027041
0.258500	0.027173
0.259000	0.027316
0.259500	0.027454
0.260000	0.027574
0.260500	0.027680
0.261000	0.027774
0.261500	0.027852
0.262000	0.027909
0.262500	0.027946
0.263000	0.027969
0.263500	0.027978
0.264000	0.027976
0.264500	0.027967
0.265000	0.027953
0.265500	0.027932
0.266000	0.027904
0.266500	0.027863
0.267000	0.027808
0.267500	0.027751
0.268000	0.027705
0.268500	0.027676
0.269000	0.027656
0.269500	0.027643
0.270000	0.027638
0.270500	0.027643
0.271000	0.027660
0.271500	0.027679
0.272000	0.027688
0.272500	0.027681
0.273000	0.027667
0.273500	0.027649
0.274000	0.027628
0.274500	0.027602
0.275000	0.027570
0.275500	0.027537
0.276000	0.027508
0.276500	0.027490
0.277000	0.027480
0.277500	0.027474
0.278000	0.027470
0.278500	0.027468
0.279000	0.027474
0.279500	0.027483
0.280000	0.027489
0.280500	0.027484
0.281000	0.027464
0.281500	0.027429
0.282000	0.027382
0.282500	0.027325
0.283000	0.027257
0.283500	0.027185
0.284000	0.027114
0.284500	0.027053
0.285000	0.026997
0.285500	0.026945
0.286000	0.026896
0.286500	0.026854
0.287000	0.026823
0.287500	0.026801
0.288000	0.026776
0.288500	0.026738
0.289000	0.026688
0.289500	0.026633
0.290000	0.026578
0.290500	0.026526
0.291000	0.026472
0.291500	0.026419
0.292000	0.026379
0.292500	0.026363
0.293000	0.026375
0.293500	0.026402
0.294000	0.026434
0.294500	0.026461
0.295000	0.026483
0.295500	0.026502
0.296000	0.026519
0.296500	0.026532
0.297000	0.026527
0.297500	0.026477
0.298000	0.026388
0.298500	0.026263
0.299000	0.026117
0.299500	0.025966
0.300000	0.025810
0.300500	0.025649
0.301000	0.025483
0.301500	0.025316
0.302000	0.025148
0.302500	0.024982
0.303000	0.024820
0.303500	0.024665
0.304000	0.024516
0.304500	0.024373
0.305000	0.024237
0.305500	0.024115
0.306000	0.024008
0.306500	0.023913
0.307000	0.023828
0.307500	0.023754
0.308000	0.023690
0.308500	0.023636
0.309000	0.023591
0.309500	0.023554
0.310000	0.023525
0.310500	0.023505
0.311000	0.023495
0.311500	0.023492
0.312000	0.023495
0.312500	0.023506
0.313000	0.023526
0.313500	0.023556
0.314000	0.023588
0.314500	0.023616
0.315000	0.023634
0.315500	0.023649
0.316000	0.023664
0.316500	0.023678
0.317000	0.023691
0.317500	0.023704
0.318000	0.023716
0.318500	0.023728
0.319000	0.023738
0.319500	0.023741
0.320000	0.023731
0.320500	0.023704
0.321000	0.023657
0.321500	0.023595
0.322000	0.023521
0.322500	0.023438
0.323000	0.023348
0.323500	0.023253
0.324000	0.023156
0.324500	0.023060
0.325000	0.022968
0.325500	0.022880
0.326000	0.022793
0.326500	0.022707
0.327000	0.022619
0.327500	0.022526
0.328000	0.022429
0.328500	0.022331
0.329000	0.022234
0.329500	0.022142
0.330000	0.022054
0.330500	0.021975
0.331000	0.021908
0.331500	0.021855
0.332000	0.021818
0.332500	0.021794
0.333000	0.021778
0.333500	0.021768
0.334000	0.021758
0.334500	0.021748
0.335000	0.021740
0.335500	0.021731
0.336000	0.021724
0.336500	0.021718
0.337000	0.021712
0.337500	0.021710
0.338000	0.021719
0.338500	0.021741
0.339000	0.021776
0.339500	0.021822
0.340000	0.021878
0.340500	0.021945
0.341000	0.022022
0.341500	0.022108
0.342000	0.022196
0.342500	0.022286
0.343000	0.022376
0.343500	0.022468
0.344000	0.022562
0.344500	0.022657
0.345000	0.022751
0.345500	0.022843
0.346000	0.022923
0.346500	0.022992
0.347000	0.023053
0.347500	0.023109
0.348000	0.023154
0.348500	0.023180
0.349000	0.023182
0.349500	0.023152
0.350000	0.023109
0.350500	0.023063
0.351000	0.023015
0.351500	0.022965
0.352000	0.022913
0.352500	0.022859
0.353000	0.022807
0.353500	0.022761
0.354000	0.022729
0.354500	0.022712
0.355000	0.022707
0.355500	0.022710
0.356000	0.022717
0.356500	0.022724
0.357000	0.022731
0.357500	0.022737
0.358000	0.022742
0.358500	0.022747
0.359000	0.022751
0.359500	0.022752
0.360000	0.022748
0.360500	0.022737
0.361000	0.022721
0.361500	0.022704
0.362000	0.022686
0.362500	0.022665
0.363000	0.022642
0.363500	0.022616
0.364000	0.022587
0.364500	0.022550
0.365000	0.022505
0.365500	0.022453
0.366000	0.022392
0.366500	0.022322
0.367000	0.022243
0.367500	0.022153
0.368000	0.022055
0.368500	0.021952
0.369000	0.021849
0.369500	0.021747
0.370000	0.021650
0.370500	0.021556
0.371000	0.021464
0.371500	0.021374
0.372000	0.021288
0.372500	0.021217
0.373000	0.021161
0.373500	0.021118
0.374000	0.021089
0.374500	0.021082
0.375000	0.021092
0.375500	0.021116
0.376000	0.021150
0.376500	0.021191
0.377000	0.021244
0.377500	0.021311
0.378000	0.021396
0.378500	0.021492
0.379000	0.021598
0.379500	0.021715
0.380000	0.021841
0.380500	0.021971
0.381000	0.022107
0.381500	0.022251
0.382000	0.022408
0.382500	0.022571
0.383000	0.022736
0.383500	0.022903
0.384000	0.023071
0.384500	0.023245
0.385000	0.023421
0.385500	0.023597
0.386000	0.023767
0.386500	0.023911
0.387000	0.024015
0.387500	0.024070
0.388000	0.024070
0.388500	0.024040
0.389000	0.023996
0.389500	0.023942
0.390000	0.023879
0.390500	0.023809
0.391000	0.023737
0.391500	0.023668
0.392000	0.023610
0.392500	0.023561
0.393000	0.023516
0.393500	0.023471
0.394000	0.023421
0.394500	0.023367
0.395000	0.023310
0.395500	0.023249
0.396000	0.023186
0.396500	0.023113
0.397000	0.023032
0.397500	0.022949
0.398000	0.022872
0.398500	0.022803
0.399000	0.022741
0.399500	0.022686
0.400000	0.022639
0.400500	0.022604
0.401000	0.022581
0.401500	0.022566
0.402000	0.022556
0.402500	0.022549
0.403000	0.022547
0.403500	0.022555
0.404000	0.022577
0.404500	0.022615
0.405000	0.022666
0.405500	0.022731
0.406000	0.022808
0.406500	0.022894
0.407000	0.022984
0.407500	0.023074
0.408000	0.023161
0.408500	0.023246
0.409000	0.023330
0.409500	0.023413
0.410000	0.023493
0.410500	0.023570
0.411000	0.023643
0.411500	0.023715
0.412000	0.023787
0.412500	0.023861
0.413000	0.023935
0.413500	0.024011
0.414000	0.024090
0.414500	0.024177
0.415000	0.024290
0.415500	0.024414
0.416000	0.024533
0.416500	0.024636
0.417000	0.024735
0.417500	0.024830
0.418000	0.024919
0.418500	0.025000
0.419000	0.025073
0.419500	0.025141
0.420000	0.025204
0.420500	0.025263
0.421000	0.025318
0.421500	0.025368
0.422000	0.025413
0.422500	0.025454
0.423000	0.025486
0.423500	0.025508
0.424000	0.025519
0.424500	0.025517
0.425000	0.025506
0.425500	0.025488
0.426000	0.025464
0.426500	0.025433
0.427000	0.025396
0.427500	0.025355
0.428000	0.025316
0.428500	0.025283
0.429000	0.025254
0.429500	0.025229
0.430000	0.025213
0.430500	0.025208
0.431000	0.025210
0.431500	0.025212
0.432000	0.025214
0.432500	0.025217
0.433000	0.025221
0.433500	0.025226
0.434000	0.025229
0.434500	0.025231
0.435000	0.025222
0.435500	0.025202
0.436000	0.025178
0.436500	0.025158
0.437000	0.025145
0.437500	0.025133
0.438000	0.025123
0.438500	0.025116
0.439000	0.025116
0.439500	0.025126
0.440000	0.025145
0.440500	0.025170
0.441000	0.025202
0.441500	0.025242
0.442000	0.025290
0.442500	0.025344
0.443000	0.025409
0.443500	0.025482
0.444000	0.025554
0.444500	0.025618
0.445000	0.025670
0.445500	0.025719
0.446000	0.025766
0.446500	0.025812
0.447000	0.025854
0.447500	0.025890
0.448000	0.025926
0.448500	0.025969
0.449000	0.026030
0.449500	0.026117
0.450000	0.026222
0.450500	0.026335
0.451000	0.026450
0.451500	0.026570
0.452000	0.026696
0.452500	0.026829
0.453000	0.026968
0.453500	0.027114
0.454000	0.027268
0.454500	0.027437
0.455000	0.027621
0.455500	0.027810
0.456000	0.028001
0.456500	0.028193
0.457000	0.028385
0.457500	0.028581
0.458000	0.028777
0.458500	0.028972
0.459000	0.029160
0.459500	0.029326
0.460000	0.029477
0.460500	0.029619
0.461000	0.029755
0.461500	0.029873
0.462000	0.029967
0.462500	0.030033
0.463000	0.030071
0.463500	0.030080
0.464000	0.030061
0.464500	0.030013
0.465000	0.029937
0.465500	0.029847
0.466000	0.029752
0.466500	0.029662
0.467000	0.029583
0.467500	0.029507
0.468000	0.029434
0.468500	0.029366
0.469000	0.029306
0.469500	0.029252
0.470000	0.029203
0.470500	0.029158
0.471000	0.029115
0.471500	0.029078
0.472000	0.029046
0.472500	0.029015
0.473000	0.028982
0.473500	0.028958
0.474000	0.028947
0.474500	0.028950
0.475000	45.977001
0.475500	1458.699951
0.476000	4255.100098
0.476500	7633.299805
0.477000	10878.000000
0.477500	15788.000000
0.478000	22060.000000
0.478500	27907.000000
0.479000	31542.000000
0.479500	27702.000000
0.480000	16737.000000
0.480500	5290.000000
0.481000	0.029499
0.481500	0.029030
0.482000	0.028701
0.482500	0.028591
0.483000	0.028782
0.483500	0.029170
0.484000	0.029572
0.484500	0.029946
0.485000	0.030251
0.485500	0.030509
0.486000	0.030750
0.486500	0.030946
0.487000	0.031068
0.487500	0.031071
0.488000	0.030981
0.488500	0.030878
0.489000	0.030837
0.489500	0.030887
0.490000	0.030968
0.490500	0.031083
