0.000000	-0.020717
0.000500	-0.020977
0.001000	0.031315
0.001500	0.033820
0.002000	0.031167
0.002500	0.037549
0.003000	0.016005
0.003500	0.048451
0.004000	0.031234
0.004500	0.063363
0.005000	0.044102
0.005500	0.020179
0.006000	0.038404
0.006500	0.023171
0.007000	-0.038633
0.007500	0.004227
0.008000	-0.067173
0.008500	-0.009067
0.009000	-0.007717
0.009500	-0.035821
0.010000	-0.041415
0.010500	-0.026482
0.011000	-0.046980
0.011500	-0.036242
0.012000	-0.033871
0.012500	-0.022822
0.013000	-0.034572
0.013500	-0.042111
0.014000	-0.103730
0.014500	-0.044109
0.015000	-0.082718
0.015500	-0.023230
0.016000	-0.075154
0.016500	-0.023979
0.017000	-0.052442
0.017500	-0.016308
0.018000	-0.029434
0.018500	0.008249
0.019000	-0.001495
0.019500	-0.018219
0.020000	0.032545
0.020500	-0.010393
0.021000	-0.012414
0.021500	0.012659
0.022000	0.038897
0.022500	0.012898
0.023000	-0.017439
0.023500	-0.002509
0.024000	-0.006464
0.024500	-0.002350
0.025000	0.043944
0.025500	0.025663
0.026000	0.017174
0.026500	0.010298
0.027000	-0.000655
0.027500	-0.019987
0.028000	0.020763
0.028500	-0.039405
0.029000	0.011083
0.029500	-0.034736
0.030000	-0.073942
0.030500	-0.050343
0.031000	-0.086335
0.031500	-0.130930
0.032000	-0.111100
0.032500	-0.111160
0.033000	-0.116120
0.033500	-0.090686
0.034000	-0.071625
0.034500	-0.059855
0.035000	-0.060400
0.035500	-0.022868
0.036000	-0.055421
0.036500	-0.034935
0.037000	-0.106530
0.037500	-0.128730
0.038000	-0.072368
0.038500	-0.092966
0.039000	-0.036929
0.039500	-0.017463
0.040000	-0.000407
0.040500	-0.043536
0.041000	0.018726
0.041500	0.014468
0.042000	0.028170
0.042500	-0.038079
0.043000	0.012520
0.043500	-0.009096
0.044000	0.010908
0.044500	-0.003777
0.045000	-0.016882
0.045500	0.030638
0.046000	0.012099
0.046500	0.011893
0.047000	-0.028681
0.047500	-0.040033
0.048000	-0.092775
0.048500	-0.153390
0.049000	-0.164410
0.049500	-0.169360
0.050000	-0.232860
0.050500	-0.269230
0.051000	-0.359770
0.051500	-0.373070
0.052000	-0.460720
0.052500	-0.472230
0.053000	-0.474370
0.053500	-0.514840
0.054000	-0.518090
0.054500	-0.591410
0.055000	-0.576880
0.055500	-0.598410
0.056000	-0.694440
0.056500	-0.761380
0.057000	-0.833770
0.057500	-0.878140
0.058000	-0.874990
0.058500	-0.837480
0.059000	-0.776030
0.059500	-0.733220
0.060000	-0.588030
0.060500	-0.471120
0.061000	-0.368640
0.061500	-0.331110
0.062000	-0.159270
0.062500	-0.102140
0.063000	-0.106270
0.063500	-0.050003
0.064000	-0.059522
0.064500	-0.062721
0.065000	-0.048463
0.065500	-0.100350
0.066000	-0.059927
0.066500	-0.035267
0.067000	-0.013481
0.067500	-0.040032
0.068000	0.029355
0.068500	0.135610
0.069000	0.222280
0.069500	0.489020
0.070000	0.822550
0.070500	1.162900
0.071000	1.667000
0.071500	2.215800
0.072000	2.771900
0.072500	3.270000
0.073000	3.743400
0.073500	4.134500
0.074000	4.280700
0.074500	4.329600
0.075000	4.308700
0.075500	4.312200
0.076000	4.413300
0.076500	4.627600
0.077000	4.915000
0.077500	5.232000
0.078000	5.641900
0.078500	6.080500
0.079000	6.391300
0.079500	6.716900
0.080000	6.789600
0.080500	6.412300
0.081000	5.507200
0.081500	4.230400
0.082000	2.331600
0.082500	0.109850
0.083000	-2.399200
0.083500	-5.023200
0.084000	-7.548000
0.084500	-10.019000
0.085000	-12.494000
0.085500	-15.039000
0.086000	-17.742001
0.086500	-20.532000
0.087000	-23.167000
0.087500	-25.349001
0.088000	-26.639999
0.088500	-26.825001
0.089000	-25.844000
0.089500	-23.844999
0.090000	-20.931000
0.090500	-17.542999
0.091000	-13.894000
0.091500	-10.350000
0.092000	-7.166600
0.092500	-4.274000
0.093000	-1.872500
0.093500	0.782930
0.094000	4.528900
0.094500	10.750000
0.095000	20.782000
0.095500	34.994999
0.096000	52.595001
0.096500	71.100998
0.097000	89.264999
0.097500	101.540001
0.098000	107.949997
0.098500	105.620003
0.099000	96.039001
0.099500	79.646004
0.100000	58.203999
0.100500	33.433998
0.101000	9.155100
0.101500	-14.482000
0.102000	-35.439999
0.102500	-50.779999
0.103000	-60.695999
0.103500	-65.679001
0.104000	-71.306000
0.104500	-68.906998
0.105000	-63.653999
0.105500	-57.273998
0.106000	-49.306000
0.106500	-41.828999
0.107000	-34.441002
0.107500	-27.490999
0.108000	-21.516001
0.108500	-15.827000
0.109000	-11.138000
0.109500	-7.015000
0.110000	-3.582300
0.110500	-0.814980
0.111000	1.693200
0.111500	3.522200
0.112000	5.030800
0.112500	6.141400
0.113000	6.785200
0.113500	7.190000
0.114000	7.114700
0.114500	6.843600
0.115000	6.280300
0.115500	5.576600
0.116000	4.648300
0.116500	3.652200
0.117000	2.757700
0.117500	1.892600
0.118000	1.463000
0.118500	1.367300
0.119000	1.746800
0.119500	2.645500
0.120000	3.827000
0.120500	5.350200
0.121000	6.793300
0.121500	8.137900
0.122000	9.010800
0.122500	9.321000
0.123000	8.927900
0.123500	7.929600
0.124000	6.196000
0.124500	3.943900
0.125000	1.231400
0.125500	-1.732200
0.126000	-4.781500
0.126500	-7.543100
0.127000	-9.793000
0.127500	-11.463000
0.128000	-12.261000
0.128500	-12.384000
0.129000	-11.814000
0.129500	-10.732000
0.130000	-9.358900
0.130500	-7.925000
0.131000	-6.648800
0.131500	-5.614000
0.132000	-4.848700
0.132500	-4.329600
0.133000	-3.975800
0.133500	-3.841800
0.134000	-3.709100
0.134500	-3.689800
0.135000	-3.645400
0.135500	-3.702300
0.136000	-3.606800
0.136500	-3.320300
0.137000	-2.789800
0.137500	-2.005400
0.138000	-0.889350
0.138500	0.360830
0.139000	1.814200
0.139500	3.212600
0.140000	4.460400
0.140500	5.574100
0.141000	6.410200
0.141500	6.959600
0.142000	7.396400
0.142500	7.639500
0.143000	7.630100
0.143500	7.616400
0.144000	7.444200
0.144500	7.230400
0.145000	6.932100
0.145500	6.642000
0.146000	6.337900
0.146500	6.154000
0.147000	6.137400
0.147500	6.378500
0.148000	6.841200
0.148500	7.458000
0.149000	8.189700
0.149500	8.872400
0.150000	9.359600
0.150500	9.621100
0.151000	9.635800
0.151500	9.404400
0.152000	8.885400
0.152500	8.210400
0.153000	7.473700
0.153500	6.625200
0.154000	5.881100
0.154500	5.260800
0.155000	4.747800
0.155500	4.320000
0.156000	3.982500
0.156500	3.682200
0.157000	3.548100
0.157500	3.479900
0.158000	3.708900
0.158500	4.027900
0.159000	4.523800
0.159500	5.186800
0.160000	5.770400
0.160500	6.355100
0.161000	6.803500
0.161500	7.009100
0.162000	6.886000
0.162500	6.321900
0.163000	5.509500
0.163500	4.620000
0.164000	3.751900
0.164500	2.995600
0.165000	2.431900
0.165500	1.937700
0.166000	1.481700
0.166500	1.113700
0.167000	0.594720
0.167500	0.164500
0.168000	-0.364450
0.168500	-1.015200
0.169000	-1.730600
0.169500	-2.455500
0.170000	-3.167900
0.170500	-3.895200
0.171000	-4.518900
0.171500	-5.104800
0.172000	-5.641400
0.172500	-6.131900
0.173000	-6.519700
0.173500	-6.884000
0.174000	-7.120200
0.174500	-7.329900
0.175000	-7.422000
0.175500	-7.457700
0.176000	-7.502000
0.176500	-7.622400
0.177000	-7.713000
0.177500	-7.895000
0.178000	-8.000200
0.178500	-8.268200
0.179000	-8.400000
0.179500	-8.717100
0.180000	-9.009200
0.180500	-9.394900
0.181000	-9.847700
0.181500	-10.136000
0.182000	-10.441000
0.182500	-10.488000
0.183000	-10.558000
0.183500	-10.418000
0.184000	-10.219000
0.184500	-9.929100
0.185000	-9.535700
0.185500	-9.124400
0.186000	-8.714900
0.186500	-8.274900
0.187000	-7.926300
0.187500	-7.440000
0.188000	-6.908600
0.188500	-6.287600
0.189000	-5.500900
0.189500	-4.738100
0.190000	-3.720000
0.190500	-2.630600
0.191000	-1.460300
0.191500	-0.133200
0.192000	1.178300
0.192500	2.415200
0.193000	3.608900
0.193500	4.657400
0.194000	5.595900
0.194500	6.430700
0.195000	7.134100
0.195500	7.806400
0.196000	8.291000
0.196500	8.837500
0.197000	9.244700
0.197500	9.634200
0.198000	9.913400
0.198500	10.182000
0.199000	10.404000
0.199500	10.507000
0.200000	10.545000
0.200500	10.454000
0.201000	10.269000
0.201500	9.924200
0.202000	9.427000
0.202500	8.826800
0.203000	8.222300
0.203500	7.510400
0.204000	6.723100
0.204500	6.020400
0.205000	5.360100
0.205500	4.576700
0.206000	3.825100
0.206500	3.026200
0.207000	2.197100
0.207500	1.345300
0.208000	0.465120
0.208500	-0.451120
0.209000	-1.371700
0.209500	-2.216900
0.210000	-2.951900
0.210500	-3.577500
0.211000	-4.231400
0.211500	-4.666400
0.212000	-5.122000
0.212500	-5.373800
0.213000	-5.587400
0.213500	-5.695100
0.214000	-5.736600
0.214500	-5.818500
0.215000	-5.979500
0.215500	-6.147200
0.216000	-6.283100
0.216500	-6.336800
0.217000	-6.369900
0.217500	-6.383000
0.218000	-6.405700
0.218500	-6.333200
0.219000	-6.243200
0.219500	-5.998500
0.220000	-5.667700
0.220500	-5.235800
0.221000	-4.727000
0.221500	-4.206400
0.222000	-3.707500
0.222500	-3.210900
0.223000	-2.765900
0.223500	-2.364200
0.224000	-2.049200
0.224500	-1.802400
0.225000	-1.593800
0.225500	-1.325800
0.226000	-1.160000
0.226500	-0.895530
0.227000	-0.573270
0.227500	-0.186630
0.228000	0.208000
0.228500	0.683590
0.229000	1.159900
0.229500	1.635100
0.230000	2.262800
0.230500	2.832000
0.231000	3.422900
0.231500	3.923500
0.232000	4.476700
0.232500	4.879500
0.233000	5.207800
0.233500	5.384600
0.234000	5.375200
0.234500	5.259600
0.235000	4.993300
0.235500	4.608400
0.236000	4.270500
0.236500	3.860500
0.237000	3.477700
0.237500	2.940900
0.238000	2.466900
0.238500	1.952400
0.239000	1.382000
0.239500	0.928180
0.240000	0.422380
0.240500	-0.000091
0.241000	-0.289450
0.241500	-0.451710
0.242000	-0.812950
0.242500	-1.041600
0.243000	-1.520200
0.243500	-2.049600
0.244000	-2.555000
0.244500	-3.092900
0.245000	-3.304500
0.245500	-3.635900
0.246000	-3.753800
0.246500	-3.965800
0.247000	-4.108300
0.247500	-4.078700
0.248000	-4.051500
0.248500	-3.753600
0.249000	-3.503200
0.249500	-3.174300
0.250000	-2.799400
0.250500	-2.398500
0.251000	-1.971000
0.251500	-1.466900
0.252000	-0.966740
0.252500	-0.512360
0.253000	-0.007841
0.253500	0.535980
0.254000	1.041900
0.254500	1.487600
0.255000	2.025500
0.255500	2.505200
0.256000	2.948100
0.256500	3.322900
0.257000	3.641200
0.257500	3.847900
0.258000	3.906100
0.258500	3.871600
0.259000	3.709400
0.259500	3.375000
0.260000	3.082900
0.260500	2.730800
0.261000	2.466400
0.261500	2.120300
0.262000	1.957300
0.262500	1.764200
0.263000	1.596900
0.263500	1.351400
0.264000	1.201700
0.264500	1.006400
0.265000	0.890490
0.265500	0.731410
0.266000	0.651600
0.266500	0.566020
0.267000	0.419780
0.267500	0.285580
0.268000	0.055754
0.268500	-0.119090
0.269000	-0.304730
0.269500	-0.515340
0.270000	-0.557780
0.270500	-0.580890
0.271000	-0.541080
0.271500	-0.461760
0.272000	-0.333630
0.272500	-0.253960
0.273000	-0.105830
0.273500	0.000145
0.274000	-0.004370
0.274500	-0.018178
0.275000	-0.137670
0.275500	-0.224250
0.276000	-0.445820
0.276500	-0.548140
0.277000	-0.657470
0.277500	-0.660760
0.278000	-0.686180
0.278500	-0.733980
0.279000	-0.853330
0.279500	-0.959870
0.280000	-1.128200
0.280500	-1.219600
0.281000	-1.208800
0.281500	-1.168300
0.282000	-0.911930
0.282500	-0.647690
0.283000	-0.354440
0.283500	-0.144910
0.284000	0.118600
0.284500	0.335570
0.285000	0.417030
0.285500	0.405920
0.286000	0.358160
0.286500	0.200340
0.287000	-0.028692
0.287500	-0.271940
0.288000	-0.443820
0.288500	-0.579950
0.289000	-0.723960
0.289500	-0.798950
0.290000	-0.826780
0.290500	-0.796990
0.291000	-0.690370
0.291500	-0.602910
0.292000	-0.407130
0.292500	-0.332400
0.293000	-0.220240
0.293500	-0.187510
0.294000	-0.182860
0.294500	-0.207240
0.295000	-0.241330
0.295500	-0.318530
0.296000	-0.485270
0.296500	-0.542460
0.297000	-0.601240
0.297500	-0.712230
0.298000	-0.814330
0.298500	-0.955730
