0.000000	0.047325
0.000500	0.047325
0.001000	0.047325
0.001500	0.047325
0.002000	0.047325
0.002500	0.047325
0.003000	0.025510
0.003500	-0.008008
0.004000	-0.037822
0.004500	-0.063745
0.005000	-0.085587
0.005500	-0.103370
0.006000	-0.117610
0.006500	-0.128890
0.007000	-0.137670
0.007500	-0.143240
0.008000	-0.144900
0.008500	-0.142120
0.009000	-0.134170
0.009500	-0.119480
0.010000	-0.099069
0.010500	-0.074478
0.011000	-0.046862
0.011500	-0.007413
0.012000	0.038740
0.012500	0.078981
0.013000	0.101210
0.013500	0.113230
0.014000	0.122740
0.014500	0.130580
0.015000	0.137560
0.015500	0.144690
0.016000	0.151620
0.016500	0.157190
0.017000	0.160250
0.017500	0.158230
0.018000	0.150930
0.018500	0.140740
0.019000	0.130050
0.019500	0.119910
0.020000	0.107800
0.020500	0.092110
0.021000	0.071254
0.021500	0.036677
0.022000	-0.018781
0.022500	-0.080893
0.023000	-0.134890
0.023500	-0.173990
0.024000	-0.208130
0.024500	-0.238190
0.025000	-0.264630
0.025500	-0.288370
0.026000	-0.307990
0.026500	-0.315690
0.027000	-0.303240
0.027500	-0.266650
0.028000	-0.219790
0.028500	-0.167260
0.029000	-0.112120
0.029500	-0.055863
0.030000	0.009816
0.030500	0.076893
0.031000	0.133320
0.031500	0.167700
0.032000	0.180440
0.032500	0.179180
0.033000	0.171270
0.033500	0.163850
0.034000	0.156540
0.034500	0.148380
0.035000	0.140840
0.035500	0.135630
0.036000	0.140000
0.036500	0.149630
0.037000	0.154910
0.037500	0.146240
0.038000	0.125680
0.038500	0.102830
0.039000	0.079393
0.039500	0.057084
0.040000	0.035510
0.040500	0.013819
0.041000	-0.006971
0.041500	-0.025842
0.042000	-0.041123
0.042500	-0.052689
0.043000	-0.061845
0.043500	-0.069898
0.044000	-0.077823
0.044500	-0.085540
0.045000	-0.093036
0.045500	-0.100310
0.046000	-0.107000
0.046500	-0.112760
0.047000	-0.118300
0.047500	-0.124380
0.048000	-0.132700
0.048500	-0.146290
0.049000	-0.162470
0.049500	-0.178080
0.050000	-0.191340
0.050500	-0.204140
0.051000	-0.212270
0.051500	-0.210810
0.052000	-0.195100
0.052500	-0.165930
0.053000	-0.128520
0.053500	-0.088163
0.054000	-0.048003
0.054500	0.003467
0.055000	0.056917
0.055500	0.097622
0.056000	0.111400
0.056500	0.106080
0.057000	0.092999
0.057500	0.076907
0.058000	0.062425
0.058500	0.049097
0.059000	0.035282
0.059500	0.020750
0.060000	0.004928
0.060500	-0.023199
0.061000	-0.067407
0.061500	-0.125770
0.062000	-0.196340
0.062500	-0.288660
0.063000	-0.400290
0.063500	-0.511380
0.064000	-0.602050
0.064500	-0.674510
0.065000	-0.744550
0.065500	-0.812710
0.066000	-0.879550
0.066500	-0.943440
0.067000	-1.002400
0.067500	-1.060300
0.068000	-1.121400
0.068500	-1.197100
0.069000	-1.302600
0.069500	-1.435300
0.070000	-1.592100
0.070500	-1.769500
0.071000	-1.967600
0.071500	-2.190800
0.072000	-2.443300
0.072500	-2.723300
0.073000	-3.006600
0.073500	-3.290100
0.074000	-3.573400
0.074500	-3.855400
0.075000	-4.134900
0.075500	-4.414800
0.076000	-4.698400
0.076500	-4.993200
0.077000	-5.332100
0.077500	-5.702200
0.078000	-6.079600
0.078500	-6.444000
0.079000	-6.808500
0.079500	-7.175500
0.080000	-7.541000
0.080500	-7.894000
0.081000	-8.167600
0.081500	-8.349000
0.082000	-8.441600
0.082500	-8.449400
0.083000	-8.391200
0.083500	-8.282300
0.084000	-8.131100
0.084500	-7.945800
0.085000	-7.721300
0.085500	-7.475900
0.086000	-7.239400
0.086500	-7.041500
0.087000	-6.889900
0.087500	-6.769900
0.088000	-6.677300
0.088500	-6.607900
0.089000	-6.569200
0.089500	-6.565500
0.090000	-6.588100
0.090500	-6.628700
0.091000	-6.692700
0.091500	-6.809600
0.092000	-6.987800
0.092500	-7.234800
0.093000	-7.570600
0.093500	-8.011600
0.094000	-8.536500
0.094500	-9.122800
0.095000	-9.768500
0.095500	-10.482000
0.096000	-11.219000
0.096500	-11.937000
0.097000	-12.591000
0.097500	-13.153000
0.098000	-13.626000
0.098500	-14.008000
0.099000	-14.260000
0.099500	-14.191000
0.100000	-13.746000
0.100500	-12.886000
0.101000	-11.608000
0.101500	-10.208000
0.102000	-8.766500
0.102500	-7.290600
0.103000	-5.783600
0.103500	-4.236800
0.104000	-2.678800
0.104500	-1.146700
0.105000	0.321460
0.105500	1.661600
0.106000	2.870400
0.106500	3.970800
0.107000	4.986600
0.107500	5.953200
0.108000	6.883000
0.108500	7.777200
0.109000	8.637300
0.109500	9.468500
0.110000	10.272000
0.110500	11.046000
0.111000	11.791000
0.111500	12.478000
0.112000	13.083000
0.112500	13.608000
0.113000	14.054000
0.113500	14.414000
0.114000	14.682000
0.114500	14.870000
0.115000	14.989000
0.115500	15.054000
0.116000	15.070000
0.116500	15.025000
0.117000	14.904000
0.117500	14.713000
0.118000	14.478000
0.118500	14.188000
0.119000	13.829000
0.119500	13.392000
0.120000	12.900000
0.120500	12.398000
0.121000	11.927000
0.121500	11.513000
0.122000	11.108000
0.122500	10.709000
0.123000	10.320000
0.123500	9.944700
0.124000	9.575900
0.124500	9.209100
0.125000	8.842000
0.125500	8.471100
0.126000	8.086400
0.126500	7.695900
0.127000	7.311900
0.127500	6.953700
0.128000	6.689900
0.128500	6.516800
0.129000	6.412100
0.129500	6.353600
0.130000	6.323100
0.130500	6.304700
0.131000	6.282300
0.131500	6.240300
0.132000	6.195800
0.132500	6.149500
0.133000	6.086200
0.133500	5.990800
0.134000	5.871300
0.134500	5.747300
0.135000	5.620800
0.135500	5.494100
0.136000	5.364600
0.136500	5.231800
0.137000	5.101300
0.137500	4.978700
0.138000	4.895500
0.138500	4.859600
0.139000	4.841000
0.139500	4.809900
0.140000	4.752400
0.140500	4.687700
0.141000	4.614500
0.141500	4.531000
0.142000	4.424300
0.142500	4.276700
0.143000	4.098800
0.143500	3.901800
0.144000	3.691500
0.144500	3.452000
0.145000	3.179600
0.145500	2.872400
0.146000	2.529900
0.146500	2.153600
0.147000	1.737600
0.147500	1.275300
0.148000	0.762430
0.148500	0.221470
0.149000	-0.329100
0.149500	-0.875050
0.150000	-1.404900
0.150500	-1.931200
0.151000	-2.449300
0.151500	-2.948700
0.152000	-3.417700
0.152500	-3.846300
0.153000	-4.244800
0.153500	-4.626500
0.154000	-5.004500
0.154500	-5.380900
0.155000	-5.747000
0.155500	-6.095500
0.156000	-6.418600
0.156500	-6.706700
0.157000	-6.965700
0.157500	-7.206500
0.158000	-7.439900
0.158500	-7.679000
0.159000	-7.909400
0.159500	-8.101400
0.160000	-8.224800
0.160500	-8.293100
0.161000	-8.343500
0.161500	-8.381800
0.162000	-8.414200
0.162500	-8.445600
0.163000	-8.476400
0.163500	-8.505700
0.164000	-8.532700
0.164500	-8.554700
0.165000	-8.568300
0.165500	-8.574200
0.166000	-8.573200
0.166500	-8.555400
0.167000	-8.491600
0.167500	-8.412000
0.168000	-8.352400
0.168500	-8.340400
0.169000	-8.356900
0.169500	-8.385400
0.170000	-8.411600
0.170500	-8.422600
0.171000	-8.419500
0.171500	-8.398700
0.172000	-8.354000
0.172500	-8.272200
0.173000	-8.091500
0.173500	-7.816400
0.174000	-7.469200
0.174500	-7.074300
0.175000	-6.663100
0.175500	-6.232300
0.176000	-5.771300
0.176500	-5.273600
0.177000	-4.766800
0.177500	-4.257900
0.178000	-3.746500
0.178500	-3.231600
0.179000	-2.709600
0.179500	-2.183900
0.180000	-1.661300
0.180500	-1.148300
0.181000	-0.663550
0.181500	-0.206780
0.182000	0.244040
0.182500	0.710940
0.183000	1.200400
0.183500	1.699000
0.184000	2.199200
0.184500	2.693100
0.185000	3.171000
0.185500	3.630800
0.186000	4.076100
0.186500	4.510800
0.187000	4.916300
0.187500	5.255000
0.188000	5.537500
0.188500	5.775600
0.189000	5.970800
0.189500	6.106700
0.190000	6.182400
0.190500	6.197700
0.191000	6.156300
0.191500	6.074300
0.192000	5.954500
0.192500	5.798100
0.193000	5.609700
0.193500	5.399900
0.194000	5.160700
0.194500	4.882200
0.195000	4.557100
0.195500	4.199500
0.196000	3.804500
0.196500	3.361300
0.197000	2.863300
0.197500	2.345800
0.198000	1.824700
0.198500	1.307000
0.199000	0.798740
0.199500	0.293830
0.200000	-0.210030
0.200500	-0.712960
0.201000	-1.214800
0.201500	-1.707600
0.202000	-2.189700
0.202500	-2.663700
0.203000	-3.130800
0.203500	-3.546600
0.204000	-3.898200
0.204500	-4.197900
0.205000	-4.458200
0.205500	-4.676700
0.206000	-4.836600
0.206500	-4.928100
0.207000	-4.941600
0.207500	-4.901800
0.208000	-4.841100
0.208500	-4.761600
0.209000	-4.665300
0.209500	-4.558200
0.210000	-4.441700
0.210500	-4.311000
0.211000	-4.161600
0.211500	-3.988100
0.212000	-3.777700
0.212500	-3.513700
0.213000	-3.178900
0.213500	-2.785700
0.214000	-2.386900
0.214500	-1.985500
0.215000	-1.582800
0.215500	-1.177800
0.216000	-0.769090
0.216500	-0.360930
0.217000	0.042015
0.217500	0.410030
0.218000	0.700000
0.218500	0.930340
0.219000	1.121200
0.219500	1.291700
0.220000	1.452000
0.220500	1.609100
0.221000	1.769800
0.221500	1.940700
0.222000	2.120600
0.222500	2.303800
0.223000	2.484700
0.223500	2.656800
0.224000	2.804300
0.224500	2.923900
0.225000	3.015600
0.225500	3.077300
0.226000	3.095400
0.226500	3.074100
0.227000	3.022700
0.227500	2.950300
0.228000	2.868700
0.228500	2.770400
0.229000	2.641800
0.229500	2.469900
0.230000	2.274600
0.230500	2.070100
0.231000	1.857800
0.231500	1.639000
0.232000	1.411000
0.232500	1.177600
0.233000	0.945850
0.233500	0.722680
0.234000	0.513350
0.234500	0.322630
0.235000	0.156830
0.235500	0.022267
0.236000	-0.088836
0.236500	-0.190080
0.237000	-0.283910
0.237500	-0.372750
0.238000	-0.459270
0.238500	-0.543950
0.239000	-0.624880
0.239500	-0.700060
0.240000	-0.767560
0.240500	-0.824010
0.241000	-0.864730
0.241500	-0.885010
0.242000	-0.887880
0.242500	-0.887970
0.243000	-0.887370
0.243500	-0.887740
0.244000	-0.890230
0.244500	-0.893570
0.245000	-0.897130
0.245500	-0.900440
0.246000	-0.901390
0.246500	-0.894140
0.247000	-0.880710
0.247500	-0.864000
0.248000	-0.846530
0.248500	-0.818260
0.249000	-0.755500
0.249500	-0.634000
0.250000	-0.436820
0.250500	-0.216660
0.251000	0.008715
0.251500	0.236470
0.252000	0.464410
0.252500	0.695350
0.253000	0.927210
0.253500	1.156400
0.254000	1.374300
0.254500	1.538800
0.255000	1.657900
0.255500	1.752400
0.256000	1.842900
0.256500	1.933100
0.257000	2.006500
0.257500	2.046000
0.258000	2.035700
0.258500	1.994200
0.259000	1.936900
0.259500	1.866200
0.260000	1.784700
0.260500	1.699800
0.261000	1.613900
0.261500	1.526300
0.262000	1.436400
0.262500	1.344700
0.263000	1.250400
0.263500	1.151100
0.264000	1.044500
0.264500	0.923380
0.265000	0.786090
0.265500	0.638620
0.266000	0.486970
0.266500	0.330790
0.267000	0.164130
0.267500	-0.005240
0.268000	-0.169180
0.268500	-0.317770
0.269000	-0.445190
0.269500	-0.553930
0.270000	-0.646690
0.270500	-0.722550
0.271000	-0.768550
0.271500	-0.772070
0.272000	-0.720620
0.272500	-0.615010
0.273000	-0.502860
0.273500	-0.390040
0.274000	-0.276790
0.274500	-0.163160
0.275000	-0.048699
0.275500	0.065865
0.276000	0.179700
0.276500	0.281160
0.277000	0.331300
0.277500	0.338970
0.278000	0.318210
0.278500	0.281990
0.279000	0.229900
0.279500	0.160220
0.280000	0.072737
0.280500	-0.034248
0.281000	-0.168320
0.281500	-0.314810
0.282000	-0.454610
0.282500	-0.571230
0.283000	-0.672800
0.283500	-0.753110
0.284000	-0.800320
0.284500	-0.803150
0.285000	-0.772050
0.285500	-0.720160
0.286000	-0.653880
0.286500	-0.579120
0.287000	-0.488400
0.287500	-0.389670
0.288000	-0.299970
0.288500	-0.236190
0.289000	-0.202600
0.289500	-0.184620
0.290000	-0.166510
0.290500	-0.132570
0.291000	-0.081384
0.291500	-0.025342
0.292000	0.030539
0.292500	0.081252
0.293000	0.124870
0.293500	0.162550
0.294000	0.193950
0.294500	0.218680
0.295000	0.230170
0.295500	0.224610
0.296000	0.205810
0.296500	0.177560
0.297000	0.140100
0.297500	0.088777
0.298000	0.025193
0.298500	-0.048837
0.299000	-0.142380
0.299500	-0.264650
0.300000	-0.393430
0.300500	-0.505690
0.301000	-0.589850
0.301500	-0.654520
0.302000	-0.692050
0.302500	-0.694180
0.303000	-0.658420
0.303500	-0.604430
0.304000	-0.536030
0.304500	-0.454740
0.305000	-0.362480
0.305500	-0.263910
0.306000	-0.164130
0.306500	-0.068146
0.307000	0.020628
0.307500	0.104770
0.308000	0.182490
0.308500	0.251350
0.309000	0.308810
0.309500	0.352280
0.310000	0.382420
0.310500	0.400420
0.311000	0.407790
0.311500	0.409190
0.312000	0.408440
0.312500	0.408780
0.313000	0.413870
0.313500	0.427160
0.314000	0.442650
0.314500	0.452790
0.315000	0.449490
0.315500	0.426250
0.316000	0.391410
0.316500	0.355590
0.317000	0.329310
0.317500	0.315810
0.318000	0.307650
0.318500	0.296860
0.319000	0.275240
0.319500	0.231840
0.320000	0.169350
0.320500	0.095376
0.321000	0.016587
0.321500	-0.086916
0.322000	-0.208450
0.322500	-0.324450
0.323000	-0.411360
0.323500	-0.462300
0.324000	-0.489210
0.324500	-0.496770
0.325000	-0.489620
0.325500	-0.462570
0.326000	-0.421040
0.326500	-0.385680
0.327000	-0.377130
0.327500	-0.389120
0.328000	-0.401420
0.328500	-0.413760
0.329000	-0.425870
0.329500	-0.437670
0.330000	-0.449420
0.330500	-0.461080
0.331000	-0.472560
0.331500	-0.478570
0.332000	-0.473010
0.332500	-0.464350
0.333000	-0.461470
0.333500	-0.472110
0.334000	-0.494170
0.334500	-0.520470
0.335000	-0.543820
0.335500	-0.560060
0.336000	-0.573320
0.336500	-0.574950
0.337000	-0.554860
0.337500	-0.506190
0.338000	-0.439270
0.338500	-0.361760
0.339000	-0.280340
0.339500	-0.198780
0.340000	-0.111310
0.340500	-0.022099
0.341000	0.063433
0.341500	0.137570
0.342000	0.187220
0.342500	0.210100
0.343000	0.205040
0.343500	0.171680
0.344000	0.117520
0.344500	0.047172
0.345000	-0.036285
0.345500	-0.130480
0.346000	-0.236900
0.346500	-0.348090
0.347000	-0.454630
0.347500	-0.547630
0.348000	-0.626420
0.348500	-0.692770
0.349000	-0.747840
0.349500	-0.792500
0.350000	-0.819480
0.350500	-0.825560
0.351000	-0.811520
0.351500	-0.778120
0.352000	-0.725970
0.352500	-0.656390
0.353000	-0.570950
0.353500	-0.470820
0.354000	-0.347690
0.354500	-0.209530
0.355000	-0.072247
0.355500	0.049105
0.356000	0.164440
0.356500	0.262740
0.357000	0.318260
0.357500	0.305260
0.358000	0.236260
0.358500	0.146740
0.359000	0.045432
0.359500	-0.058936
0.360000	-0.170450
0.360500	-0.289730
0.361000	-0.402860
0.361500	-0.495920
0.362000	-0.556990
0.362500	-0.589730
0.363000	-0.603610
0.363500	-0.608070
0.364000	-0.610720
0.364500	-0.611020
0.365000	-0.607140
0.365500	-0.597260
0.366000	-0.577710
0.366500	-0.548150
0.367000	-0.516520
0.367500	-0.490900
0.368000	-0.477350
0.368500	-0.474940
0.369000	-0.482660
0.369500	-0.499600
0.370000	-0.532990
0.370500	-0.590350
0.371000	-0.655970
0.371500	-0.713530
0.372000	-0.753250
0.372500	-0.785370
0.373000	-0.795590
0.373500	-0.766700
0.374000	-0.690650
0.374500	-0.597260
0.375000	-0.494490
0.375500	-0.386800
0.376000	-0.276940
0.376500	-0.162320
0.377000	-0.046531
0.377500	0.066066
0.378000	0.170700
0.378500	0.259650
0.379000	0.329160
0.379500	0.376530
0.380000	0.399690
0.380500	0.405830
0.381000	0.404880
0.381500	0.406090
0.382000	0.417950
0.382500	0.438510
0.383000	0.462050
0.383500	0.483560
0.384000	0.498540
0.384500	0.504600
0.385000	0.492940
0.385500	0.453390
0.386000	0.376370
0.386500	0.275420
0.387000	0.163460
0.387500	0.045282
0.388000	-0.074651
0.388500	-0.201180
0.389000	-0.331570
0.389500	-0.457730
0.390000	-0.571300
0.390500	-0.660480
0.391000	-0.726160
0.391500	-0.774160
0.392000	-0.810190
0.392500	-0.836780
0.393000	-0.858190
0.393500	-0.880270
0.394000	-0.908850
0.394500	-0.947290
0.395000	-0.991690
0.395500	-1.037000
0.396000	-1.078300
0.396500	-1.122600
0.397000	-1.160600
0.397500	-1.162300
0.398000	-1.097600
0.398500	-0.987680
0.399000	-0.874690
0.399500	-0.760160
0.400000	-0.645620
0.400500	-0.529280
0.401000	-0.411030
0.401500	-0.294860
0.402000	-0.184780
0.402500	-0.100570
0.403000	-0.062136
0.403500	-0.043836
0.404000	-0.018840
0.404500	0.029410
0.405000	0.085995
0.405500	0.139250
0.406000	0.177900
0.406500	0.193930
0.407000	0.194110
0.407500	0.188220
0.408000	0.185940
0.408500	0.190940
0.409000	0.196520
0.409500	0.204730
0.410000	0.217960
0.410500	0.242290
0.411000	0.287950
0.411500	0.342430
0.412000	0.391110
0.412500	0.423950
0.413000	0.451630
0.413500	0.476390
0.414000	0.498850
0.414500	0.520870
0.415000	0.543530
0.415500	0.557560
0.416000	0.552860
0.416500	0.523800
0.417000	0.484300
0.417500	0.439220
0.418000	0.391760
0.418500	0.344590
0.419000	0.295610
0.419500	0.245830
0.420000	0.197430
0.420500	0.154440
0.421000	0.130800
0.421500	0.117670
0.422000	0.101100
0.422500	0.067657
0.423000	0.015969
0.423500	-0.043962
0.424000	-0.101800
0.424500	-0.148980
0.425000	-0.191490
0.425500	-0.222680
0.426000	-0.231910
0.426500	-0.208820
0.427000	-0.157920
0.427500	-0.093526
0.428000	-0.027675
0.428500	0.028344
0.429000	0.086557
0.429500	0.143800
0.430000	0.184420
0.430500	0.193540
0.431000	0.184500
0.431500	0.170010
0.432000	0.152890
0.432500	0.135850
0.433000	0.118650
0.433500	0.101080
0.434000	0.084015
0.434500	0.068288
0.435000	0.054889
0.435500	0.044544
0.436000	0.037709
0.436500	0.034839
0.437000	0.034675
0.437500	0.035455
0.438000	0.036880
0.438500	0.038650
0.439000	0.040500
0.439500	0.042685
0.440000	0.045690
0.440500	0.050003
0.441000	0.058532
0.441500	0.072028
0.442000	0.087737
0.442500	0.102900
0.443000	0.127450
0.443500	0.161680
0.444000	0.188420
0.444500	0.190500
0.445000	0.155610
0.445500	0.094038
0.446000	0.020885
0.446500	-0.048842
0.447000	-0.109460
0.447500	-0.170760
0.448000	-0.228480
0.448500	-0.277840
0.449000	-0.298990
0.449500	-0.274620
0.450000	-0.233060
0.450500	-0.203810
0.451000	-0.200800
0.451500	-0.203400
0.452000	-0.207140
0.452500	-0.208310
0.453000	-0.205010
0.453500	-0.198270
0.454000	-0.178770
0.454500	-0.136150
0.455000	-0.060918
0.455500	0.042802
0.456000	0.159800
0.456500	0.274530
0.457000	0.376650
0.457500	0.475690
0.458000	0.566890
0.458500	0.643420
0.459000	0.688180
0.459500	0.664230
0.460000	0.587450
0.460500	0.479010
0.461000	0.357530
0.461500	0.218710
0.462000	0.072844
0.462500	-0.064322
0.463000	-0.179360
0.463500	-0.282650
0.464000	-0.377680
0.464500	-0.463670
0.465000	-0.540700
0.465500	-0.612300
0.466000	-0.668880
0.466500	-0.698210
0.467000	-0.691760
0.467500	-0.675540
0.468000	-0.657490
0.468500	-0.637980
0.469000	-0.617440
0.469500	-0.596590
0.470000	-0.575670
0.470500	-0.554800
0.471000	-0.534140
0.471500	-0.515520
0.472000	-0.498790
0.472500	-0.482660
0.473000	-0.465350
0.473500	-0.429510
0.474000	-0.366890
0.474500	-0.277230
0.475000	45.785999
0.475500	1458.599976
0.476000	4255.000000
0.476500	7633.299805
0.477000	10878.000000
0.477500	15788.000000
0.478000	22060.000000
0.478500	27907.000000
0.479000	31543.000000
0.479500	27702.000000
0.480000	16738.000000
0.480500	5290.799805
0.481000	0.522740
0.481500	-0.119350
0.482000	-0.615920
0.482500	-0.883300
0.483000	-0.837780
0.483500	-0.637170
0.484000	-0.456070
0.484500	-0.235880
0.485000	0.082029
0.485500	0.845470
0.486000	2.004200
0.486500	3.019200
0.487000	3.351700
0.487500	2.876500
0.488000	2.017200
0.488500	1.059700
0.489000	0.289490
0.489500	-0.206340
0.490000	-0.684200
0.490500	-1.114400
