0.000000	-8566.404297
0.000500	-8566.404297
0.001000	-8566.404297
0.001500	-8566.404297
0.002000	-8566.404297
0.002500	-8566.404297
0.003000	-8566.404297
0.003500	-8566.404297
0.004000	-8566.404297
0.004500	-8566.404297
0.005000	-8566.404297
0.005500	-8566.404297
0.006000	-8566.404297
0.006500	-8566.404297
0.007000	-8566.404297
0.007500	-8566.404297
0.008000	-8566.404297
0.008500	-8566.404297
0.009000	-8566.404297
0.009500	-8566.404297
0.010000	-8566.404297
0.010500	-8566.404297
0.011000	-8566.404297
0.011500	-8566.404297
0.012000	-8566.404297
0.012500	-8566.404297
0.013000	-8566.404297
0.013500	-8566.404297
0.014000	-8566.404297
0.014500	-8566.404297
0.015000	-8566.404297
0.015500	-8566.404297
0.016000	-8566.404297
0.016500	-8566.404297
0.017000	-8566.404297
0.017500	-8566.404297
0.018000	-8566.404297
0.018500	-8566.404297
0.019000	-8566.404297
0.019500	-8566.404297
0.020000	-8566.404297
0.020500	-8566.404297
0.021000	-8566.404297
0.021500	-8566.404297
0.022000	-8566.404297
0.022500	-8566.404297
0.023000	-8566.404297
0.023500	-8566.404297
0.024000	-8566.404297
0.024500	-8566.404297
0.025000	-8566.404297
0.025500	-8566.404297
0.026000	-8566.404297
0.026500	-8566.404297
0.027000	-8566.404297
0.027500	-8566.404297
0.028000	-8566.149414
0.028500	-8566.149414
0.029000	-8566.149414
0.029500	-8566.149414
0.030000	-8566.149414
0.030500	-8566.149414
0.031000	-8566.149414
0.031500	-8566.149414
0.032000	-8566.149414
0.032500	-8565.896484
0.033000	-8565.896484
0.033500	-8565.896484
0.034000	-8565.896484
0.034500	-8565.896484
0.035000	-8565.896484
0.035500	-8565.896484
0.036000	-8565.642578
0.036500	-8565.642578
0.037000	-8565.642578
0.037500	-8565.642578
0.038000	-8565.642578
0.038500	-8565.387695
0.039000	-8565.387695
0.039500	-8565.387695
0.040000	-8565.133789
0.040500	-8565.133789
0.041000	-8565.133789
0.041500	-8564.880859
0.042000	-8564.625977
0.042500	-8564.625977
0.043000	-8564.372070
0.043500	-8564.118164
0.044000	-8563.863281
0.044500	-8563.610352
0.045000	-8563.101562
0.045500	-8562.847656
0.046000	-8562.339844
0.046500	-8561.831055
0.047000	-8561.324219
0.047500	-8560.815430
0.048000	-8560.053711
0.048500	-8559.291992
0.049000	-8558.530273
0.049500	-8557.767578
0.050000	-8556.751953
0.050500	-8555.990234
0.051000	-8554.719727
0.051500	-8553.704102
0.052000	-8552.433594
0.052500	-8551.164062
0.053000	-8549.893555
0.053500	-8548.369141
0.054000	-8546.591797
0.054500	-8545.067383
0.055000	-8543.290039
0.055500	-8541.257812
0.056000	-8539.225586
0.056500	-8537.193359
0.057000	-8534.907227
0.057500	-8532.621094
0.058000	-8530.082031
0.058500	-8527.541992
0.059000	-8524.748047
0.059500	-8521.954102
0.060000	-8519.159180
0.060500	-8515.857422
0.061000	-8512.809570
0.061500	-8509.506836
0.062000	-8505.952148
0.062500	-8502.395508
0.063000	-8498.585938
0.063500	-8494.775391
0.064000	-8490.711914
0.064500	-8486.647461
0.065000	-8482.583984
0.065500	-8478.011719
0.066000	-8473.694336
0.066500	-8469.122070
0.067000	-8464.294922
0.067500	-8459.469727
0.068000	-8454.643555
0.068500	-8449.564453
0.069000	-8444.230469
0.069500	-8439.149414
0.070000	-8433.816406
0.070500	-8428.228516
0.071000	-8422.893555
0.071500	-8417.305664
0.072000	-8411.463867
0.072500	-8405.621094
0.073000	-8399.780273
0.073500	-8393.938477
0.074000	-8387.841797
0.074500	-8381.745117
0.075000	-8375.649414
0.075500	-8369.554688
0.076000	-8363.458008
0.076500	-8357.361328
0.077000	-8351.265625
0.077500	-8345.423828
0.078000	-8339.328125
0.078500	-8333.231445
0.079000	-8327.389648
0.079500	-8321.547852
0.080000	-8315.706055
0.080500	-8310.119141
0.081000	-8304.530273
0.081500	-8299.195312
0.082000	-8293.862305
0.082500	-8288.781250
0.083000	-8283.956055
0.083500	-8279.383789
0.084000	-8275.066406
0.084500	-8271.256836
0.085000	-8267.445312
0.085500	-8263.890625
0.086000	-8260.842773
0.086500	-8258.047852
0.087000	-8255.507812
0.087500	-8253.476562
0.088000	-8251.444336
0.088500	-8249.919922
0.089000	-8248.904297
0.089500	-8247.887695
0.090000	-8247.125977
0.090500	-8246.872070
0.091000	-8246.872070
0.091500	-8246.872070
0.092000	-8247.125977
0.092500	-8247.633789
0.093000	-8248.395508
0.093500	-8249.158203
0.094000	-8250.173828
0.094500	-8251.190430
0.095000	-8251.952148
0.095500	-8252.967773
0.096000	-8253.729492
0.096500	-8254.238281
0.097000	-8254.238281
0.097500	-8253.983398
0.098000	-8253.476562
0.098500	-8252.206055
0.099000	-8250.427734
0.099500	-8248.142578
0.100000	-8245.856445
0.100500	-8243.062500
0.101000	-8240.013672
0.101500	-8236.965820
0.102000	-8233.663086
0.102500	-8230.616211
0.103000	-8227.314453
0.103500	-8224.265625
0.104000	-8220.964844
0.104500	-8217.662109
0.105000	-8214.359375
0.105500	-8211.312500
0.106000	-8208.009766
0.106500	-8204.454102
0.107000	-8201.151367
0.107500	-8197.850586
0.108000	-8194.293945
0.108500	-8190.992188
0.109000	-8187.436035
0.109500	-8183.879883
0.110000	-8180.069824
0.110500	-8176.513672
0.111000	-8172.703613
0.111500	-8168.894043
0.112000	-8165.083984
0.112500	-8161.273926
0.113000	-8157.463867
0.113500	-8153.654297
0.114000	-8149.843262
0.114500	-8146.033203
0.115000	-8142.478027
0.115500	-8138.667969
0.116000	-8134.857422
0.116500	-8131.301758
0.117000	-8127.492188
0.117500	-8123.682129
0.118000	-8120.125977
0.118500	-8116.315918
0.119000	-8112.505859
0.119500	-8108.695801
0.120000	-8104.886230
0.120500	-8100.821289
0.121000	-8097.011719
0.121500	-8092.947754
0.122000	-8088.883301
0.122500	-8084.819824
0.123000	-8080.501465
0.123500	-8076.183105
0.124000	-8071.866211
0.124500	-8067.547852
0.125000	-8063.230469
0.125500	-8058.912109
0.126000	-8054.593262
0.126500	-8050.275879
0.127000	-8045.957520
0.127500	-8041.640137
0.128000	-8037.575684
0.128500	-8033.257324
0.129000	-8028.940430
0.129500	-8024.875488
0.130000	-8020.812012
0.130500	-8016.747559
0.131000	-8012.684082
0.131500	-8008.874023
0.132000	-8004.809570
0.132500	-8000.999512
0.133000	-7997.443848
0.133500	-7993.633789
0.134000	-7990.078125
0.134500	-7986.775879
0.135000	-7983.219727
0.135500	-7980.171875
0.136000	-7976.869629
0.136500	-7973.821777
0.137000	-7970.773926
0.137500	-7967.980469
0.138000	-7965.185547
0.138500	-7962.645508
0.139000	-7960.106445
0.139500	-7957.566406
0.140000	-7955.280273
0.140500	-7953.247559
0.141000	-7950.961914
0.141500	-7948.930176
0.142000	-7947.152344
0.142500	-7945.374023
0.143000	-7943.595703
0.143500	-7942.071777
0.144000	-7940.547852
0.144500	-7939.278320
0.145000	-7938.007812
0.145500	-7936.737793
0.146000	-7935.721680
0.146500	-7934.959961
0.147000	-7934.197754
0.147500	-7933.436035
0.148000	-7932.928223
0.148500	-7932.419922
0.149000	-7932.166016
0.149500	-7931.912109
0.150000	-7931.657715
0.150500	-7931.657715
0.151000	-7931.912109
0.151500	-7931.912109
0.152000	-7932.419922
0.152500	-7932.928223
0.153000	-7933.436035
0.153500	-7934.197754
0.154000	-7934.959961
0.154500	-7935.721680
0.155000	-7936.737793
0.155500	-7938.007812
0.156000	-7939.278320
0.156500	-7940.547852
0.157000	-7942.071777
0.157500	-7943.850098
0.158000	-7945.374023
0.158500	-7947.152344
0.159000	-7949.183594
0.159500	-7951.216309
0.160000	-7953.247559
0.160500	-7955.280273
0.161000	-7957.312012
0.161500	-7959.597656
0.162000	-7961.883789
0.162500	-7964.169434
0.163000	-7966.456543
0.163500	-7968.742188
0.164000	-7971.028320
0.164500	-7973.568359
0.165000	-7975.854004
0.165500	-7978.393555
0.166000	-7980.933594
0.166500	-7983.473633
0.167000	-7986.013672
0.167500	-7988.554199
0.168000	-7991.093750
0.168500	-7993.633789
0.169000	-7996.428223
0.169500	-7998.968262
0.170000	-8001.761230
0.170500	-8004.556641
0.171000	-8007.350098
0.171500	-8009.889648
0.172000	-8012.684082
0.172500	-8015.478027
0.173000	-8018.271484
0.173500	-8020.812012
0.174000	-8023.606445
0.174500	-8026.145996
0.175000	-8028.685547
0.175500	-8031.226074
0.176000	-8033.765625
0.176500	-8036.051758
0.177000	-8038.337891
0.177500	-8040.623535
0.178000	-8042.655762
0.178500	-8044.687988
0.179000	-8046.719727
0.179500	-8048.751953
0.180000	-8050.530273
0.180500	-8052.308105
0.181000	-8053.831055
0.181500	-8055.355957
0.182000	-8056.879883
0.182500	-8058.403809
0.183000	-8059.674316
0.183500	-8060.943848
0.184000	-8061.960449
0.184500	-8063.230469
0.185000	-8064.245117
0.185500	-8065.261719
0.186000	-8066.278320
0.186500	-8067.040527
0.187000	-8068.056152
0.187500	-8068.817871
0.188000	-8069.833984
0.188500	-8070.595703
0.189000	-8071.357910
0.189500	-8072.373535
0.190000	-8073.135254
0.190500	-8074.151855
0.191000	-8074.914062
0.191500	-8075.930664
0.192000	-8076.692383
0.192500	-8077.707520
0.193000	-8078.724121
0.193500	-8079.740723
0.194000	-8080.756348
0.194500	-8082.025391
0.195000	-8083.041992
0.195500	-8084.311523
0.196000	-8085.581543
0.196500	-8086.852051
0.197000	-8088.121582
0.197500	-8089.645508
0.198000	-8091.169434
0.198500	-8092.693359
0.199000	-8094.218262
0.199500	-8095.996094
0.200000	-8097.773438
0.200500	-8099.552246
0.201000	-8101.329590
0.201500	-8103.107422
0.202000	-8105.139648
0.202500	-8107.171875
0.203000	-8109.204102
0.203500	-8111.235840
0.204000	-8113.268066
0.204500	-8115.553711
0.205000	-8117.585938
0.205500	-8119.872070
0.206000	-8121.904297
0.206500	-8124.190430
0.207000	-8126.476074
0.207500	-8128.762207
0.208000	-8131.048340
0.208500	-8133.333984
0.209000	-8135.619141
0.209500	-8138.159668
0.210000	-8140.445801
0.210500	-8142.731445
0.211000	-8145.271484
0.211500	-8147.557129
0.212000	-8149.843262
0.212500	-8152.130371
0.213000	-8154.669922
0.213500	-8156.956543
0.214000	-8159.242676
0.214500	-8161.527832
0.215000	-8163.560059
0.215500	-8165.845703
0.216000	-8168.131836
0.216500	-8170.164062
0.217000	-8172.195312
0.217500	-8174.227539
0.218000	-8176.259766
0.218500	-8178.292480
0.219000	-8180.323730
0.219500	-8182.102051
0.220000	-8184.133301
0.220500	-8185.912109
0.221000	-8187.689941
0.221500	-8189.468262
0.222000	-8190.992188
0.222500	-8192.769531
0.223000	-8194.293945
0.223500	-8196.071289
0.224000	-8197.595703
0.224500	-8199.119141
0.225000	-8200.643555
0.225500	-8202.421875
0.226000	-8203.946289
0.226500	-8205.468750
0.227000	-8206.993164
0.227500	-8208.517578
0.228000	-8210.041992
0.228500	-8211.566406
0.229000	-8213.343750
0.229500	-8214.868164
0.230000	-8216.392578
0.230500	-8217.916016
0.231000	-8219.693359
0.231500	-8221.217773
0.232000	-8222.742188
0.232500	-8224.519531
0.233000	-8226.043945
0.233500	-8227.821289
0.234000	-8229.345703
0.234500	-8230.869141
0.235000	-8232.647461
0.235500	-8234.171875
0.236000	-8235.949219
0.236500	-8237.473633
0.237000	-8239.251953
0.237500	-8240.776367
0.238000	-8242.553711
0.238500	-8244.078125
0.239000	-8245.601562
0.239500	-8247.379883
0.240000	-8248.904297
0.240500	-8250.427734
0.241000	-8251.952148
0.241500	-8253.476562
0.242000	-8255.000000
0.242500	-8256.524414
0.243000	-8258.047852
0.243500	-8259.572266
0.244000	-8261.095703
0.244500	-8262.366211
0.245000	-8263.890625
0.245500	-8265.159180
0.246000	-8266.429688
0.246500	-8267.700195
0.247000	-8268.969727
0.247500	-8270.240234
0.248000	-8271.509766
0.248500	-8272.780273
0.249000	-8273.795898
0.249500	-8275.066406
0.250000	-8276.081055
0.250500	-8277.097656
0.251000	-8278.114258
0.251500	-8279.129883
0.252000	-8280.145508
0.252500	-8281.162109
0.253000	-8281.923828
0.253500	-8282.939453
0.254000	-8283.702148
0.254500	-8284.718750
0.255000	-8285.480469
0.255500	-8286.242188
0.256000	-8287.004883
0.256500	-8287.766602
0.257000	-8288.528320
0.257500	-8289.290039
0.258000	-8290.052734
0.258500	-8290.814453
0.259000	-8291.576172
0.259500	-8292.591797
0.260000	-8293.354492
0.260500	-8294.116211
0.261000	-8294.877930
0.261500	-8295.893555
0.262000	-8296.656250
0.262500	-8297.670898
0.263000	-8298.433594
0.263500	-8299.450195
0.264000	-8300.466797
0.264500	-8301.481445
0.265000	-8302.498047
0.265500	-8303.513672
0.266000	-8304.530273
0.266500	-8305.799805
0.267000	-8306.816406
0.267500	-8308.084961
0.268000	-8309.102539
0.268500	-8310.371094
0.269000	-8311.387695
0.269500	-8312.657227
0.270000	-8313.927734
0.270500	-8315.198242
0.271000	-8316.467773
0.271500	-8317.737305
0.272000	-8319.007812
0.272500	-8320.278320
0.273000	-8321.547852
0.273500	-8322.817383
0.274000	-8324.087891
0.274500	-8325.357422
0.275000	-8326.627930
0.275500	-8327.898438
0.276000	-8329.167969
0.276500	-8330.437500
0.277000	-8331.708008
0.277500	-8332.978516
0.278000	-8334.248047
0.278500	-8335.517578
0.279000	-8336.788086
0.279500	-8338.057617
0.280000	-8339.328125
0.280500	-8340.597656
0.281000	-8341.868164
0.281500	-8342.883789
0.282000	-8344.154297
0.282500	-8345.423828
0.283000	-8346.694336
0.283500	-8347.709961
0.284000	-8348.979492
0.284500	-8350.250000
0.285000	-8351.519531
0.285500	-8352.536133
0.286000	-8353.806641
0.286500	-8355.076172
0.287000	-8356.092773
0.287500	-8357.361328
0.288000	-8358.630859
0.288500	-8359.647461
0.289000	-8360.917969
0.289500	-8362.188477
0.290000	-8363.458008
0.290500	-8364.474609
0.291000	-8365.743164
0.291500	-8367.013672
0.292000	-8368.030273
0.292500	-8369.299805
0.293000	-8370.569336
0.293500	-8371.840820
0.294000	-8373.109375
0.294500	-8374.379883
0.295000	-8375.395508
0.295500	-8376.666016
0.296000	-8377.935547
0.296500	-8379.207031
0.297000	-8380.730469
0.297500	-8382.000000
0.298000	-8383.269531
0.298500	-8384.540039
