0.000000	-0.012887
0.000500	-0.012887
0.001000	-0.012887
0.001500	-0.012888
0.002000	-0.012888
0.002500	-0.012889
0.003000	-0.012890
0.003500	-0.012891
0.004000	-0.012893
0.004500	-0.012894
0.005000	-0.012896
0.005500	-0.012898
0.006000	-0.012900
0.006500	-0.012903
0.007000	-0.012905
0.007500	-0.012909
0.008000	-0.012912
0.008500	-0.012916
0.009000	-0.012920
0.009500	-0.012925
0.010000	-0.012930
0.010500	-0.012936
0.011000	-0.012942
0.011500	-0.012948
0.012000	-0.012955
0.012500	-0.012962
0.013000	-0.012969
0.013500	-0.012977
0.014000	-0.012985
0.014500	-0.012993
0.015000	-0.013002
0.015500	-0.013012
0.016000	-0.013021
0.016500	-0.013031
0.017000	-0.013040
0.017500	-0.013050
0.018000	-0.013060
0.018500	-0.013069
0.019000	-0.013078
0.019500	-0.013087
0.020000	-0.013096
0.020500	-0.013105
0.021000	-0.013113
0.021500	-0.013121
0.022000	-0.013129
0.022500	-0.013136
0.023000	-0.013143
0.023500	-0.013150
0.024000	-0.013156
0.024500	-0.013162
0.025000	-0.013168
0.025500	-0.013173
0.026000	-0.013178
0.026500	-0.013183
0.027000	-0.013188
0.027500	-0.013193
0.028000	-0.013198
0.028500	-0.013202
0.029000	-0.013207
0.029500	-0.013213
0.030000	-0.013218
0.030500	-0.013224
0.031000	-0.013231
0.031500	-0.013238
0.032000	-0.013246
0.032500	-0.013255
0.033000	-0.013265
0.033500	-0.013276
0.034000	-0.013287
0.034500	-0.013299
0.035000	-0.013311
0.035500	-0.013323
0.036000	-0.013336
0.036500	-0.013350
0.037000	-0.013364
0.037500	-0.013378
0.038000	-0.013393
0.038500	-0.013409
0.039000	-0.013424
0.039500	-0.013440
0.040000	-0.013456
0.040500	-0.013472
0.041000	-0.013487
0.041500	-0.013502
0.042000	-0.013517
0.042500	-0.013531
0.043000	-0.013545
0.043500	-0.013559
0.044000	-0.013572
0.044500	-0.013584
0.045000	-0.013596
0.045500	-0.013607
0.046000	-0.013617
0.046500	-0.013625
0.047000	-0.013633
0.047500	-0.013639
0.048000	-0.013643
0.048500	-0.013646
0.049000	-0.013648
0.049500	-0.013648
0.050000	-0.013645
0.050500	-0.013641
0.051000	-0.013634
0.051500	-0.013624
0.052000	-0.013611
0.052500	-0.013596
0.053000	-0.013577
0.053500	-0.013555
0.054000	-0.013530
0.054500	-0.013503
0.055000	-0.013473
0.055500	-0.013441
0.056000	-0.013408
0.056500	-0.013375
0.057000	-0.013344
0.057500	-0.013316
0.058000	-0.013293
0.058500	-0.013276
0.059000	-0.013265
0.059500	-0.013263
0.060000	-0.013269
0.060500	-0.013284
0.061000	-0.013308
0.061500	-0.013341
0.062000	-0.013383
0.062500	-0.013435
0.063000	-0.013497
0.063500	-0.013567
0.064000	-0.013646
0.064500	-0.013735
0.065000	-0.013833
0.065500	-0.013940
0.066000	-0.014057
0.066500	-0.014184
0.067000	-0.014320
0.067500	-0.014467
0.068000	-0.014624
0.068500	-0.014793
0.069000	-0.014975
0.069500	-0.015170
0.070000	-0.015379
0.070500	-0.015602
0.071000	-0.015839
0.071500	-0.016088
0.072000	-0.016348
0.072500	-0.016617
0.073000	-0.016893
0.073500	-0.017172
0.074000	-0.017453
0.074500	-0.017735
0.075000	-0.018019
0.075500	-0.018305
0.076000	-0.018595
0.076500	-0.018891
0.077000	-0.019196
0.077500	-0.019511
0.078000	-0.019839
0.078500	-0.020182
0.079000	-0.020540
0.079500	-0.020916
0.080000	-0.021306
0.080500	-0.021709
0.081000	-0.022124
0.081500	-0.022548
0.082000	-0.022979
0.082500	-0.023418
0.083000	-0.023865
0.083500	-0.024320
0.084000	-0.024782
0.084500	-0.025252
0.085000	-0.025727
0.085500	-0.026208
0.086000	-0.026695
0.086500	-0.027188
0.087000	-0.027689
0.087500	-0.028201
0.088000	-0.028725
0.088500	-0.029261
0.089000	-0.029806
0.089500	-0.030356
0.090000	-0.030903
0.090500	-0.031440
0.091000	-0.031957
0.091500	-0.032447
0.092000	-0.032902
0.092500	-0.033317
0.093000	-0.033689
0.093500	-0.034017
0.094000	-0.034301
0.094500	-0.034538
0.095000	-0.034721
0.095500	-0.034837
0.096000	-0.034865
0.096500	-0.034785
0.097000	-0.034577
0.097500	-0.034227
0.098000	-0.033737
0.098500	-0.033116
0.099000	-0.032382
0.099500	-0.031557
0.100000	-0.030664
0.100500	-0.029722
0.101000	-0.028748
0.101500	-0.027751
0.102000	-0.026739
0.102500	-0.025714
0.103000	-0.024671
0.103500	-0.023610
0.104000	-0.022519
0.104500	-0.021389
0.105000	-0.020208
0.105500	-0.018968
0.106000	-0.017666
0.106500	-0.016304
0.107000	-0.014892
0.107500	-0.013448
0.108000	-0.011991
0.108500	-0.010550
0.109000	-0.009147
0.109500	-0.007809
0.110000	-0.006558
0.110500	-0.005412
0.111000	-0.004387
0.111500	-0.003490
0.112000	-0.002726
0.112500	-0.002093
0.113000	-0.001583
0.113500	-0.001184
0.114000	-0.000882
0.114500	-0.000660
0.115000	-0.000498
0.115500	-0.000376
0.116000	-0.000275
0.116500	-0.000174
0.117000	-0.000058
0.117500	0.000088
0.118000	0.000275
0.118500	0.000509
0.119000	0.000794
0.119500	0.001134
0.120000	0.001527
0.120500	0.001974
0.121000	0.002474
0.121500	0.003027
0.122000	0.003630
0.122500	0.004284
0.123000	0.004986
0.123500	0.005734
0.124000	0.006527
0.124500	0.007361
0.125000	0.008231
0.125500	0.009133
0.126000	0.010058
0.126500	0.010998
0.127000	0.011943
0.127500	0.012882
0.128000	0.013805
0.128500	0.014704
0.129000	0.015570
0.129500	0.016401
0.130000	0.017193
0.130500	0.017943
0.131000	0.018651
0.131500	0.019316
0.132000	0.019939
0.132500	0.020520
0.133000	0.021060
0.133500	0.021560
0.134000	0.022023
0.134500	0.022453
0.135000	0.022851
0.135500	0.023222
0.136000	0.023568
0.136500	0.023890
0.137000	0.024192
0.137500	0.024474
0.138000	0.024740
0.138500	0.024992
0.139000	0.025233
0.139500	0.025467
0.140000	0.025696
0.140500	0.025922
0.141000	0.026147
0.141500	0.026370
0.142000	0.026593
0.142500	0.026813
0.143000	0.027032
0.143500	0.027250
0.144000	0.027467
0.144500	0.027684
0.145000	0.027900
0.145500	0.028114
0.146000	0.028324
0.146500	0.028529
0.147000	0.028726
0.147500	0.028912
0.148000	0.029088
0.148500	0.029251
0.149000	0.029404
0.149500	0.029549
0.150000	0.029685
0.150500	0.029816
0.151000	0.029941
0.151500	0.030060
0.152000	0.030172
0.152500	0.030273
0.153000	0.030363
0.153500	0.030438
0.154000	0.030495
0.154500	0.030531
0.155000	0.030545
0.155500	0.030535
0.156000	0.030501
0.156500	0.030441
0.157000	0.030353
0.157500	0.030237
0.158000	0.030090
0.158500	0.029911
0.159000	0.029698
0.159500	0.029450
0.160000	0.029168
0.160500	0.028852
0.161000	0.028504
0.161500	0.028127
0.162000	0.027724
0.162500	0.027300
0.163000	0.026856
0.163500	0.026395
0.164000	0.025919
0.164500	0.025432
0.165000	0.024937
0.165500	0.024441
0.166000	0.023949
0.166500	0.023467
0.167000	0.023001
0.167500	0.022556
0.168000	0.022136
0.168500	0.021745
0.169000	0.021386
0.169500	0.021059
0.170000	0.020765
0.170500	0.020506
0.171000	0.020283
0.171500	0.020097
0.172000	0.019949
0.172500	0.019842
0.173000	0.019776
0.173500	0.019753
0.174000	0.019773
0.174500	0.019837
0.175000	0.019943
0.175500	0.020092
0.176000	0.020282
0.176500	0.020511
0.177000	0.020778
0.177500	0.021081
0.178000	0.021418
0.178500	0.021785
0.179000	0.022180
0.179500	0.022601
0.180000	0.023045
0.180500	0.023510
0.181000	0.023991
0.181500	0.024486
0.182000	0.024992
0.182500	0.025504
0.183000	0.026019
0.183500	0.026535
0.184000	0.027049
0.184500	0.027557
0.185000	0.028058
0.185500	0.028551
0.186000	0.029034
0.186500	0.029505
0.187000	0.029964
0.187500	0.030410
0.188000	0.030841
0.188500	0.031257
0.189000	0.031656
0.189500	0.032039
0.190000	0.032404
0.190500	0.032752
0.191000	0.033083
0.191500	0.033397
0.192000	0.033695
0.192500	0.033978
0.193000	0.034246
0.193500	0.034499
0.194000	0.034739
0.194500	0.034964
0.195000	0.035175
0.195500	0.035370
0.196000	0.035549
0.196500	0.035711
0.197000	0.035856
0.197500	0.035984
0.198000	0.036095
0.198500	0.036188
0.199000	0.036264
0.199500	0.036324
0.200000	0.036367
0.200500	0.036395
0.201000	0.036408
0.201500	0.036408
0.202000	0.036395
0.202500	0.036368
0.203000	0.036329
0.203500	0.036277
0.204000	0.036211
0.204500	0.036133
0.205000	0.036042
0.205500	0.035939
0.206000	0.035825
0.206500	0.035701
0.207000	0.035570
0.207500	0.035435
0.208000	0.035296
0.208500	0.035156
0.209000	0.035018
0.209500	0.034883
0.210000	0.034753
0.210500	0.034630
0.211000	0.034515
0.211500	0.034411
0.212000	0.034316
0.212500	0.034233
0.213000	0.034162
0.213500	0.034103
0.214000	0.034057
0.214500	0.034026
0.215000	0.034011
0.215500	0.034012
0.216000	0.034029
0.216500	0.034064
0.217000	0.034116
0.217500	0.034188
0.218000	0.034281
0.218500	0.034395
0.219000	0.034531
0.219500	0.034690
0.220000	0.034873
0.220500	0.035079
0.221000	0.035309
0.221500	0.035563
0.222000	0.035840
0.222500	0.036141
0.223000	0.036464
0.223500	0.036808
0.224000	0.037172
0.224500	0.037552
0.225000	0.037947
0.225500	0.038353
0.226000	0.038766
0.226500	0.039183
0.227000	0.039599
0.227500	0.040011
0.228000	0.040414
0.228500	0.040804
0.229000	0.041176
0.229500	0.041527
0.230000	0.041853
0.230500	0.042151
0.231000	0.042418
0.231500	0.042654
0.232000	0.042858
0.232500	0.043031
0.233000	0.043174
0.233500	0.043290
0.234000	0.043381
0.234500	0.043451
0.235000	0.043501
0.235500	0.043534
0.236000	0.043552
0.236500	0.043559
0.237000	0.043557
0.237500	0.043549
0.238000	0.043537
0.238500	0.043524
0.239000	0.043513
0.239500	0.043507
0.240000	0.043509
0.240500	0.043522
0.241000	0.043548
0.241500	0.043591
0.242000	0.043653
0.242500	0.043739
0.243000	0.043849
0.243500	0.043988
0.244000	0.044154
0.244500	0.044348
0.245000	0.044570
0.245500	0.044818
0.246000	0.045092
0.246500	0.045390
0.247000	0.045710
0.247500	0.046050
0.248000	0.046407
0.248500	0.046778
0.249000	0.047161
0.249500	0.047553
0.250000	0.047952
0.250500	0.048354
0.251000	0.048757
0.251500	0.049158
0.252000	0.049555
0.252500	0.049946
0.253000	0.050330
0.253500	0.050706
0.254000	0.051072
0.254500	0.051427
0.255000	0.051772
0.255500	0.052107
0.256000	0.052432
0.256500	0.052747
0.257000	0.053053
0.257500	0.053350
0.258000	0.053640
0.258500	0.053922
0.259000	0.054198
0.259500	0.054466
0.260000	0.054725
0.260500	0.054976
0.261000	0.055218
0.261500	0.055450
0.262000	0.055673
0.262500	0.055886
0.263000	0.056089
0.263500	0.056284
0.264000	0.056469
0.264500	0.056647
0.265000	0.056817
0.265500	0.056980
0.266000	0.057138
0.266500	0.057290
0.267000	0.057438
0.267500	0.057583
0.268000	0.057726
0.268500	0.057868
0.269000	0.058008
0.269500	0.058146
0.270000	0.058284
0.270500	0.058422
0.271000	0.058559
0.271500	0.058697
0.272000	0.058836
0.272500	0.058977
0.273000	0.059120
0.273500	0.059266
0.274000	0.059417
0.274500	0.059573
0.275000	0.059735
0.275500	0.059902
0.276000	0.060075
0.276500	0.060254
0.277000	0.060440
0.277500	0.060632
0.278000	0.060829
0.278500	0.061032
0.279000	0.061239
0.279500	0.061450
0.280000	0.061662
0.280500	0.061874
0.281000	0.062082
0.281500	0.062285
0.282000	0.062480
0.282500	0.062668
0.283000	0.062846
0.283500	0.063015
0.284000	0.063174
0.284500	0.063325
0.285000	0.063466
0.285500	0.063599
0.286000	0.063725
0.286500	0.063845
0.287000	0.063959
0.287500	0.064069
0.288000	0.064175
0.288500	0.064278
0.289000	0.064379
0.289500	0.064477
0.290000	0.064575
0.290500	0.064673
0.291000	0.064771
0.291500	0.064870
0.292000	0.064972
0.292500	0.065077
0.293000	0.065186
0.293500	0.065299
0.294000	0.065418
0.294500	0.065543
0.295000	0.065674
0.295500	0.065812
0.296000	0.065959
0.296500	0.066114
0.297000	0.066280
0.297500	0.066456
0.298000	0.066643
0.298500	0.066841
