0.000000	0.005614
0.000500	0.016406
0.001000	0.026157
0.001500	0.034717
0.002000	0.042134
0.002500	0.048433
0.003000	0.053660
0.003500	0.057894
0.004000	0.061105
0.004500	0.063228
0.005000	0.064282
0.005500	0.064356
0.006000	0.063663
0.006500	0.062276
0.007000	0.060168
0.007500	0.057442
0.008000	0.054084
0.008500	0.049911
0.009000	0.044775
0.009500	0.038509
0.010000	0.031021
0.010500	0.022342
0.011000	0.012698
0.011500	0.002408
0.012000	-0.008425
0.012500	-0.019723
0.013000	-0.031593
0.013500	-0.044381
0.014000	-0.058120
0.014500	-0.072672
0.015000	-0.088052
0.015500	-0.104201
0.016000	-0.121117
0.016500	-0.138803
0.017000	-0.157196
0.017500	-0.176553
0.018000	-0.197221
0.018500	-0.219217
0.019000	-0.242540
0.019500	-0.267487
0.020000	-0.294411
0.020500	-0.323494
0.021000	-0.354762
0.021500	-0.388188
0.022000	-0.423799
0.022500	-0.461442
0.023000	-0.501218
0.023500	-0.543433
0.024000	-0.588213
0.024500	-0.635457
0.025000	-0.685267
0.025500	-0.737819
0.026000	-0.793166
0.026500	-0.851357
0.027000	-0.912317
0.027500	-0.976147
0.028000	-1.043000
0.028500	-1.112876
0.029000	-1.185469
0.029500	-1.260678
0.030000	-1.338605
0.030500	-1.419581
0.031000	-1.504061
0.031500	-1.592224
0.032000	-1.683868
0.032500	-1.779168
0.033000	-1.878178
0.033500	-1.980946
0.034000	-2.087677
0.034500	-2.198725
0.035000	-2.314626
0.035500	-2.436089
0.036000	-2.563622
0.036500	-2.698242
0.037000	-2.840990
0.037500	-2.992628
0.038000	-3.154426
0.038500	-3.326892
0.039000	-3.511550
0.039500	-3.709416
0.040000	-3.922268
0.040500	-4.151884
0.041000	-4.400043
0.041500	-4.668774
0.042000	-4.961128
0.042500	-5.279644
0.043000	-5.627624
0.043500	-6.008878
0.044000	-6.426962
0.044500	-6.885178
0.045000	-7.387336
0.045500	-7.936738
0.046000	-8.536941
0.046500	-9.192260
0.047000	-9.906761
0.047500	-10.684002
0.048000	-11.528298
0.048500	-12.443206
0.049000	-13.432791
0.049500	-14.501114
0.050000	-15.651988
0.050500	-16.889475
0.051000	-18.218403
0.051500	-19.643091
0.052000	-21.168613
0.052500	-22.799294
0.053000	-24.540211
0.053500	-26.395679
0.054000	-28.371799
0.054500	-30.472380
0.055000	-32.702503
0.055500	-35.067238
0.056000	-37.569138
0.056500	-40.213280
0.057000	-43.007282
0.057500	-45.948597
0.058000	-49.047398
0.058500	-52.301140
0.059000	-55.719982
0.059500	-59.301384
0.060000	-63.052959
0.060500	-66.979805
0.061000	-71.081902
0.061500	-75.364334
0.062000	-79.829659
0.062500	-84.482948
0.063000	-89.321632
0.063500	-94.353378
0.064000	-99.578156
0.064500	-104.998520
0.065000	-110.616997
0.065500	-116.436134
0.066000	-122.458473
0.066500	-128.684021
0.067000	-135.112747
0.067500	-141.749771
0.068000	-148.595078
0.068500	-155.648666
0.069000	-162.910507
0.069500	-170.388275
0.070000	-178.076859
0.070500	-185.978806
0.071000	-194.099167
0.071500	-202.435471
0.072000	-210.987625
0.072500	-219.763321
0.073000	-228.757477
0.073500	-237.975128
0.074000	-247.416321
0.074500	-257.073395
0.075000	-266.979401
0.075500	-277.114014
0.076000	-287.451813
0.076500	-298.018188
0.077000	-308.838593
0.077500	-319.862213
0.078000	-331.139801
0.078500	-342.645996
0.079000	-354.355408
0.079500	-366.318787
0.080000	-378.485382
0.080500	-390.906006
0.081000	-403.555176
0.081500	-416.433014
0.082000	-429.539368
0.082500	-442.874390
0.083000	-456.412598
0.083500	-470.204773
0.084000	-484.225586
0.084500	-498.500366
0.085000	-512.978394
0.085500	-527.684998
0.086000	-542.620239
0.086500	-557.783936
0.087000	-573.176392
0.087500	-588.797363
0.088000	-604.621582
0.088500	-620.699829
0.089000	-637.006592
0.089500	-653.516602
0.090000	-670.255188
0.090500	-687.247742
0.091000	-704.443604
0.091500	-721.867981
0.092000	-739.520996
0.092500	-757.402588
0.093000	-775.487427
0.093500	-793.826233
0.094000	-812.393555
0.094500	-831.164185
0.095000	-850.188782
0.095500	-869.416565
0.096000	-888.872986
0.096500	-908.557983
0.097000	-928.471619
0.097500	-948.613770
0.098000	-968.984558
0.098500	-989.583984
0.099000	-1010.411987
0.099500	-1031.468628
0.100000	-1052.779175
0.100500	-1074.292847
0.101000	-1096.060791
0.101500	-1118.031738
0.102000	-1140.256714
0.102500	-1162.710449
0.103000	-1185.392456
0.103500	-1208.303345
0.104000	-1231.468262
0.104500	-1254.836182
0.105000	-1278.458252
0.105500	-1302.308838
0.106000	-1326.388062
0.106500	-1350.695679
0.107000	-1375.257568
0.107500	-1400.022583
0.108000	-1425.066895
0.108500	-1450.314575
0.109000	-1475.790894
0.109500	-1501.520996
0.110000	-1527.479736
0.110500	-1553.692627
0.111000	-1580.133911
0.111500	-1606.803955
0.112000	-1633.728027
0.112500	-1660.880615
0.113000	-1688.261841
0.113500	-1715.896973
0.114000	-1743.786255
0.114500	-1771.904053
0.115000	-1800.275757
0.115500	-1828.876099
0.116000	-1857.705200
0.116500	-1886.788086
0.117000	-1916.099609
0.117500	-1945.665405
0.118000	-1975.459595
0.118500	-2005.507690
0.119000	-2035.784668
0.119500	-2066.289795
0.120000	-2097.023926
0.120500	-2128.011963
0.121000	-2159.228516
0.121500	-2190.699219
0.122000	-2222.373047
0.122500	-2254.300781
0.123000	-2286.457031
0.123500	-2318.842285
0.124000	-2351.455811
0.124500	-2384.298096
0.125000	-2417.368652
0.125500	-2450.693604
0.126000	-2484.221680
0.126500	-2517.978271
0.127000	-2551.937988
0.127500	-2586.227783
0.128000	-2620.518066
0.128500	-2655.315918
0.129000	-2690.114014
0.129500	-2725.166016
0.130000	-2760.726074
0.130500	-2796.285889
0.131000	-2831.845947
0.131500	-2867.914062
0.132000	-2904.235840
0.132500	-2940.557861
0.133000	-2977.387939
0.133500	-3014.217773
0.134000	-3051.302002
0.134500	-3088.639893
0.135000	-3126.231934
0.135500	-3163.823730
0.136000	-3201.923828
0.136500	-3240.023926
0.137000	-3278.378174
0.137500	-3316.985840
0.138000	-3355.847900
0.138500	-3394.963867
0.139000	-3434.333984
0.139500	-3473.703857
0.140000	-3513.328125
0.140500	-3553.206055
0.141000	-3593.338135
0.141500	-3633.723877
0.142000	-3674.109619
0.142500	-3714.750000
0.143000	-3755.644043
0.143500	-3796.791748
0.144000	-3838.193848
0.144500	-3879.595947
0.145000	-3921.251953
0.145500	-3963.161865
0.146000	-4005.325684
0.146500	-4047.743896
0.147000	-4090.161865
0.147500	-4132.833984
0.148000	-4175.506348
0.148500	-4218.685547
0.149000	-4261.865723
0.149500	-4305.299805
0.150000	-4348.733887
0.150500	-4392.675781
0.151000	-4436.364258
0.151500	-4480.560059
0.152000	-4524.755859
0.152500	-4569.205566
0.153000	-4613.909668
0.153500	-4658.614258
0.154000	-4703.826172
0.154500	-4748.784180
0.155000	-4794.250000
0.155500	-4839.715820
0.156000	-4885.182129
0.156500	-4931.156250
0.157000	-4977.129883
0.157500	-5023.103516
0.158000	-5069.585938
0.158500	-5116.067871
0.159000	-5162.549805
0.159500	-5209.285645
0.160000	-5256.276367
0.160500	-5303.520020
0.161000	-5350.763672
0.161500	-5398.007812
0.162000	-5445.759766
0.162500	-5493.511719
0.163000	-5541.264160
0.163500	-5589.270020
0.164000	-5637.529785
0.164500	-5685.790039
0.165000	-5734.303711
0.165500	-5782.817871
0.166000	-5831.585938
0.166500	-5880.607910
0.167000	-5929.629883
0.167500	-5978.651855
0.168000	-6028.182129
0.168500	-6077.458008
0.169000	-6127.241699
0.169500	-6176.771484
0.170000	-6226.810059
0.170500	-6276.847656
0.171000	-6326.885742
0.171500	-6377.178223
0.172000	-6427.724121
0.172500	-6478.270020
0.173000	-6528.816406
0.173500	-6579.616211
0.174000	-6630.669434
0.174500	-6681.724121
0.175000	-6732.777832
0.175500	-6784.085938
0.176000	-6835.647461
0.176500	-6887.209961
0.177000	-6938.771484
0.177500	-6990.587891
0.178000	-7042.404297
0.178500	-7094.473633
0.179000	-7146.543457
0.179500	-7198.868164
0.180000	-7251.191895
0.180500	-7303.516113
0.181000	-7356.093262
0.181500	-7408.671875
0.182000	-7461.503906
0.182500	-7514.081543
0.183000	-7567.168457
0.183500	-7620.000000
0.184000	-7673.085449
0.184500	-7726.426270
0.185000	-7779.511719
0.185500	-7832.852051
0.186000	-7886.445312
0.186500	-7939.786133
0.187000	-7993.379883
0.187500	-8047.228027
0.188000	-8100.821289
0.188500	-8154.669922
0.189000	-8208.517578
0.189500	-8262.620117
0.190000	-8316.467773
0.190500	-8370.569336
0.191000	-8424.671875
0.191500	-8479.027344
0.192000	-8533.130859
0.192500	-8587.486328
0.193000	-8641.841797
0.193500	-8696.197266
0.194000	-8750.807617
0.194500	-8805.417969
0.195000	-8859.773438
0.195500	-8914.383789
0.196000	-8969.248047
0.196500	-9023.858398
0.197000	-9078.721680
0.197500	-9133.331055
0.198000	-9188.195312
0.198500	-9243.060547
0.199000	-9297.923828
0.199500	-9352.788086
0.200000	-9407.652344
0.200500	-9462.769531
0.201000	-9517.633789
0.201500	-9572.751953
0.202000	-9627.616211
0.202500	-9682.733398
0.203000	-9737.597656
0.203500	-9792.715820
0.204000	-9847.833984
0.204500	-9902.697266
0.205000	-9957.816406
0.205500	-10012.933594
0.206000	-10067.797852
0.206500	-10122.916016
0.207000	-10178.034180
0.207500	-10233.152344
0.208000	-10288.016602
0.208500	-10343.133789
0.209000	-10397.998047
0.209500	-10453.116211
0.210000	-10507.980469
0.210500	-10563.097656
0.211000	-10617.961914
0.211500	-10673.080078
0.212000	-10727.943359
0.212500	-10782.807617
0.213000	-10837.925781
0.213500	-10892.790039
0.214000	-10947.653320
0.214500	-11002.771484
0.215000	-11057.635742
0.215500	-11112.500000
0.216000	-11167.364258
0.216500	-11222.228516
0.217000	-11277.345703
0.217500	-11332.209961
0.218000	-11387.073242
0.218500	-11441.937500
0.219000	-11496.802734
0.219500	-11551.919922
0.220000	-11606.784180
0.220500	-11661.647461
0.221000	-11716.511719
0.221500	-11771.375977
0.222000	-11826.493164
0.222500	-11881.357422
0.223000	-11936.221680
0.223500	-11991.085938
0.224000	-12045.950195
0.224500	-12101.068359
0.225000	-12155.931641
0.225500	-12210.794922
0.226000	-12265.914062
0.226500	-12320.778320
0.227000	-12375.641602
0.227500	-12430.505859
0.228000	-12485.623047
0.228500	-12540.488281
0.229000	-12595.605469
0.229500	-12650.469727
0.230000	-12705.333984
0.230500	-12760.452148
0.231000	-12815.316406
0.231500	-12870.433594
0.232000	-12925.297852
0.232500	-12980.416016
0.233000	-13035.280273
0.233500	-13090.397461
0.234000	-13145.262695
0.234500	-13200.379883
0.235000	-13255.243164
0.235500	-13310.363281
0.236000	-13365.225586
0.236500	-13420.343750
0.237000	-13475.462891
0.237500	-13530.326172
0.238000	-13585.443359
0.238500	-13640.308594
0.239000	-13695.425781
0.239500	-13750.543945
0.240000	-13805.408203
0.240500	-13860.526367
0.241000	-13915.388672
0.241500	-13970.508789
0.242000	-14025.371094
0.242500	-14080.489258
0.243000	-14135.608398
0.243500	-14190.471680
0.244000	-14245.588867
0.244500	-14300.708984
0.245000	-14355.571289
0.245500	-14410.689453
0.246000	-14465.554688
0.246500	-14520.671875
0.247000	-14575.789062
0.247500	-14630.654297
0.248000	-14685.771484
0.248500	-14740.636719
0.249000	-14795.754883
0.249500	-14850.617188
0.250000	-14905.737305
0.250500	-14960.599609
0.251000	-15015.462891
0.251500	-15070.582031
0.252000	-15125.445312
0.252500	-15180.310547
0.253000	-15235.427734
0.253500	-15290.291992
0.254000	-15345.155273
0.254500	-15400.019531
0.255000	-15455.137695
0.255500	-15510.001953
0.256000	-15564.865234
0.256500	-15619.730469
0.257000	-15674.592773
0.257500	-15729.458008
0.258000	-15784.575195
0.258500	-15839.439453
0.259000	-15894.304688
0.259500	-15949.166992
0.260000	-16004.032227
0.260500	-16058.641602
0.261000	-16113.505859
0.261500	-16168.369141
0.262000	-16223.234375
0.262500	-16278.096680
0.263000	-16332.961914
0.263500	-16387.572266
0.264000	-16442.435547
0.264500	-16497.298828
0.265000	-16551.910156
0.265500	-16606.773438
0.266000	-16661.384766
0.266500	-16716.248047
0.267000	-16771.113281
0.267500	-16825.722656
0.268000	-16880.585938
0.268500	-16935.195312
0.269000	-16990.060547
0.269500	-17044.669922
0.270000	-17099.535156
0.270500	-17154.144531
0.271000	-17209.009766
0.271500	-17263.617188
0.272000	-17318.482422
0.272500	-17373.089844
0.273000	-17427.955078
0.273500	-17482.564453
0.274000	-17537.429688
0.274500	-17592.039062
0.275000	-17646.650391
0.275500	-17701.513672
0.276000	-17756.125000
0.276500	-17810.988281
0.277000	-17865.597656
0.277500	-17920.460938
0.278000	-17975.070312
0.278500	-18029.935547
0.279000	-18084.544922
0.279500	-18139.410156
0.280000	-18194.019531
0.280500	-18248.884766
0.281000	-18303.748047
0.281500	-18358.357422
0.282000	-18413.220703
0.282500	-18467.832031
0.283000	-18522.695312
0.283500	-18577.306641
0.284000	-18632.169922
0.284500	-18686.781250
0.285000	-18741.644531
0.285500	-18796.509766
0.286000	-18851.117188
0.286500	-18905.982422
0.287000	-18960.845703
0.287500	-19015.455078
0.288000	-19070.320312
0.288500	-19124.929688
0.289000	-19179.794922
0.289500	-19234.660156
0.290000	-19289.265625
0.290500	-19344.130859
0.291000	-19398.996094
0.291500	-19453.605469
0.292000	-19508.468750
0.292500	-19563.333984
0.293000	-19618.199219
0.293500	-19672.808594
0.294000	-19727.669922
0.294500	-19782.535156
0.295000	-19837.144531
0.295500	-19892.009766
0.296000	-19946.875000
0.296500	-20001.484375
0.297000	-20056.347656
0.297500	-20111.210938
0.298000	-20165.820312
0.298500	-20220.685547
