0.000000	0.019237
0.000500	0.019236
0.001000	0.019235
0.001500	0.019233
0.002000	0.019229
0.002500	0.019226
0.003000	0.019221
0.003500	0.019216
0.004000	0.019210
0.004500	0.019203
0.005000	0.019196
0.005500	0.019187
0.006000	0.019178
0.006500	0.019168
0.007000	0.019157
0.007500	0.019145
0.008000	0.019133
0.008500	0.019120
0.009000	0.019107
0.009500	0.019093
0.010000	0.019079
0.010500	0.019065
0.011000	0.019049
0.011500	0.019034
0.012000	0.019018
0.012500	0.019002
0.013000	0.018986
0.013500	0.018970
0.014000	0.018954
0.014500	0.018937
0.015000	0.018921
0.015500	0.018905
0.016000	0.018888
0.016500	0.018871
0.017000	0.018854
0.017500	0.018837
0.018000	0.018820
0.018500	0.018804
0.019000	0.018787
0.019500	0.018771
0.020000	0.018754
0.020500	0.018738
0.021000	0.018723
0.021500	0.018707
0.022000	0.018691
0.022500	0.018676
0.023000	0.018661
0.023500	0.018647
0.024000	0.018633
0.024500	0.018619
0.025000	0.018606
0.025500	0.018594
0.026000	0.018581
0.026500	0.018569
0.027000	0.018558
0.027500	0.018546
0.028000	0.018536
0.028500	0.018525
0.029000	0.018515
0.029500	0.018506
0.030000	0.018496
0.030500	0.018488
0.031000	0.018479
0.031500	0.018471
0.032000	0.018463
0.032500	0.018455
0.033000	0.018448
0.033500	0.018440
0.034000	0.018433
0.034500	0.018425
0.035000	0.018418
0.035500	0.018411
0.036000	0.018404
0.036500	0.018397
0.037000	0.018390
0.037500	0.018383
0.038000	0.018375
0.038500	0.018368
0.039000	0.018360
0.039500	0.018352
0.040000	0.018344
0.040500	0.018336
0.041000	0.018327
0.041500	0.018318
0.042000	0.018308
0.042500	0.018298
0.043000	0.018288
0.043500	0.018278
0.044000	0.018266
0.044500	0.018254
0.045000	0.018242
0.045500	0.018230
0.046000	0.018218
0.046500	0.018205
0.047000	0.018191
0.047500	0.018177
0.048000	0.018163
0.048500	0.018148
0.049000	0.018132
0.049500	0.018116
0.050000	0.018099
0.050500	0.018080
0.051000	0.018061
0.051500	0.018040
0.052000	0.018019
0.052500	0.017996
0.053000	0.017972
0.053500	0.017947
0.054000	0.017921
0.054500	0.017894
0.055000	0.017865
0.055500	0.017836
0.056000	0.017805
0.056500	0.017774
0.057000	0.017741
0.057500	0.017707
0.058000	0.017673
0.058500	0.017638
0.059000	0.017602
0.059500	0.017565
0.060000	0.017528
0.060500	0.017491
0.061000	0.017455
0.061500	0.017419
0.062000	0.017384
0.062500	0.017350
0.063000	0.017318
0.063500	0.017289
0.064000	0.017262
0.064500	0.017237
0.065000	0.017215
0.065500	0.017195
0.066000	0.017177
0.066500	0.017161
0.067000	0.017147
0.067500	0.017133
0.068000	0.017122
0.068500	0.017112
0.069000	0.017106
0.069500	0.017103
0.070000	0.017103
0.070500	0.017107
0.071000	0.017114
0.071500	0.017124
0.072000	0.017138
0.072500	0.017154
0.073000	0.017174
0.073500	0.017197
0.074000	0.017225
0.074500	0.017257
0.075000	0.017294
0.075500	0.017336
0.076000	0.017383
0.076500	0.017434
0.077000	0.017490
0.077500	0.017551
0.078000	0.017619
0.078500	0.017696
0.079000	0.017785
0.079500	0.017887
0.080000	0.018003
0.080500	0.018133
0.081000	0.018276
0.081500	0.018430
0.082000	0.018591
0.082500	0.018758
0.083000	0.018927
0.083500	0.019097
0.084000	0.019264
0.084500	0.019427
0.085000	0.019587
0.085500	0.019742
0.086000	0.019893
0.086500	0.020042
0.087000	0.020186
0.087500	0.020322
0.088000	0.020449
0.088500	0.020562
0.089000	0.020657
0.089500	0.020733
0.090000	0.020787
0.090500	0.020818
0.091000	0.020826
0.091500	0.020811
0.092000	0.020772
0.092500	0.020711
0.093000	0.020632
0.093500	0.020536
0.094000	0.020428
0.094500	0.020308
0.095000	0.020169
0.095500	0.020007
0.096000	0.019821
0.096500	0.019607
0.097000	0.019368
0.097500	0.019108
0.098000	0.018835
0.098500	0.018553
0.099000	0.018264
0.099500	0.017968
0.100000	0.017662
0.100500	0.017344
0.101000	0.017015
0.101500	0.016677
0.102000	0.016332
0.102500	0.015983
0.103000	0.015635
0.103500	0.015289
0.104000	0.014949
0.104500	0.014611
0.105000	0.014276
0.105500	0.013948
0.106000	0.013630
0.106500	0.013334
0.107000	0.013078
0.107500	0.012886
0.108000	0.012765
0.108500	0.012715
0.109000	0.012725
0.109500	0.012774
0.110000	0.012836
0.110500	0.012894
0.111000	0.012931
0.111500	0.012935
0.112000	0.012898
0.112500	0.012810
0.113000	0.012672
0.113500	0.012489
0.114000	0.012271
0.114500	0.012031
0.115000	0.011775
0.115500	0.011503
0.116000	0.011207
0.116500	0.010883
0.117000	0.010526
0.117500	0.010140
0.118000	0.009731
0.118500	0.009311
0.119000	0.008894
0.119500	0.008493
0.120000	0.008120
0.120500	0.007783
0.121000	0.007483
0.121500	0.007216
0.122000	0.006974
0.122500	0.006746
0.123000	0.006527
0.123500	0.006311
0.124000	0.006096
0.124500	0.005884
0.125000	0.005683
0.125500	0.005504
0.126000	0.005361
0.126500	0.005267
0.127000	0.005231
0.127500	0.005263
0.128000	0.005376
0.128500	0.005585
0.129000	0.005903
0.129500	0.006341
0.130000	0.006906
0.130500	0.007594
0.131000	0.008401
0.131500	0.009318
0.132000	0.010339
0.132500	0.011460
0.133000	0.012677
0.133500	0.013984
0.134000	0.015379
0.134500	0.016854
0.135000	0.018401
0.135500	0.020023
0.136000	0.021728
0.136500	0.023523
0.137000	0.025416
0.137500	0.027412
0.138000	0.029518
0.138500	0.031743
0.139000	0.034095
0.139500	0.036587
0.140000	0.039225
0.140500	0.042012
0.141000	0.044949
0.141500	0.048039
0.142000	0.051287
0.142500	0.054708
0.143000	0.058318
0.143500	0.062141
0.144000	0.066199
0.144500	0.070515
0.145000	0.075113
0.145500	0.080018
0.146000	0.085257
0.146500	0.090861
0.147000	0.096856
0.147500	0.103270
0.148000	0.110120
0.148500	0.117450
0.149000	0.125300
0.149500	0.133730
0.150000	0.142810
0.150500	0.152620
0.151000	0.163240
0.151500	0.174760
0.152000	0.187270
0.152500	0.200890
0.153000	0.215750
0.153500	0.232050
0.154000	0.249970
0.154500	0.269760
0.155000	0.291700
0.155500	0.316090
0.156000	0.343290
0.156500	0.373670
0.157000	0.407670
0.157500	0.445780
0.158000	0.488550
0.158500	0.536630
0.159000	0.590760
0.159500	0.651830
0.160000	0.720740
0.160500	0.798320
0.161000	0.885080
0.161500	0.980850
0.162000	1.084600
0.162500	1.194600
0.163000	1.307900
0.163500	1.421300
0.164000	1.531700
0.164500	1.636200
0.165000	1.732900
0.165500	1.820700
0.166000	1.899000
0.166500	1.968100
0.167000	2.028700
0.167500	2.081500
0.168000	2.127300
0.168500	2.167100
0.169000	2.201600
0.169500	2.231400
0.170000	2.257200
0.170500	2.279300
0.171000	2.298200
0.171500	2.314200
0.172000	2.327700
0.172500	2.338700
0.173000	2.347500
0.173500	2.354300
0.174000	2.359100
0.174500	2.362000
0.175000	2.363100
0.175500	2.362500
0.176000	2.360200
0.176500	2.356200
0.177000	2.350500
0.177500	2.343100
0.178000	2.334100
0.178500	2.323400
0.179000	2.311200
0.179500	2.297200
0.180000	2.281500
0.180500	2.264100
0.181000	2.244900
0.181500	2.223800
0.182000	2.200700
0.182500	2.175700
0.183000	2.148600
0.183500	2.119500
0.184000	2.088200
0.184500	2.054700
0.185000	2.019000
0.185500	1.981100
0.186000	1.940900
0.186500	1.898500
0.187000	1.853800
0.187500	1.807100
0.188000	1.758500
0.188500	1.708200
0.189000	1.656500
0.189500	1.603500
0.190000	1.549800
0.190500	1.495500
0.191000	1.441200
0.191500	1.387100
0.192000	1.333700
0.192500	1.281200
0.193000	1.229900
0.193500	1.180200
0.194000	1.132100
0.194500	1.086000
0.195000	1.041800
0.195500	0.999680
0.196000	0.959610
0.196500	0.921610
0.197000	0.885650
0.197500	0.851680
0.198000	0.819640
0.198500	0.789440
0.199000	0.761020
0.199500	0.734260
0.200000	0.709080
0.200500	0.685380
0.201000	0.663080
0.201500	0.642060
0.202000	0.622230
0.202500	0.603520
0.203000	0.585830
0.203500	0.569100
0.204000	0.553280
0.204500	0.538310
0.205000	0.524140
0.205500	0.510730
0.206000	0.498020
0.206500	0.485980
0.207000	0.474550
0.207500	0.463700
0.208000	0.453390
0.208500	0.443580
0.209000	0.434260
0.209500	0.425400
0.210000	0.416960
0.210500	0.408940
0.211000	0.401300
0.211500	0.394020
0.212000	0.387070
0.212500	0.380440
0.213000	0.374100
0.213500	0.368040
0.214000	0.362250
0.214500	0.356700
0.215000	0.351390
0.215500	0.346320
0.216000	0.341460
0.216500	0.336820
0.217000	0.332390
0.217500	0.328150
0.218000	0.324110
0.218500	0.320260
0.219000	0.316600
0.219500	0.313110
0.220000	0.309780
0.220500	0.306620
0.221000	0.303620
0.221500	0.300760
0.222000	0.298040
0.222500	0.295460
0.223000	0.293010
0.223500	0.290690
0.224000	0.288480
0.224500	0.286400
0.225000	0.284430
0.225500	0.282560
0.226000	0.280800
0.226500	0.279150
0.227000	0.277590
0.227500	0.276130
0.228000	0.274770
0.228500	0.273490
0.229000	0.272300
0.229500	0.271180
0.230000	0.270140
0.230500	0.269160
0.231000	0.268260
0.231500	0.267410
0.232000	0.266630
0.232500	0.265910
0.233000	0.265250
0.233500	0.264660
0.234000	0.264110
0.234500	0.263620
0.235000	0.263180
0.235500	0.262770
0.236000	0.262420
0.236500	0.262110
0.237000	0.261840
0.237500	0.261620
0.238000	0.261440
0.238500	0.261300
0.239000	0.261190
0.239500	0.261120
0.240000	0.261080
0.240500	0.261070
0.241000	0.261090
0.241500	0.261130
0.242000	0.261200
0.242500	0.261290
0.243000	0.261410
0.243500	0.261550
0.244000	0.261710
0.244500	0.261890
0.245000	0.262100
0.245500	0.262320
0.246000	0.262570
0.246500	0.262840
0.247000	0.263130
0.247500	0.263440
0.248000	0.263770
0.248500	0.264130
0.249000	0.264510
0.249500	0.264910
0.250000	0.265330
0.250500	0.265780
0.251000	0.266250
0.251500	0.266740
0.252000	0.267260
0.252500	0.267790
0.253000	0.268350
0.253500	0.268930
0.254000	0.269540
0.254500	0.270170
0.255000	0.270820
0.255500	0.271490
0.256000	0.272190
0.256500	0.272900
0.257000	0.273640
0.257500	0.274410
0.258000	0.275190
0.258500	0.276000
0.259000	0.276830
0.259500	0.277680
0.260000	0.278550
0.260500	0.279440
0.261000	0.280350
0.261500	0.281280
0.262000	0.282240
0.262500	0.283230
0.263000	0.284240
0.263500	0.285270
0.264000	0.286330
0.264500	0.287420
0.265000	0.288520
0.265500	0.289650
0.266000	0.290800
0.266500	0.291970
0.267000	0.293170
0.267500	0.294380
0.268000	0.295620
0.268500	0.296890
0.269000	0.298180
0.269500	0.299490
0.270000	0.300820
0.270500	0.302170
0.271000	0.303540
0.271500	0.304940
0.272000	0.306350
0.272500	0.307790
0.273000	0.309250
0.273500	0.310730
0.274000	0.312230
0.274500	0.313750
0.275000	0.315290
0.275500	0.316860
0.276000	0.318450
0.276500	0.320060
0.277000	0.321680
0.277500	0.323330
0.278000	0.325000
0.278500	0.326690
0.279000	0.328400
0.279500	0.330120
0.280000	0.331870
0.280500	0.333630
0.281000	0.335400
0.281500	0.337200
0.282000	0.339000
0.282500	0.340830
0.283000	0.342660
0.283500	0.344510
0.284000	0.346360
0.284500	0.348230
0.285000	0.350110
0.285500	0.352000
0.286000	0.353900
0.286500	0.355810
0.287000	0.357730
0.287500	0.359660
0.288000	0.361590
0.288500	0.363530
0.289000	0.365480
0.289500	0.367440
0.290000	0.369410
0.290500	0.371380
0.291000	0.373350
0.291500	0.375340
0.292000	0.377320
0.292500	0.379320
0.293000	0.381320
0.293500	0.383320
0.294000	0.385330
0.294500	0.387340
0.295000	0.389360
0.295500	0.391380
0.296000	0.393400
0.296500	0.395430
0.297000	0.397460
0.297500	0.399490
0.298000	0.401530
0.298500	0.403570
