0.000000	0.015256
0.000500	0.015256
0.001000	0.015256
0.001500	0.015257
0.002000	0.015257
0.002500	0.015257
0.003000	0.015257
0.003500	0.015257
0.004000	0.015257
0.004500	0.015257
0.005000	0.015257
0.005500	0.015257
0.006000	0.015257
0.006500	0.015257
0.007000	0.015257
0.007500	0.015256
0.008000	0.015256
0.008500	0.015255
0.009000	0.015254
0.009500	0.015252
0.010000	0.015250
0.010500	0.015248
0.011000	0.015246
0.011500	0.015243
0.012000	0.015240
0.012500	0.015236
0.013000	0.015233
0.013500	0.015229
0.014000	0.015224
0.014500	0.015220
0.015000	0.015215
0.015500	0.015211
0.016000	0.015206
0.016500	0.015201
0.017000	0.015196
0.017500	0.015192
0.018000	0.015187
0.018500	0.015183
0.019000	0.015178
0.019500	0.015174
0.020000	0.015170
0.020500	0.015166
0.021000	0.015162
0.021500	0.015158
0.022000	0.015154
0.022500	0.015150
0.023000	0.015147
0.023500	0.015143
0.024000	0.015140
0.024500	0.015137
0.025000	0.015133
0.025500	0.015130
0.026000	0.015127
0.026500	0.015123
0.027000	0.015120
0.027500	0.015117
0.028000	0.015114
0.028500	0.015111
0.029000	0.015107
0.029500	0.015104
0.030000	0.015101
0.030500	0.015099
0.031000	0.015095
0.031500	0.015092
0.032000	0.015089
0.032500	0.015085
0.033000	0.015082
0.033500	0.015078
0.034000	0.015074
0.034500	0.015070
0.035000	0.015066
0.035500	0.015062
0.036000	0.015058
0.036500	0.015053
0.037000	0.015049
0.037500	0.015044
0.038000	0.015039
0.038500	0.015034
0.039000	0.015030
0.039500	0.015025
0.040000	0.015019
0.040500	0.015014
0.041000	0.015009
0.041500	0.015004
0.042000	0.014999
0.042500	0.014994
0.043000	0.014989
0.043500	0.014984
0.044000	0.014979
0.044500	0.014975
0.045000	0.014971
0.045500	0.014968
0.046000	0.014965
0.046500	0.014963
0.047000	0.014961
0.047500	0.014961
0.048000	0.014962
0.048500	0.014964
0.049000	0.014968
0.049500	0.014975
0.050000	0.014983
0.050500	0.014995
0.051000	0.015011
0.051500	0.015031
0.052000	0.015055
0.052500	0.015084
0.053000	0.015118
0.053500	0.015157
0.054000	0.015200
0.054500	0.015248
0.055000	0.015299
0.055500	0.015353
0.056000	0.015408
0.056500	0.015462
0.057000	0.015514
0.057500	0.015562
0.058000	0.015604
0.058500	0.015640
0.059000	0.015667
0.059500	0.015684
0.060000	0.015693
0.060500	0.015690
0.061000	0.015678
0.061500	0.015655
0.062000	0.015623
0.062500	0.015581
0.063000	0.015530
0.063500	0.015471
0.064000	0.015403
0.064500	0.015328
0.065000	0.015243
0.065500	0.015150
0.066000	0.015047
0.066500	0.014932
0.067000	0.014805
0.067500	0.014664
0.068000	0.014507
0.068500	0.014331
0.069000	0.014135
0.069500	0.013915
0.070000	0.013667
0.070500	0.013387
0.071000	0.013070
0.071500	0.012711
0.072000	0.012306
0.072500	0.011850
0.073000	0.011338
0.073500	0.010768
0.074000	0.010136
0.074500	0.009442
0.075000	0.008686
0.075500	0.007868
0.076000	0.006992
0.076500	0.006059
0.077000	0.005074
0.077500	0.004040
0.078000	0.002960
0.078500	0.001838
0.079000	0.000678
0.079500	-0.000517
0.080000	-0.001744
0.080500	-0.003000
0.081000	-0.004282
0.081500	-0.005588
0.082000	-0.006914
0.082500	-0.008257
0.083000	-0.009610
0.083500	-0.010969
0.084000	-0.012328
0.084500	-0.013678
0.085000	-0.015015
0.085500	-0.016334
0.086000	-0.017632
0.086500	-0.018912
0.087000	-0.020178
0.087500	-0.021441
0.088000	-0.022712
0.088500	-0.024002
0.089000	-0.025323
0.089500	-0.026682
0.090000	-0.028082
0.090500	-0.029523
0.091000	-0.030998
0.091500	-0.032498
0.092000	-0.034010
0.092500	-0.035518
0.093000	-0.037002
0.093500	-0.038444
0.094000	-0.039823
0.094500	-0.041114
0.095000	-0.042293
0.095500	-0.043330
0.096000	-0.044192
0.096500	-0.044841
0.097000	-0.045244
0.097500	-0.045368
0.098000	-0.045188
0.098500	-0.044692
0.099000	-0.043877
0.099500	-0.042757
0.100000	-0.041352
0.100500	-0.039695
0.101000	-0.037821
0.101500	-0.035770
0.102000	-0.033585
0.102500	-0.031306
0.103000	-0.028970
0.103500	-0.026615
0.104000	-0.024272
0.104500	-0.021967
0.105000	-0.019724
0.105500	-0.017559
0.106000	-0.015486
0.106500	-0.013514
0.107000	-0.011649
0.107500	-0.009892
0.108000	-0.008243
0.108500	-0.006698
0.109000	-0.005255
0.109500	-0.003906
0.110000	-0.002647
0.110500	-0.001474
0.111000	-0.000383
0.111500	0.000626
0.112000	0.001555
0.112500	0.002403
0.113000	0.003170
0.113500	0.003855
0.114000	0.004461
0.114500	0.004988
0.115000	0.005440
0.115500	0.005823
0.116000	0.006143
0.116500	0.006405
0.117000	0.006618
0.117500	0.006788
0.118000	0.006920
0.118500	0.007018
0.119000	0.007084
0.119500	0.007120
0.120000	0.007126
0.120500	0.007099
0.121000	0.007037
0.121500	0.006937
0.122000	0.006798
0.122500	0.006617
0.123000	0.006393
0.123500	0.006126
0.124000	0.005818
0.124500	0.005471
0.125000	0.005088
0.125500	0.004674
0.126000	0.004234
0.126500	0.003771
0.127000	0.003291
0.127500	0.002797
0.128000	0.002294
0.128500	0.001783
0.129000	0.001267
0.129500	0.000748
0.130000	0.000226
0.130500	-0.000298
0.131000	-0.000822
0.131500	-0.001348
0.132000	-0.001874
0.132500	-0.002400
0.133000	-0.002925
0.133500	-0.003446
0.134000	-0.003961
0.134500	-0.004470
0.135000	-0.004969
0.135500	-0.005458
0.136000	-0.005936
0.136500	-0.006402
0.137000	-0.006855
0.137500	-0.007297
0.138000	-0.007729
0.138500	-0.008153
0.139000	-0.008574
0.139500	-0.008995
0.140000	-0.009422
0.140500	-0.009860
0.141000	-0.010313
0.141500	-0.010788
0.142000	-0.011290
0.142500	-0.011823
0.143000	-0.012390
0.143500	-0.012995
0.144000	-0.013641
0.144500	-0.014329
0.145000	-0.015059
0.145500	-0.015831
0.146000	-0.016644
0.146500	-0.017498
0.147000	-0.018391
0.147500	-0.019319
0.148000	-0.020282
0.148500	-0.021275
0.149000	-0.022294
0.149500	-0.023336
0.150000	-0.024394
0.150500	-0.025461
0.151000	-0.026533
0.151500	-0.027601
0.152000	-0.028659
0.152500	-0.029703
0.153000	-0.030727
0.153500	-0.031725
0.154000	-0.032696
0.154500	-0.033636
0.155000	-0.034545
0.155500	-0.035423
0.156000	-0.036269
0.156500	-0.037085
0.157000	-0.037872
0.157500	-0.038631
0.158000	-0.039363
0.158500	-0.040070
0.159000	-0.040753
0.159500	-0.041415
0.160000	-0.042056
0.160500	-0.042680
0.161000	-0.043288
0.161500	-0.043883
0.162000	-0.044466
0.162500	-0.045042
0.163000	-0.045614
0.163500	-0.046185
0.164000	-0.046759
0.164500	-0.047342
0.165000	-0.047938
0.165500	-0.048552
0.166000	-0.049189
0.166500	-0.049851
0.167000	-0.050544
0.167500	-0.051268
0.168000	-0.052027
0.168500	-0.052821
0.169000	-0.053651
0.169500	-0.054515
0.170000	-0.055413
0.170500	-0.056342
0.171000	-0.057300
0.171500	-0.058284
0.172000	-0.059290
0.172500	-0.060314
0.173000	-0.061355
0.173500	-0.062407
0.174000	-0.063469
0.174500	-0.064538
0.175000	-0.065611
0.175500	-0.066685
0.176000	-0.067759
0.176500	-0.068832
0.177000	-0.069902
0.177500	-0.070966
0.178000	-0.072026
0.178500	-0.073079
0.179000	-0.074125
0.179500	-0.075165
0.180000	-0.076197
0.180500	-0.077223
0.181000	-0.078243
0.181500	-0.079257
0.182000	-0.080266
0.182500	-0.081271
0.183000	-0.082271
0.183500	-0.083268
0.184000	-0.084263
0.184500	-0.085256
0.185000	-0.086248
0.185500	-0.087240
0.186000	-0.088234
0.186500	-0.089229
0.187000	-0.090228
0.187500	-0.091230
0.188000	-0.092236
0.188500	-0.093248
0.189000	-0.094267
0.189500	-0.095293
0.190000	-0.096325
0.190500	-0.097365
0.191000	-0.098412
0.191500	-0.099465
0.192000	-0.100520
0.192500	-0.101590
0.193000	-0.102660
0.193500	-0.103740
0.194000	-0.104820
0.194500	-0.105910
0.195000	-0.107000
0.195500	-0.108100
0.196000	-0.109200
0.196500	-0.110310
0.197000	-0.111420
0.197500	-0.112530
0.198000	-0.113650
0.198500	-0.114760
0.199000	-0.115870
0.199500	-0.116980
0.200000	-0.118080
0.200500	-0.119170
0.201000	-0.120260
0.201500	-0.121330
0.202000	-0.122400
0.202500	-0.123460
0.203000	-0.124500
0.203500	-0.125540
0.204000	-0.126570
0.204500	-0.127600
0.205000	-0.128620
0.205500	-0.129640
0.206000	-0.130650
0.206500	-0.131670
0.207000	-0.132680
0.207500	-0.133700
0.208000	-0.134710
0.208500	-0.135730
0.209000	-0.136740
0.209500	-0.137750
0.210000	-0.138770
0.210500	-0.139780
0.211000	-0.140790
0.211500	-0.141800
0.212000	-0.142810
0.212500	-0.143810
0.213000	-0.144810
0.213500	-0.145810
0.214000	-0.146810
0.214500	-0.147800
0.215000	-0.148780
0.215500	-0.149760
0.216000	-0.150730
0.216500	-0.151700
0.217000	-0.152660
0.217500	-0.153610
0.218000	-0.154550
0.218500	-0.155480
0.219000	-0.156410
0.219500	-0.157330
0.220000	-0.158230
0.220500	-0.159140
0.221000	-0.160030
0.221500	-0.160930
0.222000	-0.161810
0.222500	-0.162700
0.223000	-0.163580
0.223500	-0.164470
0.224000	-0.165350
0.224500	-0.166240
0.225000	-0.167130
0.225500	-0.168020
0.226000	-0.168920
0.226500	-0.169810
0.227000	-0.170710
0.227500	-0.171620
0.228000	-0.172520
0.228500	-0.173430
0.229000	-0.174340
0.229500	-0.175250
0.230000	-0.176160
0.230500	-0.177080
0.231000	-0.178000
0.231500	-0.178920
0.232000	-0.179850
0.232500	-0.180770
0.233000	-0.181700
0.233500	-0.182630
0.234000	-0.183560
0.234500	-0.184490
0.235000	-0.185420
0.235500	-0.186360
0.236000	-0.187300
0.236500	-0.188240
0.237000	-0.189180
0.237500	-0.190130
0.238000	-0.191080
0.238500	-0.192040
0.239000	-0.193000
0.239500	-0.193970
0.240000	-0.194940
0.240500	-0.195920
0.241000	-0.196900
0.241500	-0.197880
0.242000	-0.198870
0.242500	-0.199860
0.243000	-0.200850
0.243500	-0.201850
0.244000	-0.202850
0.244500	-0.203850
0.245000	-0.204850
0.245500	-0.205850
0.246000	-0.206850
0.246500	-0.207850
0.247000	-0.208840
0.247500	-0.209820
0.248000	-0.210800
0.248500	-0.211770
0.249000	-0.212730
0.249500	-0.213690
0.250000	-0.214630
0.250500	-0.215560
0.251000	-0.216480
0.251500	-0.217380
0.252000	-0.218280
0.252500	-0.219150
0.253000	-0.220020
0.253500	-0.220870
0.254000	-0.221710
0.254500	-0.222530
0.255000	-0.223340
0.255500	-0.224140
0.256000	-0.224930
0.256500	-0.225710
0.257000	-0.226470
0.257500	-0.227220
0.258000	-0.227960
0.258500	-0.228690
0.259000	-0.229410
0.259500	-0.230120
0.260000	-0.230820
0.260500	-0.231510
0.261000	-0.232200
0.261500	-0.232880
0.262000	-0.233560
0.262500	-0.234240
0.263000	-0.234920
0.263500	-0.235600
0.264000	-0.236290
0.264500	-0.236980
0.265000	-0.237680
0.265500	-0.238390
0.266000	-0.239100
0.266500	-0.239830
0.267000	-0.240570
0.267500	-0.241320
0.268000	-0.242070
0.268500	-0.242840
0.269000	-0.243610
0.269500	-0.244400
0.270000	-0.245190
0.270500	-0.245980
0.271000	-0.246790
0.271500	-0.247600
0.272000	-0.248410
0.272500	-0.249230
0.273000	-0.250060
0.273500	-0.250890
0.274000	-0.251720
0.274500	-0.252560
0.275000	-0.253390
0.275500	-0.254230
0.276000	-0.255070
0.276500	-0.255910
0.277000	-0.256740
0.277500	-0.257570
0.278000	-0.258400
0.278500	-0.259230
0.279000	-0.260050
0.279500	-0.260860
0.280000	-0.261670
0.280500	-0.262470
0.281000	-0.263260
0.281500	-0.264050
0.282000	-0.264830
0.282500	-0.265610
0.283000	-0.266380
0.283500	-0.267150
0.284000	-0.267910
0.284500	-0.268660
0.285000	-0.269420
0.285500	-0.270170
0.286000	-0.270920
0.286500	-0.271670
0.287000	-0.272410
0.287500	-0.273160
0.288000	-0.273910
0.288500	-0.274670
0.289000	-0.275420
0.289500	-0.276180
0.290000	-0.276940
0.290500	-0.277710
0.291000	-0.278470
0.291500	-0.279240
0.292000	-0.280010
0.292500	-0.280780
0.293000	-0.281550
0.293500	-0.282320
0.294000	-0.283090
0.294500	-0.283860
0.295000	-0.284620
0.295500	-0.285390
0.296000	-0.286150
0.296500	-0.286910
0.297000	-0.287670
0.297500	-0.288420
0.298000	-0.289170
0.298500	-0.289910
