0.000000	-0.121240
0.000500	-0.121240
0.001000	-0.121240
0.001500	-0.121240
0.002000	-0.121240
0.002500	-0.121240
0.003000	-0.135410
0.003500	-0.158920
0.004000	-0.182370
0.004500	-0.205810
0.005000	-0.230010
0.005500	-0.259160
0.006000	-0.287630
0.006500	-0.307700
0.007000	-0.310430
0.007500	-0.283980
0.008000	-0.238840
0.008500	-0.189620
0.009000	-0.149170
0.009500	-0.111330
0.010000	-0.073368
0.010500	-0.035640
0.011000	0.000544
0.011500	0.008766
0.012000	-0.005225
0.012500	-0.017663
0.013000	-0.005558
0.013500	0.022767
0.014000	0.054318
0.014500	0.085565
0.015000	0.112980
0.015500	0.137770
0.016000	0.161860
0.016500	0.182770
0.017000	0.198050
0.017500	0.205380
0.018000	0.206880
0.018500	0.206740
0.019000	0.209120
0.019500	0.218090
0.020000	0.232090
0.020500	0.245220
0.021000	0.251490
0.021500	0.247910
0.022000	0.239130
0.022500	0.227630
0.023000	0.215760
0.023500	0.202860
0.024000	0.186070
0.024500	0.169410
0.025000	0.157080
0.025500	0.158490
0.026000	0.189590
0.026500	0.235070
0.027000	0.276740
0.027500	0.303250
0.028000	0.328910
0.028500	0.348380
0.029000	0.353600
0.029500	0.337580
0.030000	0.307560
0.030500	0.272030
0.031000	0.237820
0.031500	0.210890
0.032000	0.187260
0.032500	0.163980
0.033000	0.139580
0.033500	0.112630
0.034000	0.083750
0.034500	0.053929
0.035000	0.023575
0.035500	-0.006994
0.036000	-0.039807
0.036500	-0.074351
0.037000	-0.108560
0.037500	-0.140380
0.038000	-0.164640
0.038500	-0.179030
0.039000	-0.185810
0.039500	-0.187200
0.040000	-0.184380
0.040500	-0.177750
0.041000	-0.168390
0.041500	-0.157400
0.042000	-0.141070
0.042500	-0.118650
0.043000	-0.095666
0.043500	-0.077636
0.044000	-0.073539
0.044500	-0.088827
0.045000	-0.115990
0.045500	-0.147220
0.046000	-0.194270
0.046500	-0.276570
0.047000	-0.363340
0.047500	-0.422460
0.048000	-0.425280
0.048500	-0.374920
0.049000	-0.288220
0.049500	-0.181760
0.050000	-0.063119
0.050500	0.084639
0.051000	0.240810
0.051500	0.380450
0.052000	0.481380
0.052500	0.550790
0.053000	0.589890
0.053500	0.595030
0.054000	0.565190
0.054500	0.521980
0.055000	0.470550
0.055500	0.410300
0.056000	0.340860
0.056500	0.267840
0.057000	0.191720
0.057500	0.109390
0.058000	0.017843
0.058500	-0.082073
0.059000	-0.190270
0.059500	-0.308190
0.060000	-0.437220
0.060500	-0.575190
0.061000	-0.717730
0.061500	-0.861050
0.062000	-1.001400
0.062500	-1.136400
0.063000	-1.266600
0.063500	-1.392500
0.064000	-1.514400
0.064500	-1.611900
0.065000	-1.669100
0.065500	-1.694000
0.066000	-1.694400
0.066500	-1.670100
0.067000	-1.611600
0.067500	-1.523400
0.068000	-1.410600
0.068500	-1.259600
0.069000	-1.059900
0.069500	-0.857330
0.070000	-0.699520
0.070500	-0.603520
0.071000	-0.528430
0.071500	-0.472550
0.072000	-0.435740
0.072500	-0.419260
0.073000	-0.421120
0.073500	-0.424640
0.074000	-0.412060
0.074500	-0.373390
0.075000	-0.330420
0.075500	-0.286080
0.076000	-0.240320
0.076500	-0.193260
0.077000	-0.146120
0.077500	-0.098240
0.078000	-0.048469
0.078500	0.005176
0.079000	0.069048
0.079500	0.138640
0.080000	0.207080
0.080500	0.267860
0.081000	0.321450
0.081500	0.372040
0.082000	0.423570
0.082500	0.480190
0.083000	0.550100
0.083500	0.627630
0.084000	0.701720
0.084500	0.761610
0.085000	0.809480
0.085500	0.851350
0.086000	0.889820
0.086500	0.927500
0.087000	0.962780
0.087500	0.993490
0.088000	1.021500
0.088500	1.048500
0.089000	1.074400
0.089500	1.082600
0.090000	1.050400
0.090500	0.955030
0.091000	0.781550
0.091500	0.548870
0.092000	0.282150
0.092500	0.006390
0.093000	-0.272570
0.093500	-0.571300
0.094000	-0.869800
0.094500	-1.146900
0.095000	-1.375700
0.095500	-1.538500
0.096000	-1.642400
0.096500	-1.695000
0.097000	-1.707300
0.097500	-1.695900
0.098000	-1.660600
0.098500	-1.599500
0.099000	-1.510200
0.099500	-1.397300
0.100000	-1.278100
0.100500	-1.170800
0.101000	-1.090600
0.101500	-1.025400
0.102000	-0.975100
0.102500	-0.945600
0.103000	-0.941000
0.103500	-0.949870
0.104000	-0.968530
0.104500	-0.996680
0.105000	-1.034000
0.105500	-1.079300
0.106000	-1.129400
0.106500	-1.181100
0.107000	-1.231900
0.107500	-1.305200
0.108000	-1.396100
0.108500	-1.482700
0.109000	657.130005
0.109500	19825.000000
0.110000	53571.000000
0.110500	85696.000000
0.111000	99999.000000
0.111500	99999.000000
0.112000	99999.000000
0.112500	99999.000000
0.113000	99999.000000
0.113500	99999.000000
0.114000	99999.000000
0.114500	99999.000000
0.115000	99999.000000
0.115500	99999.000000
0.116000	99999.000000
0.116500	100000.000000
0.117000	100000.000000
0.117500	100000.000000
0.118000	100000.000000
0.118500	100000.000000
0.119000	100000.000000
0.119500	93922.000000
0.120000	64796.000000
0.120500	28173.000000
0.121000	2800.399902
0.121500	0.483850
0.122000	0.336830
0.122500	0.208410
0.123000	0.098600
0.123500	0.006062
0.124000	-0.082093
0.124500	-0.170350
0.125000	-0.260290
0.125500	-0.353410
0.126000	-0.449540
0.126500	-0.546800
0.127000	-0.643260
0.127500	-0.736740
0.128000	-0.822890
0.128500	-0.899080
0.129000	-0.963250
0.129500	-1.013300
0.130000	-1.047500
0.130500	-1.067900
0.131000	-1.077800
0.131500	-1.080300
0.132000	-1.076100
0.132500	-1.068600
0.133000	-1.062400
0.133500	-1.062300
0.134000	-1.068000
0.134500	-1.076400
0.135000	-1.088500
0.135500	-1.105300
0.136000	-1.129500
0.136500	-1.159600
0.137000	-1.189500
0.137500	-1.213400
0.138000	-1.231100
0.138500	-1.246200
0.139000	-1.258900
0.139500	-1.269200
0.140000	-1.276500
0.140500	-1.280500
0.141000	-1.282300
0.141500	-1.283200
0.142000	-1.286600
0.142500	-1.291400
0.143000	-1.285400
0.143500	-1.256300
0.144000	-1.198300
0.144500	-1.132200
0.145000	-1.062900
0.145500	-0.992920
0.146000	-0.923560
0.146500	-0.852970
0.147000	-0.782140
0.147500	-0.712530
0.148000	-0.648010
0.148500	-0.609240
0.149000	-0.592830
0.149500	-0.589210
0.150000	-0.589710
0.150500	-0.595940
0.151000	-0.608590
0.151500	-0.626840
0.152000	-0.649840
0.152500	-0.678320
0.153000	-0.716470
0.153500	-0.768840
0.154000	-0.840260
0.154500	-0.938720
0.155000	-1.054000
0.155500	-1.169700
0.156000	-1.269600
0.156500	-1.360800
0.157000	-1.447100
0.157500	-1.523900
0.158000	-1.586400
0.158500	-1.631600
0.159000	-1.662600
0.159500	-1.684000
0.160000	-1.700100
0.160500	-1.710900
0.161000	-1.714700
0.161500	-1.713700
0.162000	-1.710000
0.162500	-1.686500
0.163000	-1.624000
0.163500	-1.557200
0.164000	-1.522200
0.164500	-1.553500
0.165000	-1.652500
0.165500	-1.798900
0.166000	-1.971800
0.166500	-2.164100
0.167000	-2.402700
0.167500	-2.655900
0.168000	-2.885500
0.168500	-3.062300
0.169000	-3.196800
0.169500	-3.281800
0.170000	-3.307300
0.170500	-3.266700
0.171000	-3.186000
0.171500	-3.069300
0.172000	-2.913400
0.172500	-2.717800
0.173000	-2.511300
0.173500	-2.303500
0.174000	-2.097300
0.174500	-1.895000
0.175000	-1.694300
0.175500	-1.495000
0.176000	-1.297500
0.176500	-1.103900
0.177000	-0.928920
0.177500	-0.774430
0.178000	-0.638330
0.178500	-0.518710
0.179000	-0.418550
0.179500	-0.338740
0.180000	-0.277910
0.180500	-0.234680
0.181000	-0.201180
0.181500	-0.173720
0.182000	-0.157210
0.182500	-0.156570
0.183000	-0.167540
0.183500	-0.181000
0.184000	-0.194560
0.184500	-0.205850
0.185000	-0.216880
0.185500	-0.228150
0.186000	-0.235000
0.186500	-0.232780
0.187000	-0.216870
0.187500	-0.188250
0.188000	-0.152500
0.188500	-0.115250
0.189000	-0.080405
0.189500	-0.045728
0.190000	-0.008779
0.190500	0.032823
0.191000	0.081828
0.191500	0.139550
0.192000	0.202670
0.192500	0.267550
0.193000	0.332600
0.193500	0.402580
0.194000	0.474950
0.194500	0.546220
0.195000	0.612230
0.195500	0.662570
0.196000	0.690570
0.196500	0.691050
0.197000	0.658660
0.197500	0.591820
0.198000	0.498990
0.198500	0.389810
0.199000	0.272050
0.199500	0.138600
0.200000	-0.002684
0.200500	-0.139480
0.201000	-0.259800
0.201500	-0.362430
0.202000	-0.442970
0.202500	-0.492390
0.203000	-0.502190
0.203500	-0.485460
0.204000	-0.452610
0.204500	-0.405870
0.205000	-0.347430
0.205500	-0.280390
0.206000	-0.209530
0.206500	-0.139600
0.207000	-0.075393
0.207500	-0.017753
0.208000	0.035360
0.208500	0.083526
0.209000	0.126320
0.209500	0.160770
0.210000	0.183800
0.210500	0.194830
0.211000	0.193290
0.211500	0.180760
0.212000	0.161000
0.212500	0.133420
0.213000	0.097274
0.213500	0.053808
0.214000	0.007760
0.214500	-0.038967
0.215000	-0.084585
0.215500	-0.127980
0.216000	-0.169110
0.216500	-0.206920
0.217000	-0.240290
0.217500	-0.260510
0.218000	-0.252910
0.218500	-0.219790
0.219000	-0.164000
0.219500	-0.091585
0.220000	-0.017490
0.220500	0.056789
0.221000	0.131280
0.221500	0.205970
0.222000	0.280800
0.222500	0.355670
0.223000	0.430480
0.223500	0.505140
0.224000	0.578310
0.224500	0.647030
0.225000	0.708220
0.225500	0.759030
0.226000	0.800500
0.226500	0.835320
0.227000	0.865930
0.227500	0.894760
0.228000	0.923070
0.228500	0.951120
0.229000	0.979270
0.229500	1.007900
0.230000	1.038300
0.230500	1.069700
0.231000	1.100300
0.231500	1.128000
0.232000	1.144400
0.232500	1.151600
0.233000	1.157100
0.233500	1.168500
0.234000	1.187900
0.234500	1.210500
0.235000	1.232700
0.235500	1.250700
0.236000	1.261700
0.236500	1.267600
0.237000	1.272700
0.237500	1.281200
0.238000	1.295300
0.238500	1.313100
0.239000	1.334000
0.239500	1.358000
0.240000	1.385700
0.240500	1.418500
0.241000	1.456100
0.241500	1.498000
0.242000	1.544000
0.242500	1.594900
0.243000	1.651400
0.243500	1.713900
0.244000	1.783400
0.244500	1.859800
0.245000	1.938900
0.245500	2.016500
0.246000	2.088600
0.246500	2.155500
0.247000	2.218500
0.247500	2.278800
0.248000	2.335000
0.248500	2.375200
0.249000	2.395500
0.249500	2.392600
0.250000	2.363500
0.250500	2.307500
0.251000	2.228500
0.251500	2.130900
0.252000	2.018900
0.252500	1.896400
0.253000	1.770400
0.253500	1.648300
0.254000	1.536800
0.254500	1.431900
0.255000	1.331900
0.255500	1.236900
0.256000	1.147100
0.256500	1.063800
0.257000	0.992610
0.257500	0.940220
0.258000	0.912690
0.258500	0.898520
0.259000	0.889780
0.259500	0.885660
0.260000	0.885300
0.260500	0.886460
0.261000	0.887950
0.261500	0.889340
0.262000	0.890200
0.262500	0.890940
0.263000	0.891030
0.263500	0.888700
0.264000	0.882180
0.264500	0.864410
0.265000	0.833480
0.265500	0.795350
0.266000	0.756000
0.266500	0.716480
0.267000	0.672110
0.267500	0.627570
0.268000	0.587820
0.268500	0.556840
0.269000	0.535620
0.269500	0.525520
0.270000	0.527940
0.270500	0.539800
0.271000	0.552450
0.271500	0.565470
0.272000	0.578710
0.272500	0.592030
0.273000	0.605520
0.273500	0.619350
0.274000	0.633730
0.274500	0.652310
0.275000	0.687870
0.275500	0.738210
0.276000	0.799490
0.276500	0.868950
0.277000	0.946470
0.277500	1.027000
0.278000	1.105000
0.278500	1.175500
0.279000	1.241400
0.279500	1.304700
0.280000	1.365800
0.280500	1.425800
0.281000	1.484600
0.281500	1.533900
0.282000	1.564200
0.282500	1.567200
0.283000	1.550500
0.283500	1.525100
0.284000	1.500400
0.284500	1.485200
0.285000	1.474800
0.285500	1.464400
0.286000	1.454100
0.286500	1.443800
0.287000	1.434300
0.287500	1.425100
0.288000	1.415100
0.288500	1.401600
0.289000	1.337200
0.289500	1.222300
0.290000	1.086400
0.290500	0.959260
0.291000	0.841600
0.291500	0.718980
0.292000	0.598000
0.292500	0.485240
0.293000	0.396720
0.293500	0.342800
0.294000	0.321550
0.294500	0.331040
0.295000	0.356710
0.295500	0.385230
0.296000	0.416490
0.296500	0.450360
0.297000	0.487980
0.297500	0.529160
0.298000	0.568960
0.298500	0.602340
0.299000	0.624090
0.299500	0.635590
0.300000	0.644210
0.300500	0.657410
0.301000	0.677700
0.301500	0.698510
0.302000	0.720030
0.302500	0.742750
0.303000	0.767030
0.303500	0.792420
0.304000	0.818270
0.304500	0.843960
0.305000	0.868770
0.305500	0.891850
0.306000	0.912990
0.306500	0.932040
0.307000	0.946510
0.307500	0.946870
0.308000	0.932410
0.308500	0.903490
0.309000	0.861540
0.309500	0.816570
0.310000	0.771070
0.310500	0.725160
0.311000	0.678870
0.311500	0.631880
0.312000	0.584700
0.312500	0.538010
0.313000	0.493250
0.313500	0.457110
0.314000	0.430010
0.314500	0.410640
0.315000	0.397410
0.315500	0.386720
0.316000	0.376950
0.316500	0.367090
0.317000	0.356100
0.317500	0.342850
0.318000	0.328580
0.318500	0.315220
0.319000	0.305150
0.319500	0.311640
0.320000	0.330280
0.320500	0.347760
0.321000	0.351310
0.321500	0.347840
0.322000	0.344280
0.322500	0.340740
0.323000	0.337330
0.323500	0.334050
0.324000	0.330790
0.324500	0.327550
0.325000	0.324310
0.325500	0.323840
0.326000	0.326280
0.326500	0.327700
0.327000	0.324170
0.327500	0.297800
0.328000	0.245260
0.328500	0.184470
0.329000	0.133370
0.329500	0.098873
0.330000	0.066945
0.330500	0.037824
0.331000	0.012323
0.331500	-0.009841
0.332000	-0.028514
0.332500	-0.039995
0.333000	-0.040495
0.333500	-0.030131
0.334000	-0.015847
0.334500	0.000990
0.335000	0.019222
0.335500	0.038946
0.336000	0.062669
0.336500	0.086386
0.337000	0.105440
0.337500	0.114800
0.338000	0.113120
0.338500	0.106710
0.339000	0.102340
0.339500	0.104960
0.340000	0.110280
0.340500	0.116280
0.341000	0.121510
0.341500	0.122780
0.342000	0.115150
0.342500	0.105230
0.343000	0.100630
0.343500	0.109140
0.344000	0.134320
0.344500	0.168440
0.345000	0.202460
0.345500	0.228850
0.346000	0.253700
0.346500	0.274190
0.347000	0.284270
0.347500	0.277010
0.348000	0.245010
0.348500	0.199460
0.349000	0.154720
0.349500	0.124610
0.350000	0.102020
0.350500	0.080116
0.351000	0.059397
0.351500	0.040327
0.352000	0.022689
0.352500	0.006492
0.353000	-0.007948
0.353500	-0.020244
0.354000	-0.027748
0.354500	-0.029134
0.355000	-0.024244
0.355500	-0.012959
0.356000	0.003214
0.356500	0.022489
0.357000	0.043556
0.357500	0.065112
0.358000	0.092273
0.358500	0.125110
0.359000	0.154730
0.359500	0.172280
0.360000	0.166160
0.360500	0.140440
0.361000	0.109720
0.361500	0.088598
0.362000	0.077151
0.362500	0.066535
0.363000	0.057934
0.363500	0.052535
0.364000	0.052745
0.364500	0.059122
0.365000	0.067134
0.365500	0.072134
0.366000	0.066076
0.366500	0.047610
0.367000	0.030819
0.367500	0.030123
0.368000	0.048228
0.368500	0.067506
0.369000	0.087155
0.369500	0.107010
0.370000	0.126910
0.370500	0.146820
0.371000	0.166740
0.371500	0.186680
0.372000	0.207020
0.372500	0.228810
0.373000	0.250940
0.373500	0.272130
0.374000	0.289830
0.374500	0.298900
0.375000	0.300530
0.375500	0.296600
0.376000	0.289400
0.376500	0.281890
0.377000	0.274310
0.377500	0.266670
0.378000	0.258960
0.378500	0.251160
0.379000	0.243330
0.379500	0.235510
0.380000	0.228490
0.380500	0.227590
0.381000	0.230010
0.381500	0.230990
0.382000	0.223900
0.382500	0.194140
0.383000	0.154410
0.383500	0.123080
0.384000	0.115610
0.384500	0.117100
0.385000	0.120390
0.385500	0.123530
0.386000	0.124590
0.386500	0.121910
0.387000	0.117780
0.387500	0.115520
0.388000	0.118900
0.388500	0.141990
0.389000	0.179630
0.389500	0.217540
0.390000	0.241920
0.390500	0.258740
0.391000	0.274700
0.391500	0.289870
0.392000	0.304250
0.392500	0.316020
0.393000	0.326030
0.393500	0.336500
0.394000	0.349670
0.394500	0.377960
0.395000	0.422530
0.395500	0.468700
0.396000	0.501790
0.396500	0.520790
0.397000	0.534880
0.397500	0.544630
0.398000	0.550640
0.398500	0.548820
0.399000	0.540440
0.399500	0.534040
0.400000	0.538170
0.400500	0.555080
0.401000	0.578140
0.401500	0.602660
0.402000	0.623930
0.402500	0.639930
0.403000	0.653870
0.403500	0.665640
0.404000	0.674960
0.404500	0.676180
0.405000	0.663980
0.405500	0.649010
0.406000	0.642300
0.406500	0.650230
0.407000	0.667280
0.407500	0.691480
0.408000	0.721060
0.408500	0.759160
0.409000	0.809440
0.409500	0.861710
0.410000	0.905380
0.410500	0.932510
0.411000	0.948750
0.411500	0.957580
0.412000	0.961640
0.412500	0.965170
0.413000	0.970700
0.413500	0.966430
0.414000	0.939420
0.414500	0.884540
0.415000	0.826330
0.415500	0.767970
0.416000	0.709550
0.416500	0.651100
0.417000	0.592620
0.417500	0.534140
0.418000	0.475700
0.418500	0.418050
0.419000	0.366700
0.419500	0.320290
0.420000	0.275710
0.420500	0.228940
0.421000	0.175480
0.421500	0.129370
0.422000	0.107810
0.422500	0.124250
0.423000	0.154440
0.423500	0.188050
0.424000	0.222010
0.424500	0.254030
0.425000	0.287930
0.425500	0.321430
0.426000	0.350420
0.426500	0.370070
0.427000	0.358650
0.427500	0.321640
0.428000	0.278280
0.428500	0.247200
0.429000	0.223290
0.429500	0.199810
0.430000	0.177740
0.430500	0.158240
0.431000	0.145900
0.431500	0.138630
0.432000	0.131230
0.432500	0.118350
0.433000	0.093666
0.433500	0.062562
0.434000	0.034116
0.434500	0.017410
0.435000	0.011849
0.435500	0.009979
0.436000	0.010594
0.436500	0.012486
0.437000	0.013186
0.437500	0.013723
0.438000	0.018136
0.438500	0.030466
0.439000	0.049552
0.439500	0.070767
0.440000	0.092946
0.440500	0.114920
0.441000	0.139610
0.441500	0.166830
0.442000	0.190720
0.442500	0.205440
0.443000	0.197640
0.443500	0.166840
0.444000	0.126460
0.444500	0.089891
0.445000	0.062938
0.445500	0.036587
0.446000	0.011455
0.446500	-0.011449
0.447000	-0.026679
0.447500	-0.026431
0.448000	-0.013745
0.448500	0.008030
0.449000	0.036811
0.449500	0.071288
0.450000	0.107180
0.450500	0.140120
0.451000	0.168060
0.451500	0.193210
0.452000	0.214640
0.452500	0.231320
0.453000	0.239950
0.453500	0.232520
0.454000	0.212280
0.454500	0.183610
0.455000	0.145920
0.455500	0.089129
0.456000	0.029036
0.456500	-0.015967
0.457000	-0.034926
0.457500	-0.047994
0.458000	-0.058340
0.458500	-0.066334
0.459000	-0.072116
0.459500	-0.075874
0.460000	-0.079585
0.460500	-0.085375
0.461000	-0.095159
0.461500	-0.107960
0.462000	-0.122120
0.462500	-0.136210
0.463000	-0.148920
0.463500	-0.160290
0.464000	-0.170550
0.464500	-0.179820
0.465000	-0.187300
0.465500	-0.185530
0.466000	-0.174690
0.466500	-0.157110
0.467000	-0.133140
0.467500	-0.091116
0.468000	-0.041438
0.468500	0.000231
0.469000	0.020868
0.469500	0.034299
0.470000	0.045530
0.470500	0.054586
0.471000	0.061514
0.471500	0.067144
0.472000	0.072184
0.472500	0.077035
0.473000	0.082158
0.473500	0.089728
0.474000	0.100720
0.474500	0.115160
0.475000	46.081001
0.475500	1458.800049
0.476000	4255.200195
0.476500	7633.399902
0.477000	10878.000000
0.477500	15788.000000
0.478000	22060.000000
0.478500	27907.000000
0.479000	31543.000000
0.479500	27702.000000
0.480000	16737.000000
0.480500	5289.799805
0.481000	-0.412100
0.481500	-0.677770
0.482000	-0.806140
0.482500	-0.718240
0.483000	-0.335070
0.483500	0.357760
0.484000	1.141100
0.484500	1.743600
0.485000	1.893800
0.485500	1.652500
0.486000	1.314800
0.486500	0.960700
0.487000	0.670360
0.487500	0.436510
0.488000	0.209960
0.488500	0.007728
0.489000	-0.153110
0.489500	-0.222410
0.490000	-0.142780
0.490500	0.053347
