0.000000	0.991390
0.000500	0.991390
0.001000	0.991390
0.001500	0.991390
0.002000	0.991390
0.002500	0.991390
0.003000	0.991390
0.003500	0.991390
0.004000	0.991390
0.004500	0.991390
0.005000	0.991390
0.005500	0.991390
0.006000	0.991390
0.006500	0.991390
0.007000	0.991390
0.007500	0.991390
0.008000	0.991390
0.008500	0.991390
0.009000	0.991390
0.009500	0.991390
0.010000	0.991390
0.010500	0.991390
0.011000	0.991390
0.011500	0.991390
0.012000	0.991390
0.012500	0.991390
0.013000	0.991390
0.013500	0.991390
0.014000	0.991380
0.014500	0.991380
0.015000	0.991380
0.015500	0.991380
0.016000	0.991380
0.016500	0.991380
0.017000	0.991380
0.017500	0.991380
0.018000	0.991380
0.018500	0.991380
0.019000	0.991380
0.019500	0.991380
0.020000	0.991370
0.020500	0.991370
0.021000	0.991370
0.021500	0.991370
0.022000	0.991370
0.022500	0.991370
0.023000	0.991370
0.023500	0.991370
0.024000	0.991370
0.024500	0.991370
0.025000	0.991370
0.025500	0.991370
0.026000	0.991370
0.026500	0.991370
0.027000	0.991370
0.027500	0.991370
0.028000	0.991370
0.028500	0.991370
0.029000	0.991370
0.029500	0.991370
0.030000	0.991370
0.030500	0.991370
0.031000	0.991370
0.031500	0.991360
0.032000	0.991360
0.032500	0.991360
0.033000	0.991360
0.033500	0.991360
0.034000	0.991360
0.034500	0.991350
0.035000	0.991350
0.035500	0.991350
0.036000	0.991350
0.036500	0.991340
0.037000	0.991340
0.037500	0.991340
0.038000	0.991340
0.038500	0.991330
0.039000	0.991330
0.039500	0.991330
0.040000	0.991320
0.040500	0.991320
0.041000	0.991320
0.041500	0.991310
0.042000	0.991310
0.042500	0.991310
0.043000	0.991310
0.043500	0.991300
0.044000	0.991300
0.044500	0.991300
0.045000	0.991290
0.045500	0.991290
0.046000	0.991290
0.046500	0.991290
0.047000	0.991280
0.047500	0.991280
0.048000	0.991280
0.048500	0.991280
0.049000	0.991270
0.049500	0.991270
0.050000	0.991260
0.050500	0.991260
0.051000	0.991250
0.051500	0.991250
0.052000	0.991240
0.052500	0.991230
0.053000	0.991220
0.053500	0.991210
0.054000	0.991200
0.054500	0.991190
0.055000	0.991170
0.055500	0.991160
0.056000	0.991140
0.056500	0.991120
0.057000	0.991100
0.057500	0.991080
0.058000	0.991060
0.058500	0.991040
0.059000	0.991010
0.059500	0.990980
0.060000	0.990950
0.060500	0.990930
0.061000	0.990890
0.061500	0.990860
0.062000	0.990830
0.062500	0.990800
0.063000	0.990770
0.063500	0.990730
0.064000	0.990700
0.064500	0.990670
0.065000	0.990630
0.065500	0.990600
0.066000	0.990570
0.066500	0.990530
0.067000	0.990500
0.067500	0.990470
0.068000	0.990430
0.068500	0.990400
0.069000	0.990370
0.069500	0.990340
0.070000	0.990310
0.070500	0.990290
0.071000	0.990270
0.071500	0.990250
0.072000	0.990240
0.072500	0.990230
0.073000	0.990240
0.073500	0.990250
0.074000	0.990270
0.074500	0.990310
0.075000	0.990350
0.075500	0.990400
0.076000	0.990470
0.076500	0.990550
0.077000	0.990640
0.077500	0.990740
0.078000	0.990860
0.078500	0.991000
0.079000	0.991140
0.079500	0.991310
0.080000	0.991490
0.080500	0.991680
0.081000	0.991900
0.081500	0.992120
0.082000	0.992350
0.082500	0.992600
0.083000	0.992850
0.083500	0.993100
0.084000	0.993350
0.084500	0.993600
0.085000	0.993850
0.085500	0.994090
0.086000	0.994310
0.086500	0.994530
0.087000	0.994730
0.087500	0.994910
0.088000	0.995080
0.088500	0.995230
0.089000	0.995360
0.089500	0.995470
0.090000	0.995570
0.090500	0.995650
0.091000	0.995730
0.091500	0.995790
0.092000	0.995840
0.092500	0.995900
0.093000	0.995950
0.093500	0.995990
0.094000	0.996040
0.094500	0.996100
0.095000	0.996160
0.095500	0.996230
0.096000	0.996320
0.096500	0.996450
0.097000	0.996610
0.097500	0.996820
0.098000	0.997060
0.098500	0.997340
0.099000	0.997640
0.099500	0.997940
0.100000	0.998230
0.100500	0.998500
0.101000	0.998730
0.101500	0.998920
0.102000	0.999060
0.102500	0.999180
0.103000	0.999270
0.103500	0.999340
0.104000	0.999400
0.104500	0.999460
0.105000	0.999520
0.105500	0.999580
0.106000	0.999650
0.106500	0.999710
0.107000	0.999770
0.107500	0.999830
0.108000	0.999880
0.108500	0.999920
0.109000	0.999940
0.109500	0.999950
0.110000	0.999950
0.110500	0.999920
0.111000	0.999880
0.111500	0.999820
0.112000	0.999740
0.112500	0.999650
0.113000	0.999540
0.113500	0.999420
0.114000	0.999290
0.114500	0.999150
0.115000	0.998990
0.115500	0.998830
0.116000	0.998670
0.116500	0.998490
0.117000	0.998310
0.117500	0.998120
0.118000	0.997930
0.118500	0.997730
0.119000	0.997530
0.119500	0.997320
0.120000	0.997110
0.120500	0.996890
0.121000	0.996680
0.121500	0.996470
0.122000	0.996260
0.122500	0.996050
0.123000	0.995850
0.123500	0.995660
0.124000	0.995470
0.124500	0.995290
0.125000	0.995110
0.125500	0.994930
0.126000	0.994750
0.126500	0.994570
0.127000	0.994380
0.127500	0.994180
0.128000	0.993970
0.128500	0.993750
0.129000	0.993520
0.129500	0.993280
0.130000	0.993020
0.130500	0.992760
0.131000	0.992490
0.131500	0.992210
0.132000	0.991930
0.132500	0.991650
0.133000	0.991360
0.133500	0.991060
0.134000	0.990770
0.134500	0.990470
0.135000	0.990170
0.135500	0.989870
0.136000	0.989560
0.136500	0.989250
0.137000	0.988940
0.137500	0.988620
0.138000	0.988310
0.138500	0.988000
0.139000	0.987690
0.139500	0.987380
0.140000	0.987080
0.140500	0.986790
0.141000	0.986520
0.141500	0.986250
0.142000	0.986000
0.142500	0.985770
0.143000	0.985550
0.143500	0.985350
0.144000	0.985170
0.144500	0.985010
0.145000	0.984860
0.145500	0.984730
0.146000	0.984620
0.146500	0.984530
0.147000	0.984450
0.147500	0.984400
0.148000	0.984360
0.148500	0.984340
0.149000	0.984340
0.149500	0.984360
0.150000	0.984400
0.150500	0.984470
0.151000	0.984550
0.151500	0.984660
0.152000	0.984790
0.152500	0.984940
0.153000	0.985110
0.153500	0.985290
0.154000	0.985480
0.154500	0.985690
0.155000	0.985910
0.155500	0.986150
0.156000	0.986390
0.156500	0.986640
0.157000	0.986890
0.157500	0.987160
0.158000	0.987430
0.158500	0.987710
0.159000	0.988000
0.159500	0.988290
0.160000	0.988600
0.160500	0.988910
0.161000	0.989230
0.161500	0.989550
0.162000	0.989880
0.162500	0.990220
0.163000	0.990560
0.163500	0.990900
0.164000	0.991230
0.164500	0.991570
0.165000	0.991900
0.165500	0.992220
0.166000	0.992530
0.166500	0.992830
0.167000	0.993120
0.167500	0.993400
0.168000	0.993660
0.168500	0.993910
0.169000	0.994140
0.169500	0.994360
0.170000	0.994560
0.170500	0.994750
0.171000	0.994920
0.171500	0.995070
0.172000	0.995210
0.172500	0.995330
0.173000	0.995430
0.173500	0.995520
0.174000	0.995600
0.174500	0.995660
0.175000	0.995700
0.175500	0.995740
0.176000	0.995760
0.176500	0.995770
0.177000	0.995770
0.177500	0.995760
0.178000	0.995740
0.178500	0.995710
0.179000	0.995670
0.179500	0.995630
0.180000	0.995570
0.180500	0.995510
0.181000	0.995440
0.181500	0.995360
0.182000	0.995280
0.182500	0.995180
0.183000	0.995080
0.183500	0.994970
0.184000	0.994850
0.184500	0.994730
0.185000	0.994600
0.185500	0.994460
0.186000	0.994310
0.186500	0.994160
0.187000	0.994000
0.187500	0.993830
0.188000	0.993650
0.188500	0.993470
0.189000	0.993290
0.189500	0.993090
0.190000	0.992890
0.190500	0.992690
0.191000	0.992480
0.191500	0.992270
0.192000	0.992060
0.192500	0.991840
0.193000	0.991630
0.193500	0.991420
0.194000	0.991210
0.194500	0.991000
0.195000	0.990790
0.195500	0.990590
0.196000	0.990400
0.196500	0.990210
0.197000	0.990030
0.197500	0.989860
0.198000	0.989700
0.198500	0.989540
0.199000	0.989400
0.199500	0.989260
0.200000	0.989130
0.200500	0.989020
0.201000	0.988910
0.201500	0.988810
0.202000	0.988730
0.202500	0.988650
0.203000	0.988580
0.203500	0.988510
0.204000	0.988460
0.204500	0.988400
0.205000	0.988360
0.205500	0.988310
0.206000	0.988270
0.206500	0.988230
0.207000	0.988190
0.207500	0.988150
0.208000	0.988100
0.208500	0.988060
0.209000	0.988010
0.209500	0.987960
0.210000	0.987910
0.210500	0.987850
0.211000	0.987780
0.211500	0.987720
0.212000	0.987640
0.212500	0.987560
0.213000	0.987470
0.213500	0.987380
0.214000	0.987290
0.214500	0.987190
0.215000	0.987080
0.215500	0.986970
0.216000	0.986850
0.216500	0.986730
0.217000	0.986610
0.217500	0.986480
0.218000	0.986340
0.218500	0.986210
0.219000	0.986060
0.219500	0.985920
0.220000	0.985770
0.220500	0.985620
0.221000	0.985460
0.221500	0.985300
0.222000	0.985130
0.222500	0.984960
0.223000	0.984790
0.223500	0.984610
0.224000	0.984440
0.224500	0.984250
0.225000	0.984070
0.225500	0.983880
0.226000	0.983690
0.226500	0.983490
0.227000	0.983300
0.227500	0.983100
0.228000	0.982900
0.228500	0.982700
0.229000	0.982510
0.229500	0.982310
0.230000	0.982110
0.230500	0.981920
0.231000	0.981720
0.231500	0.981530
0.232000	0.981350
0.232500	0.981160
0.233000	0.980980
0.233500	0.980810
0.234000	0.980630
0.234500	0.980470
0.235000	0.980300
0.235500	0.980140
0.236000	0.979980
0.236500	0.979820
0.237000	0.979660
0.237500	0.979500
0.238000	0.979350
0.238500	0.979190
0.239000	0.979040
0.239500	0.978880
0.240000	0.978720
0.240500	0.978550
0.241000	0.978390
0.241500	0.978220
0.242000	0.978050
0.242500	0.977870
0.243000	0.977700
0.243500	0.977510
0.244000	0.977330
0.244500	0.977140
0.245000	0.976940
0.245500	0.976740
0.246000	0.976540
0.246500	0.976330
0.247000	0.976120
0.247500	0.975910
0.248000	0.975700
0.248500	0.975480
0.249000	0.975260
0.249500	0.975040
0.250000	0.974820
0.250500	0.974600
0.251000	0.974380
0.251500	0.974160
0.252000	0.973940
0.252500	0.973720
0.253000	0.973500
0.253500	0.973290
0.254000	0.973070
0.254500	0.972860
0.255000	0.972650
0.255500	0.972450
0.256000	0.972240
0.256500	0.972040
0.257000	0.971840
0.257500	0.971650
0.258000	0.971460
0.258500	0.971270
0.259000	0.971080
0.259500	0.970900
0.260000	0.970720
0.260500	0.970550
0.261000	0.970370
0.261500	0.970200
0.262000	0.970030
0.262500	0.969860
0.263000	0.969690
0.263500	0.969520
0.264000	0.969350
0.264500	0.969180
0.265000	0.969010
0.265500	0.968830
0.266000	0.968660
0.266500	0.968480
0.267000	0.968300
0.267500	0.968110
0.268000	0.967930
0.268500	0.967740
0.269000	0.967550
0.269500	0.967350
0.270000	0.967160
0.270500	0.966960
0.271000	0.966760
0.271500	0.966550
0.272000	0.966350
0.272500	0.966140
0.273000	0.965930
0.273500	0.965720
0.274000	0.965500
0.274500	0.965290
0.275000	0.965070
0.275500	0.964850
0.276000	0.964630
0.276500	0.964410
0.277000	0.964190
0.277500	0.963970
0.278000	0.963740
0.278500	0.963520
0.279000	0.963300
0.279500	0.963080
0.280000	0.962850
0.280500	0.962630
0.281000	0.962410
0.281500	0.962190
0.282000	0.961980
0.282500	0.961760
0.283000	0.961540
0.283500	0.961330
0.284000	0.961120
0.284500	0.960900
0.285000	0.960690
0.285500	0.960480
0.286000	0.960270
0.286500	0.960060
0.287000	0.959850
0.287500	0.959630
0.288000	0.959420
0.288500	0.959210
0.289000	0.958990
0.289500	0.958770
0.290000	0.958550
0.290500	0.958330
0.291000	0.958110
0.291500	0.957890
0.292000	0.957660
0.292500	0.957440
0.293000	0.957210
0.293500	0.956980
0.294000	0.956750
0.294500	0.956520
0.295000	0.956290
0.295500	0.956060
0.296000	0.955830
0.296500	0.955590
0.297000	0.955360
0.297500	0.955130
0.298000	0.954890
0.298500	0.954660
