0.000000	-0.002523
0.000500	-0.002523
0.001000	-0.002524
0.001500	-0.002524
0.002000	-0.002526
0.002500	-0.002527
0.003000	-0.002529
0.003500	-0.002531
0.004000	-0.002534
0.004500	-0.002536
0.005000	-0.002539
0.005500	-0.002543
0.006000	-0.002547
0.006500	-0.002551
0.007000	-0.002556
0.007500	-0.002561
0.008000	-0.002566
0.008500	-0.002573
0.009000	-0.002579
0.009500	-0.002587
0.010000	-0.002595
0.010500	-0.002603
0.011000	-0.002612
0.011500	-0.002621
0.012000	-0.002631
0.012500	-0.002642
0.013000	-0.002653
0.013500	-0.002665
0.014000	-0.002677
0.014500	-0.002689
0.015000	-0.002702
0.015500	-0.002716
0.016000	-0.002729
0.016500	-0.002743
0.017000	-0.002758
0.017500	-0.002773
0.018000	-0.002788
0.018500	-0.002803
0.019000	-0.002819
0.019500	-0.002835
0.020000	-0.002851
0.020500	-0.002867
0.021000	-0.002884
0.021500	-0.002901
0.022000	-0.002918
0.022500	-0.002936
0.023000	-0.002954
0.023500	-0.002972
0.024000	-0.002991
0.024500	-0.003009
0.025000	-0.003028
0.025500	-0.003048
0.026000	-0.003067
0.026500	-0.003087
0.027000	-0.003106
0.027500	-0.003126
0.028000	-0.003147
0.028500	-0.003168
0.029000	-0.003189
0.029500	-0.003211
0.030000	-0.003233
0.030500	-0.003256
0.031000	-0.003279
0.031500	-0.003302
0.032000	-0.003326
0.032500	-0.003351
0.033000	-0.003376
0.033500	-0.003402
0.034000	-0.003429
0.034500	-0.003456
0.035000	-0.003483
0.035500	-0.003511
0.036000	-0.003539
0.036500	-0.003568
0.037000	-0.003596
0.037500	-0.003625
0.038000	-0.003655
0.038500	-0.003684
0.039000	-0.003714
0.039500	-0.003744
0.040000	-0.003774
0.040500	-0.003804
0.041000	-0.003834
0.041500	-0.003864
0.042000	-0.003895
0.042500	-0.003925
0.043000	-0.003955
0.043500	-0.003985
0.044000	-0.004015
0.044500	-0.004045
0.045000	-0.004075
0.045500	-0.004104
0.046000	-0.004134
0.046500	-0.004164
0.047000	-0.004194
0.047500	-0.004224
0.048000	-0.004254
0.048500	-0.004285
0.049000	-0.004315
0.049500	-0.004346
0.050000	-0.004378
0.050500	-0.004409
0.051000	-0.004442
0.051500	-0.004475
0.052000	-0.004509
0.052500	-0.004545
0.053000	-0.004581
0.053500	-0.004618
0.054000	-0.004656
0.054500	-0.004695
0.055000	-0.004736
0.055500	-0.004778
0.056000	-0.004821
0.056500	-0.004867
0.057000	-0.004914
0.057500	-0.004962
0.058000	-0.005013
0.058500	-0.005064
0.059000	-0.005117
0.059500	-0.005172
0.060000	-0.005228
0.060500	-0.005285
0.061000	-0.005344
0.061500	-0.005405
0.062000	-0.005467
0.062500	-0.005532
0.063000	-0.005598
0.063500	-0.005666
0.064000	-0.005737
0.064500	-0.005811
0.065000	-0.005888
0.065500	-0.005970
0.066000	-0.006056
0.066500	-0.006146
0.067000	-0.006241
0.067500	-0.006338
0.068000	-0.006439
0.068500	-0.006543
0.069000	-0.006649
0.069500	-0.006759
0.070000	-0.006873
0.070500	-0.006992
0.071000	-0.007116
0.071500	-0.007245
0.072000	-0.007379
0.072500	-0.007519
0.073000	-0.007663
0.073500	-0.007812
0.074000	-0.007965
0.074500	-0.008123
0.075000	-0.008285
0.075500	-0.008451
0.076000	-0.008623
0.076500	-0.008800
0.077000	-0.008982
0.077500	-0.009169
0.078000	-0.009360
0.078500	-0.009557
0.079000	-0.009759
0.079500	-0.009966
0.080000	-0.010180
0.080500	-0.010400
0.081000	-0.010627
0.081500	-0.010860
0.082000	-0.011100
0.082500	-0.011346
0.083000	-0.011597
0.083500	-0.011851
0.084000	-0.012107
0.084500	-0.012362
0.085000	-0.012614
0.085500	-0.012861
0.086000	-0.013099
0.086500	-0.013328
0.087000	-0.013545
0.087500	-0.013750
0.088000	-0.013937
0.088500	-0.014104
0.089000	-0.014243
0.089500	-0.014347
0.090000	-0.014410
0.090500	-0.014424
0.091000	-0.014385
0.091500	-0.014286
0.092000	-0.014119
0.092500	-0.013874
0.093000	-0.013545
0.093500	-0.013127
0.094000	-0.012616
0.094500	-0.012005
0.095000	-0.011290
0.095500	-0.010465
0.096000	-0.009519
0.096500	-0.008436
0.097000	-0.007197
0.097500	-0.005786
0.098000	-0.004186
0.098500	-0.002385
0.099000	-0.000371
0.099500	0.001864
0.100000	0.004326
0.100500	0.007017
0.101000	0.009938
0.101500	0.013084
0.102000	0.016451
0.102500	0.020036
0.103000	0.023836
0.103500	0.027848
0.104000	0.032075
0.104500	0.036520
0.105000	0.041186
0.105500	0.046079
0.106000	0.051200
0.106500	0.056549
0.107000	0.062127
0.107500	0.067936
0.108000	0.073978
0.108500	0.080256
0.109000	0.086774
0.109500	0.093537
0.110000	0.100540
0.110500	0.107760
0.111000	0.115190
0.111500	0.122780
0.112000	0.130530
0.112500	0.138390
0.113000	0.146350
0.113500	0.154420
0.114000	0.162570
0.114500	0.170830
0.115000	0.179170
0.115500	0.187610
0.116000	0.196120
0.116500	0.204710
0.117000	0.213350
0.117500	0.222050
0.118000	0.230790
0.118500	0.239590
0.119000	0.248430
0.119500	0.257310
0.120000	0.266220
0.120500	0.275150
0.121000	0.284070
0.121500	0.292980
0.122000	0.301860
0.122500	0.310690
0.123000	0.319450
0.123500	0.328160
0.124000	0.336790
0.124500	0.345350
0.125000	0.353830
0.125500	0.362230
0.126000	0.370550
0.126500	0.378780
0.127000	0.386930
0.127500	0.394990
0.128000	0.402950
0.128500	0.410820
0.129000	0.418590
0.129500	0.426250
0.130000	0.433780
0.130500	0.441180
0.131000	0.448440
0.131500	0.455560
0.132000	0.462540
0.132500	0.469360
0.133000	0.476030
0.133500	0.482560
0.134000	0.488940
0.134500	0.495170
0.135000	0.501250
0.135500	0.507170
0.136000	0.512950
0.136500	0.518570
0.137000	0.524070
0.137500	0.529440
0.138000	0.534700
0.138500	0.539850
0.139000	0.544900
0.139500	0.549840
0.140000	0.554670
0.140500	0.559380
0.141000	0.563990
0.141500	0.568500
0.142000	0.572910
0.142500	0.577240
0.143000	0.581470
0.143500	0.585620
0.144000	0.589690
0.144500	0.593680
0.145000	0.597590
0.145500	0.601420
0.146000	0.605180
0.146500	0.608870
0.147000	0.612510
0.147500	0.616080
0.148000	0.619600
0.148500	0.623060
0.149000	0.626460
0.149500	0.629810
0.150000	0.633120
0.150500	0.636370
0.151000	0.639580
0.151500	0.642740
0.152000	0.645850
0.152500	0.648920
0.153000	0.651940
0.153500	0.654910
0.154000	0.657840
0.154500	0.660720
0.155000	0.663560
0.155500	0.666350
0.156000	0.669090
0.156500	0.671780
0.157000	0.674410
0.157500	0.677000
0.158000	0.679530
0.158500	0.682000
0.159000	0.684410
0.159500	0.686770
0.160000	0.689060
0.160500	0.691300
0.161000	0.693470
0.161500	0.695580
0.162000	0.697620
0.162500	0.699590
0.163000	0.701500
0.163500	0.703350
0.164000	0.705120
0.164500	0.706830
0.165000	0.708470
0.165500	0.710040
0.166000	0.711530
0.166500	0.712940
0.167000	0.714270
0.167500	0.715510
0.168000	0.716670
0.168500	0.717750
0.169000	0.718740
0.169500	0.719650
0.170000	0.720480
0.170500	0.721230
0.171000	0.721900
0.171500	0.722490
0.172000	0.723010
0.172500	0.723450
0.173000	0.723820
0.173500	0.724110
0.174000	0.724340
0.174500	0.724490
0.175000	0.724590
0.175500	0.724610
0.176000	0.724580
0.176500	0.724480
0.177000	0.724320
0.177500	0.724100
0.178000	0.723830
0.178500	0.723500
0.179000	0.723130
0.179500	0.722700
0.180000	0.722220
0.180500	0.721700
0.181000	0.721130
0.181500	0.720520
0.182000	0.719860
0.182500	0.719150
0.183000	0.718400
0.183500	0.717610
0.184000	0.716770
0.184500	0.715890
0.185000	0.714970
0.185500	0.714000
0.186000	0.712990
0.186500	0.711940
0.187000	0.710850
0.187500	0.709710
0.188000	0.708540
0.188500	0.707320
0.189000	0.706070
0.189500	0.704780
0.190000	0.703450
0.190500	0.702080
0.191000	0.700670
0.191500	0.699230
0.192000	0.697740
0.192500	0.696220
0.193000	0.694670
0.193500	0.693070
0.194000	0.691440
0.194500	0.689770
0.195000	0.688060
0.195500	0.686320
0.196000	0.684540
0.196500	0.682720
0.197000	0.680870
0.197500	0.678980
0.198000	0.677050
0.198500	0.675090
0.199000	0.673090
0.199500	0.671060
0.200000	0.668990
0.200500	0.666890
0.201000	0.664750
0.201500	0.662570
0.202000	0.660370
0.202500	0.658130
0.203000	0.655850
0.203500	0.653540
0.204000	0.651200
0.204500	0.648820
0.205000	0.646410
0.205500	0.643970
0.206000	0.641490
0.206500	0.638990
0.207000	0.636450
0.207500	0.633890
0.208000	0.631300
0.208500	0.628680
0.209000	0.626040
0.209500	0.623370
0.210000	0.620670
0.210500	0.617940
0.211000	0.615190
0.211500	0.612420
0.212000	0.609620
0.212500	0.606790
0.213000	0.603940
0.213500	0.601070
0.214000	0.598170
0.214500	0.595250
0.215000	0.592300
0.215500	0.589330
0.216000	0.586330
0.216500	0.583320
0.217000	0.580280
0.217500	0.577220
0.218000	0.574150
0.218500	0.571060
0.219000	0.567950
0.219500	0.564820
0.220000	0.561680
0.220500	0.558520
0.221000	0.555350
0.221500	0.552160
0.222000	0.548950
0.222500	0.545720
0.223000	0.542480
0.223500	0.539220
0.224000	0.535950
0.224500	0.532670
0.225000	0.529370
0.225500	0.526050
0.226000	0.522730
0.226500	0.519390
0.227000	0.516030
0.227500	0.512670
0.228000	0.509300
0.228500	0.505910
0.229000	0.502520
0.229500	0.499110
0.230000	0.495690
0.230500	0.492260
0.231000	0.488820
0.231500	0.485370
0.232000	0.481910
0.232500	0.478440
0.233000	0.474960
0.233500	0.471480
0.234000	0.467990
0.234500	0.464490
0.235000	0.460980
0.235500	0.457470
0.236000	0.453950
0.236500	0.450430
0.237000	0.446900
0.237500	0.443380
0.238000	0.439850
0.238500	0.436330
0.239000	0.432800
0.239500	0.429280
0.240000	0.425750
0.240500	0.422230
0.241000	0.418710
0.241500	0.415200
0.242000	0.411680
0.242500	0.408170
0.243000	0.404670
0.243500	0.401170
0.244000	0.397680
0.244500	0.394190
0.245000	0.390720
0.245500	0.387250
0.246000	0.383790
0.246500	0.380340
0.247000	0.376900
0.247500	0.373470
0.248000	0.370050
0.248500	0.366650
0.249000	0.363260
0.249500	0.359880
0.250000	0.356520
0.250500	0.353160
0.251000	0.349830
0.251500	0.346510
0.252000	0.343200
0.252500	0.339900
0.253000	0.336630
0.253500	0.333370
0.254000	0.330120
0.254500	0.326890
0.255000	0.323680
0.255500	0.320490
0.256000	0.317310
0.256500	0.314150
0.257000	0.311010
0.257500	0.307890
0.258000	0.304780
0.258500	0.301700
0.259000	0.298630
0.259500	0.295580
0.260000	0.292540
0.260500	0.289530
0.261000	0.286540
0.261500	0.283560
0.262000	0.280600
0.262500	0.277660
0.263000	0.274740
0.263500	0.271850
0.264000	0.268970
0.264500	0.266110
0.265000	0.263270
0.265500	0.260450
0.266000	0.257660
0.266500	0.254880
0.267000	0.252130
0.267500	0.249390
0.268000	0.246680
0.268500	0.243990
0.269000	0.241310
0.269500	0.238660
0.270000	0.236030
0.270500	0.233420
0.271000	0.230840
0.271500	0.228270
0.272000	0.225730
0.272500	0.223210
0.273000	0.220710
0.273500	0.218240
0.274000	0.215790
0.274500	0.213360
0.275000	0.210960
0.275500	0.208580
0.276000	0.206230
0.276500	0.203900
0.277000	0.201590
0.277500	0.199310
0.278000	0.197050
0.278500	0.194820
0.279000	0.192610
0.279500	0.190430
0.280000	0.188270
0.280500	0.186130
0.281000	0.184010
0.281500	0.181920
0.282000	0.179850
0.282500	0.177810
0.283000	0.175780
0.283500	0.173780
0.284000	0.171800
0.284500	0.169840
0.285000	0.167900
0.285500	0.165990
0.286000	0.164100
0.286500	0.162220
0.287000	0.160370
0.287500	0.158540
0.288000	0.156740
0.288500	0.154950
0.289000	0.153180
0.289500	0.151440
0.290000	0.149720
0.290500	0.148010
0.291000	0.146330
0.291500	0.144670
0.292000	0.143030
0.292500	0.141400
0.293000	0.139800
0.293500	0.138220
0.294000	0.136650
0.294500	0.135110
0.295000	0.133580
0.295500	0.132070
0.296000	0.130590
0.296500	0.129120
0.297000	0.127660
0.297500	0.126230
0.298000	0.124820
0.298500	0.123420
