0.000000	-8566.404297
0.000500	-8566.404297
0.001000	-8566.404297
0.001500	-8566.404297
0.002000	-8566.404297
0.002500	-8566.404297
0.003000	-8566.404297
0.003500	-8566.404297
0.004000	-8566.404297
0.004500	-8566.404297
0.005000	-8566.404297
0.005500	-8566.404297
0.006000	-8566.404297
0.006500	-8566.404297
0.007000	-8566.404297
0.007500	-8566.404297
0.008000	-8566.404297
0.008500	-8566.404297
0.009000	-8566.404297
0.009500	-8566.404297
0.010000	-8566.404297
0.010500	-8566.404297
0.011000	-8566.404297
0.011500	-8566.404297
0.012000	-8566.404297
0.012500	-8566.404297
0.013000	-8566.404297
0.013500	-8566.404297
0.014000	-8566.404297
0.014500	-8566.404297
0.015000	-8566.404297
0.015500	-8566.658203
0.016000	-8566.658203
0.016500	-8566.658203
0.017000	-8566.658203
0.017500	-8566.658203
0.018000	-8566.658203
0.018500	-8566.658203
0.019000	-8566.658203
0.019500	-8566.658203
0.020000	-8566.912109
0.020500	-8566.912109
0.021000	-8566.912109
0.021500	-8566.912109
0.022000	-8566.912109
0.022500	-8566.912109
0.023000	-8566.912109
0.023500	-8566.912109
0.024000	-8566.912109
0.024500	-8567.166016
0.025000	-8567.166016
0.025500	-8567.166016
0.026000	-8567.166016
0.026500	-8567.166016
0.027000	-8567.166016
0.027500	-8567.166016
0.028000	-8567.419922
0.028500	-8567.419922
0.029000	-8567.419922
0.029500	-8567.419922
0.030000	-8567.419922
0.030500	-8567.419922
0.031000	-8567.673828
0.031500	-8567.673828
0.032000	-8567.673828
0.032500	-8567.673828
0.033000	-8567.928711
0.033500	-8567.928711
0.034000	-8567.928711
0.034500	-8568.181641
0.035000	-8568.181641
0.035500	-8568.181641
0.036000	-8568.435547
0.036500	-8568.435547
0.037000	-8568.435547
0.037500	-8568.690430
0.038000	-8568.690430
0.038500	-8568.690430
0.039000	-8568.944336
0.039500	-8568.944336
0.040000	-8569.197266
0.040500	-8569.197266
0.041000	-8569.452148
0.041500	-8569.452148
0.042000	-8569.706055
0.042500	-8569.706055
0.043000	-8569.959961
0.043500	-8570.213867
0.044000	-8570.213867
0.044500	-8570.467773
0.045000	-8570.467773
0.045500	-8570.721680
0.046000	-8570.976562
0.046500	-8570.976562
0.047000	-8571.229492
0.047500	-8571.483398
0.048000	-8571.738281
0.048500	-8571.738281
0.049000	-8571.992188
0.049500	-8572.245117
0.050000	-8572.500000
0.050500	-8572.753906
0.051000	-8573.007812
0.051500	-8573.262695
0.052000	-8573.769531
0.052500	-8574.024414
0.053000	-8574.278320
0.053500	-8574.786133
0.054000	-8575.040039
0.054500	-8575.547852
0.055000	-8575.801758
0.055500	-8576.310547
0.056000	-8576.818359
0.056500	-8577.326172
0.057000	-8577.833984
0.057500	-8578.595703
0.058000	-8579.104492
0.058500	-8579.866211
0.059000	-8580.627930
0.059500	-8581.390625
0.060000	-8582.152344
0.060500	-8582.914062
0.061000	-8583.929688
0.061500	-8584.692383
0.062000	-8585.708008
0.062500	-8586.724609
0.063000	-8587.993164
0.063500	-8589.263672
0.064000	-8590.280273
0.064500	-8591.804688
0.065000	-8593.074219
0.065500	-8594.597656
0.066000	-8596.122070
0.066500	-8597.645508
0.067000	-8599.423828
0.067500	-8601.202148
0.068000	-8603.233398
0.068500	-8605.266602
0.069000	-8607.297852
0.069500	-8609.583984
0.070000	-8611.870117
0.070500	-8614.409180
0.071000	-8616.950195
0.071500	-8619.743164
0.072000	-8622.538086
0.072500	-8625.332031
0.073000	-8628.633789
0.073500	-8631.936523
0.074000	-8635.237305
0.074500	-8639.047852
0.075000	-8642.857422
0.075500	-8646.667969
0.076000	-8650.985352
0.076500	-8655.557617
0.077000	-8660.130859
0.077500	-8665.209961
0.078000	-8670.290039
0.078500	-8675.878906
0.079000	-8681.719727
0.079500	-8687.815430
0.080000	-8694.166016
0.080500	-8701.024414
0.081000	-8708.135742
0.081500	-8715.501953
0.082000	-8723.375977
0.082500	-8731.756836
0.083000	-8740.393555
0.083500	-8749.791992
0.084000	-8759.443359
0.084500	-8769.603516
0.085000	-8780.271484
0.085500	-8791.702148
0.086000	-8803.385742
0.086500	-8815.831055
0.087000	-8828.786133
0.087500	-8842.248047
0.088000	-8856.218750
0.088500	-8870.696289
0.089000	-8885.681641
0.089500	-8901.429688
0.090000	-8917.431641
0.090500	-8934.195312
0.091000	-8951.213867
0.091500	-8968.740234
0.092000	-8986.773438
0.092500	-9005.062500
0.093000	-9023.858398
0.093500	-9043.161133
0.094000	-9062.465820
0.094500	-9082.278320
0.095000	-9102.343750
0.095500	-9122.410156
0.096000	-9142.476562
0.096500	-9162.795898
0.097000	-9182.862305
0.097500	-9202.673828
0.098000	-9222.231445
0.098500	-9241.790039
0.099000	-9260.840820
0.099500	-9279.635742
0.100000	-9298.431641
0.100500	-9317.228516
0.101000	-9336.024414
0.101500	-9354.819336
0.102000	-9373.870117
0.102500	-9393.173828
0.103000	-9412.731445
0.103500	-9432.543945
0.104000	-9452.356445
0.104500	-9472.676758
0.105000	-9492.995117
0.105500	-9513.570312
0.106000	-9534.398438
0.106500	-9555.226562
0.107000	-9576.561523
0.107500	-9597.897461
0.108000	-9619.487305
0.108500	-9641.078125
0.109000	-9663.175781
0.109500	-9685.274414
0.110000	-9707.625977
0.110500	-9730.231445
0.111000	-9752.837891
0.111500	-9775.697266
0.112000	-9798.811523
0.112500	-9822.179688
0.113000	-9845.802734
0.113500	-9869.678711
0.114000	-9893.807617
0.114500	-9917.938477
0.115000	-9942.576172
0.115500	-9967.468750
0.116000	-9992.614258
0.116500	-10018.013672
0.117000	-10043.667969
0.117500	-10069.321289
0.118000	-10095.483398
0.118500	-10121.899414
0.119000	-10148.316406
0.119500	-10174.986328
0.120000	-10201.910156
0.120500	-10228.833008
0.121000	-10256.265625
0.121500	-10283.698242
0.122000	-10311.130859
0.122500	-10339.069336
0.123000	-10367.009766
0.123500	-10395.204102
0.124000	-10423.398438
0.124500	-10451.844727
0.125000	-10480.801758
0.125500	-10509.757812
0.126000	-10538.967773
0.126500	-10568.177734
0.127000	-10597.895508
0.127500	-10627.869141
0.128000	-10658.093750
0.128500	-10688.574219
0.129000	-10719.307617
0.129500	-10750.041992
0.130000	-10781.283203
0.130500	-10812.780273
0.131000	-10844.784180
0.131500	-10876.788086
0.132000	-10909.044922
0.132500	-10941.811523
0.133000	-10974.578125
0.133500	-11007.851562
0.134000	-11041.379883
0.134500	-11075.416016
0.135000	-11109.452148
0.135500	-11143.995117
0.136000	-11178.793945
0.136500	-11213.845703
0.137000	-11249.406250
0.137500	-11285.218750
0.138000	-11321.288086
0.138500	-11357.609375
0.139000	-11394.439453
0.139500	-11431.269531
0.140000	-11468.861328
0.140500	-11506.454102
0.141000	-11544.299805
0.141500	-11582.654297
0.142000	-11621.261719
0.142500	-11660.124023
0.143000	-11699.493164
0.143500	-11738.864258
0.144000	-11778.742188
0.144500	-11818.873047
0.145000	-11859.259766
0.145500	-11900.154297
0.146000	-11941.302734
0.146500	-11982.449219
0.147000	-12024.106445
0.147500	-12066.269531
0.148000	-12108.433594
0.148500	-12151.105469
0.149000	-12193.778320
0.149500	-12236.958008
0.150000	-12280.391602
0.150500	-12324.333008
0.151000	-12368.275391
0.151500	-12412.725586
0.152000	-12457.175781
0.152500	-12502.133789
0.153000	-12547.344727
0.153500	-12592.811523
0.154000	-12638.531250
0.154500	-12684.759766
0.155000	-12730.987305
0.155500	-12777.723633
0.156000	-12824.459961
0.156500	-12871.704102
0.157000	-12919.202148
0.157500	-12966.954102
0.158000	-13014.959961
0.158500	-13063.218750
0.159000	-13111.734375
0.159500	-13160.501953
0.160000	-13209.524414
0.160500	-13258.799805
0.161000	-13308.076172
0.161500	-13357.860352
0.162000	-13407.643555
0.162500	-13457.682617
0.163000	-13507.719727
0.163500	-13558.012695
0.164000	-13608.558594
0.164500	-13659.358398
0.165000	-13710.158203
0.165500	-13761.211914
0.166000	-13812.519531
0.166500	-13863.828125
0.167000	-13915.388672
0.167500	-13967.206055
0.168000	-14019.275391
0.168500	-14071.345703
0.169000	-14123.415039
0.169500	-14175.994141
0.170000	-14228.572266
0.170500	-14281.149414
0.171000	-14334.236328
0.171500	-14387.067383
0.172000	-14440.409180
0.172500	-14493.748047
0.173000	-14547.086914
0.173500	-14600.427734
0.174000	-14654.021484
0.174500	-14707.869141
0.175000	-14761.462891
0.175500	-14815.312500
0.176000	-14869.161133
0.176500	-14923.262695
0.177000	-14977.111328
0.177500	-15031.212891
0.178000	-15085.312500
0.178500	-15139.163086
0.179000	-15193.262695
0.179500	-15247.365234
0.180000	-15301.721680
0.180500	-15355.823242
0.181000	-15409.925781
0.181500	-15464.028320
0.182000	-15518.383789
0.182500	-15572.487305
0.183000	-15626.586914
0.183500	-15680.943359
0.184000	-15735.299805
0.184500	-15789.402344
0.185000	-15843.758789
0.185500	-15898.113281
0.186000	-15952.469727
0.186500	-16007.080078
0.187000	-16061.435547
0.187500	-16116.044922
0.188000	-16170.656250
0.188500	-16225.265625
0.189000	-16280.130859
0.189500	-16334.739258
0.190000	-16389.605469
0.190500	-16444.720703
0.191000	-16499.585938
0.191500	-16554.705078
0.192000	-16610.074219
0.192500	-16665.193359
0.193000	-16720.566406
0.193500	-16775.935547
0.194000	-16831.564453
0.194500	-16887.189453
0.195000	-16943.070312
0.195500	-16998.695312
0.196000	-17054.574219
0.196500	-17110.710938
0.197000	-17166.843750
0.197500	-17222.978516
0.198000	-17279.365234
0.198500	-17335.753906
0.199000	-17392.140625
0.199500	-17448.783203
0.200000	-17505.425781
0.200500	-17562.066406
0.201000	-17618.962891
0.201500	-17675.861328
0.202000	-17732.755859
0.202500	-17789.652344
0.203000	-17846.802734
0.203500	-17903.951172
0.204000	-17961.101562
0.204500	-18018.251953
0.205000	-18075.400391
0.205500	-18132.550781
0.206000	-18189.957031
0.206500	-18247.107422
0.207000	-18304.509766
0.207500	-18361.914062
0.208000	-18419.064453
0.208500	-18476.466797
0.209000	-18533.871094
0.209500	-18591.275391
0.210000	-18648.425781
0.210500	-18705.830078
0.211000	-18763.234375
0.211500	-18820.636719
0.212000	-18877.787109
0.212500	-18935.191406
0.213000	-18992.341797
0.213500	-19049.746094
0.214000	-19106.894531
0.214500	-19164.044922
0.215000	-19221.195312
0.215500	-19278.345703
0.216000	-19335.494141
0.216500	-19392.644531
0.217000	-19449.541016
0.217500	-19506.437500
0.218000	-19563.587891
0.218500	-19620.484375
0.219000	-19677.125000
0.219500	-19734.021484
0.220000	-19790.916016
0.220500	-19847.560547
0.221000	-19904.201172
0.221500	-19960.843750
0.222000	-20017.486328
0.222500	-20074.126953
0.223000	-20130.515625
0.223500	-20187.158203
0.224000	-20243.798828
0.224500	-20300.185547
0.225000	-20356.574219
0.225500	-20413.216797
0.226000	-20469.605469
0.226500	-20526.246094
0.227000	-20582.636719
0.227500	-20639.279297
0.228000	-20695.666016
0.228500	-20752.308594
0.229000	-20808.695312
0.229500	-20865.337891
0.230000	-20921.726562
0.230500	-20978.367188
0.231000	-21035.011719
0.231500	-21091.652344
0.232000	-21148.292969
0.232500	-21204.681641
0.233000	-21261.324219
0.233500	-21317.964844
0.234000	-21374.609375
0.234500	-21431.250000
0.235000	-21487.892578
0.235500	-21544.535156
0.236000	-21601.175781
0.236500	-21657.818359
0.237000	-21714.460938
0.237500	-21771.101562
0.238000	-21827.744141
0.238500	-21884.386719
0.239000	-21941.029297
0.239500	-21997.669922
0.240000	-22054.312500
0.240500	-22110.955078
0.241000	-22167.595703
0.241500	-22223.984375
0.242000	-22280.626953
0.242500	-22337.013672
0.243000	-22393.656250
0.243500	-22450.042969
0.244000	-22506.687500
0.244500	-22563.074219
0.245000	-22619.462891
0.245500	-22675.849609
0.246000	-22732.236328
0.246500	-22788.371094
0.247000	-22844.761719
0.247500	-22900.894531
0.248000	-22957.283203
0.248500	-23013.414062
0.249000	-23069.548828
0.249500	-23125.685547
0.250000	-23181.818359
0.250500	-23237.697266
0.251000	-23293.832031
0.251500	-23349.712891
0.252000	-23405.591797
0.252500	-23461.470703
0.253000	-23517.351562
0.253500	-23573.232422
0.254000	-23628.859375
0.254500	-23684.736328
0.255000	-23740.361328
0.255500	-23796.244141
0.256000	-23851.869141
0.256500	-23907.496094
0.257000	-23963.121094
0.257500	-24019.001953
0.258000	-24074.628906
0.258500	-24130.253906
0.259000	-24185.880859
0.259500	-24241.505859
0.260000	-24297.132812
0.260500	-24353.011719
0.261000	-24408.636719
0.261500	-24464.263672
0.262000	-24519.890625
0.262500	-24575.769531
0.263000	-24631.394531
0.263500	-24687.275391
0.264000	-24742.902344
0.264500	-24798.783203
0.265000	-24854.408203
0.265500	-24910.287109
0.266000	-24966.167969
0.266500	-25022.046875
0.267000	-25077.927734
0.267500	-25133.808594
0.268000	-25189.687500
0.268500	-25245.566406
0.269000	-25301.447266
0.269500	-25357.328125
0.270000	-25412.699219
0.270500	-25468.580078
0.271000	-25524.458984
0.271500	-25580.339844
0.272000	-25636.218750
0.272500	-25692.099609
0.273000	-25750.519531
0.273500	-25806.400391
0.274000	-25862.279297
0.274500	-25918.160156
0.275000	-25974.039062
0.275500	-26029.919922
0.276000	-26085.800781
0.276500	-26141.677734
0.277000	-26197.558594
0.277500	-26253.439453
0.278000	-26309.320312
0.278500	-26365.199219
0.279000	-26421.078125
0.279500	-26476.960938
0.280000	-26532.837891
0.280500	-26588.720703
0.281000	-26644.599609
0.281500	-26700.478516
0.282000	-26756.361328
0.282500	-26812.238281
0.283000	-26868.121094
0.283500	-26924.000000
0.284000	-26982.419922
0.284500	-27038.298828
0.285000	-27094.179688
0.285500	-27150.060547
0.286000	-27205.937500
0.286500	-27261.822266
0.287000	-27317.699219
0.287500	-27373.578125
0.288000	-27429.460938
0.288500	-27485.337891
0.289000	-27541.220703
0.289500	-27597.099609
0.290000	-27652.978516
0.290500	-27708.861328
0.291000	-27764.740234
0.291500	-27820.621094
0.292000	-27876.500000
0.292500	-27932.378906
0.293000	-27988.259766
0.293500	-28044.140625
0.294000	-28100.021484
0.294500	-28155.898438
0.295000	-28211.779297
0.295500	-28267.660156
0.296000	-28323.539062
0.296500	-28381.958984
0.297000	-28437.839844
0.297500	-28493.720703
0.298000	-28549.601562
0.298500	-28605.478516
