0.000000	0.129430
0.000500	0.129430
0.001000	0.129430
0.001500	0.129430
0.002000	0.129430
0.002500	0.129430
0.003000	0.129430
0.003500	0.129430
0.004000	0.129430
0.004500	0.129430
0.005000	0.129420
0.005500	0.129420
0.006000	0.129420
0.006500	0.129420
0.007000	0.129420
0.007500	0.129420
0.008000	0.129420
0.008500	0.129420
0.009000	0.129420
0.009500	0.129420
0.010000	0.129420
0.010500	0.129420
0.011000	0.129420
0.011500	0.129420
0.012000	0.129430
0.012500	0.129430
0.013000	0.129430
0.013500	0.129440
0.014000	0.129440
0.014500	0.129450
0.015000	0.129450
0.015500	0.129460
0.016000	0.129470
0.016500	0.129470
0.017000	0.129480
0.017500	0.129490
0.018000	0.129490
0.018500	0.129500
0.019000	0.129510
0.019500	0.129510
0.020000	0.129520
0.020500	0.129520
0.021000	0.129530
0.021500	0.129530
0.022000	0.129540
0.022500	0.129540
0.023000	0.129540
0.023500	0.129540
0.024000	0.129550
0.024500	0.129550
0.025000	0.129550
0.025500	0.129550
0.026000	0.129550
0.026500	0.129560
0.027000	0.129560
0.027500	0.129560
0.028000	0.129560
0.028500	0.129560
0.029000	0.129570
0.029500	0.129570
0.030000	0.129570
0.030500	0.129580
0.031000	0.129580
0.031500	0.129590
0.032000	0.129600
0.032500	0.129610
0.033000	0.129620
0.033500	0.129640
0.034000	0.129650
0.034500	0.129670
0.035000	0.129680
0.035500	0.129700
0.036000	0.129720
0.036500	0.129740
0.037000	0.129760
0.037500	0.129780
0.038000	0.129800
0.038500	0.129820
0.039000	0.129840
0.039500	0.129870
0.040000	0.129890
0.040500	0.129910
0.041000	0.129930
0.041500	0.129960
0.042000	0.129980
0.042500	0.130000
0.043000	0.130020
0.043500	0.130040
0.044000	0.130060
0.044500	0.130080
0.045000	0.130100
0.045500	0.130120
0.046000	0.130140
0.046500	0.130160
0.047000	0.130170
0.047500	0.130190
0.048000	0.130220
0.048500	0.130240
0.049000	0.130270
0.049500	0.130290
0.050000	0.130330
0.050500	0.130360
0.051000	0.130400
0.051500	0.130450
0.052000	0.130500
0.052500	0.130560
0.053000	0.130630
0.053500	0.130710
0.054000	0.130790
0.054500	0.130890
0.055000	0.130990
0.055500	0.131100
0.056000	0.131220
0.056500	0.131360
0.057000	0.131500
0.057500	0.131660
0.058000	0.131830
0.058500	0.132010
0.059000	0.132200
0.059500	0.132400
0.060000	0.132610
0.060500	0.132830
0.061000	0.133060
0.061500	0.133290
0.062000	0.133530
0.062500	0.133770
0.063000	0.134010
0.063500	0.134250
0.064000	0.134500
0.064500	0.134740
0.065000	0.134990
0.065500	0.135230
0.066000	0.135480
0.066500	0.135730
0.067000	0.135970
0.067500	0.136220
0.068000	0.136450
0.068500	0.136690
0.069000	0.136920
0.069500	0.137130
0.070000	0.137330
0.070500	0.137510
0.071000	0.137670
0.071500	0.137790
0.072000	0.137870
0.072500	0.137910
0.073000	0.137890
0.073500	0.137810
0.074000	0.137660
0.074500	0.137440
0.075000	0.137140
0.075500	0.136750
0.076000	0.136280
0.076500	0.135720
0.077000	0.135050
0.077500	0.134270
0.078000	0.133370
0.078500	0.132350
0.079000	0.131190
0.079500	0.129880
0.080000	0.128430
0.080500	0.126810
0.081000	0.125040
0.081500	0.123130
0.082000	0.121070
0.082500	0.118880
0.083000	0.116580
0.083500	0.114190
0.084000	0.111720
0.084500	0.109210
0.085000	0.106670
0.085500	0.104120
0.086000	0.101580
0.086500	0.099085
0.087000	0.096649
0.087500	0.094298
0.088000	0.092051
0.088500	0.089921
0.089000	0.087912
0.089500	0.086021
0.090000	0.084238
0.090500	0.082547
0.091000	0.080926
0.091500	0.079355
0.092000	0.077814
0.092500	0.076287
0.093000	0.074761
0.093500	0.073226
0.094000	0.071670
0.094500	0.070077
0.095000	0.068409
0.095500	0.066603
0.096000	0.064567
0.096500	0.062188
0.097000	0.059343
0.097500	0.055921
0.098000	0.051851
0.098500	0.047116
0.099000	0.041763
0.099500	0.035897
0.100000	0.029676
0.100500	0.023295
0.101000	0.016966
0.101500	0.010899
0.102000	0.005287
0.102500	0.000294
0.103000	-0.003964
0.103500	-0.007420
0.104000	-0.010042
0.104500	-0.011812
0.105000	-0.012761
0.105500	-0.012948
0.106000	-0.012443
0.106500	-0.011327
0.107000	-0.009676
0.107500	-0.007565
0.108000	-0.005065
0.108500	-0.002238
0.109000	0.000858
0.109500	0.004171
0.110000	0.007653
0.110500	0.011264
0.111000	0.014967
0.111500	0.018725
0.112000	0.022510
0.112500	0.026293
0.113000	0.030052
0.113500	0.033766
0.114000	0.037421
0.114500	0.041005
0.115000	0.044511
0.115500	0.047937
0.116000	0.051283
0.116500	0.054553
0.117000	0.057753
0.117500	0.060888
0.118000	0.063964
0.118500	0.066984
0.119000	0.069947
0.119500	0.072851
0.120000	0.075685
0.120500	0.078441
0.121000	0.081105
0.121500	0.083663
0.122000	0.086106
0.122500	0.088426
0.123000	0.090619
0.123500	0.092690
0.124000	0.094648
0.124500	0.096509
0.125000	0.098293
0.125500	0.100020
0.126000	0.101730
0.126500	0.103430
0.127000	0.105160
0.127500	0.106930
0.128000	0.108750
0.128500	0.110640
0.129000	0.112590
0.129500	0.114610
0.130000	0.116670
0.130500	0.118770
0.131000	0.120900
0.131500	0.123040
0.132000	0.125180
0.132500	0.127330
0.133000	0.129460
0.133500	0.131590
0.134000	0.133700
0.134500	0.135810
0.135000	0.137900
0.135500	0.139990
0.136000	0.142070
0.136500	0.144130
0.137000	0.146190
0.137500	0.148230
0.138000	0.150240
0.138500	0.152220
0.139000	0.154160
0.139500	0.156050
0.140000	0.157860
0.140500	0.159590
0.141000	0.161230
0.141500	0.162780
0.142000	0.164210
0.142500	0.165530
0.143000	0.166740
0.143500	0.167840
0.144000	0.168810
0.144500	0.169680
0.145000	0.170430
0.145500	0.171060
0.146000	0.171590
0.146500	0.172000
0.147000	0.172310
0.147500	0.172500
0.148000	0.172580
0.148500	0.172540
0.149000	0.172380
0.149500	0.172100
0.150000	0.171680
0.150500	0.171130
0.151000	0.170450
0.151500	0.169630
0.152000	0.168680
0.152500	0.167620
0.153000	0.166440
0.153500	0.165160
0.154000	0.163780
0.154500	0.162310
0.155000	0.160770
0.155500	0.159150
0.156000	0.157460
0.156500	0.155710
0.157000	0.153900
0.157500	0.152020
0.158000	0.150080
0.158500	0.148080
0.159000	0.146010
0.159500	0.143860
0.160000	0.141630
0.160500	0.139320
0.161000	0.136920
0.161500	0.134430
0.162000	0.131860
0.162500	0.129200
0.163000	0.126470
0.163500	0.123670
0.164000	0.120820
0.164500	0.117920
0.165000	0.114990
0.165500	0.112030
0.166000	0.109060
0.166500	0.106080
0.167000	0.103100
0.167500	0.100120
0.168000	0.097166
0.168500	0.094233
0.169000	0.091333
0.169500	0.088476
0.170000	0.085670
0.170500	0.082925
0.171000	0.080250
0.171500	0.077654
0.172000	0.075143
0.172500	0.072725
0.173000	0.070407
0.173500	0.068192
0.174000	0.066087
0.174500	0.064094
0.175000	0.062216
0.175500	0.060453
0.176000	0.058807
0.176500	0.057278
0.177000	0.055868
0.177500	0.054577
0.178000	0.053406
0.178500	0.052357
0.179000	0.051431
0.179500	0.050630
0.180000	0.049957
0.180500	0.049412
0.181000	0.049000
0.181500	0.048722
0.182000	0.048580
0.182500	0.048575
0.183000	0.048706
0.183500	0.048970
0.184000	0.049364
0.184500	0.049884
0.185000	0.050524
0.185500	0.051278
0.186000	0.052138
0.186500	0.053097
0.187000	0.054148
0.187500	0.055282
0.188000	0.056493
0.188500	0.057770
0.189000	0.059105
0.189500	0.060486
0.190000	0.061902
0.190500	0.063341
0.191000	0.064790
0.191500	0.066234
0.192000	0.067661
0.192500	0.069055
0.193000	0.070404
0.193500	0.071695
0.194000	0.072917
0.194500	0.074060
0.195000	0.075116
0.195500	0.076077
0.196000	0.076936
0.196500	0.077689
0.197000	0.078330
0.197500	0.078857
0.198000	0.079266
0.198500	0.079555
0.199000	0.079723
0.199500	0.079768
0.200000	0.079691
0.200500	0.079492
0.201000	0.079173
0.201500	0.078737
0.202000	0.078189
0.202500	0.077533
0.203000	0.076775
0.203500	0.075923
0.204000	0.074984
0.204500	0.073964
0.205000	0.072871
0.205500	0.071714
0.206000	0.070498
0.206500	0.069234
0.207000	0.067929
0.207500	0.066593
0.208000	0.065235
0.208500	0.063865
0.209000	0.062492
0.209500	0.061127
0.210000	0.059779
0.210500	0.058458
0.211000	0.057170
0.211500	0.055924
0.212000	0.054725
0.212500	0.053580
0.213000	0.052493
0.213500	0.051468
0.214000	0.050508
0.214500	0.049614
0.215000	0.048790
0.215500	0.048038
0.216000	0.047361
0.216500	0.046760
0.217000	0.046237
0.217500	0.045793
0.218000	0.045430
0.218500	0.045146
0.219000	0.044943
0.219500	0.044818
0.220000	0.044769
0.220500	0.044792
0.221000	0.044882
0.221500	0.045035
0.222000	0.045243
0.222500	0.045502
0.223000	0.045804
0.223500	0.046144
0.224000	0.046515
0.224500	0.046913
0.225000	0.047333
0.225500	0.047769
0.226000	0.048218
0.226500	0.048675
0.227000	0.049135
0.227500	0.049594
0.228000	0.050045
0.228500	0.050484
0.229000	0.050904
0.229500	0.051300
0.230000	0.051664
0.230500	0.051991
0.231000	0.052272
0.231500	0.052503
0.232000	0.052678
0.232500	0.052791
0.233000	0.052837
0.233500	0.052815
0.234000	0.052721
0.234500	0.052558
0.235000	0.052325
0.235500	0.052025
0.236000	0.051663
0.236500	0.051243
0.237000	0.050769
0.237500	0.050246
0.238000	0.049680
0.238500	0.049077
0.239000	0.048443
0.239500	0.047784
0.240000	0.047107
0.240500	0.046418
0.241000	0.045723
0.241500	0.045026
0.242000	0.044330
0.242500	0.043640
0.243000	0.042960
0.243500	0.042293
0.244000	0.041647
0.244500	0.041025
0.245000	0.040435
0.245500	0.039878
0.246000	0.039359
0.246500	0.038880
0.247000	0.038446
0.247500	0.038059
0.248000	0.037720
0.248500	0.037430
0.249000	0.037188
0.249500	0.036995
0.250000	0.036848
0.250500	0.036745
0.251000	0.036684
0.251500	0.036662
0.252000	0.036674
0.252500	0.036717
0.253000	0.036786
0.253500	0.036877
0.254000	0.036983
0.254500	0.037101
0.255000	0.037224
0.255500	0.037348
0.256000	0.037466
0.256500	0.037575
0.257000	0.037668
0.257500	0.037742
0.258000	0.037793
0.258500	0.037820
0.259000	0.037821
0.259500	0.037796
0.260000	0.037746
0.260500	0.037672
0.261000	0.037576
0.261500	0.037459
0.262000	0.037323
0.262500	0.037168
0.263000	0.036995
0.263500	0.036803
0.264000	0.036595
0.264500	0.036371
0.265000	0.036131
0.265500	0.035876
0.266000	0.035606
0.266500	0.035324
0.267000	0.035027
0.267500	0.034719
0.268000	0.034400
0.268500	0.034072
0.269000	0.033738
0.269500	0.033398
0.270000	0.033055
0.270500	0.032711
0.271000	0.032364
0.271500	0.032016
0.272000	0.031665
0.272500	0.031310
0.273000	0.030950
0.273500	0.030584
0.274000	0.030210
0.274500	0.029828
0.275000	0.029437
0.275500	0.029039
0.276000	0.028634
0.276500	0.028224
0.277000	0.027811
0.277500	0.027394
0.278000	0.026976
0.278500	0.026556
0.279000	0.026136
0.279500	0.025718
0.280000	0.025302
0.280500	0.024892
0.281000	0.024489
0.281500	0.024093
0.282000	0.023704
0.282500	0.023322
0.283000	0.022944
0.283500	0.022569
0.284000	0.022195
0.284500	0.021820
0.285000	0.021443
0.285500	0.021062
0.286000	0.020678
0.286500	0.020289
0.287000	0.019898
0.287500	0.019506
0.288000	0.019113
0.288500	0.018721
0.289000	0.018329
0.289500	0.017939
0.290000	0.017551
0.290500	0.017164
0.291000	0.016778
0.291500	0.016391
0.292000	0.016003
0.292500	0.015611
0.293000	0.015216
0.293500	0.014815
0.294000	0.014409
0.294500	0.014000
0.295000	0.013586
0.295500	0.013171
0.296000	0.012756
0.296500	0.012342
0.297000	0.011932
0.297500	0.011528
0.298000	0.011132
0.298500	0.010746
