0.000000	0.009949
0.000500	-0.002154
0.001000	-0.048072
0.001500	-0.007730
0.002000	-0.038134
0.002500	-0.028910
0.003000	-0.047892
0.003500	-0.021481
0.004000	-0.036131
0.004500	-0.024600
0.005000	-0.052151
0.005500	-0.018403
0.006000	-0.024831
0.006500	-0.053966
0.007000	-0.013477
0.007500	-0.015100
0.008000	-0.042375
0.008500	-0.058354
0.009000	-0.069200
0.009500	-0.018937
0.010000	-0.037923
0.010500	-0.057055
0.011000	-0.035505
0.011500	-0.058930
0.012000	-0.004065
0.012500	-0.032541
0.013000	-0.031214
0.013500	-0.028215
0.014000	-0.009643
0.014500	-0.029576
0.015000	0.025707
0.015500	-0.023230
0.016000	0.012628
0.016500	0.036970
0.017000	0.017327
0.017500	0.024223
0.018000	0.013615
0.018500	0.012007
0.019000	0.027158
0.019500	0.017268
0.020000	0.005095
0.020500	0.009689
0.021000	0.022433
0.021500	0.029508
0.022000	0.008802
0.022500	0.038225
0.023000	0.016223
0.023500	0.018875
0.024000	0.017888
0.024500	0.021014
0.025000	-0.022181
0.025500	0.000688
0.026000	-0.016718
0.026500	0.009598
0.027000	0.003416
0.027500	0.006706
0.028000	-0.038592
0.028500	-0.011637
0.029000	-0.025277
0.029500	-0.014094
0.030000	-0.016639
0.030500	-0.063352
0.031000	-0.057673
0.031500	0.003566
0.032000	-0.060975
0.032500	-0.057796
0.033000	0.006392
0.033500	-0.061705
0.034000	-0.069919
0.034500	-0.033220
0.035000	-0.057778
0.035500	-0.042334
0.036000	-0.033375
0.036500	-0.066091
0.037000	-0.070359
0.037500	-0.027707
0.038000	-0.037676
0.038500	-0.001336
0.039000	-0.035271
0.039500	-0.050828
0.040000	-0.047824
0.040500	-0.035090
0.041000	-0.011189
0.041500	-0.061273
0.042000	-0.023165
0.042500	-0.015270
0.043000	-0.010773
0.043500	-0.014256
0.044000	-0.006919
0.044500	0.004611
0.045000	-0.005313
0.045500	-0.000334
0.046000	-0.014375
0.046500	-0.020654
0.047000	0.005902
0.047500	-0.004696
0.048000	-0.013403
0.048500	0.010863
0.049000	0.000926
0.049500	-0.002484
0.050000	0.031901
0.050500	0.039964
0.051000	0.095356
0.051500	0.076033
0.052000	0.150560
0.052500	0.098597
0.053000	0.115770
0.053500	0.087197
0.054000	0.061762
0.054500	0.041072
0.055000	-0.033477
0.055500	-0.144160
0.056000	-0.227050
0.056500	-0.393550
0.057000	-0.561880
0.057500	-0.688410
0.058000	-0.929530
0.058500	-1.088700
0.059000	-1.231200
0.059500	-1.354900
0.060000	-1.473600
0.060500	-1.580800
0.061000	-1.635500
0.061500	-1.678000
0.062000	-1.678100
0.062500	-1.700700
0.063000	-1.688000
0.063500	-1.685800
0.064000	-1.688500
0.064500	-1.674200
0.065000	-1.706600
0.065500	-1.747300
0.066000	-1.859300
0.066500	-1.947400
0.067000	-2.115200
0.067500	-2.223200
0.068000	-2.359000
0.068500	-2.546700
0.069000	-2.716100
0.069500	-2.962800
0.070000	-3.239000
0.070500	-3.512100
0.071000	-3.842800
0.071500	-4.167500
0.072000	-4.511800
0.072500	-4.867900
0.073000	-5.245300
0.073500	-5.647800
0.074000	-5.984300
0.074500	-6.269500
0.075000	-6.446800
0.075500	-6.543300
0.076000	-6.515900
0.076500	-6.359300
0.077000	-6.171300
0.077500	-5.818500
0.078000	-5.461200
0.078500	-5.087200
0.079000	-4.587000
0.079500	-4.087100
0.080000	-3.563800
0.080500	-3.023300
0.081000	-2.501600
0.081500	-2.020200
0.082000	-1.533200
0.082500	-1.013900
0.083000	-0.279120
0.083500	0.485410
0.084000	1.443300
0.084500	2.332800
0.085000	3.218000
0.085500	3.837800
0.086000	3.999200
0.086500	3.669000
0.087000	2.818700
0.087500	1.504000
0.088000	-0.035479
0.088500	-1.559100
0.089000	-2.919700
0.089500	-3.809600
0.090000	-4.230700
0.090500	-4.052300
0.091000	-3.287100
0.091500	-2.009700
0.092000	-0.216640
0.092500	1.885500
0.093000	4.282900
0.093500	7.053600
0.094000	10.135000
0.094500	13.908000
0.095000	18.278999
0.095500	23.396999
0.096000	28.962000
0.096500	34.126999
0.097000	38.875000
0.097500	41.702999
0.098000	43.099998
0.098500	42.060001
0.099000	39.340000
0.099500	34.949001
0.100000	29.589001
0.100500	23.379000
0.101000	17.304001
0.101500	11.197000
0.102000	5.420400
0.102500	0.733540
0.103000	-3.884800
0.103500	-7.289700
0.104000	-10.519000
0.104500	-12.724000
0.105000	-14.198000
0.105500	-15.187000
0.106000	-15.395000
0.106500	-15.355000
0.107000	-14.889000
0.107500	-14.105000
0.108000	-13.313000
0.108500	-12.249000
0.109000	-11.371000
0.109500	-10.527000
0.110000	-9.932000
0.110500	-9.694800
0.111000	-9.504000
0.111500	-9.589000
0.112000	-9.617900
0.112500	-9.713900
0.113000	-9.641700
0.113500	-9.292800
0.114000	-8.771400
0.114500	-7.888400
0.115000	-6.836600
0.115500	-5.578100
0.116000	-4.248400
0.116500	-2.915500
0.117000	-1.810200
0.117500	-0.925570
0.118000	-0.331160
0.118500	-0.062357
0.119000	-0.056166
0.119500	-0.439630
0.120000	-0.970160
0.120500	-1.672100
0.121000	-2.427400
0.121500	-3.115400
0.122000	-3.720800
0.122500	-4.174000
0.123000	-4.388900
0.123500	-4.387400
0.124000	-4.090700
0.124500	-3.667600
0.125000	-3.107200
0.125500	-2.513800
0.126000	-1.904800
0.126500	-1.419700
0.127000	-1.059000
0.127500	-0.868620
0.128000	-0.795010
0.128500	-0.879430
0.129000	-1.041500
0.129500	-1.341300
0.130000	-1.678200
0.130500	-2.008500
0.131000	-2.306800
0.131500	-2.526400
0.132000	-2.645500
0.132500	-2.511800
0.133000	-2.163300
0.133500	-1.692400
0.134000	-1.130000
0.134500	-0.497310
0.135000	0.107220
0.135500	0.579390
0.136000	0.999730
0.136500	1.291500
0.137000	1.465700
0.137500	1.585000
0.138000	1.577500
0.138500	1.465500
0.139000	1.272400
0.139500	0.900790
0.140000	0.530600
0.140500	0.084820
0.141000	-0.285700
0.141500	-0.697400
0.142000	-0.900700
0.142500	-1.043700
0.143000	-1.090600
0.143500	-1.057000
0.144000	-0.998250
0.144500	-0.876670
0.145000	-0.776010
0.145500	-0.595610
0.146000	-0.393630
0.146500	-0.199610
0.147000	0.029365
0.147500	0.222020
0.148000	0.522910
0.148500	0.908710
0.149000	1.465800
0.149500	2.150900
0.150000	2.938400
0.150500	3.870700
0.151000	4.786700
0.151500	5.739300
0.152000	6.686500
0.152500	7.546500
0.153000	8.350500
0.153500	8.915500
0.154000	9.391700
0.154500	9.644100
0.155000	9.754100
0.155500	9.696600
0.156000	9.609000
0.156500	9.348900
0.157000	9.136800
0.157500	8.855100
0.158000	8.552100
0.158500	8.275700
0.159000	8.010000
0.159500	7.713100
0.160000	7.397900
0.160500	7.095100
0.161000	6.791100
0.161500	6.402300
0.162000	6.001900
0.162500	5.522600
0.163000	4.939300
0.163500	4.292400
0.164000	3.620000
0.164500	2.913300
0.165000	2.196100
0.165500	1.520300
0.166000	0.794670
0.166500	0.168270
0.167000	-0.383720
0.167500	-0.867600
0.168000	-1.236600
0.168500	-1.503200
0.169000	-1.689500
0.169500	-1.795700
0.170000	-1.752600
0.170500	-1.545600
0.171000	-1.324100
0.171500	-0.990290
0.172000	-0.583040
0.172500	-0.242160
0.173000	0.025559
0.173500	0.285330
0.174000	0.472020
0.174500	0.599600
0.175000	0.669920
0.175500	0.683870
0.176000	0.740910
0.176500	0.730430
0.177000	0.740230
0.177500	0.762030
0.178000	0.688470
0.178500	0.732580
0.179000	0.705180
0.179500	0.716380
0.180000	0.652770
0.180500	0.606220
0.181000	0.552290
0.181500	0.488170
0.182000	0.375720
0.182500	0.277880
0.183000	0.178000
0.183500	0.061250
0.184000	-0.075360
0.184500	-0.145040
0.185000	-0.282540
0.185500	-0.394610
0.186000	-0.499290
0.186500	-0.583060
0.187000	-0.618630
0.187500	-0.733720
0.188000	-0.850580
0.188500	-0.855110
0.189000	-0.942160
0.189500	-0.973760
0.190000	-0.971240
0.190500	-0.995690
0.191000	-0.963740
0.191500	-0.958900
0.192000	-0.933540
0.192500	-0.836210
0.193000	-0.817850
0.193500	-0.739730
0.194000	-0.689790
0.194500	-0.594460
0.195000	-0.485810
0.195500	-0.353200
0.196000	-0.152950
0.196500	0.035431
0.197000	0.289470
0.197500	0.591340
0.198000	0.949000
0.198500	1.309900
0.199000	1.653100
0.199500	2.000400
0.200000	2.318300
0.200500	2.627100
0.201000	2.878500
0.201500	3.100700
0.202000	3.311800
0.202500	3.395600
0.203000	3.402700
0.203500	3.368800
0.204000	3.328200
0.204500	3.207800
0.205000	3.034100
0.205500	2.892200
0.206000	2.783800
0.206500	2.633500
0.207000	2.502700
0.207500	2.360400
0.208000	2.237900
0.208500	2.143300
0.209000	2.039200
0.209500	1.912200
0.210000	1.782100
0.210500	1.663100
0.211000	1.553600
0.211500	1.372900
0.212000	1.249200
0.212500	1.109700
0.213000	0.974910
0.213500	0.835890
0.214000	0.671510
0.214500	0.512630
0.215000	0.390310
0.215500	0.298910
0.216000	0.164830
0.216500	0.109330
0.217000	0.039661
0.217500	-0.027059
0.218000	-0.086907
0.218500	-0.194580
0.219000	-0.348350
0.219500	-0.552460
0.220000	-0.758280
0.220500	-0.962820
0.221000	-1.194300
0.221500	-1.432200
0.222000	-1.648400
0.222500	-1.869000
0.223000	-2.060500
0.223500	-2.249500
0.224000	-2.369700
0.224500	-2.467400
0.225000	-2.514600
0.225500	-2.544400
0.226000	-2.487000
0.226500	-2.383900
0.227000	-2.243000
0.227500	-2.095100
0.228000	-1.926600
0.228500	-1.733200
0.229000	-1.591000
0.229500	-1.423500
0.230000	-1.270900
0.230500	-1.090900
0.231000	-0.947440
0.231500	-0.737870
0.232000	-0.547180
0.232500	-0.355630
0.233000	-0.111740
0.233500	0.094643
0.234000	0.302720
0.234500	0.477660
0.235000	0.590030
0.235500	0.732080
0.236000	0.819090
0.236500	0.855430
0.237000	0.919550
0.237500	0.942990
0.238000	0.948500
0.238500	0.922530
0.239000	0.906060
0.239500	0.877380
0.240000	0.817030
0.240500	0.725230
0.241000	0.608970
0.241500	0.458200
0.242000	0.328890
0.242500	0.211260
0.243000	0.037904
0.243500	-0.101450
0.244000	-0.279440
0.244500	-0.391710
0.245000	-0.458410
0.245500	-0.521480
0.246000	-0.536890
0.246500	-0.526980
0.247000	-0.561150
0.247500	-0.568310
0.248000	-0.587220
0.248500	-0.597280
0.249000	-0.567280
0.249500	-0.561260
0.250000	-0.543960
0.250500	-0.587380
0.251000	-0.600410
0.251500	-0.632780
0.252000	-0.641200
0.252500	-0.744120
0.253000	-0.752210
0.253500	-0.807960
0.254000	-0.898700
0.254500	-0.917400
0.255000	-0.963620
0.255500	-1.011000
0.256000	-1.023100
0.256500	-1.001600
0.257000	-0.970230
0.257500	-0.956680
0.258000	-0.902600
0.258500	-0.801040
0.259000	-0.751360
0.259500	-0.671420
0.260000	-0.653010
0.260500	-0.628410
0.261000	-0.610600
0.261500	-0.588610
0.262000	-0.585900
0.262500	-0.607230
0.263000	-0.648550
0.263500	-0.640160
0.264000	-0.659550
0.264500	-0.708660
0.265000	-0.766730
0.265500	-0.746120
0.266000	-0.761960
0.266500	-0.739180
0.267000	-0.714160
0.267500	-0.661240
0.268000	-0.567470
0.268500	-0.485110
0.269000	-0.438400
0.269500	-0.348110
0.270000	-0.283650
0.270500	-0.239160
0.271000	-0.208440
0.271500	-0.178190
0.272000	-0.174820
0.272500	-0.154140
0.273000	-0.155790
0.273500	-0.167600
0.274000	-0.122910
0.274500	-0.100540
0.275000	-0.070597
0.275500	0.009787
0.276000	0.042927
0.276500	0.140910
0.277000	0.152310
0.277500	0.214310
0.278000	0.270370
0.278500	0.322790
0.279000	0.347370
0.279500	0.330770
0.280000	0.301810
0.280500	0.281110
0.281000	0.201510
0.281500	0.191500
0.282000	0.118820
0.282500	0.087535
0.283000	0.040220
0.283500	0.009417
0.284000	-0.061114
0.284500	-0.109460
0.285000	-0.135720
0.285500	-0.164040
0.286000	-0.247730
0.286500	-0.271850
0.287000	-0.299190
0.287500	-0.314190
0.288000	-0.376610
0.288500	-0.371650
0.289000	-0.359080
0.289500	-0.366100
0.290000	-0.340800
0.290500	-0.331560
0.291000	-0.283640
0.291500	-0.268030
0.292000	-0.240110
0.292500	-0.195260
0.293000	-0.124660
0.293500	-0.034179
0.294000	0.061048
0.294500	0.165120
0.295000	0.258730
0.295500	0.398730
0.296000	0.519400
0.296500	0.653650
0.297000	0.738160
0.297500	0.857690
0.298000	0.890810
0.298500	0.933390
