0.000000	-0.010377
0.000500	-0.010377
0.001000	-0.010377
0.001500	-0.010377
0.002000	-0.010377
0.002500	-0.010377
0.003000	-0.014004
0.003500	-0.018392
0.004000	-0.020970
0.004500	-0.022037
0.005000	-0.021279
0.005500	-0.014940
0.006000	-0.006544
0.006500	-0.001284
0.007000	-0.003590
0.007500	-0.009654
0.008000	-0.017341
0.008500	-0.025875
0.009000	-0.034827
0.009500	-0.046099
0.010000	-0.058149
0.010500	-0.068552
0.011000	-0.074831
0.011500	-0.074082
0.012000	-0.067789
0.012500	-0.058860
0.013000	-0.050141
0.013500	-0.041669
0.014000	-0.031994
0.014500	-0.020209
0.015000	-0.005406
0.015500	0.017399
0.016000	0.048452
0.016500	0.081559
0.017000	0.110530
0.017500	0.134540
0.018000	0.155570
0.018500	0.171570
0.019000	0.180540
0.019500	0.179090
0.020000	0.165530
0.020500	0.143390
0.021000	0.116320
0.021500	0.084670
0.022000	0.046534
0.022500	0.007646
0.023000	-0.026042
0.023500	-0.052436
0.024000	-0.074545
0.024500	-0.088500
0.025000	-0.090204
0.025500	-0.078477
0.026000	-0.063542
0.026500	-0.047947
0.027000	-0.033089
0.027500	-0.019900
0.028000	-0.007151
0.028500	0.005580
0.029000	0.018551
0.029500	0.032095
0.030000	0.046878
0.030500	0.062546
0.031000	0.078532
0.031500	0.095039
0.032000	0.117120
0.032500	0.141640
0.033000	0.163440
0.033500	0.177160
0.034000	0.173880
0.034500	0.155800
0.035000	0.129570
0.035500	0.101630
0.036000	0.069986
0.036500	0.035140
0.037000	0.001192
0.037500	-0.027757
0.038000	-0.051731
0.038500	-0.071041
0.039000	-0.082011
0.039500	-0.080968
0.040000	-0.070584
0.040500	-0.057595
0.041000	-0.044419
0.041500	-0.033476
0.042000	-0.024540
0.042500	-0.015753
0.043000	-0.007086
0.043500	0.001488
0.044000	0.008807
0.044500	0.013744
0.045000	0.018651
0.045500	0.025969
0.046000	0.043941
0.046500	0.081334
0.047000	0.130590
0.047500	0.183710
0.048000	0.237500
0.048500	0.302540
0.049000	0.370320
0.049500	0.430100
0.050000	0.472080
0.050500	0.495650
0.051000	0.504850
0.051500	0.503700
0.052000	0.494630
0.052500	0.469810
0.053000	0.438230
0.053500	0.413030
0.054000	0.405630
0.054500	0.409220
0.055000	0.421290
0.055500	0.442420
0.056000	0.473280
0.056500	0.515830
0.057000	0.565450
0.057500	0.615170
0.058000	0.658180
0.058500	0.693420
0.059000	0.720310
0.059500	0.736400
0.060000	0.738730
0.060500	0.710220
0.061000	0.649650
0.061500	0.565290
0.062000	0.465400
0.062500	0.343440
0.063000	0.202210
0.063500	0.063988
0.064000	-0.048932
0.064500	-0.138780
0.065000	-0.221380
0.065500	-0.294860
0.066000	-0.357330
0.066500	-0.409900
0.067000	-0.458230
0.067500	-0.503180
0.068000	-0.545410
0.068500	-0.581340
0.069000	-0.607090
0.069500	-0.630920
0.070000	-0.661440
0.070500	-0.708770
0.071000	-0.780310
0.071500	-0.876760
0.072000	-0.998650
0.072500	-1.148000
0.073000	-1.323700
0.073500	-1.508600
0.074000	-1.684600
0.074500	-1.839500
0.075000	-1.987100
0.075500	-2.128300
0.076000	-2.261600
0.076500	-2.384700
0.077000	-2.489400
0.077500	-2.576900
0.078000	-2.650700
0.078500	-2.713700
0.079000	-2.760100
0.079500	-2.785300
0.080000	-2.785800
0.080500	-2.758800
0.081000	-2.710300
0.081500	-2.645400
0.082000	-2.567700
0.082500	-2.480500
0.083000	-2.372500
0.083500	-2.251300
0.084000	-2.134700
0.084500	-2.040400
0.085000	-1.972300
0.085500	-1.929000
0.086000	-1.911900
0.086500	-1.922300
0.087000	-1.965900
0.087500	-2.033600
0.088000	-2.105400
0.088500	-2.161000
0.089000	-2.194600
0.089500	-2.213900
0.090000	-2.219600
0.090500	-2.211900
0.091000	-2.171500
0.091500	-2.066600
0.092000	-1.911700
0.092500	-1.722600
0.093000	-1.505200
0.093500	-1.235900
0.094000	-0.895620
0.094500	-0.465520
0.095000	0.050955
0.095500	0.609830
0.096000	1.197400
0.096500	1.801200
0.097000	2.421400
0.097500	3.087000
0.098000	3.765000
0.098500	4.416400
0.099000	4.996500
0.099500	5.457000
0.100000	5.785800
0.100500	5.974300
0.101000	6.022800
0.101500	6.012100
0.102000	5.964500
0.102500	5.882400
0.103000	5.767600
0.103500	5.624900
0.104000	5.475500
0.104500	5.342600
0.105000	5.248700
0.105500	5.182400
0.106000	5.128500
0.106500	5.082900
0.107000	5.042200
0.107500	5.021900
0.108000	5.015700
0.108500	5.004800
0.109000	4.969400
0.109500	4.875600
0.110000	4.723700
0.110500	4.528800
0.111000	4.306000
0.111500	4.027400
0.112000	3.690000
0.112500	3.346900
0.113000	3.051000
0.113500	2.792800
0.114000	2.563500
0.114500	2.416800
0.115000	2.406500
0.115500	2.520000
0.116000	2.644100
0.116500	2.772300
0.117000	2.901900
0.117500	3.033500
0.118000	3.169800
0.118500	3.305500
0.119000	3.434800
0.119500	3.521200
0.120000	3.457400
0.120500	3.281700
0.121000	3.047700
0.121500	2.798800
0.122000	2.530900
0.122500	2.257900
0.123000	1.996900
0.123500	1.761500
0.124000	1.530600
0.124500	1.306100
0.125000	1.098200
0.125500	0.914730
0.126000	0.739450
0.126500	0.567000
0.127000	0.396990
0.127500	0.228970
0.128000	0.062109
0.128500	-0.103880
0.129000	-0.269130
0.129500	-0.433560
0.130000	-0.590380
0.130500	-0.738720
0.131000	-0.881750
0.131500	-1.022200
0.132000	-1.144400
0.132500	-1.236100
0.133000	-1.292500
0.133500	-1.308400
0.134000	-1.281000
0.134500	-1.215600
0.135000	-1.119600
0.135500	-1.000600
0.136000	-0.861140
0.136500	-0.709540
0.137000	-0.561660
0.137500	-0.433370
0.138000	-0.320620
0.138500	-0.211790
0.139000	-0.111480
0.139500	-0.024251
0.140000	0.050788
0.140500	0.123710
0.141000	0.196460
0.141500	0.270650
0.142000	0.346870
0.142500	0.423540
0.143000	0.500370
0.143500	0.577110
0.144000	0.653340
0.144500	0.727730
0.145000	0.798860
0.145500	0.865360
0.146000	0.916470
0.146500	0.920340
0.147000	0.890220
0.147500	0.844020
0.148000	0.795750
0.148500	0.727180
0.149000	0.647900
0.149500	0.576380
0.150000	0.529260
0.150500	0.505140
0.151000	0.509150
0.151500	0.549880
0.152000	0.633150
0.152500	0.738660
0.153000	0.858900
0.153500	0.991950
0.154000	1.136000
0.154500	1.289500
0.155000	1.447300
0.155500	1.602600
0.156000	1.748900
0.156500	1.888300
0.157000	2.020400
0.157500	2.140900
0.158000	2.245800
0.158500	2.334100
0.159000	2.411100
0.159500	2.481800
0.160000	2.551300
0.160500	2.620800
0.161000	2.685500
0.161500	2.741800
0.162000	2.786300
0.162500	2.800700
0.163000	2.763200
0.163500	2.690400
0.164000	2.600100
0.164500	2.502100
0.165000	2.389500
0.165500	2.263400
0.166000	2.125600
0.166500	1.981100
0.167000	1.830300
0.167500	1.641700
0.168000	1.381000
0.168500	1.034600
0.169000	0.669070
0.169500	0.298180
0.170000	-0.072195
0.170500	-0.437040
0.171000	-0.799930
0.171500	-1.160700
0.172000	-1.517400
0.172500	-1.859100
0.173000	-2.110600
0.173500	-2.277800
0.174000	-2.388400
0.174500	-2.470500
0.175000	-2.539400
0.175500	-2.585000
0.176000	-2.594800
0.176500	-2.560400
0.177000	-2.514800
0.177500	-2.467100
0.178000	-2.417300
0.178500	-2.364800
0.179000	-2.300100
0.179500	-2.230700
0.180000	-2.172400
0.180500	-2.141000
0.181000	-2.133900
0.181500	-2.135000
0.182000	-2.139900
0.182500	-2.144000
0.183000	-2.150800
0.183500	-2.160900
0.184000	-2.165700
0.184500	-2.156700
0.185000	-2.130700
0.185500	-2.094400
0.186000	-2.053800
0.186500	-2.015100
0.187000	-1.981000
0.187500	-1.947300
0.188000	-1.913800
0.188500	-1.880500
0.189000	-1.853800
0.189500	-1.839700
0.190000	-1.825100
0.190500	-1.796700
0.191000	-1.745500
0.191500	-1.682800
0.192000	-1.614400
0.192500	-1.544000
0.193000	-1.474500
0.193500	-1.403100
0.194000	-1.331100
0.194500	-1.260200
0.195000	-1.194700
0.195500	-1.151700
0.196000	-1.119900
0.196500	-1.081600
0.197000	-1.021100
0.197500	-0.945340
0.198000	-0.860850
0.198500	-0.771060
0.199000	-0.677660
0.199500	-0.570590
0.200000	-0.457030
0.200500	-0.348520
0.201000	-0.256600
0.201500	-0.187420
0.202000	-0.139710
0.202500	-0.111820
0.203000	-0.102080
0.203500	-0.105440
0.204000	-0.114350
0.204500	-0.121640
0.205000	-0.120170
0.205500	-0.111520
0.206000	-0.102000
0.206500	-0.091494
0.207000	-0.079899
0.207500	-0.064452
0.208000	-0.045236
0.208500	-0.026408
0.209000	-0.012126
0.209500	-0.007784
0.210000	-0.015839
0.210500	-0.036052
0.211000	-0.068177
0.211500	-0.108780
0.212000	-0.151120
0.212500	-0.194920
0.213000	-0.240100
0.213500	-0.287060
0.214000	-0.335610
0.214500	-0.383700
0.215000	-0.429280
0.215500	-0.470010
0.216000	-0.506110
0.216500	-0.540670
0.217000	-0.576860
0.217500	-0.616480
0.218000	-0.657870
0.218500	-0.700300
0.219000	-0.743070
0.219500	-0.789090
0.220000	-0.847780
0.220500	-0.909520
0.221000	-0.962820
0.221500	-0.994790
0.222000	-0.989530
0.222500	-0.957000
0.223000	-0.911890
0.223500	-0.865840
0.224000	-0.805930
0.224500	-0.740740
0.225000	-0.685630
0.225500	-0.654270
0.226000	-0.640790
0.226500	-0.641160
0.227000	-0.654250
0.227500	-0.678850
0.228000	-0.711000
0.228500	-0.746170
0.229000	-0.780590
0.229500	-0.810600
0.230000	-0.836580
0.230500	-0.859480
0.231000	-0.879020
0.231500	-0.894650
0.232000	-0.897460
0.232500	-0.884920
0.233000	-0.859200
0.233500	-0.822500
0.234000	-0.766580
0.234500	-0.692500
0.235000	-0.616390
0.235500	-0.554360
0.236000	-0.502870
0.236500	-0.456510
0.237000	-0.428550
0.237500	-0.432310
0.238000	-0.465230
0.238500	-0.500490
0.239000	-0.536820
0.239500	-0.573820
0.240000	-0.611080
0.240500	-0.648380
0.241000	-0.685780
0.241500	-0.723360
0.242000	-0.762030
0.242500	-0.803630
0.243000	-0.848350
0.243500	-0.896320
0.244000	-0.951790
0.244500	-1.026500
0.245000	-1.110200
0.245500	-1.190400
0.246000	-1.257500
0.246500	-1.315900
0.247000	-1.366300
0.247500	-1.408800
0.248000	-1.440600
0.248500	-1.452200
0.249000	-1.444500
0.249500	-1.419000
0.250000	-1.378000
0.250500	-1.324400
0.251000	-1.257400
0.251500	-1.175100
0.252000	-1.077100
0.252500	-0.971740
0.253000	-0.860710
0.253500	-0.743360
0.254000	-0.618560
0.254500	-0.483900
0.255000	-0.344610
0.255500	-0.207430
0.256000	-0.079079
0.256500	0.035762
0.257000	0.139300
0.257500	0.235070
0.258000	0.326440
0.258500	0.409810
0.259000	0.476000
0.259500	0.516620
0.260000	0.523640
0.260500	0.503530
0.261000	0.465470
0.261500	0.414430
0.262000	0.355370
0.262500	0.283550
0.263000	0.201940
0.263500	0.127120
0.264000	0.075675
0.264500	0.042381
0.265000	0.010592
0.265500	-0.020307
0.266000	-0.050935
0.266500	-0.082678
0.267000	-0.115530
0.267500	-0.146070
0.268000	-0.170820
0.268500	-0.174140
0.269000	-0.141050
0.269500	-0.092122
0.270000	-0.048885
0.270500	-0.020015
0.271000	0.008558
0.271500	0.032915
0.272000	0.048445
0.272500	0.046348
0.273000	0.014727
0.273500	-0.030243
0.274000	-0.069912
0.274500	-0.092485
0.275000	-0.112860
0.275500	-0.127660
0.276000	-0.130790
0.276500	-0.118330
0.277000	-0.097438
0.277500	-0.073018
0.278000	-0.049282
0.278500	-0.028873
0.279000	-0.003928
0.279500	0.017848
0.280000	0.024772
0.280500	0.006871
0.281000	-0.026062
0.281500	-0.065499
0.282000	-0.105700
0.282500	-0.143150
0.283000	-0.189520
0.283500	-0.235160
0.284000	-0.264860
0.284500	-0.264230
0.285000	-0.248880
0.285500	-0.231470
0.286000	-0.213440
0.286500	-0.196210
0.287000	-0.179500
0.287500	-0.162830
0.288000	-0.146280
0.288500	-0.130860
0.289000	-0.142870
0.289500	-0.179340
0.290000	-0.220060
0.290500	-0.244840
0.291000	-0.249800
0.291500	-0.244900
0.292000	-0.230650
0.292500	-0.207540
0.293000	-0.161160
0.293500	-0.091197
0.294000	-0.019412
0.294500	0.032464
0.295000	0.061514
0.295500	0.074532
0.296000	0.064358
0.296500	0.023836
0.297000	-0.048031
0.297500	-0.135630
0.298000	-0.227220
0.298500	-0.311310
0.299000	-0.384350
0.299500	-0.455180
0.300000	-0.519990
0.300500	-0.574520
0.301000	-0.614050
0.301500	-0.636440
0.302000	-0.643120
0.302500	-0.635560
0.303000	-0.617220
0.303500	-0.596310
0.304000	-0.572290
0.304500	-0.543640
0.305000	-0.510020
0.305500	-0.475450
0.306000	-0.440840
0.306500	-0.406630
0.307000	-0.373160
0.307500	-0.340140
0.308000	-0.307200
0.308500	-0.274050
0.309000	-0.240110
0.309500	-0.203620
0.310000	-0.165660
0.310500	-0.127960
0.311000	-0.092278
0.311500	-0.059702
0.312000	-0.029411
0.312500	-0.000355
0.313000	0.028453
0.313500	0.055718
0.314000	0.077472
0.314500	0.089597
0.315000	0.088260
0.315500	0.075223
0.316000	0.056279
0.316500	0.037159
0.317000	0.023482
0.317500	0.015089
0.318000	0.008393
0.318500	0.000808
0.319000	-0.010366
0.319500	-0.030266
0.320000	-0.058700
0.320500	-0.093086
0.321000	-0.131360
0.321500	-0.185270
0.322000	-0.250680
0.322500	-0.314080
0.323000	-0.361940
0.323500	-0.392660
0.324000	-0.413880
0.324500	-0.425970
0.325000	-0.429290
0.325500	-0.424060
0.326000	-0.413680
0.326500	-0.403280
0.327000	-0.397980
0.327500	-0.402700
0.328000	-0.414330
0.328500	-0.425970
0.329000	-0.430730
0.329500	-0.423150
0.330000	-0.404270
0.330500	-0.376440
0.331000	-0.342010
0.331500	-0.298240
0.332000	-0.242070
0.332500	-0.184810
0.333000	-0.138150
0.333500	-0.106870
0.334000	-0.081855
0.334500	-0.062277
0.335000	-0.047675
0.335500	-0.038817
0.336000	-0.037678
0.336500	-0.038343
0.337000	-0.034188
0.337500	-0.020395
0.338000	-0.000752
0.338500	0.023749
0.339000	0.052732
0.339500	0.087003
0.340000	0.128720
0.340500	0.172700
0.341000	0.213140
0.341500	0.245680
0.342000	0.273070
0.342500	0.295840
0.343000	0.314050
0.343500	0.327570
0.344000	0.335350
0.344500	0.337760
0.345000	0.335530
0.345500	0.329330
0.346000	0.318640
0.346500	0.302380
0.347000	0.279550
0.347500	0.249150
0.348000	0.211300
0.348500	0.167930
0.349000	0.121110
0.349500	0.072504
0.350000	0.013262
0.350500	-0.053076
0.351000	-0.115740
0.351500	-0.164010
0.352000	-0.192210
0.352500	-0.202760
0.353000	-0.198680
0.353500	-0.182930
0.354000	-0.157770
0.354500	-0.128340
0.355000	-0.100820
0.355500	-0.081141
0.356000	-0.065609
0.356500	-0.051719
0.357000	-0.040651
0.357500	-0.033584
0.358000	-0.029554
0.358500	-0.028048
0.359000	-0.030924
0.359500	-0.040038
0.360000	-0.053042
0.360500	-0.066237
0.361000	-0.079445
0.361500	-0.092489
0.362000	-0.105320
0.362500	-0.118060
0.363000	-0.130800
0.363500	-0.143630
0.364000	-0.157620
0.364500	-0.174660
0.365000	-0.194470
0.365500	-0.216710
0.366000	-0.243200
0.366500	-0.275950
0.367000	-0.310830
0.367500	-0.343580
0.368000	-0.371520
0.368500	-0.395980
0.369000	-0.416950
0.369500	-0.434380
0.370000	-0.445370
0.370500	-0.445010
0.371000	-0.434840
0.371500	-0.416640
0.372000	-0.392060
0.372500	-0.361200
0.373000	-0.322800
0.373500	-0.275520
0.374000	-0.218000
0.374500	-0.152290
0.375000	-0.084949
0.375500	-0.022796
0.376000	0.030096
0.376500	0.081253
0.377000	0.132160
0.377500	0.183280
0.378000	0.235190
0.378500	0.288790
0.379000	0.342760
0.379500	0.395350
0.380000	0.444240
0.380500	0.484010
0.381000	0.516870
0.381500	0.546660
0.382000	0.576820
0.382500	0.606100
0.383000	0.634360
0.383500	0.662190
0.384000	0.690330
0.384500	0.718470
0.385000	0.742310
0.385500	0.757020
0.386000	0.756540
0.386500	0.704190
0.387000	0.603880
0.387500	0.481900
0.388000	0.363180
0.388500	0.228700
0.389000	0.082043
0.389500	-0.051467
0.390000	-0.146950
0.390500	-0.201820
0.391000	-0.227990
0.391500	-0.233900
0.392000	-0.227770
0.392500	-0.210850
0.393000	-0.188530
0.393500	-0.169790
0.394000	-0.163630
0.394500	-0.168260
0.395000	-0.175750
0.395500	-0.185860
0.396000	-0.198360
0.396500	-0.217750
0.397000	-0.243290
0.397500	-0.266890
0.398000	-0.280460
0.398500	-0.280400
0.399000	-0.269870
0.399500	-0.250940
0.400000	-0.225660
0.400500	-0.196850
0.401000	-0.166750
0.401500	-0.136530
0.402000	-0.107390
0.402500	-0.080783
0.403000	-0.056598
0.403500	-0.032562
0.404000	-0.006362
0.404500	0.029072
0.405000	0.078941
0.405500	0.133110
0.406000	0.181080
0.406500	0.218190
0.407000	0.250500
0.407500	0.276150
0.408000	0.292970
0.408500	0.301030
0.409000	0.304330
0.409500	0.303640
0.410000	0.299620
0.410500	0.292410
0.411000	0.281510
0.411500	0.269390
0.412000	0.258830
0.412500	0.252730
0.413000	0.252800
0.413500	0.258070
0.414000	0.267430
0.414500	0.286230
0.415000	0.331050
0.415500	0.383220
0.416000	0.420610
0.416500	0.428680
0.417000	0.426120
0.417500	0.416340
0.418000	0.400020
0.418500	0.377800
0.419000	0.351130
0.419500	0.323230
0.420000	0.297510
0.420500	0.277250
0.421000	0.262310
0.421500	0.249240
0.422000	0.234470
0.422500	0.214780
0.423000	0.191120
0.423500	0.164570
0.424000	0.135650
0.424500	0.104340
0.425000	0.067275
0.425500	0.026860
0.426000	-0.013083
0.426500	-0.048898
0.427000	-0.081795
0.427500	-0.108780
0.428000	-0.123950
0.428500	-0.121740
0.429000	-0.109200
0.429500	-0.092659
0.430000	-0.073891
0.430500	-0.054563
0.431000	-0.033510
0.431500	-0.011317
0.432000	0.009942
0.432500	0.028023
0.433000	0.036614
0.433500	0.035669
0.434000	0.028373
0.434500	0.017907
0.435000	-0.002108
0.435500	-0.032467
0.436000	-0.061612
0.436500	-0.077986
0.437000	-0.081122
0.437500	-0.077769
0.438000	-0.067195
0.438500	-0.048666
0.439000	-0.025791
0.439500	-0.002360
0.440000	0.022089
0.440500	0.048015
0.441000	0.074953
0.441500	0.102050
0.442000	0.129180
0.442500	0.156220
0.443000	0.183560
0.443500	0.210770
0.444000	0.236530
0.444500	0.259500
0.445000	0.268400
0.445500	0.250610
0.446000	0.221300
0.446500	0.196360
0.447000	0.181530
0.447500	0.166750
0.448000	0.158110
0.448500	0.162270
0.449000	0.190230
0.449500	0.244370
0.450000	0.307390
0.450500	0.361550
0.451000	0.400670
0.451500	0.439350
0.452000	0.476140
0.452500	0.508980
0.453000	0.536790
0.453500	0.562720
0.454000	0.588040
0.454500	0.613690
0.455000	0.640890
0.455500	0.670510
0.456000	0.700780
0.456500	0.729740
0.457000	0.752740
0.457500	0.759820
0.458000	0.754950
0.458500	0.743460
0.459000	0.728940
0.459500	0.707200
0.460000	0.677470
0.460500	0.639640
0.461000	0.593210
0.461500	0.535130
0.462000	0.465880
0.462500	0.386910
0.463000	0.298240
0.463500	0.191900
0.464000	0.076456
0.464500	-0.035719
0.465000	-0.134900
0.465500	-0.231100
0.466000	-0.311550
0.466500	-0.357130
0.467000	-0.353870
0.467500	-0.336870
0.468000	-0.317460
0.468500	-0.296560
0.469000	-0.275030
0.469500	-0.253120
0.470000	-0.231160
0.470500	-0.209570
0.471000	-0.188800
0.471500	-0.169830
0.472000	-0.152260
0.472500	-0.135140
0.473000	-0.117470
0.473500	-0.097497
0.474000	-0.074584
0.474500	-0.048705
0.475000	45.928001
0.475500	1458.699951
0.476000	4255.000000
0.476500	7633.200195
0.477000	10878.000000
0.477500	15788.000000
0.478000	22060.000000
0.478500	27907.000000
0.479000	31542.000000
0.479500	27702.000000
0.480000	16738.000000
0.480500	5290.500000
0.481000	0.238650
0.481500	-0.385880
0.482000	-0.815780
0.482500	-0.939100
0.483000	-0.643860
0.483500	0.029950
0.484000	0.791820
0.484500	1.377800
0.485000	1.524000
0.485500	1.350600
0.486000	1.156700
0.486500	0.946650
0.487000	0.725070
0.487500	0.486010
0.488000	0.232530
0.488500	-0.017392
0.489000	-0.245760
0.489500	-0.364380
0.490000	-0.256030
0.490500	0.017653
