0.000000	3.457700
0.000500	0.747410
0.001000	2.538600
0.001500	1.907100
0.002000	3.394300
0.002500	2.219300
0.003000	2.808200
0.003500	2.637000
0.004000	2.048500
0.004500	1.687700
0.005000	1.200500
0.005500	-0.197210
0.006000	0.223450
0.006500	0.374930
0.007000	0.601050
0.007500	1.057400
0.008000	0.781200
0.008500	1.397600
0.009000	0.277250
0.009500	1.282100
0.010000	-0.198820
0.010500	0.383330
0.011000	0.784250
0.011500	-0.210890
0.012000	-2.829900
0.012500	-0.480560
0.013000	-3.722800
0.013500	-0.815340
0.014000	-2.132900
0.014500	-2.721000
0.015000	-3.230400
0.015500	-3.466800
0.016000	-1.644500
0.016500	-3.776200
0.017000	-2.007100
0.017500	-3.995300
0.018000	-4.327500
0.018500	-4.816300
0.019000	-3.962800
0.019500	-3.255500
0.020000	-3.726600
0.020500	-1.009200
0.021000	-3.793500
0.021500	-1.550200
0.022000	-3.424300
0.022500	-2.995100
0.023000	-2.367000
0.023500	-3.378500
0.024000	-3.269100
0.024500	-2.776300
0.025000	-1.683700
0.025500	-2.440800
0.026000	-2.067800
0.026500	-2.620600
0.027000	-0.804860
0.027500	-1.789000
0.028000	-1.446200
0.028500	-1.874000
0.029000	-1.852300
0.029500	-0.775050
0.030000	-1.621900
0.030500	0.155480
0.031000	1.029300
0.031500	1.017400
0.032000	1.443200
0.032500	0.524160
0.033000	1.320200
0.033500	2.024300
0.034000	1.322900
0.034500	1.770400
0.035000	2.091500
0.035500	0.529970
0.036000	1.419800
0.036500	2.810000
0.037000	1.150800
0.037500	3.490500
0.038000	3.562900
0.038500	1.273500
0.039000	3.987900
0.039500	3.444900
0.040000	3.348600
0.040500	4.009500
0.041000	2.157800
0.041500	4.378500
0.042000	4.208000
0.042500	5.392600
0.043000	4.769700
0.043500	5.001400
0.044000	5.096900
0.044500	3.328800
0.045000	3.777200
0.045500	6.035400
0.046000	5.751100
0.046500	5.923000
0.047000	6.799200
0.047500	4.652200
0.048000	7.398400
0.048500	7.929500
0.049000	7.620600
0.049500	7.134000
0.050000	8.453400
0.050500	9.768000
0.051000	8.911400
0.051500	10.729000
0.052000	11.546000
0.052500	9.263500
0.053000	10.097000
0.053500	11.393000
0.054000	10.909000
0.054500	10.382000
0.055000	11.767000
0.055500	10.669000
0.056000	8.931000
0.056500	10.140000
0.057000	9.204900
0.057500	9.956500
0.058000	6.100300
0.058500	7.225700
0.059000	6.771400
0.059500	6.242000
0.060000	3.305700
0.060500	3.983700
0.061000	2.707700
0.061500	3.586800
0.062000	2.198800
0.062500	1.741400
0.063000	-0.875050
0.063500	1.157200
0.064000	1.145700
0.064500	2.948600
0.065000	5.883300
0.065500	6.520200
0.066000	9.220900
0.066500	7.657000
0.067000	7.177700
0.067500	2.657700
0.068000	-1.453300
0.068500	-3.148000
0.069000	-3.991300
0.069500	-2.783600
0.070000	-3.795700
0.070500	-4.589900
0.071000	-6.618500
0.071500	-7.587600
0.072000	-8.331900
0.072500	-10.138000
0.073000	-11.030000
0.073500	-11.620000
0.074000	-11.892000
0.074500	-8.305400
0.075000	-5.986200
0.075500	-3.698100
0.076000	2.626200
0.076500	3.490100
0.077000	-3.338400
0.077500	-12.809000
0.078000	-26.794001
0.078500	-39.158001
0.079000	-49.403999
0.079500	-52.188999
0.080000	-42.264999
0.080500	-25.587000
0.081000	-5.839200
0.081500	17.410000
0.082000	39.462002
0.082500	54.470001
0.083000	63.792999
0.083500	66.653000
0.084000	64.875000
0.084500	57.945000
0.085000	45.654999
0.085500	38.993999
0.086000	39.905998
0.086500	48.198002
0.087000	63.797001
0.087500	79.064003
0.088000	101.839996
0.088500	115.860001
0.089000	124.620003
0.089500	125.080002
0.090000	119.870003
0.090500	114.830002
0.091000	112.449997
0.091500	118.089996
0.092000	119.239998
0.092500	103.610001
0.093000	127.650002
0.093500	108.129997
0.094000	112.519997
0.094500	126.080002
0.095000	138.899994
0.095500	134.820007
0.096000	116.129997
0.096500	72.553001
0.097000	22.023001
0.097500	-18.582001
0.098000	-55.264000
0.098500	-68.230003
0.099000	-57.167999
0.099500	-56.144001
0.100000	-64.230003
0.100500	-71.146004
0.101000	-86.620003
0.101500	-101.320000
0.102000	-110.650002
0.102500	-111.919998
0.103000	-105.040001
0.103500	-102.580002
0.104000	-87.174004
0.104500	-40.237000
0.105000	22.839001
0.105500	85.195000
0.106000	108.589996
0.106500	69.485001
0.107000	-11.474000
0.107500	-99.170998
0.108000	-153.300003
0.108500	-127.989998
0.109000	-62.500999
0.109500	-7.149300
0.110000	30.382999
0.110500	63.030998
0.111000	67.263000
0.111500	56.159000
0.112000	49.944000
0.112500	38.540001
0.113000	12.891000
0.113500	-33.816002
0.114000	-69.884003
0.114500	-80.440002
0.115000	-63.057999
0.115500	-14.921000
0.116000	36.265999
0.116500	62.077999
0.117000	64.259003
0.117500	40.316002
0.118000	4.483700
0.118500	-35.164001
0.119000	-73.639000
0.119500	-99.087997
0.120000	-117.040001
0.120500	-112.980003
0.121000	-99.427002
0.121500	-85.135002
0.122000	-84.567001
0.122500	-87.047997
0.123000	-79.995003
0.123500	-79.237000
0.124000	-84.029999
0.124500	-87.946999
0.125000	-106.099998
0.125500	-115.190002
0.126000	-115.739998
0.126500	-117.500000
0.127000	-127.650002
0.127500	-140.910004
0.128000	-154.600006
0.128500	-176.449997
0.129000	-196.729996
0.129500	-199.919998
0.130000	-186.610001
0.130500	-166.500000
0.131000	-138.669998
0.131500	-117.220001
0.132000	-98.589996
0.132500	-81.353996
0.133000	-66.987999
0.133500	-50.638000
0.134000	-34.471001
0.134500	31.891001
0.135000	9.089600
0.135500	10.744000
0.136000	-5.122100
0.136500	-10.659000
0.137000	-26.667999
0.137500	-28.681999
0.138000	-36.214001
0.138500	-32.500000
0.139000	-37.719002
0.139500	-27.032000
0.140000	-13.539000
0.140500	-8.271700
0.141000	-3.566900
0.141500	4.343500
0.142000	-1.022300
0.142500	-9.861700
0.143000	-21.283001
0.143500	-30.459999
0.144000	-35.591000
0.144500	-38.389000
0.145000	-39.145000
0.145500	-39.991001
0.146000	-39.683998
0.146500	-34.095001
0.147000	-21.160999
0.147500	-9.599800
0.148000	-4.280400
0.148500	-2.006000
0.149000	-5.861900
0.149500	-12.663000
0.150000	-17.284000
0.150500	-14.783000
0.151000	-9.151200
0.151500	-2.748400
0.152000	0.745560
0.152500	-4.043100
0.153000	-9.705500
0.153500	-17.788000
0.154000	-18.542999
0.154500	-25.608000
0.155000	-18.705999
0.155500	-16.441999
0.156000	-1.964900
0.156500	14.818000
0.157000	35.813000
0.157500	59.452000
0.158000	77.640999
0.158500	75.217003
0.159000	53.341999
0.159500	12.870000
0.160000	-33.179001
0.160500	-72.345001
0.161000	-99.646004
0.161500	-87.958000
0.162000	-72.320999
0.162500	-45.348999
0.163000	-10.299000
0.163500	17.146999
0.164000	27.587000
0.164500	41.681000
0.165000	65.231003
0.165500	89.299004
0.166000	102.889999
0.166500	127.110001
0.167000	140.320007
0.167500	123.910004
0.168000	115.760002
0.168500	118.480003
0.169000	102.510002
0.169500	97.598000
0.170000	94.632004
0.170500	82.689003
0.171000	72.782997
0.171500	61.966000
0.172000	45.459000
0.172500	34.044998
0.173000	18.172001
0.173500	1.287800
0.174000	-11.022000
0.174500	-24.361000
0.175000	-36.293999
0.175500	-45.014000
0.176000	-52.577000
0.176500	-57.759998
0.177000	-59.556999
0.177500	-64.441002
0.178000	-68.769997
0.178500	-73.056000
0.179000	-73.431000
0.179500	-78.176003
0.180000	-79.777000
0.180500	-79.855003
0.181000	-78.195999
0.181500	-73.075996
0.182000	-63.655998
0.182500	-54.766998
0.183000	-41.417000
0.183500	-29.614000
0.184000	-18.358999
0.184500	-6.781200
0.185000	-1.466300
0.185500	9.347000
0.186000	17.205000
0.186500	17.283001
0.187000	14.799000
0.187500	10.920000
0.188000	5.534500
0.188500	0.661050
0.189000	-1.028400
0.189500	-3.956300
0.190000	-5.721800
0.190500	-4.446600
0.191000	-2.624100
0.191500	-4.069300
0.192000	-2.438500
0.192500	-5.770300
0.193000	-6.868200
0.193500	-6.194400
0.194000	-6.388600
0.194500	-5.028200
0.195000	-8.268500
0.195500	-4.794500
0.196000	-3.735500
0.196500	-3.748700
0.197000	-3.766300
0.197500	-0.135790
0.198000	-0.639510
0.198500	-0.629260
0.199000	0.622460
0.199500	0.025296
0.200000	1.875700
0.200500	7.991100
0.201000	16.355000
0.201500	27.188000
0.202000	31.912001
0.202500	37.070000
0.203000	38.049000
0.203500	33.976002
0.204000	28.318001
0.204500	23.757999
0.205000	22.915001
0.205500	26.757999
0.206000	34.597000
0.206500	39.244999
0.207000	47.756001
0.207500	50.490002
0.208000	49.952999
0.208500	46.109001
0.209000	42.855999
0.209500	40.169998
0.210000	36.867001
0.210500	39.139000
0.211000	40.943001
0.211500	46.624001
0.212000	50.897999
0.212500	54.839001
0.213000	54.255001
0.213500	55.076000
0.214000	52.270000
0.214500	51.521999
0.215000	49.789001
0.215500	48.457001
0.216000	46.077000
0.216500	44.241001
0.217000	44.707001
0.217500	43.069000
0.218000	40.327999
0.218500	39.049000
0.219000	37.268002
0.219500	37.522999
0.220000	32.416000
0.220500	31.695000
0.221000	28.014000
0.221500	27.563000
0.222000	26.243999
0.222500	25.962999
0.223000	25.214001
0.223500	27.336000
0.224000	23.957001
0.224500	22.177000
0.225000	24.493000
0.225500	21.693001
0.226000	18.259001
0.226500	16.865999
0.227000	18.827999
0.227500	15.088000
0.228000	15.469000
0.228500	18.638000
0.229000	21.719000
0.229500	24.899000
0.230000	28.156000
0.230500	29.430000
0.231000	26.950001
0.231500	22.583000
0.232000	18.334000
0.232500	16.084999
0.233000	16.393000
0.233500	20.517000
0.234000	27.011000
0.234500	32.932999
0.235000	35.298000
0.235500	34.213001
0.236000	30.596001
0.236500	26.843000
0.237000	26.929001
0.237500	28.106001
0.238000	29.687000
0.238500	33.535999
0.239000	36.845001
0.239500	41.457001
0.240000	43.080002
0.240500	46.497002
0.241000	47.497002
0.241500	52.069000
0.242000	52.768002
0.242500	53.063000
0.243000	51.556999
0.243500	51.030998
0.244000	53.387001
0.244500	51.254002
0.245000	53.962002
0.245500	54.508999
0.246000	53.660000
0.246500	55.067001
0.247000	51.051998
0.247500	50.387001
0.248000	49.401001
0.248500	48.507000
0.249000	44.443001
0.249500	43.431000
0.250000	43.511002
0.250500	39.508999
0.251000	41.238998
0.251500	41.973000
0.252000	42.535999
0.252500	43.047001
0.253000	42.664001
0.253500	40.262001
0.254000	41.179001
0.254500	39.712002
0.255000	40.067001
0.255500	38.846001
0.256000	39.551998
0.256500	37.092999
0.257000	35.277000
0.257500	33.751999
0.258000	31.337999
0.258500	33.799999
0.259000	36.015999
0.259500	36.527000
0.260000	32.034000
0.260500	29.542000
0.261000	21.709000
0.261500	12.029000
0.262000	8.814600
0.262500	4.815300
0.263000	3.909200
0.263500	5.533900
0.264000	7.192800
0.264500	9.294700
0.265000	10.815000
0.265500	9.284200
0.266000	6.126800
0.266500	0.192040
0.267000	-4.019100
0.267500	-6.968400
0.268000	-10.607000
0.268500	-7.740300
0.269000	-6.995100
0.269500	-5.054900
0.270000	-5.034200
0.270500	-4.807300
0.271000	-7.157900
0.271500	-9.240300
0.272000	-10.175000
0.272500	-12.351000
0.273000	-13.258000
0.273500	-15.367000
0.274000	-15.688000
0.274500	-14.606000
0.275000	-16.601999
0.275500	-12.917000
0.276000	-13.577000
0.276500	-13.179000
0.277000	-14.393000
0.277500	-14.052000
0.278000	-13.855000
0.278500	-11.407000
0.279000	-9.303400
0.279500	-10.825000
0.280000	-8.642600
0.280500	-9.101900
0.281000	-5.165700
0.281500	-4.160000
0.282000	-2.831300
0.282500	-0.034355
0.283000	-0.444070
0.283500	0.937140
0.284000	0.450670
0.284500	0.493120
0.285000	0.608920
0.285500	2.468000
0.286000	6.376900
0.286500	6.599500
0.287000	5.370400
0.287500	5.353200
0.288000	4.044300
0.288500	4.719700
0.289000	6.579200
0.289500	7.330400
0.290000	7.962300
0.290500	7.522500
0.291000	9.818100
0.291500	10.475000
0.292000	10.133000
0.292500	11.962000
0.293000	9.867800
0.293500	11.632000
0.294000	10.110000
0.294500	11.102000
0.295000	11.620000
0.295500	12.589000
0.296000	10.683000
0.296500	10.751000
0.297000	7.165300
0.297500	7.300200
0.298000	5.604700
0.298500	6.927400
