0.000000	-32.336742
0.000500	-32.336742
0.001000	-32.336742
0.001500	-32.336742
0.002000	-32.336742
0.002500	-32.336742
0.003000	-32.324043
0.003500	-32.303722
0.004000	-32.278316
0.004500	-32.250381
0.005000	-32.217358
0.005500	-32.176723
0.006000	-32.128456
0.006500	-32.087818
0.007000	-32.057339
0.007500	-32.034477
0.008000	-32.016697
0.008500	-31.996376
0.009000	-31.978600
0.009500	-31.965900
0.010000	-31.955742
0.010500	-31.940500
0.011000	-31.920179
0.011500	-31.859219
0.012000	-31.765238
0.012500	-31.671259
0.013000	-31.600140
0.013500	-31.541719
0.014000	-31.488379
0.014500	-31.452820
0.015000	-31.440121
0.015500	-31.445202
0.016000	-31.455360
0.016500	-31.465519
0.017000	-31.473137
0.017500	-31.473137
0.018000	-31.470600
0.018500	-31.470600
0.019000	-31.483299
0.019500	-31.516321
0.020000	-31.567120
0.020500	-31.625540
0.021000	-31.681421
0.021500	-31.727139
0.022000	-31.772860
0.022500	-31.818581
0.023000	-31.861759
0.023500	-31.894781
0.024000	-31.902399
0.024500	-31.912558
0.025000	-31.943039
0.025500	-32.009079
0.026000	-32.087818
0.026500	-32.169102
0.027000	-32.252918
0.027500	-32.336742
0.028000	-32.423100
0.028500	-32.506920
0.029000	-32.593281
0.029500	-32.677097
0.030000	-32.755840
0.030500	-32.826962
0.031000	-32.890457
0.031500	-32.941261
0.032000	-32.961582
0.032500	-32.951420
0.033000	-32.913319
0.033500	-32.852360
0.034000	-32.783779
0.034500	-32.712662
0.035000	-32.639000
0.035500	-32.565342
0.036000	-32.491680
0.036500	-32.415478
0.037000	-32.334202
0.037500	-32.242760
0.038000	-32.110680
0.038500	-31.927797
0.039000	-31.732220
0.039500	-31.551878
0.040000	-31.389322
0.040500	-31.229300
0.041000	-31.097219
0.041500	-31.021019
0.042000	-31.013399
0.042500	-31.051498
0.043000	-31.107380
0.043500	-31.148020
0.044000	-31.165798
0.044500	-31.181040
0.045000	-31.183580
0.045500	-31.160717
0.046000	-31.081980
0.046500	-30.921959
0.047000	-30.728920
0.047500	-30.551121
0.048000	-30.424120
0.048500	-30.312361
0.049000	-30.223461
0.049500	-30.177738
0.050000	-30.187901
0.050500	-30.256479
0.051000	-30.373318
0.051500	-30.530802
0.052000	-30.721300
0.052500	-30.927040
0.053000	-31.137861
0.053500	-31.346138
0.054000	-31.541719
0.054500	-31.727139
0.055000	-31.904940
0.055500	-32.075119
0.056000	-32.240219
0.056500	-32.364677
0.057000	-32.438339
0.057500	-32.468822
0.058000	-32.463741
0.058500	-32.402779
0.059000	-32.275776
0.059500	-32.085281
0.060000	-31.833820
0.060500	-31.549337
0.061000	-31.234379
0.061500	-30.883858
0.062000	-30.490160
0.062500	-30.060900
0.063000	-29.616400
0.063500	-29.171900
0.064000	-28.737560
0.064500	-28.320999
0.065000	-27.922220
0.065500	-27.536140
0.066000	-27.157681
0.066500	-26.819859
0.067000	-26.588718
0.067500	-26.456638
0.068000	-26.421080
0.068500	-26.494740
0.069000	-26.713179
0.069500	-27.056080
0.070000	-27.508198
0.070500	-28.033981
0.071000	-28.602940
0.071500	-29.222700
0.072000	-29.905960
0.072500	-30.655260
0.073000	-31.445202
0.073500	-32.265621
0.074000	-33.124142
0.074500	-34.013142
0.075000	-34.922459
0.075500	-35.880039
0.076000	-36.918900
0.076500	-38.069519
0.077000	-39.288719
0.077500	-40.533318
0.078000	-41.770302
0.078500	-42.974258
0.079000	-44.168060
0.079500	-45.354240
0.080000	-46.520100
0.080500	-47.652939
0.081000	-48.734978
0.081500	-49.781460
0.082000	-50.810162
0.082500	-51.838860
0.083000	-52.859940
0.083500	-53.858158
0.084000	-54.808117
0.084500	-55.697121
0.085000	-56.466740
0.085500	-57.132217
0.086000	-57.731663
0.086500	-58.308235
0.087000	-58.864502
0.087500	-59.387741
0.088000	-59.875420
0.088500	-60.340240
0.089000	-60.736481
0.089500	-61.031120
0.090000	-61.236862
0.090500	-61.371475
0.091000	-61.407036
0.091500	-61.249561
0.092000	-60.881256
0.092500	-60.286903
0.093000	-59.496960
0.093500	-58.600342
0.094000	-57.591961
0.094500	-56.461658
0.095000	-55.237377
0.095500	-54.002941
0.096000	-52.753258
0.096500	-51.488338
0.097000	-50.187859
0.097500	-48.831501
0.098000	-47.477676
0.098500	-46.192440
0.099000	-45.024040
0.099500	-43.903900
0.100000	-42.809158
0.100500	-41.727119
0.101000	-40.642540
0.101500	-39.557961
0.102000	-38.475918
0.102500	-37.404037
0.103000	-36.349941
0.103500	-35.328861
0.104000	-34.333176
0.104500	-33.350201
0.105000	-32.372299
0.105500	-31.414717
0.106000	-30.482538
0.106500	-29.557980
0.107000	-28.630880
0.107500	-27.830780
0.108000	-27.129740
0.108500	-26.405840
0.109000	4249420.000000
0.109500	127911856.000000
0.110000	345617792.000000
0.110500	552881792.000000
0.111000	645160000.000000
0.111500	645160000.000000
0.112000	645160000.000000
0.112500	645160000.000000
0.113000	645160000.000000
0.113500	645160000.000000
0.114000	645160000.000000
0.114500	645160000.000000
0.115000	645160000.000000
0.115500	645160000.000000
0.116000	645160000.000000
0.116500	645160000.000000
0.117000	645160000.000000
0.117500	583819008.000000
0.118000	391185408.000000
0.118500	167225984.000000
0.119000	16425672.000000
0.119500	-8.875776
0.120000	-10.200131
0.120500	-11.502135
0.121000	-12.781534
0.121500	-14.043913
0.122000	-15.309088
0.122500	-16.572739
0.123000	-17.828514
0.123500	-19.066256
0.124000	-20.245579
0.124500	-21.350477
0.125000	-22.371811
0.125500	-23.300943
0.126000	-24.136097
0.126500	-24.886919
0.127000	-25.565100
0.127500	-26.179779
0.128000	-26.753820
0.128500	-27.317699
0.129000	-27.896820
0.129500	-28.516579
0.130000	-29.154118
0.130500	-29.796740
0.131000	-30.441900
0.131500	-31.094679
0.132000	-31.752542
0.132500	-32.412937
0.133000	-33.073341
0.133500	-33.731201
0.134000	-34.383984
0.134500	-35.031681
0.135000	-35.669220
0.135500	-36.301682
0.136000	-36.913818
0.136500	-37.500561
0.137000	-38.064438
0.137500	-38.613083
0.138000	-39.136322
0.138500	-39.644321
0.139000	-40.149780
0.139500	-40.675560
0.140000	-41.224201
0.140500	-41.785538
0.141000	-42.346878
0.141500	-42.903141
0.142000	-43.446701
0.142500	-43.977558
0.143000	-44.505878
0.143500	-45.046898
0.144000	-45.608242
0.144500	-46.194977
0.145000	-46.804581
0.145500	-47.429420
0.146000	-48.064419
0.146500	-48.707043
0.147000	-49.352200
0.147500	-49.999901
0.148000	-50.652679
0.148500	-51.313080
0.149000	-51.981098
0.149500	-52.646580
0.150000	-53.299362
0.150500	-53.903881
0.151000	-54.467758
0.151500	-55.008778
0.152000	-55.534557
0.152500	-56.004459
0.153000	-56.410862
0.153500	-56.763920
0.154000	-57.066181
0.154500	-57.287155
0.155000	-57.403999
0.155500	-57.424316
0.156000	-57.345581
0.156500	-57.213501
0.157000	-57.030621
0.157500	-56.779156
0.158000	-56.441341
0.158500	-56.045101
0.159000	-55.641239
0.159500	-55.239918
0.160000	-54.846222
0.160500	-54.457600
0.161000	-54.074059
0.161500	-53.690517
0.162000	-53.306980
0.162500	-52.956459
0.163000	-52.671978
0.163500	-52.407818
0.164000	-52.115719
0.164500	-51.749958
0.165000	-51.239414
0.165500	-50.495201
0.166000	-49.430939
0.166500	-48.011078
0.167000	-46.436279
0.167500	-44.764961
0.168000	-43.045380
0.168500	-41.300400
0.169000	-39.509697
0.169500	-37.703758
0.170000	-35.925762
0.170500	-34.223957
0.171000	-32.684723
0.171500	-31.318199
0.172000	-30.101538
0.172500	-29.027119
0.173000	-28.133038
0.173500	-27.416758
0.174000	-26.857960
0.174500	-26.436319
0.175000	-26.093420
0.175500	-25.849579
0.176000	-25.737818
0.176500	-25.775919
0.177000	-25.877520
0.177500	-26.040079
0.178000	-26.286459
0.178500	-26.639519
0.179000	-27.038298
0.179500	-27.447241
0.180000	-27.873957
0.180500	-28.326080
0.181000	-28.798521
0.181500	-29.278578
0.182000	-29.756100
0.182500	-30.220921
0.183000	-30.670500
0.183500	-31.115002
0.184000	-31.549337
0.184500	-31.965900
0.185000	-32.362137
0.185500	-32.743141
0.186000	-33.121601
0.186500	-33.512760
0.187000	-33.919159
0.187500	-34.330639
0.188000	-34.744659
0.188500	-35.158680
0.189000	-35.575237
0.189500	-35.989262
0.190000	-36.415977
0.190500	-36.870640
0.191000	-37.360863
0.191500	-37.884102
0.192000	-38.430199
0.192500	-38.986458
0.193000	-39.540180
0.193500	-40.096439
0.194000	-40.652699
0.194500	-41.211498
0.195000	-41.770302
0.195500	-42.344337
0.196000	-42.926003
0.196500	-43.502579
0.197000	-44.071541
0.197500	-44.604942
0.198000	-45.077381
0.198500	-45.466000
0.199000	-45.745399
0.199500	-45.968922
0.200000	-46.161957
0.200500	-46.337219
0.201000	-46.504860
0.201500	-46.654720
0.202000	-46.794422
0.202500	-46.946819
0.203000	-47.127159
0.203500	-47.343056
0.204000	-47.597061
0.204500	-47.889160
0.205000	-48.221897
0.205500	-48.577499
0.206000	-48.938179
0.206500	-49.296318
0.207000	-49.654461
0.207500	-50.007519
0.208000	-50.358040
0.208500	-50.706017
0.209000	-51.051460
0.209500	-51.366417
0.210000	-51.630581
0.210500	-51.859177
0.211000	-52.062382
0.211500	-52.232559
0.212000	-52.334160
0.212500	-52.374798
0.213000	-52.364639
0.213500	-52.311298
0.214000	-52.199539
0.214500	-52.014118
0.215000	-51.729641
0.215500	-51.363880
0.216000	-50.970181
0.216500	-50.551079
0.217000	-50.101501
0.217500	-49.629059
0.218000	-49.143921
0.218500	-48.661316
0.219000	-48.183800
0.219500	-47.721519
0.220000	-47.266861
0.220500	-46.822357
0.221000	-46.388020
0.221500	-45.971462
0.222000	-45.575222
0.222500	-45.209461
0.223000	-44.881798
0.223500	-44.589699
0.224000	-44.312843
0.224500	-44.038521
0.225000	-43.761658
0.225500	-43.479717
0.226000	-43.192699
0.226500	-42.908218
0.227000	-42.623741
0.227500	-42.336720
0.228000	-42.044621
0.228500	-41.749981
0.229000	-41.460423
0.229500	-41.181019
0.230000	-40.924477
0.230500	-40.690800
0.231000	-40.464737
0.231500	-40.236141
0.232000	-40.010078
0.232500	-39.786564
0.233000	-39.563042
0.233500	-39.334438
0.234000	-39.090599
0.234500	-38.831520
0.235000	-38.559738
0.235500	-38.280338
0.236000	-37.990780
0.236500	-37.691055
0.237000	-37.383720
0.237500	-37.068764
0.238000	-36.741096
0.238500	-36.390579
0.239000	-36.034981
0.239500	-35.684460
0.240000	-35.361877
0.240500	-35.074860
0.241000	-34.823399
0.241500	-34.599880
0.242000	-34.424618
0.242500	-34.350956
0.243000	-34.363663
0.243500	-34.455101
0.244000	-34.607498
0.244500	-34.803082
0.245000	-35.059620
0.245500	-35.389820
0.246000	-35.801300
0.246500	-36.233097
0.247000	-36.667439
0.247500	-37.099239
0.248000	-37.520882
0.248500	-37.932358
0.249000	-38.336220
0.249500	-38.729916
0.250000	-39.103298
0.250500	-39.344601
0.251000	-39.451279
0.251500	-39.451279
0.252000	-39.367458
0.252500	-39.199821
0.253000	-38.943279
0.253500	-38.595299
0.254000	-38.155880
0.254500	-37.688519
0.255000	-37.188137
0.255500	-36.634418
0.256000	-36.009579
0.256500	-35.344097
0.257000	-34.673542
0.257500	-34.005520
0.258000	-33.350201
0.258500	-32.702503
0.259000	-32.057339
0.259500	-31.419798
0.260000	-30.802580
0.260500	-30.220921
0.261000	-29.662119
0.261500	-29.103319
0.262000	-28.526741
0.262500	-27.927298
0.263000	-27.317699
0.263500	-26.703020
0.264000	-26.080721
0.264500	-25.453341
0.265000	-24.809706
0.265500	-24.149050
0.266000	-23.466551
0.266500	-22.753830
0.267000	-22.005289
0.267500	-21.226778
0.268000	-20.424646
0.268500	-19.600670
0.269000	-18.759424
0.269500	-17.918175
0.270000	-17.095469
0.270500	-16.296896
0.271000	-15.502891
0.271500	-14.710410
0.272000	-13.916406
0.272500	-13.117068
0.273000	-12.310618
0.273500	-11.502135
0.274000	-10.696702
0.274500	-9.908031
0.275000	-9.165589
0.275500	-8.458708
0.276000	-7.773670
0.276500	-7.112508
0.277000	-6.513830
0.277500	-5.941314
0.278000	-5.350510
0.278500	-4.702302
0.279000	-4.012438
0.279500	-3.273298
0.280000	-2.464867
0.280500	-1.571803
0.281000	-0.626440
0.281500	0.339598
0.282000	1.301013
0.282500	2.235276
0.283000	3.152648
0.283500	4.058920
0.284000	4.954524
0.284500	5.841238
0.285000	6.712458
0.285500	7.505700
0.286000	8.142732
0.286500	8.552434
0.287000	8.873236
0.287500	9.193276
0.288000	9.512808
0.288500	9.832340
0.289000	10.150602
0.289500	10.468102
0.290000	10.787126
0.290500	11.109451
0.291000	11.552174
0.291500	12.166092
0.292000	12.854178
0.292500	13.519913
0.293000	14.156437
0.293500	14.809978
0.294000	15.461488
0.294500	16.093185
0.295000	16.628872
0.295500	17.022318
0.296000	17.298923
0.296500	17.484343
0.297000	17.589754
0.297500	17.595850
0.298000	17.498821
0.298500	17.295876
0.299000	17.007078
0.299500	16.673323
0.300000	16.287497
0.300500	15.840964
0.301000	15.348712
0.301500	14.840203
0.302000	14.289532
0.302500	13.668756
0.303000	12.966700
0.303500	12.238736
0.304000	11.503152
0.304500	10.772140
0.305000	10.054844
0.305500	9.345168
0.306000	8.644127
0.306500	7.954264
0.307000	7.302500
0.307500	6.774688
0.308000	6.346444
0.308500	5.981446
0.309000	5.648198
0.309500	5.371592
0.310000	5.171186
0.310500	5.058664
0.311000	5.040884
0.311500	5.089398
0.312000	5.207000
0.312500	5.406390
0.313000	5.691886
0.313500	6.004814
0.314000	6.334252
0.314500	6.686296
0.315000	7.063486
0.315500	7.446518
0.316000	7.835646
0.316500	8.237728
0.317000	8.659369
0.317500	9.105646
0.318000	9.565132
0.318500	10.022078
0.319000	10.461244
0.319500	10.876280
0.320000	11.278361
0.320500	11.681207
0.321000	12.098528
0.321500	12.533376
0.322000	12.989814
0.322500	13.474700
0.323000	13.994891
0.323500	14.558264
0.324000	15.159737
0.324500	15.786862
0.325000	16.427958
0.325500	17.069815
0.326000	17.718786
0.326500	18.392139
0.327000	19.107912
0.327500	19.863054
0.328000	20.635469
0.328500	21.413216
0.329000	22.184614
0.329500	22.944075
0.330000	23.697691
0.330500	24.443436
0.331000	25.177750
0.331500	25.880060
0.332000	26.515059
0.332500	27.084021
0.333000	27.586939
0.333500	28.039059
0.334000	28.486101
0.334500	28.930601
0.335000	29.377640
0.335500	29.832300
0.336000	30.289499
0.336500	30.746700
0.337000	31.206440
0.337500	31.671259
0.338000	32.151318
0.338500	32.639000
0.339000	33.121601
0.339500	33.583881
0.340000	34.002983
0.340500	34.391602
0.341000	34.762440
0.341500	35.118038
0.342000	35.417759
0.342500	35.656521
0.343000	35.831779
0.343500	35.940998
0.344000	35.974022
0.344500	35.915604
0.345000	35.753040
0.345500	35.483799
0.346000	35.189159
0.346500	34.894524
0.347000	34.599880
0.347500	34.307781
0.348000	34.015682
0.348500	33.726124
0.349000	33.434021
0.349500	33.144459
0.350000	32.885380
0.350500	32.664398
0.351000	32.476440
0.351500	32.318962
0.352000	32.242760
0.352500	32.263081
0.353000	32.372299
0.353500	32.550098
0.354000	32.778698
0.354500	33.047939
0.355000	33.362900
0.355500	33.718502
0.356000	34.099499
0.356500	34.503361
0.357000	34.940239
0.357500	35.415222
0.358000	35.928299
0.358500	36.474400
0.359000	37.063679
0.359500	37.711380
0.360000	38.399723
0.360500	39.105839
0.361000	39.824657
0.361500	40.556179
0.362000	41.282619
0.362500	42.011600
0.363000	42.763439
0.363500	43.571159
0.364000	44.434761
0.364500	45.318680
0.365000	46.212757
0.365500	47.109379
0.366000	48.005997
0.366500	48.907700
0.367000	49.811939
0.367500	50.708557
0.368000	51.574699
0.368500	52.377338
0.369000	53.126637
0.369500	53.845459
0.370000	54.536339
0.370500	55.189121
0.371000	55.791103
0.371500	56.344822
0.372000	56.845196
0.372500	57.317638
0.373000	57.757061
0.373500	58.165997
0.374000	58.539375
0.374500	58.882282
0.375000	59.220100
0.375500	59.575699
0.376000	59.966858
0.376500	60.370720
0.377000	60.789822
0.377500	61.224159
0.378000	61.673740
0.378500	62.166500
0.379000	62.677040
0.379500	63.162178
0.380000	63.591434
0.380500	63.995300
0.381000	64.389000
0.381500	64.775078
0.382000	65.158623
0.382500	65.542160
0.383000	65.920624
0.383500	66.288918
0.384000	66.634354
0.384500	66.959480
0.385000	67.269363
0.385500	67.574158
0.386000	67.878960
0.386500	68.186295
0.387000	68.488564
0.387500	68.778122
0.388000	69.039742
0.388500	69.275963
0.389000	69.496941
0.389500	69.707756
0.390000	69.921120
0.390500	70.131943
0.391000	70.337685
0.391500	70.540878
0.392000	70.738998
0.392500	70.926956
0.393000	71.076820
0.393500	71.160637
0.394000	71.153023
0.394500	71.081902
0.395000	71.003151
0.395500	70.916801
0.396000	70.827904
0.396500	70.736458
0.397000	70.645020
0.397500	70.553581
0.398000	70.464676
0.398500	70.393555
0.399000	70.342758
0.399500	70.291962
0.400000	70.220840
0.400500	70.124313
0.401000	70.012566
0.401500	69.890640
0.402000	69.763641
0.402500	69.631561
0.403000	69.489319
0.403500	69.336922
0.404000	69.174362
0.404500	68.994026
0.405000	68.770500
0.405500	68.513962
0.406000	68.234558
0.406500	67.932297
0.407000	67.584320
0.407500	67.190620
0.408000	66.751198
0.408500	66.266060
0.409000	65.742821
0.409500	65.178940
0.410000	64.574417
0.410500	63.929260
0.411000	63.253620
0.411500	62.565281
0.412000	61.887100
0.412500	61.231781
0.413000	60.601860
0.413500	59.994797
0.414000	59.413136
0.414500	58.874660
0.415000	58.442856
0.415500	58.122822
0.416000	57.911999
0.416500	57.800236
0.417000	57.731663
0.417500	57.696102
0.418000	57.698643
0.418500	57.736736
0.419000	57.797699
0.419500	57.866276
0.420000	57.932320
0.420500	57.975502
0.421000	57.998360
0.421500	57.990738
0.422000	57.939938
0.422500	57.835800
0.423000	57.609741
0.423500	57.277000
0.424000	56.870602
0.424500	56.421017
0.425000	55.902863
0.425500	55.346596
0.426000	54.805580
0.426500	54.320442
0.427000	53.896263
0.427500	53.525421
0.428000	53.225700
0.428500	53.009796
0.429000	52.892960
0.429500	52.877720
0.430000	52.951382
0.430500	53.106319
0.431000	53.304436
0.431500	53.527958
0.432000	53.781956
0.432500	54.079140
0.433000	54.416958
0.433500	54.777641
0.434000	55.133240
0.434500	55.460899
0.435000	55.750458
0.435500	55.999378
0.436000	56.205120
0.436500	56.362602
0.437000	56.466740
0.437500	56.517540
0.438000	56.504841
0.438500	56.415943
0.439000	56.288940
0.439500	56.159401
0.440000	56.029861
0.440500	55.897781
0.441000	55.765697
0.441500	55.633621
0.442000	55.501541
0.442500	55.369457
0.443000	55.305962
0.443500	55.338978
0.444000	55.438042
0.444500	55.565037
0.445000	55.704739
0.445500	55.869839
0.446000	56.037479
0.446500	56.189877
0.447000	56.314339
0.447500	56.413399
0.448000	56.492142
0.448500	56.542938
0.449000	56.560719
0.449500	56.522621
0.450000	56.423561
0.450500	56.263538
0.451000	56.050182
0.451500	55.813961
0.452000	55.554882
0.452500	55.280560
0.453000	54.988464
0.453500	54.670959
0.454000	54.348381
0.454500	54.038502
0.455000	53.764179
0.455500	53.533039
0.456000	53.339996
0.456500	53.182522
0.457000	53.052982
0.457500	52.959000
0.458000	52.905659
0.458500	52.903114
0.459000	52.946304
0.459500	53.014877
0.460000	53.098701
0.460500	53.200302
0.461000	53.317142
0.461500	53.456841
0.462000	53.611778
0.462500	53.759098
0.463000	53.878483
0.463500	53.952137
0.464000	53.977539
0.464500	53.962303
0.465000	53.906418
0.465500	53.794655
0.466000	53.611778
0.466500	53.350159
0.467000	52.999641
0.467500	52.608475
0.468000	52.204620
0.468500	51.808380
0.469000	51.440075
0.469500	51.079395
0.470000	50.721256
0.470500	50.370743
0.471000	50.030380
0.471500	49.715420
0.472000	49.418240
0.472500	49.128681
0.473000	48.831501
0.473500	48.557182
0.474000	48.318420
0.474500	48.117760
0.475000	296494.187500
0.475500	9410700.000000
0.476000	27452320.000000
0.476500	49245520.000000
0.477000	70177656.000000
0.477500	101856536.000000
0.478000	142321280.000000
0.478500	180042816.000000
0.479000	203499712.000000
0.479500	178719488.000000
0.480000	107983016.000000
0.480500	34129980.000000
0.481000	48.727360
0.481500	48.834042
0.482000	49.583344
0.482500	50.205639
0.483000	49.941479
0.483500	48.935642
0.484000	47.896782
0.484500	46.921421
0.485000	46.090839
0.485500	45.344082
0.486000	44.615101
0.486500	43.987717
0.487000	43.545761
0.487500	43.317158
0.488000	43.205399
0.488500	43.113956
0.489000	42.941238
0.489500	42.664379
0.490000	42.367199
0.490500	42.042080
