0.000000	0.999910
0.000500	0.999910
0.001000	0.999910
0.001500	0.999910
0.002000	0.999910
0.002500	0.999910
0.003000	0.999910
0.003500	0.999910
0.004000	0.999910
0.004500	0.999910
0.005000	0.999910
0.005500	0.999910
0.006000	0.999910
0.006500	0.999910
0.007000	0.999910
0.007500	0.999910
0.008000	0.999910
0.008500	0.999910
0.009000	0.999910
0.009500	0.999910
0.010000	0.999910
0.010500	0.999910
0.011000	0.999910
0.011500	0.999910
0.012000	0.999910
0.012500	0.999910
0.013000	0.999910
0.013500	0.999910
0.014000	0.999910
0.014500	0.999910
0.015000	0.999910
0.015500	0.999910
0.016000	0.999910
0.016500	0.999910
0.017000	0.999910
0.017500	0.999910
0.018000	0.999910
0.018500	0.999910
0.019000	0.999910
0.019500	0.999910
0.020000	0.999910
0.020500	0.999910
0.021000	0.999910
0.021500	0.999910
0.022000	0.999910
0.022500	0.999910
0.023000	0.999910
0.023500	0.999910
0.024000	0.999910
0.024500	0.999910
0.025000	0.999910
0.025500	0.999910
0.026000	0.999910
0.026500	0.999910
0.027000	0.999910
0.027500	0.999910
0.028000	0.999910
0.028500	0.999910
0.029000	0.999910
0.029500	0.999910
0.030000	0.999910
0.030500	0.999910
0.031000	0.999910
0.031500	0.999910
0.032000	0.999910
0.032500	0.999910
0.033000	0.999910
0.033500	0.999910
0.034000	0.999910
0.034500	0.999910
0.035000	0.999910
0.035500	0.999910
0.036000	0.999910
0.036500	0.999910
0.037000	0.999910
0.037500	0.999910
0.038000	0.999910
0.038500	0.999910
0.039000	0.999910
0.039500	0.999910
0.040000	0.999910
0.040500	0.999910
0.041000	0.999910
0.041500	0.999910
0.042000	0.999910
0.042500	0.999910
0.043000	0.999910
0.043500	0.999910
0.044000	0.999910
0.044500	0.999910
0.045000	0.999910
0.045500	0.999910
0.046000	0.999910
0.046500	0.999910
0.047000	0.999910
0.047500	0.999910
0.048000	0.999910
0.048500	0.999910
0.049000	0.999910
0.049500	0.999910
0.050000	0.999910
0.050500	0.999910
0.051000	0.999910
0.051500	0.999910
0.052000	0.999910
0.052500	0.999900
0.053000	0.999900
0.053500	0.999900
0.054000	0.999900
0.054500	0.999900
0.055000	0.999900
0.055500	0.999900
0.056000	0.999900
0.056500	0.999900
0.057000	0.999900
0.057500	0.999900
0.058000	0.999900
0.058500	0.999900
0.059000	0.999900
0.059500	0.999900
0.060000	0.999900
0.060500	0.999900
0.061000	0.999900
0.061500	0.999900
0.062000	0.999900
0.062500	0.999900
0.063000	0.999900
0.063500	0.999900
0.064000	0.999900
0.064500	0.999890
0.065000	0.999890
0.065500	0.999890
0.066000	0.999890
0.066500	0.999890
0.067000	0.999890
0.067500	0.999890
0.068000	0.999890
0.068500	0.999890
0.069000	0.999890
0.069500	0.999890
0.070000	0.999880
0.070500	0.999880
0.071000	0.999880
0.071500	0.999880
0.072000	0.999880
0.072500	0.999880
0.073000	0.999880
0.073500	0.999870
0.074000	0.999870
0.074500	0.999870
0.075000	0.999870
0.075500	0.999870
0.076000	0.999870
0.076500	0.999860
0.077000	0.999860
0.077500	0.999860
0.078000	0.999860
0.078500	0.999850
0.079000	0.999850
0.079500	0.999850
0.080000	0.999850
0.080500	0.999840
0.081000	0.999840
0.081500	0.999840
0.082000	0.999830
0.082500	0.999830
0.083000	0.999830
0.083500	0.999820
0.084000	0.999820
0.084500	0.999810
0.085000	0.999810
0.085500	0.999810
0.086000	0.999800
0.086500	0.999800
0.087000	0.999790
0.087500	0.999790
0.088000	0.999780
0.088500	0.999780
0.089000	0.999780
0.089500	0.999770
0.090000	0.999770
0.090500	0.999770
0.091000	0.999770
0.091500	0.999770
0.092000	0.999770
0.092500	0.999770
0.093000	0.999770
0.093500	0.999770
0.094000	0.999770
0.094500	0.999780
0.095000	0.999780
0.095500	0.999790
0.096000	0.999800
0.096500	0.999800
0.097000	0.999810
0.097500	0.999810
0.098000	0.999820
0.098500	0.999820
0.099000	0.999820
0.099500	0.999810
0.100000	0.999800
0.100500	0.999780
0.101000	0.999750
0.101500	0.999710
0.102000	0.999660
0.102500	0.999590
0.103000	0.999500
0.103500	0.999400
0.104000	0.999270
0.104500	0.999110
0.105000	0.998930
0.105500	0.998710
0.106000	0.998460
0.106500	0.998170
0.107000	0.997830
0.107500	0.997450
0.108000	0.997010
0.108500	0.996520
0.109000	0.995970
0.109500	0.995360
0.110000	0.994670
0.110500	0.993910
0.111000	0.993070
0.111500	0.992160
0.112000	0.991160
0.112500	0.990090
0.113000	0.988940
0.113500	0.987710
0.114000	0.986400
0.114500	0.985000
0.115000	0.983510
0.115500	0.981930
0.116000	0.980270
0.116500	0.978510
0.117000	0.976660
0.117500	0.974710
0.118000	0.972680
0.118500	0.970550
0.119000	0.968320
0.119500	0.966000
0.120000	0.963580
0.120500	0.961070
0.121000	0.958460
0.121500	0.955770
0.122000	0.953010
0.122500	0.950170
0.123000	0.947250
0.123500	0.944270
0.124000	0.941230
0.124500	0.938120
0.125000	0.934960
0.125500	0.931730
0.126000	0.928460
0.126500	0.925130
0.127000	0.921750
0.127500	0.918330
0.128000	0.914860
0.128500	0.911350
0.129000	0.907810
0.129500	0.904240
0.130000	0.900660
0.130500	0.897050
0.131000	0.893440
0.131500	0.889830
0.132000	0.886230
0.132500	0.882630
0.133000	0.879050
0.133500	0.875480
0.134000	0.871930
0.134500	0.868410
0.135000	0.864910
0.135500	0.861450
0.136000	0.858020
0.136500	0.854620
0.137000	0.851260
0.137500	0.847930
0.138000	0.844610
0.138500	0.841330
0.139000	0.838060
0.139500	0.834820
0.140000	0.831610
0.140500	0.828440
0.141000	0.825300
0.141500	0.822200
0.142000	0.819120
0.142500	0.816070
0.143000	0.813050
0.143500	0.810060
0.144000	0.807090
0.144500	0.804150
0.145000	0.801240
0.145500	0.798360
0.146000	0.795500
0.146500	0.792670
0.147000	0.789850
0.147500	0.787050
0.148000	0.784270
0.148500	0.781510
0.149000	0.778770
0.149500	0.776050
0.150000	0.773340
0.150500	0.770650
0.151000	0.767970
0.151500	0.765310
0.152000	0.762670
0.152500	0.760040
0.153000	0.757440
0.153500	0.754850
0.154000	0.752280
0.154500	0.749730
0.155000	0.747200
0.155500	0.744690
0.156000	0.742210
0.156500	0.739760
0.157000	0.737330
0.157500	0.734940
0.158000	0.732580
0.158500	0.730250
0.159000	0.727970
0.159500	0.725720
0.160000	0.723520
0.160500	0.721360
0.161000	0.719250
0.161500	0.717180
0.162000	0.715170
0.162500	0.713210
0.163000	0.711310
0.163500	0.709460
0.164000	0.707670
0.164500	0.705930
0.165000	0.704260
0.165500	0.702660
0.166000	0.701120
0.166500	0.699660
0.167000	0.698280
0.167500	0.696980
0.168000	0.695760
0.168500	0.694620
0.169000	0.693570
0.169500	0.692600
0.170000	0.691720
0.170500	0.690910
0.171000	0.690180
0.171500	0.689540
0.172000	0.688970
0.172500	0.688480
0.173000	0.688070
0.173500	0.687730
0.174000	0.687460
0.174500	0.687270
0.175000	0.687140
0.175500	0.687080
0.176000	0.687090
0.176500	0.687160
0.177000	0.687290
0.177500	0.687480
0.178000	0.687730
0.178500	0.688040
0.179000	0.688390
0.179500	0.688800
0.180000	0.689260
0.180500	0.689760
0.181000	0.690310
0.181500	0.690910
0.182000	0.691550
0.182500	0.692230
0.183000	0.692960
0.183500	0.693730
0.184000	0.694540
0.184500	0.695400
0.185000	0.696290
0.185500	0.697230
0.186000	0.698210
0.186500	0.699220
0.187000	0.700270
0.187500	0.701370
0.188000	0.702490
0.188500	0.703650
0.189000	0.704850
0.189500	0.706080
0.190000	0.707340
0.190500	0.708630
0.191000	0.709950
0.191500	0.711310
0.192000	0.712690
0.192500	0.714100
0.193000	0.715540
0.193500	0.717010
0.194000	0.718510
0.194500	0.720030
0.195000	0.721580
0.195500	0.723160
0.196000	0.724760
0.196500	0.726390
0.197000	0.728040
0.197500	0.729710
0.198000	0.731410
0.198500	0.733130
0.199000	0.734870
0.199500	0.736630
0.200000	0.738420
0.200500	0.740220
0.201000	0.742040
0.201500	0.743870
0.202000	0.745730
0.202500	0.747600
0.203000	0.749490
0.203500	0.751400
0.204000	0.753320
0.204500	0.755250
0.205000	0.757200
0.205500	0.759170
0.206000	0.761140
0.206500	0.763130
0.207000	0.765130
0.207500	0.767130
0.208000	0.769140
0.208500	0.771160
0.209000	0.773180
0.209500	0.775210
0.210000	0.777240
0.210500	0.779280
0.211000	0.781320
0.211500	0.783360
0.212000	0.785400
0.212500	0.787450
0.213000	0.789500
0.213500	0.791540
0.214000	0.793590
0.214500	0.795640
0.215000	0.797690
0.215500	0.799740
0.216000	0.801780
0.216500	0.803820
0.217000	0.805860
0.217500	0.807890
0.218000	0.809920
0.218500	0.811940
0.219000	0.813950
0.219500	0.815950
0.220000	0.817950
0.220500	0.819930
0.221000	0.821910
0.221500	0.823880
0.222000	0.825840
0.222500	0.827790
0.223000	0.829730
0.223500	0.831670
0.224000	0.833590
0.224500	0.835500
0.225000	0.837390
0.225500	0.839280
0.226000	0.841160
0.226500	0.843020
0.227000	0.844870
0.227500	0.846710
0.228000	0.848530
0.228500	0.850340
0.229000	0.852140
0.229500	0.853920
0.230000	0.855690
0.230500	0.857450
0.231000	0.859190
0.231500	0.860920
0.232000	0.862640
0.232500	0.864340
0.233000	0.866020
0.233500	0.867690
0.234000	0.869350
0.234500	0.870990
0.235000	0.872610
0.235500	0.874220
0.236000	0.875820
0.236500	0.877390
0.237000	0.878950
0.237500	0.880490
0.238000	0.882010
0.238500	0.883510
0.239000	0.885000
0.239500	0.886470
0.240000	0.887910
0.240500	0.889340
0.241000	0.890760
0.241500	0.892150
0.242000	0.893520
0.242500	0.894880
0.243000	0.896210
0.243500	0.897530
0.244000	0.898820
0.244500	0.900100
0.245000	0.901350
0.245500	0.902590
0.246000	0.903810
0.246500	0.905000
0.247000	0.906180
0.247500	0.907330
0.248000	0.908470
0.248500	0.909580
0.249000	0.910670
0.249500	0.911750
0.250000	0.912800
0.250500	0.913830
0.251000	0.914840
0.251500	0.915830
0.252000	0.916800
0.252500	0.917750
0.253000	0.918690
0.253500	0.919600
0.254000	0.920490
0.254500	0.921360
0.255000	0.922210
0.255500	0.923040
0.256000	0.923850
0.256500	0.924650
0.257000	0.925420
0.257500	0.926180
0.258000	0.926910
0.258500	0.927630
0.259000	0.928330
0.259500	0.929010
0.260000	0.929670
0.260500	0.930320
0.261000	0.930950
0.261500	0.931560
0.262000	0.932150
0.262500	0.932720
0.263000	0.933280
0.263500	0.933820
0.264000	0.934350
0.264500	0.934860
0.265000	0.935350
0.265500	0.935830
0.266000	0.936290
0.266500	0.936730
0.267000	0.937160
0.267500	0.937580
0.268000	0.937980
0.268500	0.938360
0.269000	0.938730
0.269500	0.939090
0.270000	0.939430
0.270500	0.939760
0.271000	0.940070
0.271500	0.940370
0.272000	0.940660
0.272500	0.940930
0.273000	0.941190
0.273500	0.941440
0.274000	0.941670
0.274500	0.941900
0.275000	0.942100
0.275500	0.942300
0.276000	0.942480
0.276500	0.942650
0.277000	0.942810
0.277500	0.942960
0.278000	0.943090
0.278500	0.943210
0.279000	0.943320
0.279500	0.943420
0.280000	0.943510
0.280500	0.943590
0.281000	0.943660
0.281500	0.943720
0.282000	0.943770
0.282500	0.943800
0.283000	0.943830
0.283500	0.943850
0.284000	0.943860
0.284500	0.943860
0.285000	0.943850
0.285500	0.943830
0.286000	0.943810
0.286500	0.943770
0.287000	0.943730
0.287500	0.943680
0.288000	0.943620
0.288500	0.943550
0.289000	0.943480
0.289500	0.943390
0.290000	0.943300
0.290500	0.943210
0.291000	0.943100
0.291500	0.942990
0.292000	0.942870
0.292500	0.942740
0.293000	0.942610
0.293500	0.942470
0.294000	0.942330
0.294500	0.942180
0.295000	0.942020
0.295500	0.941860
0.296000	0.941690
0.296500	0.941510
0.297000	0.941330
0.297500	0.941140
0.298000	0.940950
0.298500	0.940750
