0.000000	0.247250
0.000500	0.247250
0.001000	0.247250
0.001500	0.247250
0.002000	0.247250
0.002500	0.247250
0.003000	0.234380
0.003500	0.210820
0.004000	0.185520
0.004500	0.159530
0.005000	0.132730
0.005500	0.097807
0.006000	0.059854
0.006500	0.027000
0.007000	0.008640
0.007500	0.018238
0.008000	0.048307
0.008500	0.087326
0.009000	0.126870
0.009500	0.182190
0.010000	0.243270
0.010500	0.292780
0.011000	0.313780
0.011500	0.309050
0.012000	0.292950
0.012500	0.276390
0.013000	0.269770
0.013500	0.266120
0.014000	0.262900
0.014500	0.264900
0.015000	0.276880
0.015500	0.296040
0.016000	0.316130
0.016500	0.336750
0.017000	0.357510
0.017500	0.378380
0.018000	0.399550
0.018500	0.420980
0.019000	0.442620
0.019500	0.472720
0.020000	0.520290
0.020500	0.570960
0.021000	0.609770
0.021500	0.626620
0.022000	0.626390
0.022500	0.612450
0.023000	0.588010
0.023500	0.553940
0.024000	0.510910
0.024500	0.466070
0.025000	0.426760
0.025500	0.401260
0.026000	0.391300
0.026500	0.382940
0.027000	0.361230
0.027500	0.317680
0.028000	0.270390
0.028500	0.222240
0.029000	0.173650
0.029500	0.124860
0.030000	0.074848
0.030500	0.024503
0.031000	-0.024790
0.031500	-0.069985
0.032000	-0.097049
0.032500	-0.108630
0.033000	-0.111600
0.033500	-0.112690
0.034000	-0.112130
0.034500	-0.108620
0.035000	-0.102670
0.035500	-0.094212
0.036000	-0.070169
0.036500	-0.037031
0.037000	-0.011487
0.037500	-0.010229
0.038000	-0.032292
0.038500	-0.062125
0.039000	-0.094528
0.039500	-0.124300
0.040000	-0.151340
0.040500	-0.177400
0.041000	-0.200010
0.041500	-0.216760
0.042000	-0.186840
0.042500	-0.098349
0.043000	0.007866
0.043500	0.090948
0.044000	0.135590
0.044500	0.173290
0.045000	0.200930
0.045500	0.214040
0.046000	0.206560
0.046500	0.180490
0.047000	0.149250
0.047500	0.126490
0.048000	0.121800
0.048500	0.127180
0.049000	0.143160
0.049500	0.171740
0.050000	0.218630
0.050500	0.292530
0.051000	0.377750
0.051500	0.456400
0.052000	0.512610
0.052500	0.552830
0.053000	0.580420
0.053500	0.595260
0.054000	0.593670
0.054500	0.552010
0.055000	0.490460
0.055500	0.439090
0.056000	0.426990
0.056500	0.443660
0.057000	0.475290
0.057500	0.520730
0.058000	0.579070
0.058500	0.653970
0.059000	0.738480
0.059500	0.821000
0.060000	0.890210
0.060500	0.945010
0.061000	0.985460
0.061500	1.008300
0.062000	1.010500
0.062500	0.987750
0.063000	0.939330
0.063500	0.867110
0.064000	0.772960
0.064500	0.664700
0.065000	0.550150
0.065500	0.431200
0.066000	0.309760
0.066500	0.174740
0.067000	0.016227
0.067500	-0.137160
0.068000	-0.255850
0.068500	-0.308900
0.069000	-0.295860
0.069500	-0.245600
0.070000	-0.187510
0.070500	-0.128190
0.071000	-0.047869
0.071500	0.029636
0.072000	0.079122
0.072500	0.081279
0.073000	0.050401
0.073500	-0.001257
0.074000	-0.063101
0.074500	-0.130310
0.075000	-0.213630
0.075500	-0.299480
0.076000	-0.371580
0.076500	-0.413640
0.077000	-0.421580
0.077500	-0.414800
0.078000	-0.415030
0.078500	-0.440530
0.079000	-0.473890
0.079500	-0.508550
0.080000	-0.544390
0.080500	-0.580780
0.081000	-0.614740
0.081500	-0.650870
0.082000	-0.695380
0.082500	-0.754760
0.083000	-0.839530
0.083500	-0.942490
0.084000	-1.049900
0.084500	-1.148300
0.085000	-1.240300
0.085500	-1.329700
0.086000	-1.415400
0.086500	-1.496100
0.087000	-1.553900
0.087500	-1.574300
0.088000	-1.561600
0.088500	-1.519800
0.089000	-1.459700
0.089500	-1.391100
0.090000	-1.317400
0.090500	-1.241900
0.091000	-1.164300
0.091500	-1.079200
0.092000	-0.986940
0.092500	-0.888220
0.093000	-0.745970
0.093500	-0.493160
0.094000	-0.146620
0.094500	0.274340
0.095000	0.754430
0.095500	1.301200
0.096000	1.930100
0.096500	2.656200
0.097000	3.474200
0.097500	4.309000
0.098000	5.155800
0.098500	6.019000
0.099000	6.898500
0.099500	7.780300
0.100000	8.662200
0.100500	9.543900
0.101000	10.425000
0.101500	11.309000
0.102000	12.191000
0.102500	13.066000
0.103000	13.921000
0.103500	14.688000
0.104000	15.394000
0.104500	16.089001
0.105000	16.822001
0.105500	17.579000
0.106000	18.340000
0.106500	19.103001
0.107000	19.864000
0.107500	20.641001
0.108000	21.441000
0.108500	22.264999
0.109000	681.599976
0.109500	19845.000000
0.110000	53583.000000
0.110500	85699.000000
0.111000	99999.000000
0.111500	99999.000000
0.112000	99999.000000
0.112500	99999.000000
0.113000	99999.000000
0.113500	99999.000000
0.114000	99999.000000
0.114500	99999.000000
0.115000	99999.000000
0.115500	99999.000000
0.116000	99999.000000
0.116500	100000.000000
0.117000	100000.000000
0.117500	100000.000000
0.118000	100000.000000
0.118500	100000.000000
0.119000	100000.000000
0.119500	93924.000000
0.120000	64810.000000
0.120500	28202.000000
0.121000	2838.699951
0.121500	39.181000
0.122000	38.334999
0.122500	37.521000
0.123000	36.738998
0.123500	35.980000
0.124000	35.185001
0.124500	34.393002
0.125000	33.671001
0.125500	33.078999
0.126000	32.605000
0.126500	32.202999
0.127000	31.830999
0.127500	31.457001
0.128000	31.122999
0.128500	30.798000
0.129000	30.431000
0.129500	29.972000
0.130000	29.454000
0.130500	28.915001
0.131000	28.364000
0.131500	27.809999
0.132000	27.254999
0.132500	26.697001
0.133000	26.139000
0.133500	25.587000
0.134000	25.039000
0.134500	24.506001
0.135000	24.003000
0.135500	23.547001
0.136000	23.129000
0.136500	22.723000
0.137000	22.327000
0.137500	21.934999
0.138000	21.544001
0.138500	21.153999
0.139000	20.763000
0.139500	20.372999
0.140000	19.980000
0.140500	19.582001
0.141000	19.184000
0.141500	18.790001
0.142000	18.417000
0.142500	18.087000
0.143000	17.785999
0.143500	17.495001
0.144000	17.204000
0.144500	16.924999
0.145000	16.670000
0.145500	16.447001
0.146000	16.264999
0.146500	16.124001
0.147000	16.013000
0.147500	15.923000
0.148000	15.849000
0.148500	15.807000
0.149000	15.775000
0.149500	15.723000
0.150000	15.623000
0.150500	15.499000
0.151000	15.362000
0.151500	15.217000
0.152000	15.070000
0.152500	14.919000
0.153000	14.759000
0.153500	14.589000
0.154000	14.404000
0.154500	14.173000
0.155000	13.894000
0.155500	13.584000
0.156000	13.261000
0.156500	12.925000
0.157000	12.563000
0.157500	12.163000
0.158000	11.714000
0.158500	11.203000
0.159000	10.648000
0.159500	10.084000
0.160000	9.544000
0.160500	9.038400
0.161000	8.554400
0.161500	8.093600
0.162000	7.657600
0.162500	7.326600
0.163000	7.182600
0.163500	7.082500
0.164000	6.877500
0.164500	6.495800
0.165000	6.032700
0.165500	5.500000
0.166000	4.905800
0.166500	4.235700
0.167000	3.444200
0.167500	2.618700
0.168000	1.858900
0.168500	1.232400
0.169000	0.674860
0.169500	0.197820
0.170000	-0.174920
0.170500	-0.429240
0.171000	-0.639420
0.171500	-0.826550
0.172000	-0.991280
0.172500	-1.132500
0.173000	-1.244000
0.173500	-1.348900
0.174000	-1.476400
0.174500	-1.651500
0.175000	-1.857400
0.175500	-2.084900
0.176000	-2.331800
0.176500	-2.594500
0.177000	-2.861500
0.177500	-3.131700
0.178000	-3.406900
0.178500	-3.688500
0.179000	-3.974600
0.179500	-4.263900
0.180000	-4.556900
0.180500	-4.854200
0.181000	-5.163600
0.181500	-5.485700
0.182000	-5.809600
0.182500	-6.124400
0.183000	-6.423200
0.183500	-6.706900
0.184000	-6.976200
0.184500	-7.232000
0.185000	-7.470200
0.185500	-7.686900
0.186000	-7.882800
0.186500	-8.059000
0.187000	-8.219800
0.187500	-8.370600
0.188000	-8.507500
0.188500	-8.626800
0.189000	-8.728400
0.189500	-8.822900
0.190000	-8.916800
0.190500	-9.016700
0.191000	-9.126100
0.191500	-9.236700
0.192000	-9.347300
0.192500	-9.457900
0.193000	-9.568500
0.193500	-9.679100
0.194000	-9.789800
0.194500	-9.900500
0.195000	-10.010000
0.195500	-10.116000
0.196000	-10.229000
0.196500	-10.362000
0.197000	-10.529000
0.197500	-10.731000
0.198000	-10.955000
0.198500	-11.188000
0.199000	-11.418000
0.199500	-11.647000
0.200000	-11.876000
0.200500	-12.104000
0.201000	-12.332000
0.201500	-12.558000
0.202000	-12.782000
0.202500	-13.005000
0.203000	-13.227000
0.203500	-13.444000
0.204000	-13.647000
0.204500	-13.826000
0.205000	-13.973000
0.205500	-14.087000
0.206000	-14.177000
0.206500	-14.250000
0.207000	-14.315000
0.207500	-14.377000
0.208000	-14.439000
0.208500	-14.499000
0.209000	-14.554000
0.209500	-14.604000
0.210000	-14.653000
0.210500	-14.700000
0.211000	-14.746000
0.211500	-14.789000
0.212000	-14.828000
0.212500	-14.863000
0.213000	-14.895000
0.213500	-14.921000
0.214000	-14.935000
0.214500	-14.939000
0.215000	-14.933000
0.215500	-14.914000
0.216000	-14.882000
0.216500	-14.845000
0.217000	-14.814000
0.217500	-14.792000
0.218000	-14.776000
0.218500	-14.769000
0.219000	-14.775000
0.219500	-14.801000
0.220000	-14.851000
0.220500	-14.921000
0.221000	-15.006000
0.221500	-15.101000
0.222000	-15.201000
0.222500	-15.304000
0.223000	-15.412000
0.223500	-15.526000
0.224000	-15.649000
0.224500	-15.776000
0.225000	-15.900000
0.225500	-16.014999
0.226000	-16.118999
0.226500	-16.209999
0.227000	-16.291000
0.227500	-16.361000
0.228000	-16.420000
0.228500	-16.464001
0.229000	-16.490000
0.229500	-16.496000
0.230000	-16.492001
0.230500	-16.487000
0.231000	-16.478001
0.231500	-16.466999
0.232000	-16.454000
0.232500	-16.440001
0.233000	-16.426001
0.233500	-16.414000
0.234000	-16.405001
0.234500	-16.402000
0.235000	-16.403999
0.235500	-16.410000
0.236000	-16.431999
0.236500	-16.473000
0.237000	-16.518000
0.237500	-16.554001
0.238000	-16.577000
0.238500	-16.593000
0.239000	-16.594999
0.239500	-16.572001
0.240000	-16.527000
0.240500	-16.473000
0.241000	-16.414000
0.241500	-16.351999
0.242000	-16.291000
0.242500	-16.229000
0.243000	-16.165001
0.243500	-16.094999
0.244000	-16.013000
0.244500	-15.910000
0.245000	-15.798000
0.245500	-15.690000
0.246000	-15.594000
0.246500	-15.501000
0.247000	-15.415000
0.247500	-15.341000
0.248000	-15.285000
0.248500	-15.245000
0.249000	-15.212000
0.249500	-15.175000
0.250000	-15.128000
0.250500	-15.077000
0.251000	-15.024000
0.251500	-14.968000
0.252000	-14.909000
0.252500	-14.845000
0.253000	-14.778000
0.253500	-14.709000
0.254000	-14.638000
0.254500	-14.562000
0.255000	-14.481000
0.255500	-14.394000
0.256000	-14.300000
0.256500	-14.182000
0.257000	-14.048000
0.257500	-13.920000
0.258000	-13.818000
0.258500	-13.729000
0.259000	-13.640000
0.259500	-13.551000
0.260000	-13.462000
0.260500	-13.373000
0.261000	-13.283000
0.261500	-13.194000
0.262000	-13.105000
0.262500	-13.027000
0.263000	-12.968000
0.263500	-12.924000
0.264000	-12.893000
0.264500	-12.882000
0.265000	-12.892000
0.265500	-12.904000
0.266000	-12.900000
0.266500	-12.875000
0.267000	-12.844000
0.267500	-12.807000
0.268000	-12.763000
0.268500	-12.711000
0.269000	-12.654000
0.269500	-12.594000
0.270000	-12.532000
0.270500	-12.473000
0.271000	-12.413000
0.271500	-12.339000
0.272000	-12.239000
0.272500	-12.101000
0.273000	-11.933000
0.273500	-11.748000
0.274000	-11.557000
0.274500	-11.369000
0.275000	-11.176000
0.275500	-10.982000
0.276000	-10.791000
0.276500	-10.611000
0.277000	-10.456000
0.277500	-10.322000
0.278000	-10.206000
0.278500	-10.106000
0.279000	-10.041000
0.279500	-10.003000
0.280000	-9.979900
0.280500	-9.967700
0.281000	-10.016000
0.281500	-10.092000
0.282000	-10.145000
0.282500	-10.124000
0.283000	-10.015000
0.283500	-9.821000
0.284000	-9.546400
0.284500	-9.195000
0.285000	-8.802400
0.285500	-8.389000
0.286000	-7.960500
0.286500	-7.521000
0.287000	-7.043500
0.287500	-6.543400
0.288000	-6.059400
0.288500	-5.631500
0.289000	-5.323100
0.289500	-5.125800
0.290000	-5.002500
0.290500	-4.916000
0.291000	-4.836200
0.291500	-4.784700
0.292000	-4.801300
0.292500	-4.925900
0.293000	-5.133400
0.293500	-5.360800
0.294000	-5.592000
0.294500	-5.810600
0.295000	-6.022600
0.295500	-6.233700
0.296000	-6.427900
0.296500	-6.589100
0.297000	-6.679500
0.297500	-6.666500
0.298000	-6.584200
0.298500	-6.468400
0.299000	-6.346500
0.299500	-6.220600
0.300000	-6.094600
0.300500	-5.973000
0.301000	-5.861600
0.301500	-5.759300
0.302000	-5.654800
0.302500	-5.536500
0.303000	-5.394400
0.303500	-5.232500
0.304000	-5.061300
0.304500	-4.890900
0.305000	-4.728800
0.305500	-4.569600
0.306000	-4.414700
0.306500	-4.266700
0.307000	-4.138500
0.307500	-4.067800
0.308000	-4.045400
0.308500	-4.057100
0.309000	-4.088200
0.309500	-4.126300
0.310000	-4.172100
0.310500	-4.228100
0.311000	-4.296700
0.311500	-4.372800
0.312000	-4.451600
0.312500	-4.528800
0.313000	-4.601300
0.313500	-4.671300
0.314000	-4.732900
0.314500	-4.777500
0.315000	-4.796800
0.315500	-4.786300
0.316000	-4.753300
0.316500	-4.706800
0.317000	-4.655200
0.317500	-4.598800
0.318000	-4.539300
0.318500	-4.481600
0.319000	-4.430300
0.319500	-4.384700
0.320000	-4.344800
0.320500	-4.312500
0.321000	-4.290100
0.321500	-4.280400
0.322000	-4.281100
0.322500	-4.288700
0.323000	-4.299200
0.323500	-4.318900
0.324000	-4.349100
0.324500	-4.379000
0.325000	-4.397600
0.325500	-4.394500
0.326000	-4.369900
0.326500	-4.328700
0.327000	-4.275800
0.327500	-4.215000
0.328000	-4.141300
0.328500	-4.046100
0.329000	-3.921200
0.329500	-3.769100
0.330000	-3.609200
0.330500	-3.444200
0.331000	-3.276000
0.331500	-3.102200
0.332000	-2.920100
0.332500	-2.740200
0.333000	-2.573200
0.333500	-2.428600
0.334000	-2.305200
0.334500	-2.196400
0.335000	-2.095500
0.335500	-1.996500
0.336000	-1.898700
0.336500	-1.802700
0.337000	-1.708800
0.337500	-1.618700
0.338000	-1.535600
0.338500	-1.454600
0.339000	-1.370100
0.339500	-1.272800
0.340000	-1.151700
0.340500	-1.022400
0.341000	-0.903090
0.341500	-0.806540
0.342000	-0.720730
0.342500	-0.642470
0.343000	-0.570430
0.343500	-0.503430
0.344000	-0.442260
0.344500	-0.387180
0.345000	-0.338110
0.345500	-0.294970
0.346000	-0.259830
0.346500	-0.238040
0.347000	-0.235270
0.347500	-0.256070
0.348000	-0.291780
0.348500	-0.333460
0.349000	-0.373800
0.349500	-0.405750
0.350000	-0.431710
0.350500	-0.456120
0.351000	-0.480720
0.351500	-0.507750
0.352000	-0.550290
0.352500	-0.601870
0.353000	-0.646580
0.353500	-0.668460
0.354000	-0.656200
0.354500	-0.617450
0.355000	-0.563720
0.355500	-0.505980
0.356000	-0.438090
0.356500	-0.363670
0.357000	-0.295090
0.357500	-0.244740
0.358000	-0.211480
0.358500	-0.183080
0.359000	-0.155330
0.359500	-0.123990
0.360000	-0.090919
0.360500	-0.057975
0.361000	-0.020962
0.361500	0.024310
0.362000	0.077412
0.362500	0.134210
0.363000	0.193330
0.363500	0.253410
0.364000	0.313520
0.364500	0.373960
0.365000	0.434770
0.365500	0.496010
0.366000	0.560480
0.366500	0.630560
0.367000	0.700100
0.367500	0.762790
0.368000	0.815450
0.368500	0.862960
0.369000	0.907750
0.369500	0.952110
0.370000	0.996650
0.370500	1.039500
0.371000	1.081900
0.371500	1.124900
0.372000	1.175600
0.372500	1.250000
0.373000	1.333300
0.373500	1.407600
0.374000	1.457200
0.374500	1.481900
0.375000	1.483800
0.375500	1.464800
0.376000	1.427600
0.376500	1.378400
0.377000	1.318000
0.377500	1.247000
0.378000	1.164700
0.378500	1.066800
0.379000	0.961960
0.379500	0.861850
0.380000	0.776070
0.380500	0.698360
0.381000	0.636040
0.381500	0.600800
0.382000	0.601060
0.382500	0.613960
0.383000	0.631860
0.383500	0.653740
0.384000	0.678390
0.384500	0.703700
0.385000	0.729060
0.385500	0.754300
0.386000	0.779190
0.386500	0.803310
0.387000	0.826940
0.387500	0.850650
0.388000	0.875160
0.388500	0.905740
0.389000	0.943270
0.389500	0.985800
0.390000	1.031400
0.390500	1.081800
0.391000	1.140400
0.391500	1.209600
0.392000	1.292000
0.392500	1.381500
0.393000	1.473500
0.393500	1.567400
0.394000	1.662200
0.394500	1.762300
0.395000	1.866700
0.395500	1.966700
0.396000	2.053500
0.396500	2.125800
0.397000	2.191500
0.397500	2.255100
0.398000	2.321300
0.398500	2.390800
0.399000	2.460800
0.399500	2.530700
0.400000	2.600200
0.400500	2.666500
0.401000	2.728200
0.401500	2.786400
0.402000	2.842400
0.402500	2.885700
0.403000	2.904000
0.403500	2.916900
0.404000	2.944700
0.404500	2.998800
0.405000	3.068700
0.405500	3.152200
0.406000	3.247300
0.406500	3.355700
0.407000	3.478600
0.407500	3.605500
0.408000	3.725700
0.408500	3.832000
0.409000	3.925100
0.409500	4.003100
0.410000	4.063600
0.410500	4.101200
0.411000	4.099900
0.411500	4.056500
0.412000	3.969000
0.412500	3.843000
0.413000	3.709300
0.413500	3.574500
0.414000	3.441900
0.414500	3.313700
0.415000	3.185900
0.415500	3.058500
0.416000	2.931700
0.416500	2.806500
0.417000	2.685200
0.417500	2.566500
0.418000	2.449000
0.418500	2.332000
0.419000	2.223600
0.419500	2.126700
0.420000	2.042300
0.420500	1.973700
0.421000	1.944000
0.421500	1.952300
0.422000	1.990700
0.422500	2.052100
0.423000	2.133200
0.423500	2.222900
0.424000	2.308600
0.424500	2.379300
0.425000	2.442900
0.425500	2.497200
0.426000	2.535900
0.426500	2.552800
0.427000	2.537900
0.427500	2.492100
0.428000	2.420700
0.428500	2.329200
0.429000	2.225200
0.429500	2.115700
0.430000	2.007100
0.430500	1.905100
0.431000	1.809300
0.431500	1.719500
0.432000	1.637400
0.432500	1.565300
0.433000	1.520700
0.433500	1.512500
0.434000	1.542000
0.434500	1.610500
0.435000	1.700700
0.435500	1.794100
0.436000	1.890400
0.436500	1.989300
0.437000	2.091400
0.437500	2.195500
0.438000	2.298500
0.438500	2.397200
0.439000	2.484600
0.439500	2.558600
0.440000	2.623000
0.440500	2.682100
0.441000	2.739200
0.441500	2.791300
0.442000	2.832300
0.442500	2.856400
0.443000	2.869000
0.443500	2.880100
0.444000	2.890700
0.444500	2.901900
0.445000	2.913300
0.445500	2.924000
0.446000	2.936600
0.446500	2.954000
0.447000	2.990400
0.447500	3.059500
0.448000	3.141600
0.448500	3.216200
0.449000	3.275100
0.449500	3.333300
0.450000	3.390100
0.450500	3.444400
0.451000	3.495400
0.451500	3.544300
0.452000	3.591700
0.452500	3.638300
0.453000	3.683900
0.453500	3.726000
0.454000	3.765300
0.454500	3.802700
0.455000	3.836700
0.455500	3.857700
0.456000	3.866100
0.456500	3.863300
0.457000	3.848400
0.457500	3.813900
0.458000	3.762900
0.458500	3.699800
0.459000	3.624300
0.459500	3.527200
0.460000	3.422200
0.460500	3.325100
0.461000	3.249600
0.461500	3.186900
0.462000	3.141500
0.462500	3.122600
0.463000	3.136900
0.463500	3.165900
0.464000	3.198700
0.464500	3.229400
0.465000	3.252700
0.465500	3.273400
0.466000	3.293800
0.466500	3.314400
0.467000	3.336600
0.467500	3.364500
0.468000	3.395000
0.468500	3.423600
0.469000	3.444300
0.469500	3.441500
0.470000	3.416900
0.470500	3.376100
0.471000	3.324500
0.471500	3.257900
0.472000	3.179100
0.472500	3.096400
0.473000	3.018300
0.473500	2.956300
0.474000	2.914100
0.474500	2.891800
0.475000	48.835999
0.475500	1461.500000
0.476000	4257.799805
0.476500	7635.899902
0.477000	10880.000000
0.477500	15790.000000
0.478000	22062.000000
0.478500	27908.000000
0.479000	31544.000000
0.479500	27704.000000
0.480000	16739.000000
0.480500	5292.000000
0.481000	1.972900
0.481500	2.304400
0.482000	3.142700
0.482500	3.882800
0.483000	3.919300
0.483500	3.258700
0.484000	2.502300
0.484500	1.937300
0.485000	1.850700
0.485500	2.151800
0.486000	2.518100
0.486500	2.889500
0.487000	3.206000
0.487500	3.472600
0.488000	3.722700
0.488500	3.939400
0.489000	4.105600
0.489500	4.123000
0.490000	3.856400
0.490500	3.375200
