0.000000	-32.064960
0.000500	-32.064960
0.001000	-32.062420
0.001500	-32.062420
0.002000	-32.062420
0.002500	-32.062420
0.003000	-32.059879
0.003500	-32.059879
0.004000	-32.059879
0.004500	-32.057339
0.005000	-32.057339
0.005500	-32.057339
0.006000	-32.054802
0.006500	-32.054802
0.007000	-32.052261
0.007500	-32.049721
0.008000	-32.049721
0.008500	-32.047184
0.009000	-32.047184
0.009500	-32.047184
0.010000	-32.047184
0.010500	-32.044643
0.011000	-32.047184
0.011500	-32.047184
0.012000	-32.047184
0.012500	-32.047184
0.013000	-32.049721
0.013500	-32.049721
0.014000	-32.052261
0.014500	-32.054802
0.015000	-32.057339
0.015500	-32.057339
0.016000	-32.062420
0.016500	-32.064960
0.017000	-32.067501
0.017500	-32.070038
0.018000	-32.075119
0.018500	-32.080200
0.019000	-32.085281
0.019500	-32.090359
0.020000	-32.095440
0.020500	-32.103062
0.021000	-32.110680
0.021500	-32.118301
0.022000	-32.125919
0.022500	-32.136078
0.023000	-32.146236
0.023500	-32.156399
0.024000	-32.166561
0.024500	-32.179260
0.025000	-32.191963
0.025500	-32.204659
0.026000	-32.217358
0.026500	-32.230061
0.027000	-32.245300
0.027500	-32.260540
0.028000	-32.275776
0.028500	-32.291016
0.029000	-32.306263
0.029500	-32.321503
0.030000	-32.336742
0.030500	-32.354519
0.031000	-32.369759
0.031500	-32.387539
0.032000	-32.405319
0.032500	-32.423100
0.033000	-32.443420
0.033500	-32.461201
0.034000	-32.478981
0.034500	-32.499298
0.035000	-32.517078
0.035500	-32.537399
0.036000	-32.557724
0.036500	-32.578041
0.037000	-32.598362
0.037500	-32.621220
0.038000	-32.641537
0.038500	-32.661858
0.039000	-32.684723
0.039500	-32.707581
0.040000	-32.730438
0.040500	-32.750759
0.041000	-32.773621
0.041500	-32.796478
0.042000	-32.821880
0.042500	-32.844742
0.043000	-32.867599
0.043500	-32.892998
0.044000	-32.915859
0.044500	-32.938721
0.045000	-32.964119
0.045500	-32.989521
0.046000	-33.012379
0.046500	-33.037777
0.047000	-33.060638
0.047500	-33.086040
0.048000	-33.111439
0.048500	-33.136841
0.049000	-33.162239
0.049500	-33.187637
0.050000	-33.213043
0.050500	-33.238438
0.051000	-33.263840
0.051500	-33.291779
0.052000	-33.317177
0.052500	-33.345123
0.053000	-33.373058
0.053500	-33.401001
0.054000	-33.428940
0.054500	-33.456879
0.055000	-33.484821
0.055500	-33.512760
0.056000	-33.543240
0.056500	-33.573719
0.057000	-33.604198
0.057500	-33.634682
0.058000	-33.665157
0.058500	-33.698177
0.059000	-33.731201
0.059500	-33.766758
0.060000	-33.802319
0.060500	-33.837879
0.061000	-33.875980
0.061500	-33.914078
0.062000	-33.957256
0.062500	-34.000443
0.063000	-34.048698
0.063500	-34.096958
0.064000	-34.150299
0.064500	-34.208717
0.065000	-34.269680
0.065500	-34.333176
0.066000	-34.401760
0.066500	-34.475418
0.067000	-34.554157
0.067500	-34.635441
0.068000	-34.721798
0.068500	-34.813240
0.069000	-34.909760
0.069500	-35.011360
0.070000	-35.118038
0.070500	-35.232338
0.071000	-35.349178
0.071500	-35.473640
0.072000	-35.603180
0.072500	-35.737797
0.073000	-35.880039
0.073500	-36.024818
0.074000	-36.177219
0.074500	-36.334702
0.075000	-36.497261
0.075500	-36.667439
0.076000	-36.845242
0.076500	-37.025578
0.077000	-37.213543
0.077500	-37.406578
0.078000	-37.607239
0.078500	-37.810440
0.079000	-38.018719
0.079500	-38.232082
0.080000	-38.447979
0.080500	-38.668961
0.081000	-38.895020
0.081500	-39.123619
0.082000	-39.357300
0.082500	-39.593517
0.083000	-39.834820
0.083500	-40.078663
0.084000	-40.322498
0.084500	-40.566341
0.085000	-40.812721
0.085500	-41.056557
0.086000	-41.300400
0.086500	-41.544239
0.087000	-41.782997
0.087500	-42.021759
0.088000	-42.255440
0.088500	-42.486584
0.089000	-42.715179
0.089500	-42.941238
0.090000	-43.164761
0.090500	-43.385738
0.091000	-43.606716
0.091500	-43.825157
0.092000	-44.043598
0.092500	-44.259499
0.093000	-44.483017
0.093500	-44.711620
0.094000	-44.947842
0.094500	-45.189140
0.095000	-45.432976
0.095500	-45.671738
0.096000	-45.907959
0.096500	-46.134022
0.097000	-46.355003
0.097500	-46.573441
0.098000	-46.791882
0.098500	-47.017941
0.099000	-47.254162
0.099500	-47.510700
0.100000	-47.790100
0.100500	-48.097439
0.101000	-48.435261
0.101500	-48.803558
0.102000	-49.204880
0.102500	-49.631599
0.103000	-50.086262
0.103500	-50.563778
0.104000	-51.066696
0.104500	-51.587395
0.105000	-52.128418
0.105500	-52.689758
0.106000	-53.276501
0.106500	-53.898800
0.107000	-54.559200
0.107500	-55.265324
0.108000	-56.006996
0.108500	-56.774075
0.109000	-57.558937
0.109500	-58.353962
0.110000	-59.151520
0.110500	-59.954159
0.111000	-60.761879
0.111500	-61.572140
0.112000	-62.374779
0.112500	-63.169800
0.113000	-63.949577
0.113500	-64.724274
0.114000	-65.493896
0.114500	-66.271141
0.115000	-67.061073
0.115500	-67.863716
0.116000	-68.686676
0.116500	-69.532501
0.117000	-70.408798
0.117500	-71.315582
0.118000	-72.252838
0.118500	-73.218040
0.119000	-74.213715
0.119500	-75.237343
0.120000	-76.291435
0.120500	-77.376015
0.121000	-78.491074
0.121500	-79.639160
0.122000	-80.812637
0.122500	-82.003899
0.123000	-83.210403
0.123500	-84.427055
0.124000	-85.651344
0.124500	-86.883240
0.125000	-88.122757
0.125500	-89.369904
0.126000	-90.632278
0.126500	-91.912430
0.127000	-93.212921
0.127500	-94.536263
0.128000	-95.885002
0.128500	-97.264214
0.129000	-98.671379
0.129500	-100.103935
0.130000	-101.561905
0.130500	-103.042717
0.131000	-104.538773
0.131500	-106.052620
0.132000	-107.579163
0.132500	-109.120941
0.133000	-110.672882
0.133500	-112.237511
0.134000	-113.814850
0.134500	-115.404900
0.135000	-117.015266
0.135500	-118.643394
0.136000	-120.284241
0.136500	-121.935242
0.137000	-123.593857
0.137500	-125.249939
0.138000	-126.906021
0.138500	-128.562103
0.139000	-130.220734
0.139500	-131.892029
0.140000	-133.578598
0.140500	-135.277863
0.141000	-136.994904
0.141500	-138.722107
0.142000	-140.461990
0.142500	-142.217148
0.143000	-143.987518
0.143500	-145.775681
0.144000	-147.584152
0.144500	-149.407883
0.145000	-151.254456
0.145500	-153.118820
0.146000	-155.003510
0.146500	-156.913574
0.147000	-158.843979
0.147500	-160.799774
0.148000	-162.778442
0.148500	-164.782516
0.149000	-166.811951
0.149500	-168.866821
0.150000	-170.941986
0.150500	-173.042572
0.151000	-175.168564
0.151500	-177.317398
0.152000	-179.494171
0.152500	-181.693802
0.153000	-183.921402
0.153500	-186.174377
0.154000	-188.452759
0.154500	-190.756531
0.155000	-193.083160
0.155500	-195.437759
0.156000	-197.815201
0.156500	-200.218033
0.157000	-202.643738
0.157500	-205.087219
0.158000	-207.545929
0.158500	-210.017365
0.159000	-212.509094
0.159500	-215.023697
0.160000	-217.563705
0.160500	-220.134186
0.161000	-222.740234
0.161500	-225.381805
0.162000	-228.056427
0.162500	-230.761536
0.163000	-233.492050
0.163500	-236.247925
0.164000	-239.024170
0.164500	-241.815613
0.165000	-244.617233
0.165500	-247.431549
0.166000	-250.245865
0.166500	-253.062759
0.167000	-255.879608
0.167500	-258.699005
0.168000	-261.518402
0.168500	-264.337769
0.169000	-267.182587
0.169500	-270.002014
0.170000	-272.846802
0.170500	-275.716980
0.171000	-278.587189
0.171500	-281.482788
0.172000	-284.403778
0.172500	-287.350189
0.173000	-290.321991
0.173500	-293.319183
0.174000	-296.341797
0.174500	-299.389771
0.175000	-302.463196
0.175500	-305.536591
0.176000	-308.660797
0.176500	-311.810394
0.177000	-314.985382
0.177500	-318.160370
0.178000	-321.386200
0.178500	-324.637421
0.179000	-327.939392
0.179500	-331.241394
0.180000	-334.568787
0.180500	-337.947021
0.181000	-341.350586
0.181500	-344.779602
0.182000	-348.234009
0.182500	-351.739197
0.183000	-355.244385
0.183500	-358.774994
0.184000	-362.356384
0.184500	-365.963196
0.185000	-369.569977
0.185500	-373.227600
0.186000	-376.885193
0.186500	-380.568176
0.187000	-384.276611
0.187500	-388.010376
0.188000	-391.769592
0.188500	-395.554199
0.189000	-399.338806
0.189500	-403.174194
0.190000	-407.009613
0.190500	-410.844971
0.191000	-414.731171
0.191500	-418.642792
0.192000	-422.554382
0.192500	-426.516815
0.193000	-430.479187
0.193500	-434.466980
0.194000	-438.480194
0.194500	-442.518829
0.195000	-446.582825
0.195500	-450.672211
0.196000	-454.761566
0.196500	-458.901794
0.197000	-463.041992
0.197500	-467.207581
0.198000	-471.398590
0.198500	-475.614990
0.199000	-479.856781
0.199500	-484.098572
0.200000	-488.365784
0.200500	-492.683777
0.201000	-496.976410
0.201500	-501.319763
0.202000	-505.663208
0.202500	-510.057404
0.203000	-514.451538
0.203500	-518.871216
0.204000	-523.290771
0.204500	-527.761169
0.205000	-532.231628
0.205500	-536.727417
0.206000	-541.223206
0.206500	-545.744446
0.207000	-550.291016
0.207500	-554.837585
0.208000	-559.409607
0.208500	-564.006958
0.209000	-568.604431
0.209500	-573.252625
0.210000	-577.875366
0.210500	-582.548950
0.211000	-587.222595
0.211500	-591.921631
0.212000	-596.645996
0.212500	-601.370422
0.213000	-606.120239
0.213500	-610.895386
0.214000	-615.670593
0.214500	-620.471191
0.215000	-625.297180
0.215500	-630.123169
0.216000	-634.974609
0.216500	-639.851379
0.217000	-644.728210
0.217500	-649.605042
0.218000	-654.532532
0.218500	-659.460205
0.219000	-664.413208
0.219500	-669.366211
0.220000	-674.344604
0.220500	-679.322998
0.221000	-684.326782
0.221500	-689.355957
0.222000	-694.385193
0.222500	-699.439819
0.223000	-704.519836
0.223500	-709.599792
0.224000	-714.679749
0.224500	-719.785156
0.225000	-724.890564
0.225500	-730.021362
0.226000	-735.177551
0.226500	-740.333801
0.227000	-745.489990
0.227500	-750.671631
0.228000	-755.853149
0.228500	-761.034790
0.229000	-766.241760
0.229500	-771.448792
0.230000	-776.681213
0.230500	-781.888184
0.231000	-787.145996
0.231500	-792.378357
0.232000	-797.636230
0.232500	-802.893982
0.233000	-808.151794
0.233500	-813.409546
0.234000	-818.692749
0.234500	-823.975952
0.235000	-829.259155
0.235500	-834.542419
0.236000	-839.850952
0.236500	-845.134155
0.237000	-850.442749
0.237500	-855.751465
0.238000	-861.059998
0.238500	-866.343262
0.239000	-871.651855
0.239500	-876.960388
0.240000	-882.269043
0.240500	-887.577576
0.241000	-892.911560
0.241500	-898.220154
0.242000	-903.528748
0.242500	-908.837341
0.243000	-914.145996
0.243500	-919.454651
0.244000	-924.763184
0.244500	-930.071838
0.245000	-935.380371
0.245500	-940.688965
0.246000	-945.997620
0.246500	-951.280762
0.247000	-956.589355
0.247500	-961.897949
0.248000	-967.206543
0.248500	-972.489746
0.249000	-977.798340
0.249500	-983.081604
0.250000	-988.390137
0.250500	-993.673340
0.251000	-998.956543
0.251500	-1004.265198
0.252000	-1009.548279
0.252500	-1014.831543
0.253000	-1020.114807
0.253500	-1025.372681
0.254000	-1030.655762
0.254500	-1035.938965
0.255000	-1041.196777
0.255500	-1046.454712
0.256000	-1051.737793
0.256500	-1056.995483
0.257000	-1062.253296
0.257500	-1067.511230
0.258000	-1072.743652
0.258500	-1078.001343
0.259000	-1083.233765
0.259500	-1088.466187
0.260000	-1093.698486
0.260500	-1098.930908
0.261000	-1104.163452
0.261500	-1109.395752
0.262000	-1114.602783
0.262500	-1119.835205
0.263000	-1125.042236
0.263500	-1130.249268
0.264000	-1135.456177
0.264500	-1140.663208
0.265000	-1145.870239
0.265500	-1151.051880
0.266000	-1156.258789
0.266500	-1161.440430
0.267000	-1166.647461
0.267500	-1171.828979
0.268000	-1177.010620
0.268500	-1182.192261
0.269000	-1187.373901
0.269500	-1192.530029
0.270000	-1197.711548
0.270500	-1202.893311
0.271000	-1208.049438
0.271500	-1213.205566
0.272000	-1218.387085
0.272500	-1223.543457
0.273000	-1228.699585
0.273500	-1233.855713
0.274000	-1239.011963
0.274500	-1244.142822
0.275000	-1249.299072
0.275500	-1254.455200
0.276000	-1259.585938
0.276500	-1264.742188
0.277000	-1269.872925
0.277500	-1275.003784
0.278000	-1280.134521
0.278500	-1285.265503
0.279000	-1290.396240
0.279500	-1295.526978
0.280000	-1300.657715
0.280500	-1305.763306
0.281000	-1310.868652
0.281500	-1315.999390
0.282000	-1321.104736
0.282500	-1326.184814
0.283000	-1331.290161
0.283500	-1336.370117
0.284000	-1341.450195
0.284500	-1346.530151
0.285000	-1351.584839
0.285500	-1356.639404
0.286000	-1361.693970
0.286500	-1366.748535
0.287000	-1371.777832
0.287500	-1376.807007
0.288000	-1381.836182
0.288500	-1386.839966
0.289000	-1391.843750
0.289500	-1396.847656
0.290000	-1401.825928
0.290500	-1406.829834
0.291000	-1411.782837
0.291500	-1416.761108
0.292000	-1421.714233
0.292500	-1426.667236
0.293000	-1431.594727
0.293500	-1436.522339
0.294000	-1441.449951
0.294500	-1446.352295
0.295000	-1451.254395
0.295500	-1456.131104
0.296000	-1461.007935
0.296500	-1465.884766
0.297000	-1470.736206
0.297500	-1475.562134
0.298000	-1480.388184
0.298500	-1485.214111
