0.000000	0.009595
0.000500	0.009595
0.001000	0.009594
0.001500	0.009593
0.002000	0.009591
0.002500	0.009589
0.003000	0.009587
0.003500	0.009584
0.004000	0.009581
0.004500	0.009578
0.005000	0.009574
0.005500	0.009570
0.006000	0.009565
0.006500	0.009560
0.007000	0.009554
0.007500	0.009548
0.008000	0.009542
0.008500	0.009536
0.009000	0.009529
0.009500	0.009522
0.010000	0.009515
0.010500	0.009508
0.011000	0.009500
0.011500	0.009492
0.012000	0.009484
0.012500	0.009476
0.013000	0.009468
0.013500	0.009460
0.014000	0.009452
0.014500	0.009443
0.015000	0.009435
0.015500	0.009426
0.016000	0.009418
0.016500	0.009410
0.017000	0.009401
0.017500	0.009392
0.018000	0.009384
0.018500	0.009375
0.019000	0.009367
0.019500	0.009358
0.020000	0.009350
0.020500	0.009342
0.021000	0.009334
0.021500	0.009326
0.022000	0.009318
0.022500	0.009310
0.023000	0.009303
0.023500	0.009295
0.024000	0.009288
0.024500	0.009281
0.025000	0.009275
0.025500	0.009268
0.026000	0.009262
0.026500	0.009255
0.027000	0.009250
0.027500	0.009244
0.028000	0.009238
0.028500	0.009233
0.029000	0.009228
0.029500	0.009223
0.030000	0.009218
0.030500	0.009213
0.031000	0.009209
0.031500	0.009205
0.032000	0.009200
0.032500	0.009196
0.033000	0.009192
0.033500	0.009188
0.034000	0.009184
0.034500	0.009180
0.035000	0.009177
0.035500	0.009173
0.036000	0.009169
0.036500	0.009165
0.037000	0.009161
0.037500	0.009158
0.038000	0.009154
0.038500	0.009150
0.039000	0.009146
0.039500	0.009141
0.040000	0.009137
0.040500	0.009132
0.041000	0.009128
0.041500	0.009123
0.042000	0.009118
0.042500	0.009113
0.043000	0.009107
0.043500	0.009102
0.044000	0.009096
0.044500	0.009090
0.045000	0.009083
0.045500	0.009077
0.046000	0.009070
0.046500	0.009064
0.047000	0.009057
0.047500	0.009049
0.048000	0.009042
0.048500	0.009034
0.049000	0.009026
0.049500	0.009017
0.050000	0.009008
0.050500	0.008999
0.051000	0.008989
0.051500	0.008978
0.052000	0.008967
0.052500	0.008955
0.053000	0.008943
0.053500	0.008930
0.054000	0.008916
0.054500	0.008902
0.055000	0.008887
0.055500	0.008872
0.056000	0.008856
0.056500	0.008840
0.057000	0.008823
0.057500	0.008806
0.058000	0.008788
0.058500	0.008770
0.059000	0.008751
0.059500	0.008732
0.060000	0.008713
0.060500	0.008694
0.061000	0.008674
0.061500	0.008655
0.062000	0.008637
0.062500	0.008620
0.063000	0.008603
0.063500	0.008587
0.064000	0.008573
0.064500	0.008559
0.065000	0.008547
0.065500	0.008536
0.066000	0.008527
0.066500	0.008517
0.067000	0.008509
0.067500	0.008501
0.068000	0.008493
0.068500	0.008488
0.069000	0.008483
0.069500	0.008480
0.070000	0.008478
0.070500	0.008479
0.071000	0.008481
0.071500	0.008484
0.072000	0.008489
0.072500	0.008496
0.073000	0.008504
0.073500	0.008513
0.074000	0.008525
0.074500	0.008539
0.075000	0.008556
0.075500	0.008575
0.076000	0.008596
0.076500	0.008619
0.077000	0.008645
0.077500	0.008673
0.078000	0.008705
0.078500	0.008741
0.079000	0.008783
0.079500	0.008831
0.080000	0.008887
0.080500	0.008949
0.081000	0.009018
0.081500	0.009092
0.082000	0.009170
0.082500	0.009251
0.083000	0.009332
0.083500	0.009414
0.084000	0.009494
0.084500	0.009573
0.085000	0.009649
0.085500	0.009723
0.086000	0.009795
0.086500	0.009866
0.087000	0.009934
0.087500	0.009999
0.088000	0.010059
0.088500	0.010112
0.089000	0.010156
0.089500	0.010191
0.090000	0.010215
0.090500	0.010228
0.091000	0.010231
0.091500	0.010222
0.092000	0.010202
0.092500	0.010172
0.093000	0.010134
0.093500	0.010089
0.094000	0.010039
0.094500	0.009984
0.095000	0.009921
0.095500	0.009850
0.096000	0.009768
0.096500	0.009675
0.097000	0.009572
0.097500	0.009462
0.098000	0.009350
0.098500	0.009238
0.099000	0.009127
0.099500	0.009017
0.100000	0.008908
0.100500	0.008798
0.101000	0.008687
0.101500	0.008577
0.102000	0.008469
0.102500	0.008364
0.103000	0.008264
0.103500	0.008171
0.104000	0.008085
0.104500	0.008005
0.105000	0.007932
0.105500	0.007868
0.106000	0.007815
0.106500	0.007779
0.107000	0.007770
0.107500	0.007799
0.108000	0.007869
0.108500	0.007978
0.109000	0.008123
0.109500	0.008292
0.110000	0.008472
0.110500	0.008656
0.111000	0.008836
0.111500	0.009004
0.112000	0.009156
0.112500	0.009288
0.113000	0.009400
0.113500	0.009493
0.114000	0.009573
0.114500	0.009643
0.115000	0.009709
0.115500	0.009768
0.116000	0.009820
0.116500	0.009862
0.117000	0.009894
0.117500	0.009918
0.118000	0.009937
0.118500	0.009955
0.119000	0.009979
0.119500	0.010013
0.120000	0.010062
0.120500	0.010128
0.121000	0.010211
0.121500	0.010309
0.122000	0.010417
0.122500	0.010531
0.123000	0.010645
0.123500	0.010758
0.124000	0.010868
0.124500	0.010976
0.125000	0.011084
0.125500	0.011197
0.126000	0.011318
0.126500	0.011454
0.127000	0.011606
0.127500	0.011777
0.128000	0.011972
0.128500	0.012192
0.129000	0.012440
0.129500	0.012717
0.130000	0.013022
0.130500	0.013351
0.131000	0.013701
0.131500	0.014067
0.132000	0.014447
0.132500	0.014836
0.133000	0.015233
0.133500	0.015635
0.134000	0.016040
0.134500	0.016447
0.135000	0.016854
0.135500	0.017263
0.136000	0.017673
0.136500	0.018086
0.137000	0.018502
0.137500	0.018919
0.138000	0.019336
0.138500	0.019753
0.139000	0.020171
0.139500	0.020591
0.140000	0.021016
0.140500	0.021444
0.141000	0.021874
0.141500	0.022304
0.142000	0.022734
0.142500	0.023164
0.143000	0.023594
0.143500	0.024026
0.144000	0.024460
0.144500	0.024899
0.145000	0.025341
0.145500	0.025789
0.146000	0.026243
0.146500	0.026702
0.147000	0.027166
0.147500	0.027634
0.148000	0.028104
0.148500	0.028577
0.149000	0.029051
0.149500	0.029526
0.150000	0.030005
0.150500	0.030487
0.151000	0.030972
0.151500	0.031460
0.152000	0.031949
0.152500	0.032438
0.153000	0.032928
0.153500	0.033418
0.154000	0.033910
0.154500	0.034403
0.155000	0.034897
0.155500	0.035394
0.156000	0.035892
0.156500	0.036390
0.157000	0.036887
0.157500	0.037377
0.158000	0.037859
0.158500	0.038332
0.159000	0.038794
0.159500	0.039252
0.160000	0.039710
0.160500	0.040174
0.161000	0.040647
0.161500	0.041130
0.162000	0.041620
0.162500	0.042110
0.163000	0.042595
0.163500	0.043071
0.164000	0.043535
0.164500	0.043987
0.165000	0.044428
0.165500	0.044859
0.166000	0.045280
0.166500	0.045690
0.167000	0.046090
0.167500	0.046480
0.168000	0.046859
0.168500	0.047230
0.169000	0.047593
0.169500	0.047948
0.170000	0.048296
0.170500	0.048640
0.171000	0.048981
0.171500	0.049322
0.172000	0.049663
0.172500	0.050006
0.173000	0.050352
0.173500	0.050702
0.174000	0.051056
0.174500	0.051416
0.175000	0.051782
0.175500	0.052155
0.176000	0.052537
0.176500	0.052928
0.177000	0.053329
0.177500	0.053741
0.178000	0.054163
0.178500	0.054596
0.179000	0.055039
0.179500	0.055493
0.180000	0.055958
0.180500	0.056434
0.181000	0.056920
0.181500	0.057418
0.182000	0.057925
0.182500	0.058442
0.183000	0.058968
0.183500	0.059500
0.184000	0.060038
0.184500	0.060581
0.185000	0.061127
0.185500	0.061677
0.186000	0.062229
0.186500	0.062784
0.187000	0.063341
0.187500	0.063901
0.188000	0.064465
0.188500	0.065033
0.189000	0.065606
0.189500	0.066185
0.190000	0.066771
0.190500	0.067362
0.191000	0.067960
0.191500	0.068565
0.192000	0.069175
0.192500	0.069792
0.193000	0.070415
0.193500	0.071044
0.194000	0.071678
0.194500	0.072319
0.195000	0.072966
0.195500	0.073619
0.196000	0.074278
0.196500	0.074943
0.197000	0.075614
0.197500	0.076290
0.198000	0.076972
0.198500	0.077659
0.199000	0.078351
0.199500	0.079049
0.200000	0.079752
0.200500	0.080459
0.201000	0.081170
0.201500	0.081885
0.202000	0.082601
0.202500	0.083320
0.203000	0.084040
0.203500	0.084761
0.204000	0.085484
0.204500	0.086208
0.205000	0.086934
0.205500	0.087661
0.206000	0.088389
0.206500	0.089116
0.207000	0.089843
0.207500	0.090569
0.208000	0.091294
0.208500	0.092019
0.209000	0.092744
0.209500	0.093469
0.210000	0.094194
0.210500	0.094921
0.211000	0.095649
0.211500	0.096379
0.212000	0.097109
0.212500	0.097839
0.213000	0.098570
0.213500	0.099300
0.214000	0.100030
0.214500	0.100760
0.215000	0.101490
0.215500	0.102220
0.216000	0.102960
0.216500	0.103690
0.217000	0.104420
0.217500	0.105160
0.218000	0.105900
0.218500	0.106640
0.219000	0.107380
0.219500	0.108130
0.220000	0.108880
0.220500	0.109630
0.221000	0.110390
0.221500	0.111140
0.222000	0.111910
0.222500	0.112670
0.223000	0.113440
0.223500	0.114210
0.224000	0.114980
0.224500	0.115750
0.225000	0.116530
0.225500	0.117300
0.226000	0.118080
0.226500	0.118870
0.227000	0.119650
0.227500	0.120440
0.228000	0.121220
0.228500	0.122010
0.229000	0.122800
0.229500	0.123590
0.230000	0.124390
0.230500	0.125180
0.231000	0.125970
0.231500	0.126750
0.232000	0.127540
0.232500	0.128330
0.233000	0.129110
0.233500	0.129900
0.234000	0.130680
0.234500	0.131460
0.235000	0.132240
0.235500	0.133010
0.236000	0.133780
0.236500	0.134550
0.237000	0.135310
0.237500	0.136070
0.238000	0.136830
0.238500	0.137590
0.239000	0.138340
0.239500	0.139090
0.240000	0.139830
0.240500	0.140570
0.241000	0.141300
0.241500	0.142030
0.242000	0.142750
0.242500	0.143460
0.243000	0.144170
0.243500	0.144870
0.244000	0.145570
0.244500	0.146260
0.245000	0.146950
0.245500	0.147630
0.246000	0.148310
0.246500	0.148980
0.247000	0.149650
0.247500	0.150310
0.248000	0.150970
0.248500	0.151630
0.249000	0.152280
0.249500	0.152920
0.250000	0.153570
0.250500	0.154210
0.251000	0.154850
0.251500	0.155490
0.252000	0.156120
0.252500	0.156760
0.253000	0.157390
0.253500	0.158020
0.254000	0.158650
0.254500	0.159280
0.255000	0.159910
0.255500	0.160530
0.256000	0.161160
0.256500	0.161790
0.257000	0.162420
0.257500	0.163050
0.258000	0.163670
0.258500	0.164300
0.259000	0.164930
0.259500	0.165560
0.260000	0.166190
0.260500	0.166820
0.261000	0.167460
0.261500	0.168090
0.262000	0.168730
0.262500	0.169370
0.263000	0.170010
0.263500	0.170650
0.264000	0.171300
0.264500	0.171950
0.265000	0.172610
0.265500	0.173260
0.266000	0.173920
0.266500	0.174590
0.267000	0.175250
0.267500	0.175920
0.268000	0.176590
0.268500	0.177270
0.269000	0.177950
0.269500	0.178640
0.270000	0.179330
0.270500	0.180020
0.271000	0.180720
0.271500	0.181420
0.272000	0.182120
0.272500	0.182830
0.273000	0.183540
0.273500	0.184260
0.274000	0.184990
0.274500	0.185720
0.275000	0.186450
0.275500	0.187190
0.276000	0.187940
0.276500	0.188690
0.277000	0.189450
0.277500	0.190210
0.278000	0.190980
0.278500	0.191760
0.279000	0.192540
0.279500	0.193320
0.280000	0.194120
0.280500	0.194910
0.281000	0.195720
0.281500	0.196520
0.282000	0.197340
0.282500	0.198150
0.283000	0.198970
0.283500	0.199800
0.284000	0.200630
0.284500	0.201460
0.285000	0.202290
0.285500	0.203130
0.286000	0.203970
0.286500	0.204820
0.287000	0.205670
0.287500	0.206520
0.288000	0.207370
0.288500	0.208230
0.289000	0.209090
0.289500	0.209950
0.290000	0.210820
0.290500	0.211680
0.291000	0.212550
0.291500	0.213430
0.292000	0.214300
0.292500	0.215180
0.293000	0.216060
0.293500	0.216940
0.294000	0.217820
0.294500	0.218710
0.295000	0.219590
0.295500	0.220480
0.296000	0.221370
0.296500	0.222260
0.297000	0.223160
0.297500	0.224050
0.298000	0.224950
0.298500	0.225850
