0.000000	0.147600
0.000500	0.147600
0.001000	0.147600
0.001500	0.147600
0.002000	0.147600
0.002500	0.147600
0.003000	0.130500
0.003500	0.103110
0.004000	0.076641
0.004500	0.050505
0.005000	0.024135
0.005500	-0.002143
0.006000	-0.026363
0.006500	-0.046402
0.007000	-0.058489
0.007500	-0.050174
0.008000	-0.029811
0.008500	-0.010373
0.009000	-0.002926
0.009500	0.000929
0.010000	0.003386
0.010500	0.003058
0.011000	-0.001470
0.011500	-0.011334
0.012000	-0.024059
0.012500	-0.036224
0.013000	-0.044436
0.013500	-0.047769
0.014000	-0.048791
0.014500	-0.050232
0.015000	-0.054824
0.015500	-0.063597
0.016000	-0.075448
0.016500	-0.089901
0.017000	-0.106480
0.017500	-0.126920
0.018000	-0.151430
0.018500	-0.177280
0.019000	-0.201760
0.019500	-0.223790
0.020000	-0.242530
0.020500	-0.252630
0.021000	-0.248580
0.021500	-0.215190
0.022000	-0.144180
0.022500	-0.061115
0.023000	0.007599
0.023500	0.052089
0.024000	0.094141
0.024500	0.134360
0.025000	0.172500
0.025500	0.208270
0.026000	0.240850
0.026500	0.268910
0.027000	0.291140
0.027500	0.303510
0.028000	0.296240
0.028500	0.272680
0.029000	0.237530
0.029500	0.193440
0.030000	0.130440
0.030500	0.060410
0.031000	0.000563
0.031500	-0.034872
0.032000	-0.061827
0.032500	-0.086141
0.033000	-0.108020
0.033500	-0.127700
0.034000	-0.146090
0.034500	-0.163360
0.035000	-0.179190
0.035500	-0.193210
0.036000	-0.202350
0.036500	-0.205110
0.037000	-0.201360
0.037500	-0.190980
0.038000	-0.166530
0.038500	-0.129160
0.039000	-0.091604
0.039500	-0.066604
0.040000	-0.052728
0.040500	-0.040661
0.041000	-0.031304
0.041500	-0.025560
0.042000	-0.022982
0.042500	-0.021585
0.043000	-0.019957
0.043500	-0.016688
0.044000	-0.010929
0.044500	-0.003873
0.045000	0.003202
0.045500	0.009036
0.046000	0.013191
0.046500	0.016756
0.047000	0.019717
0.047500	0.022016
0.048000	0.023586
0.048500	0.024490
0.049000	0.025011
0.049500	0.025448
0.050000	0.027138
0.050500	0.031978
0.051000	0.034619
0.051500	0.029081
0.052000	0.009541
0.052500	-0.024489
0.053000	-0.066997
0.053500	-0.111580
0.054000	-0.153500
0.054500	-0.201070
0.055000	-0.249250
0.055500	-0.289090
0.056000	-0.311310
0.056500	-0.301940
0.057000	-0.269580
0.057500	-0.230980
0.058000	-0.202400
0.058500	-0.180230
0.059000	-0.158200
0.059500	-0.136090
0.060000	-0.113660
0.060500	-0.089654
0.061000	-0.063672
0.061500	-0.035893
0.062000	-0.006501
0.062500	0.042272
0.063000	0.115340
0.063500	0.193250
0.064000	0.256550
0.064500	0.300380
0.065000	0.331540
0.065500	0.348020
0.066000	0.347820
0.066500	0.322830
0.067000	0.270510
0.067500	0.210670
0.068000	0.163640
0.068500	0.135050
0.069000	0.111710
0.069500	0.107180
0.070000	0.135940
0.070500	0.201000
0.071000	0.280720
0.071500	0.365920
0.072000	0.447990
0.072500	0.521830
0.073000	0.594740
0.073500	0.662900
0.074000	0.720990
0.074500	0.759890
0.075000	0.764550
0.075500	0.741550
0.076000	0.699490
0.076500	0.647020
0.077000	0.590590
0.077500	0.532860
0.078000	0.476080
0.078500	0.422550
0.079000	0.372940
0.079500	0.324910
0.080000	0.275820
0.080500	0.222230
0.081000	0.154300
0.081500	0.067057
0.082000	-0.042760
0.082500	-0.178450
0.083000	-0.339850
0.083500	-0.515780
0.084000	-0.693090
0.084500	-0.859150
0.085000	-1.020100
0.085500	-1.176400
0.086000	-1.320500
0.086500	-1.444600
0.087000	-1.531400
0.087500	-1.579300
0.088000	-1.604300
0.088500	-1.622600
0.089000	-1.625900
0.089500	-1.611100
0.090000	-1.601800
0.090500	-1.621600
0.091000	-1.680200
0.091500	-1.756000
0.092000	-1.841200
0.092500	-1.928700
0.093000	-2.019600
0.093500	-2.122200
0.094000	-2.227800
0.094500	-2.327000
0.095000	-2.403800
0.095500	-2.423100
0.096000	-2.352600
0.096500	-2.160500
0.097000	-1.836100
0.097500	-1.454700
0.098000	-1.039800
0.098500	-0.606600
0.099000	-0.163970
0.099500	0.297410
0.100000	0.762860
0.100500	1.214900
0.101000	1.634600
0.101500	1.997800
0.102000	2.303000
0.102500	2.553500
0.103000	2.753200
0.103500	2.915900
0.104000	3.051200
0.104500	3.166200
0.105000	3.268500
0.105500	3.361000
0.106000	3.432800
0.106500	3.470100
0.107000	3.459100
0.107500	3.380800
0.108000	3.238100
0.108500	3.042000
0.109000	2.803000
0.109500	2.524900
0.110000	2.227600
0.110500	1.938300
0.111000	1.684300
0.111500	1.458400
0.112000	1.237000
0.112500	1.022500
0.113000	0.817380
0.113500	0.622160
0.114000	0.432930
0.114500	0.245380
0.115000	0.055191
0.115500	-0.150060
0.116000	-0.378970
0.116500	-0.613420
0.117000	-0.834610
0.117500	-1.019300
0.118000	-1.135100
0.118500	-1.155100
0.119000	-1.052700
0.119500	-0.829540
0.120000	-0.587710
0.120500	-0.340410
0.121000	-0.089012
0.121500	0.165380
0.122000	0.422030
0.122500	0.678690
0.123000	0.933010
0.123500	1.180600
0.124000	1.406000
0.124500	1.617900
0.125000	1.830600
0.125500	2.060400
0.126000	2.324600
0.126500	2.604400
0.127000	2.875000
0.127500	3.111100
0.128000	3.297200
0.128500	3.437600
0.129000	3.538500
0.129500	3.606000
0.130000	3.646900
0.130500	3.660900
0.131000	3.645500
0.131500	3.598900
0.132000	3.537500
0.132500	3.464100
0.133000	3.370900
0.133500	3.250200
0.134000	3.106100
0.134500	2.953800
0.135000	2.802000
0.135500	2.659700
0.136000	2.530800
0.136500	2.407500
0.137000	2.281400
0.137500	2.144000
0.138000	1.996000
0.138500	1.843400
0.139000	1.686400
0.139500	1.524900
0.140000	1.359800
0.140500	1.193400
0.141000	1.027100
0.141500	0.862280
0.142000	0.699260
0.142500	0.536590
0.143000	0.374080
0.143500	0.211540
0.144000	0.048295
0.144500	-0.117050
0.145000	-0.282720
0.145500	-0.446660
0.146000	-0.587450
0.146500	-0.639220
0.147000	-0.627740
0.147500	-0.588370
0.148000	-0.549920
0.148500	-0.485050
0.149000	-0.408180
0.149500	-0.348110
0.150000	-0.329390
0.150500	-0.335040
0.151000	-0.364940
0.151500	-0.427190
0.152000	-0.526230
0.152500	-0.633400
0.153000	-0.740700
0.153500	-0.847920
0.154000	-0.954860
0.154500	-1.061600
0.155000	-1.168300
0.155500	-1.275000
0.156000	-1.382100
0.156500	-1.493600
0.157000	-1.609300
0.157500	-1.726900
0.158000	-1.844000
0.158500	-1.962200
0.159000	-2.085000
0.159500	-2.213000
0.160000	-2.346300
0.160500	-2.523700
0.161000	-2.756400
0.161500	-3.004500
0.162000	-3.227800
0.162500	-3.406200
0.163000	-3.561500
0.163500	-3.692800
0.164000	-3.798300
0.164500	-3.870000
0.165000	-3.900900
0.165500	-3.902700
0.166000	-3.887800
0.166500	-3.868000
0.167000	-3.833900
0.167500	-3.751400
0.168000	-3.585200
0.168500	-3.312500
0.169000	-2.972500
0.169500	-2.589700
0.170000	-2.184400
0.170500	-1.771700
0.171000	-1.326600
0.171500	-0.870540
0.172000	-0.438170
0.172500	-0.063540
0.173000	0.239290
0.173500	0.483170
0.174000	0.682740
0.174500	0.853630
0.175000	1.011100
0.175500	1.149100
0.176000	1.258000
0.176500	1.331700
0.177000	1.392300
0.177500	1.441900
0.178000	1.474900
0.178500	1.486500
0.179000	1.488600
0.179500	1.488300
0.180000	1.485900
0.180500	1.481700
0.181000	1.477900
0.181500	1.472900
0.182000	1.460700
0.182500	1.435400
0.183000	1.383800
0.183500	1.304800
0.184000	1.210200
0.184500	1.111600
0.185000	1.015100
0.185500	0.916790
0.186000	0.813360
0.186500	0.701560
0.187000	0.577850
0.187500	0.443900
0.188000	0.306660
0.188500	0.173150
0.189000	0.043839
0.189500	-0.085642
0.190000	-0.204790
0.190500	-0.302650
0.191000	-0.371130
0.191500	-0.420290
0.192000	-0.461820
0.192500	-0.506740
0.193000	-0.562370
0.193500	-0.619650
0.194000	-0.677030
0.194500	-0.734320
0.195000	-0.791300
0.195500	-0.847630
0.196000	-0.902870
0.196500	-0.956600
0.197000	-1.005000
0.197500	-1.020400
0.198000	-1.007400
0.198500	-0.978570
0.199000	-0.946540
0.199500	-0.914010
0.200000	-0.872540
0.200500	-0.813090
0.201000	-0.727300
0.201500	-0.630010
0.202000	-0.531590
0.202500	-0.433030
0.203000	-0.335320
0.203500	-0.238130
0.204000	-0.141430
0.204500	-0.045721
0.205000	0.048495
0.205500	0.110860
0.206000	0.124880
0.206500	0.110840
0.207000	0.089002
0.207500	0.042380
0.208000	-0.032567
0.208500	-0.095417
0.209000	-0.105740
0.209500	-0.071773
0.210000	-0.031543
0.210500	0.010647
0.211000	0.050488
0.211500	0.090616
0.212000	0.135740
0.212500	0.172240
0.213000	0.186010
0.213500	0.156620
0.214000	0.078158
0.214500	-0.024726
0.215000	-0.126750
0.215500	-0.221860
0.216000	-0.328760
0.216500	-0.431340
0.217000	-0.512310
0.217500	-0.536380
0.218000	-0.477890
0.218500	-0.371440
0.219000	-0.253090
0.219500	-0.144310
0.220000	-0.015364
0.220500	0.117360
0.221000	0.231360
0.221500	0.305600
0.222000	0.339790
0.222500	0.339550
0.223000	0.308790
0.223500	0.253150
0.224000	0.191700
0.224500	0.129670
0.225000	0.068208
0.225500	0.008447
0.226000	-0.049466
0.226500	-0.106950
0.227000	-0.165580
0.227500	-0.227400
0.228000	-0.307190
0.228500	-0.402140
0.229000	-0.499980
0.229500	-0.588800
0.230000	-0.670210
0.230500	-0.745320
0.231000	-0.810390
0.231500	-0.860820
0.232000	-0.871590
0.232500	-0.852910
0.233000	-0.832300
0.233500	-0.837280
0.234000	-0.866980
0.234500	-0.902010
0.235000	-0.942160
0.235500	-0.987170
0.236000	-1.045000
0.236500	-1.115200
0.237000	-1.185200
0.237500	-1.242400
0.238000	-1.276400
0.238500	-1.287300
0.239000	-1.278200
0.239500	-1.252000
0.240000	-1.213100
0.240500	-1.166100
0.241000	-1.111500
0.241500	-1.050000
0.242000	-0.984550
0.242500	-0.916440
0.243000	-0.838230
0.243500	-0.742290
0.244000	-0.624140
0.244500	-0.494070
0.245000	-0.357080
0.245500	-0.217000
0.246000	-0.075668
0.246500	0.071283
0.247000	0.220430
0.247500	0.367430
0.248000	0.507100
0.248500	0.628430
0.249000	0.719570
0.249500	0.768850
0.250000	0.766440
0.250500	0.724370
0.251000	0.654990
0.251500	0.567820
0.252000	0.470560
0.252500	0.358280
0.253000	0.243280
0.253500	0.142430
0.254000	0.069135
0.254500	0.002704
0.255000	-0.063672
0.255500	-0.130020
0.256000	-0.196370
0.256500	-0.263080
0.257000	-0.329820
0.257500	-0.396010
0.258000	-0.459790
0.258500	-0.485010
0.259000	-0.472870
0.259500	-0.447250
0.260000	-0.431410
0.260500	-0.422930
0.261000	-0.414340
0.261500	-0.405590
0.262000	-0.396640
0.262500	-0.388340
0.263000	-0.379450
0.263500	-0.366830
0.264000	-0.347300
0.264500	-0.309910
0.265000	-0.253680
0.265500	-0.190480
0.266000	-0.132160
0.266500	-0.083879
0.267000	-0.037587
0.267500	0.006415
0.268000	0.047489
0.268500	0.082009
0.269000	0.103760
0.269500	0.112960
0.270000	0.110020
0.270500	0.095806
0.271000	0.072410
0.271500	0.041589
0.272000	0.005079
0.272500	-0.037709
0.273000	-0.091241
0.273500	-0.147130
0.274000	-0.195740
0.274500	-0.229800
0.275000	-0.253640
0.275500	-0.268400
0.276000	-0.274470
0.276500	-0.272840
0.277000	-0.266550
0.277500	-0.256640
0.278000	-0.243880
0.278500	-0.228920
0.279000	-0.210620
0.279500	-0.187210
0.280000	-0.157070
0.280500	-0.116570
0.281000	-0.051424
0.281500	0.027795
0.282000	0.104950
0.282500	0.166250
0.283000	0.220210
0.283500	0.264480
0.284000	0.292010
0.284500	0.295890
0.285000	0.277000
0.285500	0.242230
0.286000	0.197510
0.286500	0.148350
0.287000	0.088755
0.287500	0.022749
0.288000	-0.038740
0.288500	-0.084395
0.289000	-0.098560
0.289500	-0.093991
0.290000	-0.093193
0.290500	-0.118670
0.291000	-0.165580
0.291500	-0.213530
0.292000	-0.261650
0.292500	-0.309080
0.293000	-0.355670
0.293500	-0.401720
0.294000	-0.447020
0.294500	-0.491360
0.295000	-0.517040
0.295500	-0.512790
0.296000	-0.488050
0.296500	-0.452270
0.297000	-0.408460
0.297500	-0.347500
0.298000	-0.268570
0.298500	-0.171190
0.299000	-0.046874
0.299500	0.108190
0.300000	0.270720
0.300500	0.416760
0.301000	0.535450
0.301500	0.639500
0.302000	0.723510
0.302500	0.781430
0.303000	0.809550
0.303500	0.813610
0.304000	0.793290
0.304500	0.747320
0.305000	0.679050
0.305500	0.606710
0.306000	0.532180
0.306500	0.455350
0.307000	0.374980
0.307500	0.288770
0.308000	0.201810
0.308500	0.119840
0.309000	0.049619
0.309500	0.001637
0.310000	-0.029164
0.310500	-0.050929
0.311000	-0.069945
0.311500	-0.078045
0.312000	-0.081920
0.312500	-0.092639
0.313000	-0.120860
0.313500	-0.166660
0.314000	-0.219430
0.314500	-0.268120
0.315000	-0.303160
0.315500	-0.331180
0.316000	-0.357040
0.316500	-0.383120
0.317000	-0.412090
0.317500	-0.451680
0.318000	-0.497080
0.318500	-0.538080
0.319000	-0.564120
0.319500	-0.559740
0.320000	-0.529800
0.320500	-0.486760
0.321000	-0.442070
0.321500	-0.377170
0.322000	-0.299910
0.322500	-0.236110
0.323000	-0.211610
0.323500	-0.219240
0.324000	-0.232090
0.324500	-0.246420
0.325000	-0.258470
0.325500	-0.269550
0.326000	-0.280950
0.326500	-0.288960
0.327000	-0.289830
0.327500	-0.262720
0.328000	-0.203320
0.328500	-0.132740
0.329000	-0.072113
0.329500	-0.028506
0.330000	0.014688
0.330500	0.053372
0.331000	0.082678
0.331500	0.101110
0.332000	0.115010
0.332500	0.127500
0.333000	0.141550
0.333500	0.159460
0.334000	0.180030
0.334500	0.201170
0.335000	0.220770
0.335500	0.235390
0.336000	0.238000
0.336500	0.227560
0.337000	0.203710
0.337500	0.166860
0.338000	0.120710
0.338500	0.067146
0.339000	0.007713
0.339500	-0.056597
0.340000	-0.125810
0.340500	-0.196830
0.341000	-0.266310
0.341500	-0.330930
0.342000	-0.388540
0.342500	-0.438050
0.343000	-0.478370
0.343500	-0.506830
0.344000	-0.508060
0.344500	-0.479630
0.345000	-0.422920
0.345500	-0.340840
0.346000	-0.249650
0.346500	-0.156250
0.347000	-0.064231
0.347500	0.023324
0.348000	0.108820
0.348500	0.193250
0.349000	0.276620
0.349500	0.358660
0.350000	0.429270
0.350500	0.485940
0.351000	0.531730
0.351500	0.569260
0.352000	0.585300
0.352500	0.568280
0.353000	0.512600
0.353500	0.413140
0.354000	0.283690
0.354500	0.141680
0.355000	-0.001004
0.355500	-0.133480
0.356000	-0.274300
0.356500	-0.414290
0.357000	-0.526040
0.357500	-0.582160
0.358000	-0.581860
0.358500	-0.552610
0.359000	-0.509400
0.359500	-0.467230
0.360000	-0.424950
0.360500	-0.377650
0.361000	-0.334640
0.361500	-0.305240
0.362000	-0.310020
0.362500	-0.347160
0.363000	-0.392410
0.363500	-0.421490
0.364000	-0.426530
0.364500	-0.429670
0.365000	-0.430980
0.365500	-0.429660
0.366000	-0.425740
0.366500	-0.420340
0.367000	-0.413050
0.367500	-0.403410
0.368000	-0.389050
0.368500	-0.367040
0.369000	-0.339520
0.369500	-0.308790
0.370000	-0.270220
0.370500	-0.216990
0.371000	-0.160270
0.371500	-0.111760
0.372000	-0.080807
0.372500	-0.064183
0.373000	-0.060196
0.373500	-0.067843
0.374000	-0.087622
0.374500	-0.120680
0.375000	-0.157510
0.375500	-0.187700
0.376000	-0.204450
0.376500	-0.216120
0.377000	-0.222950
0.377500	-0.223780
0.378000	-0.217700
0.378500	-0.205760
0.379000	-0.188360
0.379500	-0.165460
0.380000	-0.136310
0.380500	-0.096768
0.381000	-0.053059
0.381500	-0.013589
0.382000	0.014029
0.382500	0.032845
0.383000	0.048097
0.383500	0.063999
0.384000	0.084267
0.384500	0.107760
0.385000	0.135340
0.385500	0.168840
0.386000	0.210750
0.386500	0.279390
0.387000	0.368560
0.387500	0.459470
0.388000	0.534240
0.388500	0.604740
0.389000	0.668810
0.389500	0.709970
0.390000	0.712820
0.390500	0.700140
0.391000	0.687350
0.391500	0.674550
0.392000	0.661820
0.392500	0.649130
0.393000	0.636460
0.393500	0.623820
0.394000	0.611220
0.394500	0.614280
0.395000	0.638410
0.395500	0.668310
0.396000	0.688710
0.396500	0.700550
0.397000	0.704360
0.397500	0.684210
0.398000	0.624170
0.398500	0.525090
0.399000	0.407630
0.399500	0.285530
0.400000	0.172570
0.400500	0.066004
0.401000	-0.041117
0.401500	-0.141350
0.402000	-0.227250
0.402500	-0.290800
0.403000	-0.334190
0.403500	-0.369920
0.404000	-0.410670
0.404500	-0.466410
0.405000	-0.531680
0.405500	-0.595770
0.406000	-0.647980
0.406500	-0.677630
0.407000	-0.683330
0.407500	-0.671420
0.408000	-0.648380
0.408500	-0.619110
0.409000	-0.585540
0.409500	-0.551610
0.410000	-0.521330
0.410500	-0.496980
0.411000	-0.474110
0.411500	-0.453040
0.412000	-0.434760
0.412500	-0.420560
0.413000	-0.410920
0.413500	-0.403280
0.414000	-0.394850
0.414500	-0.384670
0.415000	-0.375230
0.415500	-0.359510
0.416000	-0.329510
0.416500	-0.278920
0.417000	-0.213250
0.417500	-0.140320
0.418000	-0.067654
0.418500	-0.001420
0.419000	0.064390
0.419500	0.128590
0.420000	0.187220
0.420500	0.235480
0.421000	0.266370
0.421500	0.287170
0.422000	0.307900
0.422500	0.337760
0.423000	0.375080
0.423500	0.414690
0.424000	0.452310
0.424500	0.483310
0.425000	0.501910
0.425500	0.506910
0.426000	0.498070
0.426500	0.474940
0.427000	0.433610
0.427500	0.381840
0.428000	0.332010
0.428500	0.296000
0.429000	0.268010
0.429500	0.242660
0.430000	0.220820
0.430500	0.203560
0.431000	0.196370
0.431500	0.194810
0.432000	0.190080
0.432500	0.173520
0.433000	0.145080
0.433500	0.111140
0.434000	0.077034
0.434500	0.048055
0.435000	0.022909
0.435500	-0.001113
0.436000	-0.020826
0.436500	-0.033042
0.437000	-0.038683
0.437500	-0.041934
0.438000	-0.044501
0.438500	-0.048092
0.439000	-0.052982
0.439500	-0.058722
0.440000	-0.065934
0.440500	-0.075239
0.441000	-0.102390
0.441500	-0.152150
0.442000	-0.208630
0.442500	-0.255940
0.443000	-0.293220
0.443500	-0.324420
0.444000	-0.340910
0.444500	-0.334040
0.445000	-0.288890
0.445500	-0.203090
0.446000	-0.102930
0.446500	-0.015330
0.447000	0.049615
0.447500	0.110180
0.448000	0.159740
0.448500	0.190750
0.449000	0.186320
0.449500	0.141420
0.450000	0.087965
0.450500	0.058740
0.451000	0.065244
0.451500	0.077049
0.452000	0.090047
0.452500	0.101230
0.453000	0.112880
0.453500	0.135240
0.454000	0.148100
0.454500	0.128340
0.455000	0.063774
0.455500	-0.012461
0.456000	-0.092750
0.456500	-0.173610
0.457000	-0.252780
0.457500	-0.332750
0.458000	-0.412830
0.458500	-0.491860
0.459000	-0.558050
0.459500	-0.573050
0.460000	-0.545620
0.460500	-0.489620
0.461000	-0.418150
0.461500	-0.335850
0.462000	-0.249180
0.462500	-0.166000
0.463000	-0.092766
0.463500	-0.022637
0.464000	0.044085
0.464500	0.104170
0.465000	0.154290
0.465500	0.192280
0.466000	0.219670
0.466500	0.238520
0.467000	0.250240
0.467500	0.252610
0.468000	0.250890
0.468500	0.252030
0.469000	0.262910
0.469500	0.285190
0.470000	0.312870
0.470500	0.339390
0.471000	0.358010
0.471500	0.360290
0.472000	0.350340
0.472500	0.336500
0.473000	0.325180
0.473500	0.269640
0.474000	0.179170
0.474500	0.097641
0.475000	46.014000
0.475500	1458.699951
0.476000	4255.000000
0.476500	7633.100098
0.477000	10877.000000
0.477500	15788.000000
0.478000	22059.000000
0.478500	27906.000000
0.479000	31542.000000
0.479500	27701.000000
0.480000	16737.000000
0.480500	5289.299805
0.481000	-0.699400
0.481500	-0.335580
0.482000	0.335910
0.482500	0.947730
0.483000	1.132500
0.483500	1.017500
0.484000	0.926640
0.484500	0.787480
0.485000	0.527730
0.485500	-0.065958
0.486000	-0.920240
0.486500	-1.677200
0.487000	-1.979000
0.487500	-1.865700
0.488000	-1.635700
0.488500	-1.318700
0.489000	-0.944520
0.489500	-0.550470
0.490000	-0.154960
0.490500	0.261730
