0.000000	0.000864
0.000500	0.001916
0.001000	0.002737
0.001500	0.003849
0.002000	0.005174
0.002500	0.006577
0.003000	0.007834
0.003500	0.009196
0.004000	0.010367
0.004500	0.011301
0.005000	0.012023
0.005500	0.012274
0.006000	0.012280
0.006500	0.012430
0.007000	0.012674
0.007500	0.013089
0.008000	0.013548
0.008500	0.014093
0.009000	0.014512
0.009500	0.014902
0.010000	0.015172
0.010500	0.015219
0.011000	0.015510
0.011500	0.015654
0.012000	0.014894
0.012500	0.014066
0.013000	0.013015
0.013500	0.011881
0.014000	0.011144
0.014500	0.009930
0.015000	0.008442
0.015500	0.006768
0.016000	0.005490
0.016500	0.004135
0.017000	0.002689
0.017500	0.001188
0.018000	-0.000892
0.018500	-0.003178
0.019000	-0.005373
0.019500	-0.007178
0.020000	-0.008923
0.020500	-0.010107
0.021000	-0.011308
0.021500	-0.012644
0.022000	-0.013887
0.022500	-0.015492
0.023000	-0.016833
0.023500	-0.018269
0.024000	-0.019931
0.024500	-0.021442
0.025000	-0.022557
0.025500	-0.023588
0.026000	-0.024715
0.026500	-0.025888
0.027000	-0.026744
0.027500	-0.027392
0.028000	-0.028201
0.028500	-0.029031
0.029000	-0.029963
0.029500	-0.030620
0.030000	-0.031219
0.030500	-0.031585
0.031000	-0.031289
0.031500	-0.030778
0.032000	-0.030162
0.032500	-0.029671
0.033000	-0.029210
0.033500	-0.028373
0.034000	-0.027537
0.034500	-0.026763
0.035000	-0.025798
0.035500	-0.025142
0.036000	-0.024655
0.036500	-0.023597
0.037000	-0.022607
0.037500	-0.021447
0.038000	-0.019684
0.038500	-0.018475
0.039000	-0.017159
0.039500	-0.015301
0.040000	-0.013603
0.040500	-0.011763
0.041000	-0.010221
0.041500	-0.008587
0.042000	-0.006441
0.042500	-0.004040
0.043000	-0.001500
0.043500	0.000943
0.044000	0.003467
0.044500	0.005574
0.045000	0.007350
0.045500	0.009804
0.046000	0.012750
0.046500	0.015669
0.047000	0.018849
0.047500	0.021712
0.048000	0.024725
0.048500	0.028557
0.049000	0.032444
0.049500	0.036133
0.050000	0.040030
0.050500	0.044585
0.051000	0.049255
0.051500	0.054165
0.052000	0.059734
0.052500	0.064936
0.053000	0.069776
0.053500	0.075149
0.054000	0.080725
0.054500	0.086048
0.055000	0.091585
0.055500	0.097194
0.056000	0.102090
0.056500	0.106860
0.057000	0.111700
0.057500	0.116490
0.058000	0.120500
0.058500	0.123830
0.059000	0.127330
0.059500	0.130590
0.060000	0.132970
0.060500	0.134800
0.061000	0.136470
0.061500	0.138040
0.062000	0.139490
0.062500	0.140470
0.063000	0.140690
0.063500	0.140760
0.064000	0.141340
0.064500	0.142360
0.065000	0.144570
0.065500	0.147670
0.066000	0.151600
0.066500	0.155820
0.067000	0.159530
0.067500	0.161990
0.068000	0.162290
0.068500	0.161140
0.069000	0.159360
0.069500	0.157660
0.070000	0.156020
0.070500	0.153920
0.071000	0.151120
0.071500	0.147570
0.072000	0.143590
0.072500	0.138970
0.073000	0.133680
0.073500	0.128020
0.074000	0.122140
0.074500	0.117090
0.075000	0.113520
0.075500	0.111100
0.076000	0.110830
0.076500	0.112360
0.077000	0.112390
0.077500	0.108360
0.078000	0.098457
0.078500	0.081969
0.079000	0.059829
0.079500	0.034430
0.080000	0.010817
0.080500	-0.006146
0.081000	-0.014003
0.081500	-0.011110
0.082000	0.003108
0.082500	0.026591
0.083000	0.056156
0.083500	0.088768
0.084000	0.121650
0.084500	0.152350
0.085000	0.178250
0.085500	0.199420
0.086000	0.219140
0.086500	0.241170
0.087000	0.269170
0.087500	0.304880
0.088000	0.350110
0.088500	0.404530
0.089000	0.464660
0.089500	0.527080
0.090000	0.588320
0.090500	0.647000
0.091000	0.703820
0.091500	0.761450
0.092000	0.820790
0.092500	0.876500
0.093000	0.934320
0.093500	0.993260
0.094000	1.048400
0.094500	1.108100
0.095000	1.174300
0.095500	1.242700
0.096000	1.305500
0.096500	1.352700
0.097000	1.376300
0.097500	1.377200
0.098000	1.358700
0.098500	1.327800
0.099000	1.296500
0.099500	1.268100
0.100000	1.238100
0.100500	1.204200
0.101000	1.164800
0.101500	1.117800
0.102000	1.064800
0.102500	1.009100
0.103000	0.954910
0.103500	0.903000
0.104000	0.855560
0.104500	0.823710
0.105000	0.819360
0.105500	0.846370
0.106000	0.894820
0.106500	0.939330
0.107000	0.953840
0.107500	0.926180
0.108000	0.863060
0.108500	0.792740
0.109000	0.745120
0.109500	0.727700
0.110000	0.733510
0.110500	0.756860
0.111000	0.789440
0.111500	0.820290
0.112000	0.846820
0.112500	0.868940
0.113000	0.881800
0.113500	0.876570
0.114000	0.850640
0.114500	0.813060
0.115000	0.777190
0.115500	0.757690
0.116000	0.763030
0.116500	0.787610
0.117000	0.819200
0.117500	0.845340
0.118000	0.856540
0.118500	0.848870
0.119000	0.821670
0.119500	0.778490
0.120000	0.724460
0.120500	0.666950
0.121000	0.613850
0.121500	0.567710
0.122000	0.525280
0.122500	0.482380
0.123000	0.440620
0.123500	0.400810
0.124000	0.359990
0.124500	0.317000
0.125000	0.268490
0.125500	0.213170
0.126000	0.155430
0.126500	0.097122
0.127000	0.035836
0.127500	-0.031304
0.128000	-0.105180
0.128500	-0.187950
0.129000	-0.281240
0.129500	-0.380400
0.130000	-0.477040
0.130500	-0.565320
0.131000	-0.641610
0.131500	-0.705580
0.132000	-0.759530
0.132500	-0.804520
0.133000	-0.841610
0.133500	-0.871010
0.134000	-0.892290
0.134500	-0.892940
0.135000	-0.882690
0.135500	-0.877730
0.136000	-0.876330
0.136500	-0.880270
0.137000	-0.889600
0.137500	-0.903440
0.138000	-0.919670
0.138500	-0.936840
0.139000	-0.954400
0.139500	-0.970590
0.140000	-0.980730
0.140500	-0.986180
0.141000	-0.989140
0.141500	-0.988950
0.142000	-0.988120
0.142500	-0.990840
0.143000	-0.998620
0.143500	-1.011600
0.144000	-1.028100
0.144500	-1.046600
0.145000	-1.066000
0.145500	-1.085700
0.146000	-1.105700
0.146500	-1.124100
0.147000	-1.137900
0.147500	-1.145600
0.148000	-1.149100
0.148500	-1.150600
0.149000	-1.152600
0.149500	-1.157200
0.150000	-1.164700
0.150500	-1.172700
0.151000	-1.178700
0.151500	-1.181700
0.152000	-1.182200
0.152500	-1.183000
0.153000	-1.186500
0.153500	-1.193300
0.154000	-1.202400
0.154500	-1.213500
0.155000	-1.224500
0.155500	-1.233300
0.156000	-1.237900
0.156500	-1.234700
0.157000	-1.222100
0.157500	-1.198200
0.158000	-1.164000
0.158500	-1.125800
0.159000	-1.093600
0.159500	-1.077100
0.160000	-1.082100
0.160500	-1.108500
0.161000	-1.151500
0.161500	-1.198400
0.162000	-1.238500
0.162500	-1.267900
0.163000	-1.281800
0.163500	-1.280100
0.164000	-1.268900
0.164500	-1.251600
0.165000	-1.224900
0.165500	-1.186200
0.166000	-1.138200
0.166500	-1.080700
0.167000	-1.013800
0.167500	-0.947780
0.168000	-0.887870
0.168500	-0.829310
0.169000	-0.774060
0.169500	-0.724040
0.170000	-0.675980
0.170500	-0.631650
0.171000	-0.592780
0.171500	-0.559090
0.172000	-0.532240
0.172500	-0.512360
0.173000	-0.499310
0.173500	-0.494440
0.174000	-0.496870
0.174500	-0.505720
0.175000	-0.520880
0.175500	-0.541210
0.176000	-0.565610
0.176500	-0.593190
0.177000	-0.622520
0.177500	-0.653520
0.178000	-0.686820
0.178500	-0.722280
0.179000	-0.758900
0.179500	-0.796800
0.180000	-0.836290
0.180500	-0.876200
0.181000	-0.915710
0.181500	-0.953530
0.182000	-0.987710
0.182500	-1.017300
0.183000	-1.041400
0.183500	-1.059100
0.184000	-1.071100
0.184500	-1.077400
0.185000	-1.079500
0.185500	-1.077500
0.186000	-1.070900
0.186500	-1.062200
0.187000	-1.054200
0.187500	-1.047800
0.188000	-1.043700
0.188500	-1.042100
0.189000	-1.042200
0.189500	-1.043500
0.190000	-1.045900
0.190500	-1.048400
0.191000	-1.050200
0.191500	-1.051900
0.192000	-1.053500
0.192500	-1.055500
0.193000	-1.058700
0.193500	-1.062000
0.194000	-1.065100
0.194500	-1.068000
0.195000	-1.071300
0.195500	-1.074600
0.196000	-1.076700
0.196500	-1.078600
0.197000	-1.080400
0.197500	-1.081400
0.198000	-1.081600
0.198500	-1.081900
0.199000	-1.081900
0.199500	-1.081800
0.200000	-1.081300
0.200500	-1.078800
0.201000	-1.072700
0.201500	-1.061800
0.202000	-1.047100
0.202500	-1.029800
0.203000	-1.011000
0.203500	-0.993040
0.204000	-0.977470
0.204500	-0.964450
0.205000	-0.952780
0.205500	-0.940360
0.206000	-0.925020
0.206500	-0.906560
0.207000	-0.884810
0.207500	-0.860250
0.208000	-0.835140
0.208500	-0.811130
0.209000	-0.788890
0.209500	-0.768130
0.210000	-0.748870
0.210500	-0.729870
0.211000	-0.709850
0.211500	-0.687960
0.212000	-0.663580
0.212500	-0.637140
0.213000	-0.609870
0.213500	-0.582540
0.214000	-0.555700
0.214500	-0.529750
0.215000	-0.504420
0.215500	-0.479860
0.216000	-0.456230
0.216500	-0.433650
0.217000	-0.411410
0.217500	-0.389470
0.218000	-0.368620
0.218500	-0.348770
0.219000	-0.329700
0.219500	-0.311000
0.220000	-0.293510
0.220500	-0.277490
0.221000	-0.262560
0.221500	-0.248660
0.222000	-0.235210
0.222500	-0.222160
0.223000	-0.209370
0.223500	-0.196230
0.224000	-0.183400
0.224500	-0.171870
0.225000	-0.160200
0.225500	-0.148660
0.226000	-0.138670
0.226500	-0.129890
0.227000	-0.120960
0.227500	-0.112490
0.228000	-0.104850
0.228500	-0.096320
0.229000	-0.086231
0.229500	-0.074576
0.230000	-0.061313
0.230500	-0.046916
0.231000	-0.032821
0.231500	-0.020438
0.232000	-0.010209
0.232500	-0.001604
0.233000	0.006515
0.233500	0.015743
0.234000	0.027625
0.234500	0.042611
0.235000	0.059669
0.235500	0.077046
0.236000	0.093249
0.236500	0.107610
0.237000	0.121050
0.237500	0.134810
0.238000	0.149260
0.238500	0.165060
0.239000	0.182660
0.239500	0.202230
0.240000	0.223370
0.240500	0.245760
0.241000	0.269260
0.241500	0.294150
0.242000	0.320360
0.242500	0.346820
0.243000	0.372980
0.243500	0.398620
0.244000	0.424730
0.244500	0.450890
0.245000	0.477190
0.245500	0.504310
0.246000	0.531350
0.246500	0.558530
0.247000	0.585060
0.247500	0.610420
0.248000	0.635370
0.248500	0.659850
0.249000	0.683080
0.249500	0.705050
0.250000	0.726790
0.250500	0.747540
0.251000	0.767730
0.251500	0.788530
0.252000	0.809660
0.252500	0.831060
0.253000	0.852480
0.253500	0.873220
0.254000	0.893580
0.254500	0.913800
0.255000	0.933740
0.255500	0.953470
0.256000	0.973070
0.256500	0.992230
0.257000	1.010300
0.257500	1.027600
0.258000	1.043900
0.258500	1.060100
0.259000	1.077600
0.259500	1.095700
0.260000	1.112900
0.260500	1.128300
0.261000	1.141100
0.261500	1.149500
0.262000	1.154700
0.262500	1.158100
0.263000	1.160300
0.263500	1.162700
0.264000	1.165900
0.264500	1.170000
0.265000	1.175000
0.265500	1.180000
0.266000	1.183900
0.266500	1.185500
0.267000	1.184500
0.267500	1.181800
0.268000	1.177400
0.268500	1.172800
0.269000	1.169100
0.269500	1.166100
0.270000	1.163600
0.270500	1.161100
0.271000	1.158100
0.271500	1.154000
0.272000	1.149100
0.272500	1.143500
0.273000	1.137100
0.273500	1.130000
0.274000	1.122200
0.274500	1.114600
0.275000	1.106800
0.275500	1.099400
0.276000	1.092800
0.276500	1.086100
0.277000	1.079200
0.277500	1.072100
0.278000	1.065100
0.278500	1.058800
0.279000	1.053700
0.279500	1.048600
0.280000	1.043800
0.280500	1.039300
0.281000	1.035800
0.281500	1.033400
0.282000	1.031700
0.282500	1.031000
0.283000	1.030800
0.283500	1.031000
0.284000	1.031300
0.284500	1.031500
0.285000	1.031800
0.285500	1.032600
0.286000	1.034800
0.286500	1.038000
0.287000	1.041000
0.287500	1.043700
0.288000	1.046100
0.288500	1.048300
0.289000	1.051100
0.289500	1.054600
0.290000	1.058400
0.290500	1.062300
0.291000	1.066600
0.291500	1.071700
0.292000	1.076800
0.292500	1.082300
0.293000	1.087800
0.293500	1.093200
0.294000	1.098600
0.294500	1.103900
0.295000	1.109600
0.295500	1.115600
0.296000	1.121500
0.296500	1.126800
0.297000	1.131300
0.297500	1.134900
0.298000	1.138100
0.298500	1.141300
