0.000000	0.022170
0.000500	0.022170
0.001000	0.022170
0.001500	0.022169
0.002000	0.022169
0.002500	0.022168
0.003000	0.022168
0.003500	0.022167
0.004000	0.022165
0.004500	0.022164
0.005000	0.022162
0.005500	0.022160
0.006000	0.022158
0.006500	0.022156
0.007000	0.022154
0.007500	0.022152
0.008000	0.022149
0.008500	0.022147
0.009000	0.022143
0.009500	0.022140
0.010000	0.022136
0.010500	0.022132
0.011000	0.022128
0.011500	0.022123
0.012000	0.022118
0.012500	0.022112
0.013000	0.022107
0.013500	0.022102
0.014000	0.022096
0.014500	0.022091
0.015000	0.022085
0.015500	0.022079
0.016000	0.022072
0.016500	0.022066
0.017000	0.022059
0.017500	0.022053
0.018000	0.022047
0.018500	0.022040
0.019000	0.022034
0.019500	0.022027
0.020000	0.022019
0.020500	0.022012
0.021000	0.022004
0.021500	0.021997
0.022000	0.021989
0.022500	0.021981
0.023000	0.021974
0.023500	0.021966
0.024000	0.021959
0.024500	0.021951
0.025000	0.021944
0.025500	0.021936
0.026000	0.021929
0.026500	0.021922
0.027000	0.021915
0.027500	0.021908
0.028000	0.021900
0.028500	0.021893
0.029000	0.021886
0.029500	0.021879
0.030000	0.021871
0.030500	0.021865
0.031000	0.021858
0.031500	0.021851
0.032000	0.021844
0.032500	0.021837
0.033000	0.021830
0.033500	0.021823
0.034000	0.021816
0.034500	0.021809
0.035000	0.021803
0.035500	0.021796
0.036000	0.021789
0.036500	0.021782
0.037000	0.021776
0.037500	0.021769
0.038000	0.021762
0.038500	0.021755
0.039000	0.021748
0.039500	0.021741
0.040000	0.021734
0.040500	0.021728
0.041000	0.021721
0.041500	0.021715
0.042000	0.021708
0.042500	0.021701
0.043000	0.021694
0.043500	0.021688
0.044000	0.021681
0.044500	0.021674
0.045000	0.021668
0.045500	0.021662
0.046000	0.021657
0.046500	0.021651
0.047000	0.021647
0.047500	0.021643
0.048000	0.021638
0.048500	0.021635
0.049000	0.021631
0.049500	0.021629
0.050000	0.021626
0.050500	0.021624
0.051000	0.021623
0.051500	0.021622
0.052000	0.021621
0.052500	0.021620
0.053000	0.021619
0.053500	0.021618
0.054000	0.021618
0.054500	0.021618
0.055000	0.021618
0.055500	0.021618
0.056000	0.021618
0.056500	0.021617
0.057000	0.021616
0.057500	0.021614
0.058000	0.021610
0.058500	0.021604
0.059000	0.021594
0.059500	0.021582
0.060000	0.021566
0.060500	0.021546
0.061000	0.021521
0.061500	0.021493
0.062000	0.021461
0.062500	0.021427
0.063000	0.021389
0.063500	0.021349
0.064000	0.021306
0.064500	0.021261
0.065000	0.021215
0.065500	0.021167
0.066000	0.021117
0.066500	0.021067
0.067000	0.021017
0.067500	0.020968
0.068000	0.020921
0.068500	0.020876
0.069000	0.020836
0.069500	0.020800
0.070000	0.020767
0.070500	0.020738
0.071000	0.020711
0.071500	0.020687
0.072000	0.020663
0.072500	0.020639
0.073000	0.020613
0.073500	0.020582
0.074000	0.020546
0.074500	0.020503
0.075000	0.020451
0.075500	0.020391
0.076000	0.020322
0.076500	0.020245
0.077000	0.020160
0.077500	0.020066
0.078000	0.019965
0.078500	0.019857
0.079000	0.019742
0.079500	0.019620
0.080000	0.019493
0.080500	0.019361
0.081000	0.019226
0.081500	0.019088
0.082000	0.018951
0.082500	0.018816
0.083000	0.018685
0.083500	0.018561
0.084000	0.018447
0.084500	0.018344
0.085000	0.018254
0.085500	0.018178
0.086000	0.018119
0.086500	0.018075
0.087000	0.018048
0.087500	0.018037
0.088000	0.018041
0.088500	0.018060
0.089000	0.018091
0.089500	0.018130
0.090000	0.018172
0.090500	0.018211
0.091000	0.018237
0.091500	0.018242
0.092000	0.018214
0.092500	0.018147
0.093000	0.018038
0.093500	0.017884
0.094000	0.017681
0.094500	0.017425
0.095000	0.017110
0.095500	0.016731
0.096000	0.016291
0.096500	0.015795
0.097000	0.015251
0.097500	0.014669
0.098000	0.014051
0.098500	0.013396
0.099000	0.012700
0.099500	0.011958
0.100000	0.011161
0.100500	0.010305
0.101000	0.009389
0.101500	0.008417
0.102000	0.007397
0.102500	0.006342
0.103000	0.005259
0.103500	0.004155
0.104000	0.003036
0.104500	0.001898
0.105000	0.000738
0.105500	-0.000448
0.106000	-0.001666
0.106500	-0.002923
0.107000	-0.004221
0.107500	-0.005560
0.108000	-0.006941
0.108500	-0.008358
0.109000	-0.009805
0.109500	-0.011275
0.110000	-0.012760
0.110500	-0.014252
0.111000	-0.015742
0.111500	-0.017222
0.112000	-0.018687
0.112500	-0.020131
0.113000	-0.021553
0.113500	-0.022955
0.114000	-0.024338
0.114500	-0.025707
0.115000	-0.027068
0.115500	-0.028429
0.116000	-0.029801
0.116500	-0.031194
0.117000	-0.032616
0.117500	-0.034067
0.118000	-0.035543
0.118500	-0.037036
0.119000	-0.038534
0.119500	-0.040021
0.120000	-0.041491
0.120500	-0.042939
0.121000	-0.044363
0.121500	-0.045764
0.122000	-0.047154
0.122500	-0.048544
0.123000	-0.049951
0.123500	-0.051393
0.124000	-0.052883
0.124500	-0.054431
0.125000	-0.056047
0.125500	-0.057734
0.126000	-0.059495
0.126500	-0.061330
0.127000	-0.063240
0.127500	-0.065226
0.128000	-0.067289
0.128500	-0.069431
0.129000	-0.071656
0.129500	-0.073966
0.130000	-0.076366
0.130500	-0.078860
0.131000	-0.081453
0.131500	-0.084148
0.132000	-0.086956
0.132500	-0.089885
0.133000	-0.092949
0.133500	-0.096162
0.134000	-0.099535
0.134500	-0.103080
0.135000	-0.106790
0.135500	-0.110680
0.136000	-0.114770
0.136500	-0.119070
0.137000	-0.123610
0.137500	-0.128390
0.138000	-0.133410
0.138500	-0.138720
0.139000	-0.144350
0.139500	-0.150280
0.140000	-0.156550
0.140500	-0.163170
0.141000	-0.170140
0.141500	-0.177510
0.142000	-0.185270
0.142500	-0.193450
0.143000	-0.202060
0.143500	-0.211160
0.144000	-0.220750
0.144500	-0.230890
0.145000	-0.241620
0.145500	-0.252990
0.146000	-0.265080
0.146500	-0.277930
0.147000	-0.291610
0.147500	-0.306140
0.148000	-0.321570
0.148500	-0.337920
0.149000	-0.355200
0.149500	-0.373420
0.150000	-0.392630
0.150500	-0.412880
0.151000	-0.434200
0.151500	-0.456640
0.152000	-0.480210
0.152500	-0.504920
0.153000	-0.530740
0.153500	-0.557630
0.154000	-0.585580
0.154500	-0.614520
0.155000	-0.644370
0.155500	-0.675040
0.156000	-0.706360
0.156500	-0.738140
0.157000	-0.770200
0.157500	-0.802340
0.158000	-0.834300
0.158500	-0.865820
0.159000	-0.896580
0.159500	-0.926320
0.160000	-0.954840
0.160500	-0.981940
0.161000	-1.007500
0.161500	-1.031300
0.162000	-1.053400
0.162500	-1.073600
0.163000	-1.092100
0.163500	-1.108700
0.164000	-1.123400
0.164500	-1.136300
0.165000	-1.147200
0.165500	-1.156200
0.166000	-1.163400
0.166500	-1.168800
0.167000	-1.172400
0.167500	-1.174400
0.168000	-1.174700
0.168500	-1.173400
0.169000	-1.170400
0.169500	-1.165800
0.170000	-1.159600
0.170500	-1.151900
0.171000	-1.142800
0.171500	-1.132300
0.172000	-1.120600
0.172500	-1.107800
0.173000	-1.093800
0.173500	-1.078800
0.174000	-1.062900
0.174500	-1.046100
0.175000	-1.028500
0.175500	-1.010200
0.176000	-0.991260
0.176500	-0.971770
0.177000	-0.951820
0.177500	-0.931470
0.178000	-0.910800
0.178500	-0.889870
0.179000	-0.868770
0.179500	-0.847570
0.180000	-0.826330
0.180500	-0.805140
0.181000	-0.784040
0.181500	-0.763110
0.182000	-0.742400
0.182500	-0.721970
0.183000	-0.701870
0.183500	-0.682120
0.184000	-0.662780
0.184500	-0.643850
0.185000	-0.625370
0.185500	-0.607350
0.186000	-0.589780
0.186500	-0.572680
0.187000	-0.556060
0.187500	-0.539920
0.188000	-0.524260
0.188500	-0.509100
0.189000	-0.494410
0.189500	-0.480200
0.190000	-0.466470
0.190500	-0.453200
0.191000	-0.440400
0.191500	-0.428040
0.192000	-0.416130
0.192500	-0.404650
0.193000	-0.393580
0.193500	-0.382910
0.194000	-0.372620
0.194500	-0.362700
0.195000	-0.353130
0.195500	-0.343900
0.196000	-0.334990
0.196500	-0.326390
0.197000	-0.318080
0.197500	-0.310050
0.198000	-0.302280
0.198500	-0.294770
0.199000	-0.287500
0.199500	-0.280460
0.200000	-0.273640
0.200500	-0.267040
0.201000	-0.260640
0.201500	-0.254430
0.202000	-0.248410
0.202500	-0.242570
0.203000	-0.236900
0.203500	-0.231390
0.204000	-0.226050
0.204500	-0.220850
0.205000	-0.215810
0.205500	-0.210900
0.206000	-0.206120
0.206500	-0.201470
0.207000	-0.196950
0.207500	-0.192530
0.208000	-0.188240
0.208500	-0.184050
0.209000	-0.179960
0.209500	-0.175970
0.210000	-0.172080
0.210500	-0.168280
0.211000	-0.164570
0.211500	-0.160940
0.212000	-0.157390
0.212500	-0.153920
0.213000	-0.150540
0.213500	-0.147220
0.214000	-0.143980
0.214500	-0.140810
0.215000	-0.137700
0.215500	-0.134660
0.216000	-0.131680
0.216500	-0.128760
0.217000	-0.125900
0.217500	-0.123100
0.218000	-0.120360
0.218500	-0.117670
0.219000	-0.115040
0.219500	-0.112450
0.220000	-0.109920
0.220500	-0.107430
0.221000	-0.104990
0.221500	-0.102590
0.222000	-0.100230
0.222500	-0.097904
0.223000	-0.095619
0.223500	-0.093367
0.224000	-0.091148
0.224500	-0.088959
0.225000	-0.086797
0.225500	-0.084660
0.226000	-0.082548
0.226500	-0.080455
0.227000	-0.078381
0.227500	-0.076322
0.228000	-0.074275
0.228500	-0.072237
0.229000	-0.070207
0.229500	-0.068179
0.230000	-0.066153
0.230500	-0.064127
0.231000	-0.062098
0.231500	-0.060064
0.232000	-0.058023
0.232500	-0.055974
0.233000	-0.053914
0.233500	-0.051841
0.234000	-0.049757
0.234500	-0.047660
0.235000	-0.045552
0.235500	-0.043433
0.236000	-0.041306
0.236500	-0.039171
0.237000	-0.037027
0.237500	-0.034877
0.238000	-0.032719
0.238500	-0.030555
0.239000	-0.028386
0.239500	-0.026213
0.240000	-0.024037
0.240500	-0.021859
0.241000	-0.019680
0.241500	-0.017502
0.242000	-0.015326
0.242500	-0.013152
0.243000	-0.010981
0.243500	-0.008815
0.244000	-0.006654
0.244500	-0.004501
0.245000	-0.002356
0.245500	-0.000221
0.246000	0.001906
0.246500	0.004021
0.247000	0.006125
0.247500	0.008218
0.248000	0.010297
0.248500	0.012362
0.249000	0.014414
0.249500	0.016451
0.250000	0.018474
0.250500	0.020484
0.251000	0.022479
0.251500	0.024461
0.252000	0.026428
0.252500	0.028380
0.253000	0.030319
0.253500	0.032244
0.254000	0.034154
0.254500	0.036051
0.255000	0.037934
0.255500	0.039804
0.256000	0.041661
0.256500	0.043506
0.257000	0.045339
0.257500	0.047160
0.258000	0.048969
0.258500	0.050766
0.259000	0.052551
0.259500	0.054325
0.260000	0.056087
0.260500	0.057836
0.261000	0.059573
0.261500	0.061298
0.262000	0.063009
0.262500	0.064708
0.263000	0.066392
0.263500	0.068063
0.264000	0.069720
0.264500	0.071363
0.265000	0.072993
0.265500	0.074609
0.266000	0.076213
0.266500	0.077805
0.267000	0.079386
0.267500	0.080957
0.268000	0.082517
0.268500	0.084068
0.269000	0.085609
0.269500	0.087141
0.270000	0.088664
0.270500	0.090178
0.271000	0.091683
0.271500	0.093181
0.272000	0.094671
0.272500	0.096153
0.273000	0.097628
0.273500	0.099093
0.274000	0.100550
0.274500	0.102000
0.275000	0.103440
0.275500	0.104870
0.276000	0.106300
0.276500	0.107710
0.277000	0.109120
0.277500	0.110520
0.278000	0.111910
0.278500	0.113290
0.279000	0.114660
0.279500	0.116030
0.280000	0.117400
0.280500	0.118760
0.281000	0.120110
0.281500	0.121460
0.282000	0.122810
0.282500	0.124160
0.283000	0.125500
0.283500	0.126840
0.284000	0.128180
0.284500	0.129520
0.285000	0.130860
0.285500	0.132190
0.286000	0.133520
0.286500	0.134850
0.287000	0.136180
0.287500	0.137500
0.288000	0.138820
0.288500	0.140140
0.289000	0.141440
0.289500	0.142740
0.290000	0.144030
0.290500	0.145310
0.291000	0.146580
0.291500	0.147840
0.292000	0.149080
0.292500	0.150320
0.293000	0.151540
0.293500	0.152760
0.294000	0.153960
0.294500	0.155150
0.295000	0.156340
0.295500	0.157510
0.296000	0.158670
0.296500	0.159820
0.297000	0.160960
0.297500	0.162090
0.298000	0.163200
0.298500	0.164300
