0.000000	-0.097051
0.000500	-0.097052
0.001000	-0.097054
0.001500	-0.097057
0.002000	-0.097060
0.002500	-0.097065
0.003000	-0.097070
0.003500	-0.097076
0.004000	-0.097083
0.004500	-0.097090
0.005000	-0.097099
0.005500	-0.097108
0.006000	-0.097117
0.006500	-0.097128
0.007000	-0.097139
0.007500	-0.097151
0.008000	-0.097164
0.008500	-0.097178
0.009000	-0.097192
0.009500	-0.097207
0.010000	-0.097223
0.010500	-0.097240
0.011000	-0.097257
0.011500	-0.097275
0.012000	-0.097294
0.012500	-0.097313
0.013000	-0.097333
0.013500	-0.097354
0.014000	-0.097375
0.014500	-0.097396
0.015000	-0.097418
0.015500	-0.097440
0.016000	-0.097463
0.016500	-0.097485
0.017000	-0.097508
0.017500	-0.097531
0.018000	-0.097554
0.018500	-0.097578
0.019000	-0.097601
0.019500	-0.097625
0.020000	-0.097650
0.020500	-0.097674
0.021000	-0.097700
0.021500	-0.097725
0.022000	-0.097751
0.022500	-0.097777
0.023000	-0.097804
0.023500	-0.097831
0.024000	-0.097859
0.024500	-0.097888
0.025000	-0.097918
0.025500	-0.097948
0.026000	-0.097978
0.026500	-0.098009
0.027000	-0.098040
0.027500	-0.098072
0.028000	-0.098105
0.028500	-0.098138
0.029000	-0.098172
0.029500	-0.098207
0.030000	-0.098242
0.030500	-0.098278
0.031000	-0.098314
0.031500	-0.098350
0.032000	-0.098388
0.032500	-0.098425
0.033000	-0.098463
0.033500	-0.098502
0.034000	-0.098540
0.034500	-0.098579
0.035000	-0.098619
0.035500	-0.098659
0.036000	-0.098699
0.036500	-0.098740
0.037000	-0.098781
0.037500	-0.098823
0.038000	-0.098865
0.038500	-0.098908
0.039000	-0.098951
0.039500	-0.098995
0.040000	-0.099039
0.040500	-0.099084
0.041000	-0.099129
0.041500	-0.099174
0.042000	-0.099220
0.042500	-0.099266
0.043000	-0.099313
0.043500	-0.099360
0.044000	-0.099407
0.044500	-0.099454
0.045000	-0.099502
0.045500	-0.099551
0.046000	-0.099599
0.046500	-0.099649
0.047000	-0.099698
0.047500	-0.099749
0.048000	-0.099799
0.048500	-0.099851
0.049000	-0.099902
0.049500	-0.099954
0.050000	-0.100010
0.050500	-0.100060
0.051000	-0.100110
0.051500	-0.100160
0.052000	-0.100220
0.052500	-0.100270
0.053000	-0.100320
0.053500	-0.100380
0.054000	-0.100430
0.054500	-0.100480
0.055000	-0.100540
0.055500	-0.100590
0.056000	-0.100640
0.056500	-0.100690
0.057000	-0.100740
0.057500	-0.100800
0.058000	-0.100850
0.058500	-0.100900
0.059000	-0.100940
0.059500	-0.100990
0.060000	-0.101030
0.060500	-0.101070
0.061000	-0.101110
0.061500	-0.101150
0.062000	-0.101190
0.062500	-0.101220
0.063000	-0.101250
0.063500	-0.101270
0.064000	-0.101290
0.064500	-0.101310
0.065000	-0.101320
0.065500	-0.101320
0.066000	-0.101320
0.066500	-0.101320
0.067000	-0.101310
0.067500	-0.101300
0.068000	-0.101290
0.068500	-0.101270
0.069000	-0.101250
0.069500	-0.101220
0.070000	-0.101200
0.070500	-0.101160
0.071000	-0.101130
0.071500	-0.101090
0.072000	-0.101040
0.072500	-0.100990
0.073000	-0.100940
0.073500	-0.100880
0.074000	-0.100810
0.074500	-0.100740
0.075000	-0.100660
0.075500	-0.100570
0.076000	-0.100480
0.076500	-0.100390
0.077000	-0.100290
0.077500	-0.100190
0.078000	-0.100080
0.078500	-0.099973
0.079000	-0.099864
0.079500	-0.099754
0.080000	-0.099645
0.080500	-0.099538
0.081000	-0.099433
0.081500	-0.099332
0.082000	-0.099236
0.082500	-0.099146
0.083000	-0.099064
0.083500	-0.098991
0.084000	-0.098927
0.084500	-0.098874
0.085000	-0.098834
0.085500	-0.098808
0.086000	-0.098797
0.086500	-0.098802
0.087000	-0.098827
0.087500	-0.098873
0.088000	-0.098942
0.088500	-0.099037
0.089000	-0.099159
0.089500	-0.099308
0.090000	-0.099481
0.090500	-0.099676
0.091000	-0.099886
0.091500	-0.100100
0.092000	-0.100320
0.092500	-0.100530
0.093000	-0.100730
0.093500	-0.100920
0.094000	-0.101090
0.094500	-0.101240
0.095000	-0.101360
0.095500	-0.101440
0.096000	-0.101470
0.096500	-0.101460
0.097000	-0.101400
0.097500	-0.101300
0.098000	-0.101160
0.098500	-0.100970
0.099000	-0.100730
0.099500	-0.100440
0.100000	-0.100100
0.100500	-0.099688
0.101000	-0.099217
0.101500	-0.098685
0.102000	-0.098092
0.102500	-0.097446
0.103000	-0.096750
0.103500	-0.096011
0.104000	-0.095235
0.104500	-0.094432
0.105000	-0.093609
0.105500	-0.092776
0.106000	-0.091943
0.106500	-0.091117
0.107000	-0.090303
0.107500	-0.089501
0.108000	-0.088712
0.108500	-0.087935
0.109000	-0.087171
0.109500	-0.086421
0.110000	-0.085684
0.110500	-0.084960
0.111000	-0.084248
0.111500	-0.083547
0.112000	-0.082857
0.112500	-0.082177
0.113000	-0.081509
0.113500	-0.080855
0.114000	-0.080219
0.114500	-0.079602
0.115000	-0.079006
0.115500	-0.078427
0.116000	-0.077860
0.116500	-0.077298
0.117000	-0.076731
0.117500	-0.076155
0.118000	-0.075566
0.118500	-0.074966
0.119000	-0.074353
0.119500	-0.073727
0.120000	-0.073088
0.120500	-0.072435
0.121000	-0.071768
0.121500	-0.071088
0.122000	-0.070395
0.122500	-0.069686
0.123000	-0.068957
0.123500	-0.068202
0.124000	-0.067413
0.124500	-0.066580
0.125000	-0.065693
0.125500	-0.064740
0.126000	-0.063712
0.126500	-0.062600
0.127000	-0.061394
0.127500	-0.060087
0.128000	-0.058675
0.128500	-0.057149
0.129000	-0.055505
0.129500	-0.053738
0.130000	-0.051846
0.130500	-0.049825
0.131000	-0.047674
0.131500	-0.045391
0.132000	-0.042970
0.132500	-0.040401
0.133000	-0.037675
0.133500	-0.034776
0.134000	-0.031693
0.134500	-0.028415
0.135000	-0.024937
0.135500	-0.021250
0.136000	-0.017341
0.136500	-0.013189
0.137000	-0.008771
0.137500	-0.004070
0.138000	0.000916
0.138500	0.006237
0.139000	0.011908
0.139500	0.017926
0.140000	0.024321
0.140500	0.031101
0.141000	0.038268
0.141500	0.045851
0.142000	0.053873
0.142500	0.062347
0.143000	0.071307
0.143500	0.080782
0.144000	0.090805
0.144500	0.101420
0.145000	0.112670
0.145500	0.124620
0.146000	0.137330
0.146500	0.150860
0.147000	0.165260
0.147500	0.180570
0.148000	0.196810
0.148500	0.214020
0.149000	0.232190
0.149500	0.251360
0.150000	0.271560
0.150500	0.292830
0.151000	0.315220
0.151500	0.338750
0.152000	0.363440
0.152500	0.389300
0.153000	0.416290
0.153500	0.444360
0.154000	0.473520
0.154500	0.503680
0.155000	0.534760
0.155500	0.566640
0.156000	0.599170
0.156500	0.632140
0.157000	0.665370
0.157500	0.698660
0.158000	0.731760
0.158500	0.764400
0.159000	0.796260
0.159500	0.827100
0.160000	0.856690
0.160500	0.884850
0.161000	0.911430
0.161500	0.936290
0.162000	0.959330
0.162500	0.980540
0.163000	0.999900
0.163500	1.017400
0.164000	1.033000
0.164500	1.046700
0.165000	1.058400
0.165500	1.068300
0.166000	1.076200
0.166500	1.082400
0.167000	1.086800
0.167500	1.089400
0.168000	1.090400
0.168500	1.089800
0.169000	1.087400
0.169500	1.083400
0.170000	1.077900
0.170500	1.070700
0.171000	1.062200
0.171500	1.052300
0.172000	1.041100
0.172500	1.028800
0.173000	1.015300
0.173500	1.000800
0.174000	0.985390
0.174500	0.969040
0.175000	0.951890
0.175500	0.934010
0.176000	0.915500
0.176500	0.896440
0.177000	0.876910
0.177500	0.856970
0.178000	0.836700
0.178500	0.816180
0.179000	0.795470
0.179500	0.774660
0.180000	0.753830
0.180500	0.733020
0.181000	0.712320
0.181500	0.691790
0.182000	0.671480
0.182500	0.651450
0.183000	0.631750
0.183500	0.612420
0.184000	0.593490
0.184500	0.574990
0.185000	0.556930
0.185500	0.539340
0.186000	0.522210
0.186500	0.505560
0.187000	0.489390
0.187500	0.473710
0.188000	0.458520
0.188500	0.443840
0.189000	0.429640
0.189500	0.415940
0.190000	0.402720
0.190500	0.389980
0.191000	0.377710
0.191500	0.365910
0.192000	0.354560
0.192500	0.343650
0.193000	0.333170
0.193500	0.323100
0.194000	0.313430
0.194500	0.304140
0.195000	0.295210
0.195500	0.286640
0.196000	0.278400
0.196500	0.270480
0.197000	0.262870
0.197500	0.255550
0.198000	0.248520
0.198500	0.241750
0.199000	0.235230
0.199500	0.228960
0.200000	0.222920
0.200500	0.217110
0.201000	0.211520
0.201500	0.206140
0.202000	0.200950
0.202500	0.195950
0.203000	0.191140
0.203500	0.186520
0.204000	0.182060
0.204500	0.177770
0.205000	0.173650
0.205500	0.169680
0.206000	0.165850
0.206500	0.162170
0.207000	0.158630
0.207500	0.155220
0.208000	0.151940
0.208500	0.148790
0.209000	0.145750
0.209500	0.142830
0.210000	0.140020
0.210500	0.137320
0.211000	0.134720
0.211500	0.132230
0.212000	0.129840
0.212500	0.127550
0.213000	0.125350
0.213500	0.123250
0.214000	0.121230
0.214500	0.119310
0.215000	0.117470
0.215500	0.115720
0.216000	0.114050
0.216500	0.112470
0.217000	0.110960
0.217500	0.109530
0.218000	0.108180
0.218500	0.106910
0.219000	0.105710
0.219500	0.104590
0.220000	0.103530
0.220500	0.102540
0.221000	0.101620
0.221500	0.100760
0.222000	0.099961
0.222500	0.099220
0.223000	0.098533
0.223500	0.097899
0.224000	0.097314
0.224500	0.096776
0.225000	0.096282
0.225500	0.095830
0.226000	0.095417
0.226500	0.095040
0.227000	0.094696
0.227500	0.094381
0.228000	0.094092
0.228500	0.093825
0.229000	0.093578
0.229500	0.093347
0.230000	0.093131
0.230500	0.092928
0.231000	0.092735
0.231500	0.092551
0.232000	0.092375
0.232500	0.092204
0.233000	0.092038
0.233500	0.091875
0.234000	0.091717
0.234500	0.091564
0.235000	0.091416
0.235500	0.091278
0.236000	0.091150
0.236500	0.091034
0.237000	0.090931
0.237500	0.090841
0.238000	0.090766
0.238500	0.090707
0.239000	0.090665
0.239500	0.090643
0.240000	0.090641
0.240500	0.090660
0.241000	0.090703
0.241500	0.090771
0.242000	0.090864
0.242500	0.090984
0.243000	0.091132
0.243500	0.091308
0.244000	0.091515
0.244500	0.091754
0.245000	0.092025
0.245500	0.092330
0.246000	0.092668
0.246500	0.093041
0.247000	0.093450
0.247500	0.093894
0.248000	0.094376
0.248500	0.094893
0.249000	0.095448
0.249500	0.096039
0.250000	0.096665
0.250500	0.097326
0.251000	0.098022
0.251500	0.098753
0.252000	0.099517
0.252500	0.100310
0.253000	0.101140
0.253500	0.102000
0.254000	0.102890
0.254500	0.103810
0.255000	0.104750
0.255500	0.105720
0.256000	0.106720
0.256500	0.107740
0.257000	0.108780
0.257500	0.109840
0.258000	0.110920
0.258500	0.112020
0.259000	0.113140
0.259500	0.114280
0.260000	0.115430
0.260500	0.116600
0.261000	0.117790
0.261500	0.118990
0.262000	0.120200
0.262500	0.121430
0.263000	0.122670
0.263500	0.123930
0.264000	0.125200
0.264500	0.126490
0.265000	0.127780
0.265500	0.129090
0.266000	0.130410
0.266500	0.131740
0.267000	0.133070
0.267500	0.134410
0.268000	0.135750
0.268500	0.137100
0.269000	0.138450
0.269500	0.139800
0.270000	0.141150
0.270500	0.142500
0.271000	0.143850
0.271500	0.145200
0.272000	0.146550
0.272500	0.147890
0.273000	0.149230
0.273500	0.150570
0.274000	0.151900
0.274500	0.153230
0.275000	0.154550
0.275500	0.155860
0.276000	0.157170
0.276500	0.158470
0.277000	0.159770
0.277500	0.161060
0.278000	0.162330
0.278500	0.163600
0.279000	0.164860
0.279500	0.166110
0.280000	0.167340
0.280500	0.168560
0.281000	0.169760
0.281500	0.170950
0.282000	0.172120
0.282500	0.173270
0.283000	0.174400
0.283500	0.175510
0.284000	0.176610
0.284500	0.177680
0.285000	0.178740
0.285500	0.179770
0.286000	0.180780
0.286500	0.181780
0.287000	0.182750
0.287500	0.183710
0.288000	0.184640
0.288500	0.185570
0.289000	0.186470
0.289500	0.187370
0.290000	0.188250
0.290500	0.189110
0.291000	0.189970
0.291500	0.190820
0.292000	0.191660
0.292500	0.192490
0.293000	0.193300
0.293500	0.194110
0.294000	0.194910
0.294500	0.195700
0.295000	0.196480
0.295500	0.197250
0.296000	0.198000
0.296500	0.198750
0.297000	0.199490
0.297500	0.200230
0.298000	0.200950
0.298500	0.201670
