0.000000	-4.356700
0.000500	-3.640200
0.001000	-2.932800
0.001500	-3.304900
0.002000	-3.569700
0.002500	-3.312800
0.003000	-2.515400
0.003500	-2.599200
0.004000	-2.963800
0.004500	-2.654900
0.005000	-2.739700
0.005500	-2.836500
0.006000	-3.777100
0.006500	-3.030500
0.007000	-3.147000
0.007500	-2.826400
0.008000	-2.457500
0.008500	-2.889200
0.009000	-3.202800
0.009500	-2.175800
0.010000	-2.609000
0.010500	-2.618200
0.011000	-2.563900
0.011500	-2.891300
0.012000	-2.994700
0.012500	-2.817800
0.013000	-1.435000
0.013500	-2.105300
0.014000	-1.366500
0.014500	-1.118500
0.015000	-1.022700
0.015500	-0.865250
0.016000	-0.151690
0.016500	-1.694100
0.017000	-0.976770
0.017500	-1.385000
0.018000	-0.015838
0.018500	-1.052900
0.019000	-1.046500
0.019500	-1.350800
0.020000	-1.758200
0.020500	-1.097000
0.021000	-1.257300
0.021500	-1.024600
0.022000	-1.684000
0.022500	-2.070800
0.023000	-2.804900
0.023500	-3.408300
0.024000	-2.758200
0.024500	-2.453000
0.025000	-1.747500
0.025500	-1.824700
0.026000	-2.125400
0.026500	-2.287900
0.027000	-2.495800
0.027500	-1.932200
0.028000	-2.840900
0.028500	-2.758200
0.029000	-3.119000
0.029500	-1.300100
0.030000	-2.709400
0.030500	-1.895800
0.031000	-1.694200
0.031500	-2.294400
0.032000	-2.149400
0.032500	-1.647500
0.033000	-1.002600
0.033500	-1.249500
0.034000	-1.438100
0.034500	-2.021000
0.035000	-1.960500
0.035500	-1.299700
0.036000	-2.224800
0.036500	-1.533500
0.037000	-2.079900
0.037500	-1.994900
0.038000	-1.391900
0.038500	-1.951800
0.039000	-2.133200
0.039500	-1.947700
0.040000	-1.693300
0.040500	-1.799000
0.041000	-2.598000
0.041500	-1.031300
0.042000	-1.069600
0.042500	-1.757400
0.043000	-0.751240
0.043500	-1.544700
0.044000	-1.206700
0.044500	-2.046300
0.045000	-1.893200
0.045500	-2.044900
0.046000	-1.408100
0.046500	-2.568800
0.047000	-3.613500
0.047500	-0.999170
0.048000	-1.862000
0.048500	-2.234900
0.049000	-1.501400
0.049500	-1.312300
0.050000	-1.367600
0.050500	-0.430970
0.051000	-0.886420
0.051500	0.341290
0.052000	-1.080300
0.052500	-0.332460
0.053000	-1.453000
0.053500	-0.604920
0.054000	0.269630
0.054500	0.055553
0.055000	0.653240
0.055500	1.263900
0.056000	1.943200
0.056500	2.880800
0.057000	2.281900
0.057500	4.495700
0.058000	6.302900
0.058500	8.946900
0.059000	8.331700
0.059500	10.269000
0.060000	10.374000
0.060500	10.918000
0.061000	11.356000
0.061500	12.952000
0.062000	14.440000
0.062500	16.041000
0.063000	17.069000
0.063500	18.124001
0.064000	19.579000
0.064500	20.044001
0.065000	20.174000
0.065500	19.475000
0.066000	17.511999
0.066500	14.945000
0.067000	14.658000
0.067500	12.479000
0.068000	11.213000
0.068500	11.819000
0.069000	12.135000
0.069500	13.102000
0.070000	13.145000
0.070500	13.653000
0.071000	14.847000
0.071500	16.954000
0.072000	19.364000
0.072500	22.579000
0.073000	25.777000
0.073500	28.018999
0.074000	29.813999
0.074500	29.309999
0.075000	27.587000
0.075500	25.900999
0.076000	25.028999
0.076500	21.669001
0.077000	18.700001
0.077500	14.478000
0.078000	11.587000
0.078500	8.758200
0.079000	3.924700
0.079500	0.718270
0.080000	-3.602700
0.080500	-8.092300
0.081000	-15.629000
0.081500	-21.285000
0.082000	-26.742001
0.082500	-33.965000
0.083000	-39.365002
0.083500	-43.375000
0.084000	-51.143002
0.084500	-55.801998
0.085000	-62.956001
0.085500	-69.817001
0.086000	-74.793999
0.086500	-83.439003
0.087000	-91.432999
0.087500	-102.129997
0.088000	-107.300003
0.088500	-114.349998
0.089000	-113.220001
0.089500	-98.796997
0.090000	-91.415001
0.090500	-50.583000
0.091000	-14.914000
0.091500	11.051000
0.092000	39.188999
0.092500	51.583000
0.093000	53.472000
0.093500	81.866997
0.094000	113.970001
0.094500	140.380005
0.095000	168.970001
0.095500	191.899994
0.096000	192.539993
0.096500	172.119995
0.097000	164.119995
0.097500	165.210007
0.098000	164.039993
0.098500	177.589996
0.099000	192.350006
0.099500	205.779999
0.100000	215.000000
0.100500	215.270004
0.101000	206.449997
0.101500	191.860001
0.102000	163.360001
0.102500	139.410004
0.103000	113.870003
0.103500	84.316002
0.104000	47.752998
0.104500	5.482700
0.105000	-37.353001
0.105500	-83.227997
0.106000	-125.739998
0.106500	-148.490005
0.107000	-157.860001
0.107500	-163.850006
0.108000	-165.440002
0.108500	-165.330002
0.109000	-169.740005
0.109500	-160.949997
0.110000	-152.910004
0.110500	-144.199997
0.111000	-126.699997
0.111500	-113.739998
0.112000	-110.580002
0.112500	-110.599998
0.113000	-118.760002
0.113500	-134.220001
0.114000	-147.979996
0.114500	-157.580002
0.115000	-162.009995
0.115500	-157.399994
0.116000	-145.539993
0.116500	-130.399994
0.117000	-110.790001
0.117500	-94.197998
0.118000	-84.883003
0.118500	-53.202000
0.119000	-15.039000
0.119500	1.696800
0.120000	21.325001
0.120500	32.444000
0.121000	23.135000
0.121500	5.777800
0.122000	-15.198000
0.122500	-44.997002
0.123000	-65.777000
0.123500	-70.364998
0.124000	-68.507004
0.124500	-51.909000
0.125000	-23.000999
0.125500	8.267800
0.126000	40.408001
0.126500	68.073997
0.127000	90.737999
0.127500	107.930000
0.128000	123.250000
0.128500	133.679993
0.129000	137.169998
0.129500	133.710007
0.130000	124.879997
0.130500	113.010002
0.131000	104.470001
0.131500	96.723999
0.132000	92.474998
0.132500	90.730003
0.133000	94.365997
0.133500	98.170998
0.134000	106.480003
0.134500	113.959999
0.135000	108.699997
0.135500	113.349998
0.136000	124.239998
0.136500	133.289993
0.137000	155.250000
0.137500	187.839996
0.138000	140.179993
0.138500	185.630005
0.139000	193.619995
0.139500	139.050003
0.140000	136.380005
0.140500	129.309998
0.141000	103.389999
0.141500	153.660004
0.142000	163.529999
0.142500	152.259995
0.143000	157.970001
0.143500	176.910004
0.144000	180.240005
0.144500	190.259995
0.145000	201.869995
0.145500	192.149994
0.146000	198.880005
0.146500	194.669998
0.147000	178.750000
0.147500	170.479996
0.148000	154.899994
0.148500	152.500000
0.149000	152.020004
0.149500	143.369995
0.150000	132.419998
0.150500	119.400002
0.151000	108.180000
0.151500	74.112000
0.152000	65.112000
0.152500	63.610001
0.153000	45.804001
0.153500	47.451000
0.154000	29.287001
0.154500	-13.437000
0.155000	-55.914001
0.155500	-91.244003
0.156000	-122.410004
0.156500	-129.309998
0.157000	-110.580002
0.157500	-117.089996
0.158000	-107.220001
0.158500	-114.989998
0.159000	-118.599998
0.159500	-116.779999
0.160000	-126.279999
0.160500	-127.879997
0.161000	-154.880005
0.161500	-169.559998
0.162000	-174.600006
0.162500	-176.369995
0.163000	-162.020004
0.163500	-163.929993
0.164000	-159.220001
0.164500	-150.990005
0.165000	-146.809998
0.165500	-136.880005
0.166000	-131.509995
0.166500	-121.379997
0.167000	-129.229996
0.167500	-125.370003
0.168000	-125.370003
0.168500	-131.770004
0.169000	-127.419998
0.169500	-139.539993
0.170000	-135.940002
0.170500	-122.989998
0.171000	-114.949997
0.171500	-104.389999
0.172000	-94.976997
0.172500	-86.204002
0.173000	-88.806000
0.173500	-90.933998
0.174000	-89.237999
0.174500	-86.040001
0.175000	-73.656998
0.175500	-69.169998
0.176000	-61.483002
0.176500	-56.633999
0.177000	-55.174999
0.177500	-51.490002
0.178000	-50.015999
0.178500	-43.898998
0.179000	-39.019001
0.179500	-34.759998
0.180000	-28.414000
0.180500	-23.473000
0.181000	-17.034000
0.181500	-13.057000
0.182000	-10.512000
0.182500	-7.788100
0.183000	-6.346800
0.183500	-1.558500
0.184000	-0.420770
0.184500	3.247300
0.185000	4.604000
0.185500	5.741300
0.186000	8.689300
0.186500	12.656000
0.187000	16.483000
0.187500	22.976000
0.188000	27.597000
0.188500	31.191999
0.189000	30.875999
0.189500	32.698002
0.190000	33.952000
0.190500	35.964001
0.191000	38.570999
0.191500	39.279999
0.192000	41.712002
0.192500	44.244999
0.193000	45.794998
0.193500	47.395000
0.194000	49.214001
0.194500	49.584999
0.195000	50.327999
0.195500	50.528999
0.196000	50.080002
0.196500	50.776001
0.197000	50.723999
0.197500	48.539001
0.198000	48.330002
0.198500	47.623001
0.199000	45.157001
0.199500	46.000999
0.200000	45.286999
0.200500	46.300999
0.201000	45.191002
0.201500	47.257999
0.202000	48.230000
0.202500	50.938999
0.203000	52.625000
0.203500	54.325001
0.204000	55.467999
0.204500	56.382999
0.205000	56.002998
0.205500	56.051998
0.206000	57.258999
0.206500	57.700001
0.207000	57.669998
0.207500	57.783001
0.208000	57.880001
0.208500	58.363998
0.209000	60.472000
0.209500	61.275002
0.210000	60.911999
0.210500	63.533001
0.211000	64.623001
0.211500	66.080002
0.212000	67.921997
0.212500	68.331001
0.213000	69.683998
0.213500	71.018997
0.214000	71.282997
0.214500	70.525002
0.215000	74.139999
0.215500	75.084999
0.216000	77.449997
0.216500	78.738998
0.217000	79.193001
0.217500	79.345001
0.218000	80.601997
0.218500	80.212997
0.219000	80.390999
0.219500	79.695999
0.220000	78.324997
0.220500	76.402000
0.221000	75.334000
0.221500	71.712997
0.222000	68.958000
0.222500	66.101997
0.223000	62.278999
0.223500	59.925999
0.224000	58.111000
0.224500	53.337002
0.225000	52.058998
0.225500	49.348999
0.226000	44.044998
0.226500	41.450001
0.227000	35.451000
0.227500	31.233999
0.228000	27.587000
0.228500	24.294001
0.229000	20.649000
0.229500	19.923000
0.230000	17.764999
0.230500	16.256001
0.231000	16.604000
0.231500	15.808000
0.232000	13.944000
0.232500	13.135000
0.233000	14.983000
0.233500	16.183001
0.234000	18.499001
0.234500	22.033001
0.235000	27.236000
0.235500	30.627001
0.236000	34.185001
0.236500	37.234001
0.237000	37.881001
0.237500	41.098999
0.238000	43.771999
0.238500	46.695000
0.239000	49.714001
0.239500	54.202000
0.240000	55.539001
0.240500	57.911999
0.241000	61.616001
0.241500	62.404999
0.242000	63.919998
0.242500	66.455002
0.243000	68.807999
0.243500	71.653999
0.244000	73.500000
0.244500	75.557999
0.245000	76.241997
0.245500	77.304001
0.246000	79.444000
0.246500	81.213997
0.247000	82.258003
0.247500	82.330002
0.248000	82.499001
0.248500	81.237999
0.249000	80.991997
0.249500	79.726997
0.250000	77.603996
0.250500	76.944000
0.251000	75.464996
0.251500	73.269997
0.252000	69.466003
0.252500	67.204002
0.253000	64.597000
0.253500	62.078999
0.254000	58.271000
0.254500	53.650002
0.255000	49.223000
0.255500	45.720001
0.256000	42.009998
0.256500	38.027000
0.257000	34.546001
0.257500	32.077000
0.258000	28.915001
0.258500	24.819000
0.259000	20.023001
0.259500	19.857000
0.260000	17.926001
0.260500	15.590000
0.261000	14.080000
0.261500	12.923000
0.262000	11.331000
0.262500	11.383000
0.263000	10.395000
0.263500	8.608000
0.264000	6.418200
0.264500	4.403000
0.265000	0.514890
0.265500	-2.624300
0.266000	-5.994800
0.266500	-10.494000
0.267000	-13.875000
0.267500	-15.771000
0.268000	-20.105000
0.268500	-22.169001
0.269000	-24.490999
0.269500	-27.731001
0.270000	-29.718000
0.270500	-33.826000
0.271000	-35.695000
0.271500	-39.328999
0.272000	-40.617001
0.272500	-41.783001
0.273000	-43.125999
0.273500	-45.594002
0.274000	-45.882999
0.274500	-48.443001
0.275000	-51.421001
0.275500	-49.570000
0.276000	-53.355000
0.276500	-54.032001
0.277000	-56.014000
0.277500	-59.106998
0.278000	-62.327000
0.278500	-64.504997
0.279000	-68.460999
0.279500	-71.160004
0.280000	-73.690002
0.280500	-75.971001
0.281000	-80.013000
0.281500	-81.594002
0.282000	-84.003998
0.282500	-85.837997
0.283000	-86.928001
0.283500	-88.002998
0.284000	-89.781998
0.284500	-91.106003
0.285000	-91.628998
0.285500	-91.566002
0.286000	-89.561996
0.286500	-89.049004
0.287000	-86.001999
0.287500	-83.285004
0.288000	-79.677002
0.288500	-76.019997
0.289000	-72.399002
0.289500	-69.438004
0.290000	-66.373001
0.290500	-64.320999
0.291000	-62.900002
0.291500	-61.145000
0.292000	-60.535999
0.292500	-59.903999
0.293000	-59.195000
0.293500	-59.206001
0.294000	-59.334999
0.294500	-58.465000
0.295000	-58.396999
0.295500	-57.368999
0.296000	-57.091000
0.296500	-54.870998
0.297000	-53.756001
0.297500	-51.356998
0.298000	-47.441002
0.298500	-45.306999
