0.000000	-8474.456055
0.000500	-8474.456055
0.001000	-8474.456055
0.001500	-8474.456055
0.002000	-8474.456055
0.002500	-8474.456055
0.003000	-8474.456055
0.003500	-8474.456055
0.004000	-8474.456055
0.004500	-8474.202148
0.005000	-8473.947266
0.005500	-8473.947266
0.006000	-8473.694336
0.006500	-8473.440430
0.007000	-8473.440430
0.007500	-8473.185547
0.008000	-8473.185547
0.008500	-8473.185547
0.009000	-8473.185547
0.009500	-8472.931641
0.010000	-8473.185547
0.010500	-8473.185547
0.011000	-8473.185547
0.011500	-8473.440430
0.012000	-8473.440430
0.012500	-8473.440430
0.013000	-8473.694336
0.013500	-8473.694336
0.014000	-8473.947266
0.014500	-8474.202148
0.015000	-8474.202148
0.015500	-8474.456055
0.016000	-8474.709961
0.016500	-8474.963867
0.017000	-8475.217773
0.017500	-8475.217773
0.018000	-8475.471680
0.018500	-8475.726562
0.019000	-8475.726562
0.019500	-8475.979492
0.020000	-8475.979492
0.020500	-8475.979492
0.021000	-8475.979492
0.021500	-8475.979492
0.022000	-8475.979492
0.022500	-8475.979492
0.023000	-8475.726562
0.023500	-8475.471680
0.024000	-8475.471680
0.024500	-8475.217773
0.025000	-8475.217773
0.025500	-8474.963867
0.026000	-8474.963867
0.026500	-8474.963867
0.027000	-8474.963867
0.027500	-8474.963867
0.028000	-8474.963867
0.028500	-8474.963867
0.029000	-8474.963867
0.029500	-8474.963867
0.030000	-8474.963867
0.030500	-8474.963867
0.031000	-8474.709961
0.031500	-8474.709961
0.032000	-8474.456055
0.032500	-8474.456055
0.033000	-8474.202148
0.033500	-8473.947266
0.034000	-8473.947266
0.034500	-8473.694336
0.035000	-8473.440430
0.035500	-8473.185547
0.036000	-8473.185547
0.036500	-8472.931641
0.037000	-8472.677734
0.037500	-8472.677734
0.038000	-8472.423828
0.038500	-8472.423828
0.039000	-8472.169922
0.039500	-8472.169922
0.040000	-8472.169922
0.040500	-8472.169922
0.041000	-8472.169922
0.041500	-8472.169922
0.042000	-8472.169922
0.042500	-8472.169922
0.043000	-8472.169922
0.043500	-8472.169922
0.044000	-8472.169922
0.044500	-8472.169922
0.045000	-8472.169922
0.045500	-8472.169922
0.046000	-8471.916016
0.046500	-8471.661133
0.047000	-8471.661133
0.047500	-8471.408203
0.048000	-8471.154297
0.048500	-8470.899414
0.049000	-8470.645508
0.049500	-8470.392578
0.050000	-8469.883789
0.050500	-8469.629883
0.051000	-8469.375977
0.051500	-8469.122070
0.052000	-8468.868164
0.052500	-8468.613281
0.053000	-8468.360352
0.053500	-8468.106445
0.054000	-8467.851562
0.054500	-8467.851562
0.055000	-8467.851562
0.055500	-8467.597656
0.056000	-8467.597656
0.056500	-8467.597656
0.057000	-8467.597656
0.057500	-8467.597656
0.058000	-8467.343750
0.058500	-8467.089844
0.059000	-8466.835938
0.059500	-8466.581055
0.060000	-8466.328125
0.060500	-8465.565430
0.061000	-8465.057617
0.061500	-8464.041992
0.062000	-8463.280273
0.062500	-8462.009766
0.063000	-8460.740234
0.063500	-8459.215820
0.064000	-8457.437500
0.064500	-8455.406250
0.065000	-8452.866211
0.065500	-8450.071289
0.066000	-8447.278320
0.066500	-8443.976562
0.067000	-8440.673828
0.067500	-8436.864258
0.068000	-8433.053711
0.068500	-8428.735352
0.069000	-8424.417969
0.069500	-8419.337891
0.070000	-8414.003906
0.070500	-8408.416016
0.071000	-8402.573242
0.071500	-8396.731445
0.072000	-8390.889648
0.072500	-8385.047852
0.073000	-8379.207031
0.073500	-8373.109375
0.074000	-8367.013672
0.074500	-8360.410156
0.075000	-8353.806641
0.075500	-8347.202148
0.076000	-8340.597656
0.076500	-8334.248047
0.077000	-8327.643555
0.077500	-8321.293945
0.078000	-8314.943359
0.078500	-8308.593750
0.079000	-8302.243164
0.079500	-8295.893555
0.080000	-8289.542969
0.080500	-8283.448242
0.081000	-8278.114258
0.081500	-8273.288086
0.082000	-8268.461914
0.082500	-8263.890625
0.083000	-8259.572266
0.083500	-8255.507812
0.084000	-8251.952148
0.084500	-8248.904297
0.085000	-8246.363281
0.085500	-8244.331055
0.086000	-8242.553711
0.086500	-8241.538086
0.087000	-8240.521484
0.087500	-8239.759766
0.088000	-8239.506836
0.088500	-8239.506836
0.089000	-8240.013672
0.089500	-8240.268555
0.090000	-8240.776367
0.090500	-8241.029297
0.091000	-8241.538086
0.091500	-8242.044922
0.092000	-8242.553711
0.092500	-8242.807617
0.093000	-8243.062500
0.093500	-8243.062500
0.094000	-8243.062500
0.094500	-8242.807617
0.095000	-8242.553711
0.095500	-8242.299805
0.096000	-8241.791992
0.096500	-8241.029297
0.097000	-8240.268555
0.097500	-8239.506836
0.098000	-8238.744141
0.098500	-8237.728516
0.099000	-8236.458008
0.099500	-8235.442383
0.100000	-8234.425781
0.100500	-8233.156250
0.101000	-8231.885742
0.101500	-8230.869141
0.102000	-8229.599609
0.102500	-8228.331055
0.103000	-8227.059570
0.103500	-8225.790039
0.104000	-8224.519531
0.104500	-8223.503906
0.105000	-8222.233398
0.105500	-8220.709961
0.106000	-8219.440430
0.106500	-8217.916016
0.107000	-8216.392578
0.107500	-8214.868164
0.108000	-8213.089844
0.108500	-8211.566406
0.109000	-8209.788086
0.109500	-8208.009766
0.110000	-8206.231445
0.110500	-8204.454102
0.111000	-8202.675781
0.111500	-8200.898438
0.112000	-8198.866211
0.112500	-8196.833984
0.113000	-8194.802734
0.113500	-8193.023438
0.114000	-8191.246094
0.114500	-8189.468262
0.115000	-8187.689941
0.115500	-8185.657715
0.116000	-8183.625977
0.116500	-8181.340332
0.117000	-8179.308105
0.117500	-8177.021973
0.118000	-8174.735840
0.118500	-8172.450195
0.119000	-8169.909668
0.119500	-8167.116211
0.120000	-8164.068359
0.120500	-8161.273926
0.121000	-8158.226074
0.121500	-8155.178223
0.122000	-8152.130371
0.122500	-8149.081055
0.123000	-8145.780762
0.123500	-8142.478027
0.124000	-8138.921875
0.124500	-8135.366211
0.125000	-8131.810059
0.125500	-8128.507812
0.126000	-8124.952148
0.126500	-8121.395996
0.127000	-8118.093262
0.127500	-8114.538086
0.128000	-8110.981934
0.128500	-8107.425781
0.129000	-8103.869629
0.129500	-8100.567871
0.130000	-8097.266113
0.130500	-8093.963867
0.131000	-8090.915527
0.131500	-8088.121582
0.132000	-8085.073242
0.132500	-8082.280273
0.133000	-8079.231445
0.133500	-8076.437988
0.134000	-8073.390137
0.134500	-8070.595703
0.135000	-8067.547852
0.135500	-8064.754395
0.136000	-8061.960449
0.136500	-8059.166016
0.137000	-8056.626465
0.137500	-8054.085938
0.138000	-8051.545898
0.138500	-8049.006348
0.139000	-8046.465820
0.139500	-8043.671387
0.140000	-8041.385742
0.140500	-8039.099609
0.141000	-8036.813965
0.141500	-8034.781250
0.142000	-8032.750000
0.142500	-8030.717773
0.143000	-8028.940430
0.143500	-8027.161621
0.144000	-8025.892090
0.144500	-8024.622070
0.145000	-8023.098145
0.145500	-8021.827637
0.146000	-8020.557617
0.146500	-8019.288086
0.147000	-8017.764160
0.147500	-8016.493652
0.148000	-8015.223633
0.148500	-8013.699707
0.149000	-8012.430176
0.149500	-8011.159668
0.150000	-8009.889648
0.150500	-8008.619141
0.151000	-8007.604492
0.151500	-8006.587891
0.152000	-8005.826172
0.152500	-8005.063965
0.153000	-8004.556641
0.153500	-8004.047363
0.154000	-8003.540039
0.154500	-8003.285645
0.155000	-8003.285645
0.155500	-8003.285645
0.156000	-8003.285645
0.156500	-8003.540039
0.157000	-8004.302246
0.157500	-8005.063965
0.158000	-8006.080566
0.158500	-8007.095215
0.159000	-8008.366699
0.159500	-8010.143066
0.160000	-8011.921875
0.160500	-8013.954102
0.161000	-8016.240234
0.161500	-8018.271484
0.162000	-8020.812012
0.162500	-8023.098145
0.163000	-8025.637695
0.163500	-8027.923828
0.164000	-8030.464355
0.164500	-8033.257324
0.165000	-8036.306152
0.165500	-8039.099609
0.166000	-8041.894043
0.166500	-8044.687988
0.167000	-8047.481445
0.167500	-8050.275879
0.168000	-8053.323730
0.168500	-8056.118164
0.169000	-8059.166016
0.169500	-8062.213867
0.170000	-8065.261719
0.170500	-8068.056152
0.171000	-8070.850586
0.171500	-8073.390137
0.172000	-8076.183105
0.172500	-8078.724121
0.173000	-8081.518066
0.173500	-8084.057617
0.174000	-8086.852051
0.174500	-8089.391602
0.175000	-8091.931152
0.175500	-8094.218262
0.176000	-8096.504395
0.176500	-8098.790039
0.177000	-8101.076172
0.177500	-8103.362305
0.178000	-8105.393555
0.178500	-8107.425781
0.179000	-8109.458008
0.179500	-8111.235840
0.180000	-8113.014160
0.180500	-8115.045410
0.181000	-8116.824219
0.181500	-8118.601562
0.182000	-8120.634277
0.182500	-8122.411621
0.183000	-8124.190430
0.183500	-8125.714355
0.184000	-8127.238281
0.184500	-8128.762207
0.185000	-8130.031738
0.185500	-8131.556641
0.186000	-8132.825684
0.186500	-8134.349609
0.187000	-8135.619141
0.187500	-8136.635742
0.188000	-8137.906250
0.188500	-8138.921875
0.189000	-8140.191895
0.189500	-8141.207520
0.190000	-8142.478027
0.190500	-8143.493652
0.191000	-8144.509277
0.191500	-8145.525879
0.192000	-8146.542480
0.192500	-8147.557129
0.193000	-8148.828613
0.193500	-8149.843262
0.194000	-8151.114258
0.194500	-8152.130371
0.195000	-8153.399414
0.195500	-8154.669922
0.196000	-8155.939941
0.196500	-8157.209473
0.197000	-8158.226074
0.197500	-8159.750000
0.198000	-8161.019531
0.198500	-8162.543457
0.199000	-8164.068359
0.199500	-8165.845703
0.200000	-8167.369629
0.200500	-8169.147461
0.201000	-8170.671387
0.201500	-8172.450195
0.202000	-8174.481445
0.202500	-8176.259766
0.203000	-8178.292480
0.203500	-8180.578125
0.204000	-8182.864258
0.204500	-8185.150391
0.205000	-8187.436035
0.205500	-8189.975586
0.206000	-8192.516602
0.206500	-8195.055664
0.207000	-8197.595703
0.207500	-8200.135742
0.208000	-8202.421875
0.208500	-8204.961914
0.209000	-8207.501953
0.209500	-8210.041992
0.210000	-8212.582031
0.210500	-8215.375977
0.211000	-8218.168945
0.211500	-8220.964844
0.212000	-8223.757812
0.212500	-8226.551758
0.213000	-8229.345703
0.213500	-8232.139648
0.214000	-8234.680664
0.214500	-8237.473633
0.215000	-8240.013672
0.215500	-8242.299805
0.216000	-8244.839844
0.216500	-8247.125977
0.217000	-8249.411133
0.217500	-8251.697266
0.218000	-8253.983398
0.218500	-8256.269531
0.219000	-8258.556641
0.219500	-8260.587891
0.220000	-8262.366211
0.220500	-8264.143555
0.221000	-8265.667969
0.221500	-8267.191406
0.222000	-8268.715820
0.222500	-8270.240234
0.223000	-8271.509766
0.223500	-8272.780273
0.224000	-8274.049805
0.224500	-8275.066406
0.225000	-8276.081055
0.225500	-8276.842773
0.226000	-8277.606445
0.226500	-8278.368164
0.227000	-8279.129883
0.227500	-8279.891602
0.228000	-8280.400391
0.228500	-8281.162109
0.229000	-8281.669922
0.229500	-8282.177734
0.230000	-8282.939453
0.230500	-8283.702148
0.231000	-8284.463867
0.231500	-8285.225586
0.232000	-8285.988281
0.232500	-8286.750000
0.233000	-8287.766602
0.233500	-8288.781250
0.234000	-8289.797852
0.234500	-8291.068359
0.235000	-8292.337891
0.235500	-8293.607422
0.236000	-8294.877930
0.236500	-8296.147461
0.237000	-8297.418945
0.237500	-8298.687500
0.238000	-8299.957031
0.238500	-8301.228516
0.239000	-8302.498047
0.239500	-8303.768555
0.240000	-8305.037109
0.240500	-8306.307617
0.241000	-8307.323242
0.241500	-8308.339844
0.242000	-8309.356445
0.242500	-8310.119141
0.243000	-8311.133789
0.243500	-8311.895508
0.244000	-8312.912109
0.244500	-8313.418945
0.245000	-8314.181641
0.245500	-8314.689453
0.246000	-8315.198242
0.246500	-8315.706055
0.247000	-8316.213867
0.247500	-8316.467773
0.248000	-8316.721680
0.248500	-8316.975586
0.249000	-8317.230469
0.249500	-8317.484375
0.250000	-8317.737305
0.250500	-8317.737305
0.251000	-8317.737305
0.251500	-8317.992188
0.252000	-8317.992188
0.252500	-8317.992188
0.253000	-8318.246094
0.253500	-8318.246094
0.254000	-8318.500000
0.254500	-8318.500000
0.255000	-8318.753906
0.255500	-8319.007812
0.256000	-8319.261719
0.256500	-8319.516602
0.257000	-8319.769531
0.257500	-8320.278320
0.258000	-8320.785156
0.258500	-8321.293945
0.259000	-8322.055664
0.259500	-8322.564453
0.260000	-8323.071289
0.260500	-8323.833008
0.261000	-8324.341797
0.261500	-8324.849609
0.262000	-8325.357422
0.262500	-8325.866211
0.263000	-8326.119141
0.263500	-8326.627930
0.264000	-8326.881836
0.264500	-8327.389648
0.265000	-8327.643555
0.265500	-8327.898438
0.266000	-8328.151367
0.266500	-8328.406250
0.267000	-8328.406250
0.267500	-8328.660156
0.268000	-8328.914062
0.268500	-8329.167969
0.269000	-8329.421875
0.269500	-8329.421875
0.270000	-8329.675781
0.270500	-8329.930664
0.271000	-8330.183594
0.271500	-8330.437500
0.272000	-8330.946289
0.272500	-8331.199219
0.273000	-8331.708008
0.273500	-8332.215820
0.274000	-8332.723633
0.274500	-8333.231445
0.275000	-8333.994141
0.275500	-8334.501953
0.276000	-8335.264648
0.276500	-8335.771484
0.277000	-8336.533203
0.277500	-8337.041992
0.278000	-8337.803711
0.278500	-8338.312500
0.279000	-8338.819336
0.279500	-8339.328125
0.280000	-8339.835938
0.280500	-8340.089844
0.281000	-8340.343750
0.281500	-8340.597656
0.282000	-8340.851562
0.282500	-8340.851562
0.283000	-8341.106445
0.283500	-8341.106445
0.284000	-8341.360352
0.284500	-8341.360352
0.285000	-8341.360352
0.285500	-8341.106445
0.286000	-8341.106445
0.286500	-8340.851562
0.287000	-8340.851562
0.287500	-8340.597656
0.288000	-8340.343750
0.288500	-8340.089844
0.289000	-8339.835938
0.289500	-8339.581055
0.290000	-8339.328125
0.290500	-8339.328125
0.291000	-8339.074219
0.291500	-8339.074219
0.292000	-8338.819336
0.292500	-8338.819336
0.293000	-8338.819336
0.293500	-8338.819336
0.294000	-8338.819336
0.294500	-8338.819336
0.295000	-8338.819336
0.295500	-8338.565430
0.296000	-8338.565430
0.296500	-8338.565430
0.297000	-8338.312500
0.297500	-8338.312500
0.298000	-8338.057617
0.298500	-8337.803711
0.299000	-8337.549805
0.299500	-8337.295898
0.300000	-8337.041992
0.300500	-8336.788086
0.301000	-8336.280273
0.301500	-8336.026367
0.302000	-8335.771484
0.302500	-8335.517578
0.303000	-8335.009766
0.303500	-8334.755859
0.304000	-8334.501953
0.304500	-8334.248047
0.305000	-8333.994141
0.305500	-8333.740234
0.306000	-8333.231445
0.306500	-8333.231445
0.307000	-8332.978516
0.307500	-8332.723633
0.308000	-8332.469727
0.308500	-8332.469727
0.309000	-8332.469727
0.309500	-8332.469727
0.310000	-8332.469727
0.310500	-8332.469727
0.311000	-8332.469727
0.311500	-8332.723633
0.312000	-8332.723633
0.312500	-8332.978516
0.313000	-8332.978516
0.313500	-8333.231445
0.314000	-8333.485352
0.314500	-8333.740234
0.315000	-8333.994141
0.315500	-8333.994141
0.316000	-8334.248047
0.316500	-8334.501953
0.317000	-8334.755859
0.317500	-8334.755859
0.318000	-8335.009766
0.318500	-8335.264648
0.319000	-8335.264648
0.319500	-8335.517578
0.320000	-8335.517578
0.320500	-8335.771484
0.321000	-8335.771484
0.321500	-8336.026367
0.322000	-8336.280273
0.322500	-8336.533203
0.323000	-8336.788086
0.323500	-8337.041992
0.324000	-8337.295898
0.324500	-8337.549805
0.325000	-8337.803711
0.325500	-8338.057617
0.326000	-8338.057617
0.326500	-8338.312500
0.327000	-8338.312500
0.327500	-8338.057617
0.328000	-8338.057617
0.328500	-8337.803711
0.329000	-8337.549805
0.329500	-8337.295898
0.330000	-8337.041992
0.330500	-8336.788086
0.331000	-8336.533203
0.331500	-8336.280273
0.332000	-8336.026367
0.332500	-8335.517578
0.333000	-8335.264648
0.333500	-8335.009766
0.334000	-8334.755859
0.334500	-8334.248047
0.335000	-8333.740234
0.335500	-8333.485352
0.336000	-8332.978516
0.336500	-8332.723633
0.337000	-8332.215820
0.337500	-8331.961914
0.338000	-8331.454102
0.338500	-8331.199219
0.339000	-8330.946289
0.339500	-8330.437500
0.340000	-8330.183594
0.340500	-8329.930664
0.341000	-8329.675781
0.341500	-8329.421875
0.342000	-8329.421875
0.342500	-8329.167969
0.343000	-8328.914062
0.343500	-8328.660156
0.344000	-8328.151367
0.344500	-8327.898438
0.345000	-8327.643555
0.345500	-8327.389648
0.346000	-8327.135742
0.346500	-8326.627930
0.347000	-8326.374023
0.347500	-8326.119141
0.348000	-8325.866211
0.348500	-8325.612305
0.349000	-8325.357422
0.349500	-8325.103516
0.350000	-8324.595703
0.350500	-8324.341797
0.351000	-8323.833008
0.351500	-8323.580078
0.352000	-8323.326172
0.352500	-8322.817383
0.353000	-8322.564453
0.353500	-8322.055664
0.354000	-8321.547852
0.354500	-8321.293945
0.355000	-8320.785156
0.355500	-8320.532227
0.356000	-8320.278320
0.356500	-8320.023438
0.357000	-8319.769531
0.357500	-8319.516602
0.358000	-8319.516602
0.358500	-8319.516602
0.359000	-8319.769531
0.359500	-8319.769531
0.360000	-8320.023438
0.360500	-8320.278320
0.361000	-8320.278320
0.361500	-8320.532227
0.362000	-8320.785156
0.362500	-8321.040039
0.363000	-8321.293945
0.363500	-8321.293945
0.364000	-8321.547852
0.364500	-8321.547852
0.365000	-8321.547852
0.365500	-8321.547852
0.366000	-8321.547852
0.366500	-8321.547852
0.367000	-8321.293945
0.367500	-8321.293945
0.368000	-8321.040039
0.368500	-8321.040039
0.369000	-8320.785156
0.369500	-8320.532227
0.370000	-8320.278320
0.370500	-8320.023438
0.371000	-8319.769531
0.371500	-8319.516602
0.372000	-8319.261719
0.372500	-8319.261719
0.373000	-8319.007812
0.373500	-8319.007812
0.374000	-8319.007812
0.374500	-8319.007812
0.375000	-8319.261719
0.375500	-8319.261719
0.376000	-8319.516602
0.376500	-8319.516602
0.377000	-8319.769531
0.377500	-8320.023438
0.378000	-8320.278320
0.378500	-8320.532227
0.379000	-8320.785156
0.379500	-8320.785156
0.380000	-8321.040039
0.380500	-8321.293945
0.381000	-8321.293945
0.381500	-8321.293945
0.382000	-8321.293945
0.382500	-8321.293945
0.383000	-8321.293945
0.383500	-8321.293945
0.384000	-8321.293945
0.384500	-8321.040039
0.385000	-8321.040039
0.385500	-8320.785156
0.386000	-8320.785156
0.386500	-8320.532227
0.387000	-8320.532227
0.387500	-8320.278320
0.388000	-8320.023438
0.388500	-8319.769531
0.389000	-8319.769531
0.389500	-8319.516602
0.390000	-8319.261719
0.390500	-8319.261719
0.391000	-8319.261719
0.391500	-8319.261719
0.392000	-8319.261719
0.392500	-8319.261719
0.393000	-8319.261719
0.393500	-8319.261719
0.394000	-8319.261719
0.394500	-8319.261719
0.395000	-8319.007812
0.395500	-8319.007812
0.396000	-8318.753906
0.396500	-8318.500000
0.397000	-8318.246094
0.397500	-8317.992188
0.398000	-8317.737305
0.398500	-8317.484375
0.399000	-8317.484375
0.399500	-8317.230469
0.400000	-8316.975586
0.400500	-8316.975586
0.401000	-8316.975586
0.401500	-8316.721680
0.402000	-8316.721680
0.402500	-8316.721680
0.403000	-8316.721680
0.403500	-8316.975586
0.404000	-8316.975586
0.404500	-8317.230469
0.405000	-8317.484375
0.405500	-8317.737305
0.406000	-8317.992188
0.406500	-8318.246094
0.407000	-8318.500000
0.407500	-8318.753906
0.408000	-8319.007812
0.408500	-8319.261719
0.409000	-8319.516602
0.409500	-8319.516602
0.410000	-8319.516602
0.410500	-8319.769531
0.411000	-8319.516602
0.411500	-8319.516602
0.412000	-8319.516602
0.412500	-8319.261719
0.413000	-8319.261719
0.413500	-8319.007812
0.414000	-8318.753906
0.414500	-8318.500000
0.415000	-8318.246094
0.415500	-8317.992188
0.416000	-8317.737305
0.416500	-8317.484375
0.417000	-8317.230469
0.417500	-8317.230469
0.418000	-8316.975586
0.418500	-8316.721680
0.419000	-8316.721680
0.419500	-8316.467773
0.420000	-8316.467773
0.420500	-8316.467773
0.421000	-8316.213867
0.421500	-8316.213867
0.422000	-8316.213867
0.422500	-8316.213867
0.423000	-8316.213867
0.423500	-8316.213867
0.424000	-8315.959961
0.424500	-8315.959961
0.425000	-8315.959961
0.425500	-8315.959961
0.426000	-8316.213867
0.426500	-8316.213867
0.427000	-8316.213867
0.427500	-8316.213867
0.428000	-8316.467773
0.428500	-8316.721680
0.429000	-8316.975586
0.429500	-8317.230469
0.430000	-8317.484375
0.430500	-8317.992188
0.431000	-8318.246094
0.431500	-8318.500000
0.432000	-8319.007812
0.432500	-8319.261719
0.433000	-8319.516602
0.433500	-8319.769531
0.434000	-8320.023438
0.434500	-8320.278320
0.435000	-8320.532227
0.435500	-8320.532227
0.436000	-8320.532227
0.436500	-8320.532227
0.437000	-8320.532227
0.437500	-8320.278320
0.438000	-8320.278320
0.438500	-8320.023438
0.439000	-8319.769531
0.439500	-8319.769531
0.440000	-8319.516602
0.440500	-8319.261719
0.441000	-8319.007812
0.441500	-8318.500000
0.442000	-8318.246094
0.442500	-8317.992188
0.443000	-8317.737305
0.443500	-8317.484375
0.444000	-8317.484375
0.444500	-8317.230469
0.445000	-8316.975586
0.445500	-8316.975586
0.446000	-8316.975586
0.446500	-8316.975586
0.447000	-8316.975586
0.447500	-8316.975586
0.448000	-8316.975586
0.448500	-8317.230469
0.449000	-8317.230469
0.449500	-8317.484375
0.450000	-8317.737305
0.450500	-8317.992188
0.451000	-8318.246094
0.451500	-8318.753906
0.452000	-8319.007812
0.452500	-8319.516602
0.453000	-8320.023438
0.453500	-8320.532227
0.454000	-8321.040039
0.454500	-8321.293945
0.455000	-8321.801758
0.455500	-8322.055664
0.456000	-8322.564453
0.456500	-8322.817383
0.457000	-8323.071289
0.457500	-8323.580078
0.458000	-8323.833008
0.458500	-8324.087891
0.459000	-8324.341797
0.459500	-8324.595703
0.460000	-8325.103516
0.460500	-8325.357422
0.461000	-8325.612305
0.461500	-8325.866211
0.462000	-8326.119141
0.462500	-8326.374023
0.463000	-8326.374023
0.463500	-8326.374023
0.464000	-8326.374023
0.464500	-8326.374023
0.465000	-8326.119141
0.465500	-8325.866211
0.466000	-8325.866211
0.466500	-8325.612305
0.467000	-8325.357422
0.467500	-8325.103516
0.468000	-8325.103516
0.468500	-8324.849609
0.469000	-8324.849609
0.469500	-8324.595703
0.470000	-8324.595703
0.470500	-8324.595703
0.471000	-8324.341797
0.471500	-8324.341797
0.472000	-8324.341797
0.472500	-8324.341797
0.473000	-8324.341797
0.473500	-8324.341797
0.474000	-8324.341797
0.474500	-8324.341797
0.475000	-8324.087891
0.475500	-8324.087891
0.476000	-8324.087891
0.476500	-8324.087891
0.477000	-8324.087891
0.477500	-8324.087891
0.478000	-8323.833008
0.478500	-8323.833008
0.479000	-8323.580078
0.479500	-8323.326172
0.480000	-8323.326172
0.480500	-8323.071289
0.481000	-8322.817383
0.481500	-8322.564453
0.482000	-8322.309570
0.482500	-8322.309570
0.483000	-8322.055664
0.483500	-8322.055664
0.484000	-8322.055664
0.484500	-8322.055664
0.485000	-8322.309570
0.485500	-8322.309570
0.486000	-8322.564453
0.486500	-8322.817383
0.487000	-8323.071289
0.487500	-8323.071289
0.488000	6777989.500000
0.488500	23647400.000000
0.489000	45359320.000000
0.489500	66675000.000000
0.490000	95491296.000000
0.490500	135458208.000000
0.491000	174983136.000000
0.491500	202463392.000000
0.492000	193070480.000000
0.492500	133629392.000000
0.493000	58976256.000000
0.493500	5103114.000000
0.494000	-13249656.000000
0.494500	-22035262.000000
0.495000	-20008850.000000
