0.000000	8929.624023
0.000500	8929.624023
0.001000	8929.624023
0.001500	8929.624023
0.002000	8929.624023
0.002500	8929.624023
0.003000	8929.624023
0.003500	8929.624023
0.004000	8929.624023
0.004500	8929.624023
0.005000	8929.624023
0.005500	8929.624023
0.006000	8929.624023
0.006500	8929.624023
0.007000	8929.624023
0.007500	8929.624023
0.008000	8929.624023
0.008500	8929.624023
0.009000	8929.624023
0.009500	8929.624023
0.010000	8929.624023
0.010500	8929.624023
0.011000	8929.624023
0.011500	8929.624023
0.012000	8929.624023
0.012500	8929.624023
0.013000	8929.624023
0.013500	8929.624023
0.014000	8929.624023
0.014500	8929.624023
0.015000	8929.370117
0.015500	8929.370117
0.016000	8929.370117
0.016500	8929.370117
0.017000	8929.370117
0.017500	8929.370117
0.018000	8929.370117
0.018500	8929.370117
0.019000	8929.370117
0.019500	8929.370117
0.020000	8929.370117
0.020500	8929.370117
0.021000	8929.370117
0.021500	8929.370117
0.022000	8929.370117
0.022500	8929.370117
0.023000	8929.370117
0.023500	8929.370117
0.024000	8929.370117
0.024500	8929.370117
0.025000	8929.370117
0.025500	8929.370117
0.026000	8929.370117
0.026500	8929.370117
0.027000	8929.370117
0.027500	8929.370117
0.028000	8929.370117
0.028500	8929.370117
0.029000	8929.370117
0.029500	8929.370117
0.030000	8929.370117
0.030500	8929.370117
0.031000	8929.370117
0.031500	8929.370117
0.032000	8929.370117
0.032500	8929.370117
0.033000	8929.370117
0.033500	8929.370117
0.034000	8929.370117
0.034500	8929.370117
0.035000	8929.370117
0.035500	8929.370117
0.036000	8929.370117
0.036500	8929.370117
0.037000	8929.370117
0.037500	8929.370117
0.038000	8929.116211
0.038500	8929.116211
0.039000	8929.116211
0.039500	8929.116211
0.040000	8929.116211
0.040500	8929.370117
0.041000	8929.370117
0.041500	8929.370117
0.042000	8929.370117
0.042500	8929.370117
0.043000	8929.370117
0.043500	8929.370117
0.044000	8929.370117
0.044500	8929.370117
0.045000	8929.370117
0.045500	8929.370117
0.046000	8929.370117
0.046500	8929.370117
0.047000	8929.370117
0.047500	8929.370117
0.048000	8929.370117
0.048500	8929.370117
0.049000	8929.370117
0.049500	8929.370117
0.050000	8929.370117
0.050500	8929.624023
0.051000	8929.624023
0.051500	8929.624023
0.052000	8929.624023
0.052500	8929.624023
0.053000	8929.624023
0.053500	8929.624023
0.054000	8929.624023
0.054500	8929.624023
0.055000	8929.624023
0.055500	8929.624023
0.056000	8929.370117
0.056500	8929.370117
0.057000	8929.370117
0.057500	8929.116211
0.058000	8929.116211
0.058500	8928.861328
0.059000	8928.608398
0.059500	8928.354492
0.060000	8928.099609
0.060500	8927.591797
0.061000	8927.337891
0.061500	8926.830078
0.062000	8926.575195
0.062500	8926.068359
0.063000	8925.559570
0.063500	8925.051758
0.064000	8924.797852
0.064500	8924.290039
0.065000	8923.781250
0.065500	8923.274414
0.066000	8923.019531
0.066500	8922.511719
0.067000	8922.257812
0.067500	8922.003906
0.068000	8921.750000
0.068500	8921.495117
0.069000	8921.242188
0.069500	8921.242188
0.070000	8921.242188
0.070500	8921.242188
0.071000	8921.495117
0.071500	8921.750000
0.072000	8922.003906
0.072500	8922.511719
0.073000	8923.019531
0.073500	8923.527344
0.074000	8924.290039
0.074500	8924.797852
0.075000	8925.559570
0.075500	8926.322266
0.076000	8927.083984
0.076500	8928.099609
0.077000	8928.861328
0.077500	8929.877930
0.078000	8930.893555
0.078500	8932.164062
0.079000	8933.179688
0.079500	8934.450195
0.080000	8935.719727
0.080500	8937.243164
0.081000	8938.513672
0.081500	8940.291992
0.082000	8941.816406
0.082500	8943.593750
0.083000	8945.625977
0.083500	8947.657227
0.084000	8949.689453
0.084500	8951.975586
0.085000	8954.006836
0.085500	8956.292969
0.086000	8958.580078
0.086500	8960.866211
0.087000	8962.897461
0.087500	8964.930664
0.088000	8966.707031
0.088500	8968.485352
0.089000	8970.009766
0.089500	8971.280273
0.090000	8972.549805
0.090500	8973.311523
0.091000	8974.073242
0.091500	8974.582031
0.092000	8974.834961
0.092500	8975.089844
0.093000	8975.089844
0.093500	8974.834961
0.094000	8974.834961
0.094500	8974.834961
0.095000	8974.834961
0.095500	8975.343750
0.096000	8976.106445
0.096500	8977.375977
0.097000	8979.407227
0.097500	8981.948242
0.098000	8985.250000
0.098500	8989.314453
0.099000	8993.631836
0.099500	8998.711914
0.100000	9003.791992
0.100500	9009.379883
0.101000	9014.713867
0.101500	9020.047852
0.102000	9024.874023
0.102500	9029.445312
0.103000	9033.256836
0.103500	9036.557617
0.104000	9039.097656
0.104500	9041.129883
0.105000	9042.400391
0.105500	9042.908203
0.106000	9042.908203
0.106500	9042.145508
0.107000	9041.129883
0.107500	9039.606445
0.108000	9037.574219
0.108500	9035.542969
0.109000	9033.256836
0.109500	9030.969727
0.110000	9028.683594
0.110500	9026.397461
0.111000	9024.366211
0.111500	9022.587891
0.112000	9021.063477
0.112500	9019.793945
0.113000	9018.778320
0.113500	9018.269531
0.114000	9018.015625
0.114500	9018.269531
0.115000	9019.031250
0.115500	9020.047852
0.116000	9021.318359
0.116500	9022.842773
0.117000	9024.874023
0.117500	9027.160156
0.118000	9029.445312
0.118500	9031.986328
0.119000	9034.780273
0.119500	9037.574219
0.120000	9040.368164
0.120500	9043.416016
0.121000	9046.463867
0.121500	9049.511719
0.122000	9052.813477
0.122500	9056.116211
0.123000	9059.418945
0.123500	9062.973633
0.124000	9066.275391
0.124500	9069.832031
0.125000	9073.387695
0.125500	9076.689453
0.126000	9079.992188
0.126500	9083.293945
0.127000	9086.595703
0.127500	9089.643555
0.128000	9092.692383
0.128500	9095.232422
0.129000	9098.026367
0.129500	9100.565430
0.130000	9102.851562
0.130500	9104.883789
0.131000	9106.916016
0.131500	9108.693359
0.132000	9110.471680
0.132500	9111.996094
0.133000	9113.265625
0.133500	9114.281250
0.134000	9115.043945
0.134500	9115.806641
0.135000	9116.059570
0.135500	9116.313477
0.136000	9116.313477
0.136500	9116.059570
0.137000	9115.806641
0.137500	9115.043945
0.138000	9114.281250
0.138500	9113.265625
0.139000	9112.250000
0.139500	9110.980469
0.140000	9109.456055
0.140500	9107.930664
0.141000	9106.407227
0.141500	9104.630859
0.142000	9102.851562
0.142500	9101.074219
0.143000	9099.041992
0.143500	9097.009766
0.144000	9094.978516
0.144500	9092.946289
0.145000	9090.660156
0.145500	9088.374023
0.146000	9086.341797
0.146500	9084.055664
0.147000	9082.023438
0.147500	9079.737305
0.148000	9077.706055
0.148500	9075.927734
0.149000	9073.895508
0.149500	9072.118164
0.150000	9070.339844
0.150500	9068.816406
0.151000	9067.291992
0.151500	9066.021484
0.152000	9064.751953
0.152500	9063.736328
0.153000	9062.719727
0.153500	9061.957031
0.154000	9061.195312
0.154500	9060.688477
0.155000	9060.433594
0.155500	9060.433594
0.156000	9060.433594
0.156500	9060.688477
0.157000	9061.195312
0.157500	9061.704102
0.158000	9062.719727
0.158500	9063.736328
0.159000	9065.005859
0.159500	9066.530273
0.160000	9068.307617
0.160500	9070.085938
0.161000	9072.118164
0.161500	9074.403320
0.162000	9076.943359
0.162500	9079.484375
0.163000	9082.278320
0.163500	9085.326172
0.164000	9088.374023
0.164500	9091.675781
0.165000	9095.232422
0.165500	9098.788086
0.166000	9102.343750
0.166500	9106.154297
0.167000	9109.964844
0.167500	9113.774414
0.168000	9117.583008
0.168500	9121.393555
0.169000	9125.204102
0.169500	9129.268555
0.170000	9132.824219
0.170500	9136.633789
0.171000	9140.443359
0.171500	9144.000000
0.172000	9147.556641
0.172500	9151.111328
0.173000	9154.414062
0.173500	9157.715820
0.174000	9160.763672
0.174500	9163.811523
0.175000	9166.605469
0.175500	9169.145508
0.176000	9171.686523
0.176500	9174.225586
0.177000	9176.511719
0.177500	9178.542969
0.178000	9180.576172
0.178500	9182.353516
0.179000	9184.131836
0.179500	9185.656250
0.180000	9187.180664
0.180500	9188.450195
0.181000	9189.466797
0.181500	9190.481445
0.182000	9191.243164
0.182500	9191.751953
0.183000	9192.259766
0.183500	9192.514648
0.184000	9192.768555
0.184500	9192.768555
0.185000	9192.768555
0.185500	9192.514648
0.186000	9192.005859
0.186500	9191.751953
0.187000	9191.243164
0.187500	9190.481445
0.188000	9189.973633
0.188500	9189.211914
0.189000	9188.195312
0.189500	9187.433594
0.190000	9186.418945
0.190500	9185.402344
0.191000	9184.386719
0.191500	9183.370117
0.192000	9182.100586
0.192500	9181.083984
0.193000	9180.068359
0.193500	9179.052734
0.194000	9178.290039
0.194500	9177.528320
0.195000	9176.766602
0.195500	9176.256836
0.196000	9175.750000
0.196500	9175.496094
0.197000	9175.496094
0.197500	9175.750000
0.198000	9176.004883
0.198500	9176.511719
0.199000	9177.273438
0.199500	9178.036133
0.200000	9179.052734
0.200500	9180.068359
0.201000	9181.337891
0.201500	9182.607422
0.202000	9184.131836
0.202500	9185.909180
0.203000	9187.687500
0.203500	9189.466797
0.204000	9191.498047
0.204500	9193.530273
0.205000	9195.816406
0.205500	9198.101562
0.206000	9200.387695
0.206500	9202.673828
0.207000	9205.213867
0.207500	9207.499023
0.208000	9210.040039
0.208500	9212.326172
0.209000	9214.865234
0.209500	9217.151367
0.210000	9219.692383
0.210500	9221.978516
0.211000	9224.263672
0.211500	9226.549805
0.212000	9228.581055
0.212500	9230.868164
0.213000	9232.899414
0.213500	9234.678711
0.214000	9236.709961
0.214500	9238.488281
0.215000	9240.265625
0.215500	9242.043945
0.216000	9243.568359
0.216500	9245.092773
0.217000	9246.361328
0.217500	9247.885742
0.218000	9249.156250
0.218500	9250.171875
0.219000	9251.442383
0.219500	9252.458008
0.220000	9253.474609
0.220500	9254.490234
0.221000	9255.251953
0.221500	9256.268555
0.222000	9257.030273
0.222500	9257.791992
0.223000	9258.554688
0.223500	9259.316406
0.224000	9260.078125
0.224500	9260.840820
0.225000	9261.347656
0.225500	9262.109375
0.226000	9262.618164
0.226500	9263.379883
0.227000	9264.141602
0.227500	9264.904297
0.228000	9265.666016
0.228500	9266.427734
0.229000	9267.443359
0.229500	9268.458984
0.230000	9269.730469
0.230500	9271.000000
0.231000	9272.523438
0.231500	9274.047852
0.232000	9275.572266
0.232500	9277.349609
0.233000	9279.127930
0.233500	9280.906250
0.234000	9282.938477
0.234500	9284.969727
0.235000	9287.001953
0.235500	9289.034180
0.236000	9291.320312
0.236500	9293.605469
0.237000	9295.891602
0.237500	9298.177734
0.238000	9300.463867
0.238500	9302.750000
0.239000	9305.035156
0.239500	9307.321289
0.240000	9309.607422
0.240500	9311.893555
0.241000	9313.925781
0.241500	9316.211914
0.242000	9318.498047
0.242500	9320.530273
0.243000	9322.562500
0.243500	9324.848633
0.244000	9326.625977
0.244500	9328.657227
0.245000	9330.690430
0.245500	9332.467773
0.246000	9334.246094
0.246500	9336.024414
0.247000	9337.801758
0.247500	9339.580078
0.248000	9341.357422
0.248500	9342.880859
0.249000	9344.406250
0.249500	9346.183594
0.250000	9347.708008
0.250500	9349.231445
0.251000	9350.756836
0.251500	9352.280273
0.252000	9353.804688
0.252500	9355.327148
0.253000	9356.851562
0.253500	9358.629883
0.254000	9360.154297
0.254500	9361.677734
0.255000	9363.457031
0.255500	9364.979492
0.256000	9366.757812
0.256500	9368.536133
0.257000	9370.313477
0.257500	9372.091797
0.258000	9373.870117
0.258500	9375.647461
0.259000	9377.679688
0.259500	9379.457031
0.260000	9381.490234
0.260500	9383.522461
0.261000	9385.299805
0.261500	9387.332031
0.262000	9389.364258
0.262500	9391.141602
0.263000	9393.173828
0.263500	9394.952148
0.264000	9396.984375
0.264500	9398.761719
0.265000	9400.540039
0.265500	9402.571289
0.266000	9404.350586
0.266500	9406.127930
0.267000	9408.159180
0.267500	9409.937500
0.268000	9411.716797
0.268500	9413.493164
0.269000	9415.526367
0.269500	9417.303711
0.270000	9419.082031
0.270500	9421.114258
0.271000	9422.892578
0.271500	9424.668945
0.272000	9426.701172
0.272500	9428.480469
0.273000	9430.257812
0.273500	9432.290039
0.274000	9434.068359
0.274500	9435.845703
0.275000	9437.877930
0.275500	9439.656250
0.276000	9441.433594
0.276500	9443.211914
0.277000	9444.990234
0.277500	9446.767578
0.278000	9448.545898
0.278500	9450.324219
0.279000	9452.101562
0.279500	9453.625977
0.280000	9455.404297
0.280500	9457.181641
0.281000	9458.706055
0.281500	9460.483398
0.282000	9462.261719
0.282500	9464.040039
0.283000	9465.818359
0.283500	9467.595703
0.284000	9469.120117
0.284500	9470.897461
0.285000	9472.676758
0.285500	9474.454102
0.286000	9476.231445
0.286500	9478.009766
0.287000	9479.788086
0.287500	9481.566406
0.288000	9483.342773
0.288500	9484.868164
0.289000	9486.645508
0.289500	9488.169922
0.290000	9489.693359
0.290500	9491.471680
0.291000	9492.995117
0.291500	9494.519531
0.292000	9496.042969
0.292500	9497.568359
0.293000	9499.345703
0.293500	9500.870117
0.294000	9502.393555
0.294500	9503.918945
0.295000	9505.695312
0.295500	9507.219727
0.296000	9508.743164
0.296500	9510.521484
0.297000	9512.045898
0.297500	9513.570312
0.298000	9515.347656
0.298500	9516.871094
