0.000000	0.983070
0.000500	0.983070
0.001000	0.983070
0.001500	0.983070
0.002000	0.983070
0.002500	0.983070
0.003000	0.983070
0.003500	0.983070
0.004000	0.983080
0.004500	0.983100
0.005000	0.983130
0.005500	0.983150
0.006000	0.983160
0.006500	0.983180
0.007000	0.983190
0.007500	0.983190
0.008000	0.983200
0.008500	0.983200
0.009000	0.983210
0.009500	0.983210
0.010000	0.983210
0.010500	0.983200
0.011000	0.983190
0.011500	0.983180
0.012000	0.983160
0.012500	0.983150
0.013000	0.983130
0.013500	0.983120
0.014000	0.983100
0.014500	0.983070
0.015000	0.983040
0.015500	0.983010
0.016000	0.982980
0.016500	0.982950
0.017000	0.982910
0.017500	0.982880
0.018000	0.982850
0.018500	0.982820
0.019000	0.982790
0.019500	0.982770
0.020000	0.982750
0.020500	0.982740
0.021000	0.982730
0.021500	0.982730
0.022000	0.982740
0.022500	0.982750
0.023000	0.982760
0.023500	0.982780
0.024000	0.982790
0.024500	0.982810
0.025000	0.982820
0.025500	0.982830
0.026000	0.982840
0.026500	0.982840
0.027000	0.982840
0.027500	0.982830
0.028000	0.982820
0.028500	0.982810
0.029000	0.982800
0.029500	0.982800
0.030000	0.982790
0.030500	0.982790
0.031000	0.982790
0.031500	0.982800
0.032000	0.982810
0.032500	0.982830
0.033000	0.982850
0.033500	0.982860
0.034000	0.982880
0.034500	0.982900
0.035000	0.982920
0.035500	0.982940
0.036000	0.982960
0.036500	0.982980
0.037000	0.983000
0.037500	0.983010
0.038000	0.983020
0.038500	0.983030
0.039000	0.983040
0.039500	0.983040
0.040000	0.983030
0.040500	0.983030
0.041000	0.983020
0.041500	0.983010
0.042000	0.983000
0.042500	0.982980
0.043000	0.982970
0.043500	0.982970
0.044000	0.982960
0.044500	0.982960
0.045000	0.982950
0.045500	0.982960
0.046000	0.982960
0.046500	0.982970
0.047000	0.982980
0.047500	0.982980
0.048000	0.983000
0.048500	0.983010
0.049000	0.983020
0.049500	0.983030
0.050000	0.983040
0.050500	0.983040
0.051000	0.983050
0.051500	0.983050
0.052000	0.983050
0.052500	0.983040
0.053000	0.983030
0.053500	0.983020
0.054000	0.983000
0.054500	0.982980
0.055000	0.982960
0.055500	0.982920
0.056000	0.982880
0.056500	0.982840
0.057000	0.982790
0.057500	0.982740
0.058000	0.982690
0.058500	0.982650
0.059000	0.982600
0.059500	0.982550
0.060000	0.982500
0.060500	0.982450
0.061000	0.982400
0.061500	0.982360
0.062000	0.982310
0.062500	0.982280
0.063000	0.982240
0.063500	0.982210
0.064000	0.982190
0.064500	0.982170
0.065000	0.982160
0.065500	0.982160
0.066000	0.982160
0.066500	0.982170
0.067000	0.982190
0.067500	0.982210
0.068000	0.982250
0.068500	0.982290
0.069000	0.982330
0.069500	0.982390
0.070000	0.982450
0.070500	0.982510
0.071000	0.982570
0.071500	0.982630
0.072000	0.982700
0.072500	0.982760
0.073000	0.982820
0.073500	0.982880
0.074000	0.982940
0.074500	0.983010
0.075000	0.983100
0.075500	0.983190
0.076000	0.983290
0.076500	0.983400
0.077000	0.983530
0.077500	0.983670
0.078000	0.983840
0.078500	0.984020
0.079000	0.984210
0.079500	0.984420
0.080000	0.984630
0.080500	0.984860
0.081000	0.985080
0.081500	0.985310
0.082000	0.985540
0.082500	0.985780
0.083000	0.986030
0.083500	0.986290
0.084000	0.986530
0.084500	0.986760
0.085000	0.986980
0.085500	0.987190
0.086000	0.987390
0.086500	0.987580
0.087000	0.987770
0.087500	0.987950
0.088000	0.988140
0.088500	0.988330
0.089000	0.988520
0.089500	0.988720
0.090000	0.988920
0.090500	0.989130
0.091000	0.989340
0.091500	0.989560
0.092000	0.989790
0.092500	0.990010
0.093000	0.990260
0.093500	0.990510
0.094000	0.990770
0.094500	0.991010
0.095000	0.991230
0.095500	0.991430
0.096000	0.991620
0.096500	0.991790
0.097000	0.991950
0.097500	0.992080
0.098000	0.992190
0.098500	0.992270
0.099000	0.992340
0.099500	0.992370
0.100000	0.992360
0.100500	0.992330
0.101000	0.992260
0.101500	0.992160
0.102000	0.992020
0.102500	0.991850
0.103000	0.991650
0.103500	0.991430
0.104000	0.991190
0.104500	0.990920
0.105000	0.990620
0.105500	0.990320
0.106000	0.990010
0.106500	0.989690
0.107000	0.989350
0.107500	0.988990
0.108000	0.988630
0.108500	0.988280
0.109000	0.987950
0.109500	0.987630
0.110000	0.987330
0.110500	0.987030
0.111000	0.986750
0.111500	0.986470
0.112000	0.986200
0.112500	0.985950
0.113000	0.985700
0.113500	0.985480
0.114000	0.985270
0.114500	0.985080
0.115000	0.984900
0.115500	0.984720
0.116000	0.984560
0.116500	0.984420
0.117000	0.984290
0.117500	0.984180
0.118000	0.984080
0.118500	0.984000
0.119000	0.983920
0.119500	0.983860
0.120000	0.983800
0.120500	0.983750
0.121000	0.983700
0.121500	0.983650
0.122000	0.983610
0.122500	0.983570
0.123000	0.983530
0.123500	0.983480
0.124000	0.983420
0.124500	0.983350
0.125000	0.983270
0.125500	0.983190
0.126000	0.983100
0.126500	0.982990
0.127000	0.982860
0.127500	0.982720
0.128000	0.982550
0.128500	0.982340
0.129000	0.982110
0.129500	0.981860
0.130000	0.981600
0.130500	0.981320
0.131000	0.981020
0.131500	0.980690
0.132000	0.980360
0.132500	0.980010
0.133000	0.979650
0.133500	0.979260
0.134000	0.978850
0.134500	0.978440
0.135000	0.978030
0.135500	0.977630
0.136000	0.977230
0.136500	0.976830
0.137000	0.976440
0.137500	0.976020
0.138000	0.975590
0.138500	0.975160
0.139000	0.974720
0.139500	0.974290
0.140000	0.973850
0.140500	0.973420
0.141000	0.972990
0.141500	0.972550
0.142000	0.972110
0.142500	0.971620
0.143000	0.971110
0.143500	0.970610
0.144000	0.970130
0.144500	0.969660
0.145000	0.969200
0.145500	0.968740
0.146000	0.968290
0.146500	0.967860
0.147000	0.967470
0.147500	0.967110
0.148000	0.966780
0.148500	0.966500
0.149000	0.966260
0.149500	0.966060
0.150000	0.965870
0.150500	0.965700
0.151000	0.965550
0.151500	0.965430
0.152000	0.965330
0.152500	0.965260
0.153000	0.965210
0.153500	0.965200
0.154000	0.965220
0.154500	0.965270
0.155000	0.965340
0.155500	0.965420
0.156000	0.965530
0.156500	0.965660
0.157000	0.965790
0.157500	0.965930
0.158000	0.966070
0.158500	0.966220
0.159000	0.966370
0.159500	0.966530
0.160000	0.966700
0.160500	0.966880
0.161000	0.967090
0.161500	0.967300
0.162000	0.967530
0.162500	0.967770
0.163000	0.968010
0.163500	0.968260
0.164000	0.968530
0.164500	0.968820
0.165000	0.969130
0.165500	0.969440
0.166000	0.969760
0.166500	0.970060
0.167000	0.970360
0.167500	0.970660
0.168000	0.970950
0.168500	0.971250
0.169000	0.971550
0.169500	0.971840
0.170000	0.972130
0.170500	0.972410
0.171000	0.972680
0.171500	0.972930
0.172000	0.973170
0.172500	0.973410
0.173000	0.973650
0.173500	0.973880
0.174000	0.974100
0.174500	0.974310
0.175000	0.974500
0.175500	0.974660
0.176000	0.974800
0.176500	0.974930
0.177000	0.975050
0.177500	0.975150
0.178000	0.975240
0.178500	0.975310
0.179000	0.975370
0.179500	0.975410
0.180000	0.975430
0.180500	0.975430
0.181000	0.975400
0.181500	0.975350
0.182000	0.975290
0.182500	0.975220
0.183000	0.975140
0.183500	0.975040
0.184000	0.974950
0.184500	0.974840
0.185000	0.974720
0.185500	0.974600
0.186000	0.974470
0.186500	0.974330
0.187000	0.974180
0.187500	0.974030
0.188000	0.973870
0.188500	0.973710
0.189000	0.973550
0.189500	0.973370
0.190000	0.973190
0.190500	0.973020
0.191000	0.972850
0.191500	0.972690
0.192000	0.972530
0.192500	0.972370
0.193000	0.972220
0.193500	0.972070
0.194000	0.971930
0.194500	0.971800
0.195000	0.971670
0.195500	0.971550
0.196000	0.971460
0.196500	0.971370
0.197000	0.971300
0.197500	0.971240
0.198000	0.971180
0.198500	0.971140
0.199000	0.971110
0.199500	0.971100
0.200000	0.971090
0.200500	0.971080
0.201000	0.971090
0.201500	0.971100
0.202000	0.971120
0.202500	0.971140
0.203000	0.971160
0.203500	0.971180
0.204000	0.971210
0.204500	0.971230
0.205000	0.971260
0.205500	0.971280
0.206000	0.971300
0.206500	0.971330
0.207000	0.971350
0.207500	0.971370
0.208000	0.971390
0.208500	0.971400
0.209000	0.971410
0.209500	0.971410
0.210000	0.971410
0.210500	0.971400
0.211000	0.971380
0.211500	0.971360
0.212000	0.971320
0.212500	0.971290
0.213000	0.971240
0.213500	0.971190
0.214000	0.971140
0.214500	0.971090
0.215000	0.971040
0.215500	0.970980
0.216000	0.970920
0.216500	0.970860
0.217000	0.970800
0.217500	0.970740
0.218000	0.970680
0.218500	0.970610
0.219000	0.970550
0.219500	0.970490
0.220000	0.970440
0.220500	0.970400
0.221000	0.970360
0.221500	0.970330
0.222000	0.970300
0.222500	0.970280
0.223000	0.970260
0.223500	0.970240
0.224000	0.970230
0.224500	0.970220
0.225000	0.970220
0.225500	0.970240
0.226000	0.970260
0.226500	0.970300
0.227000	0.970350
0.227500	0.970410
0.228000	0.970480
0.228500	0.970540
0.229000	0.970610
0.229500	0.970680
0.230000	0.970760
0.230500	0.970850
0.231000	0.970930
0.231500	0.971010
0.232000	0.971100
0.232500	0.971180
0.233000	0.971270
0.233500	0.971360
0.234000	0.971450
0.234500	0.971540
0.235000	0.971630
0.235500	0.971720
0.236000	0.971810
0.236500	0.971900
0.237000	0.972000
0.237500	0.972100
0.238000	0.972200
0.238500	0.972320
0.239000	0.972460
0.239500	0.972600
0.240000	0.972760
0.240500	0.972910
0.241000	0.973070
0.241500	0.973230
0.242000	0.973410
0.242500	0.973610
0.243000	0.973810
0.243500	0.974010
0.244000	0.974210
0.244500	0.974410
0.245000	0.974610
0.245500	0.974810
0.246000	0.975020
0.246500	0.975220
0.247000	0.975430
0.247500	0.975650
0.248000	0.975860
0.248500	0.976070
0.249000	0.976270
0.249500	0.976460
0.250000	0.976640
0.250500	0.976820
0.251000	0.976980
0.251500	0.977130
0.252000	0.977270
0.252500	0.977400
0.253000	0.977530
0.253500	0.977640
0.254000	0.977750
0.254500	0.977840
0.255000	0.977920
0.255500	0.977980
0.256000	0.978030
0.256500	0.978060
0.257000	0.978090
0.257500	0.978100
0.258000	0.978110
0.258500	0.978100
0.259000	0.978090
0.259500	0.978080
0.260000	0.978070
0.260500	0.978060
0.261000	0.978050
0.261500	0.978050
0.262000	0.978040
0.262500	0.978040
0.263000	0.978040
0.263500	0.978040
0.264000	0.978050
0.264500	0.978060
0.265000	0.978070
0.265500	0.978100
0.266000	0.978120
0.266500	0.978160
0.267000	0.978190
0.267500	0.978230
0.268000	0.978260
0.268500	0.978300
0.269000	0.978350
0.269500	0.978390
0.270000	0.978440
0.270500	0.978480
0.271000	0.978530
0.271500	0.978570
0.272000	0.978600
0.272500	0.978640
0.273000	0.978670
0.273500	0.978690
0.274000	0.978700
0.274500	0.978710
0.275000	0.978700
0.275500	0.978700
0.276000	0.978690
0.276500	0.978680
0.277000	0.978680
0.277500	0.978670
0.278000	0.978670
0.278500	0.978670
0.279000	0.978670
0.279500	0.978670
0.280000	0.978690
0.280500	0.978700
0.281000	0.978730
0.281500	0.978750
0.282000	0.978780
0.282500	0.978810
0.283000	0.978840
0.283500	0.978870
0.284000	0.978910
0.284500	0.978940
0.285000	0.978970
0.285500	0.979000
0.286000	0.979040
0.286500	0.979070
0.287000	0.979110
0.287500	0.979140
0.288000	0.979170
0.288500	0.979200
0.289000	0.979230
0.289500	0.979250
0.290000	0.979270
0.290500	0.979290
0.291000	0.979290
0.291500	0.979290
0.292000	0.979280
0.292500	0.979270
0.293000	0.979260
0.293500	0.979250
0.294000	0.979240
0.294500	0.979230
0.295000	0.979230
0.295500	0.979220
0.296000	0.979210
0.296500	0.979210
0.297000	0.979210
0.297500	0.979200
0.298000	0.979200
0.298500	0.979190
0.299000	0.979180
0.299500	0.979180
0.300000	0.979170
0.300500	0.979160
0.301000	0.979150
0.301500	0.979130
0.302000	0.979120
0.302500	0.979100
0.303000	0.979080
0.303500	0.979050
0.304000	0.979020
0.304500	0.978990
0.305000	0.978960
0.305500	0.978920
0.306000	0.978890
0.306500	0.978860
0.307000	0.978830
0.307500	0.978800
0.308000	0.978770
0.308500	0.978730
0.309000	0.978690
0.309500	0.978650
0.310000	0.978610
0.310500	0.978570
0.311000	0.978530
0.311500	0.978480
0.312000	0.978440
0.312500	0.978400
0.313000	0.978370
0.313500	0.978330
0.314000	0.978290
0.314500	0.978260
0.315000	0.978220
0.315500	0.978190
0.316000	0.978160
0.316500	0.978140
0.317000	0.978120
0.317500	0.978100
0.318000	0.978100
0.318500	0.978110
0.319000	0.978110
0.319500	0.978110
0.320000	0.978120
0.320500	0.978120
0.321000	0.978120
0.321500	0.978130
0.322000	0.978130
0.322500	0.978120
0.323000	0.978110
0.323500	0.978100
0.324000	0.978080
0.324500	0.978070
0.325000	0.978060
0.325500	0.978050
0.326000	0.978030
0.326500	0.978030
0.327000	0.978030
0.327500	0.978040
0.328000	0.978060
0.328500	0.978080
0.329000	0.978100
0.329500	0.978120
0.330000	0.978150
0.330500	0.978180
0.331000	0.978210
0.331500	0.978250
0.332000	0.978280
0.332500	0.978310
0.333000	0.978340
0.333500	0.978370
0.334000	0.978400
0.334500	0.978430
0.335000	0.978450
0.335500	0.978480
0.336000	0.978500
0.336500	0.978520
0.337000	0.978540
0.337500	0.978550
0.338000	0.978560
0.338500	0.978570
0.339000	0.978570
0.339500	0.978560
0.340000	0.978550
0.340500	0.978540
0.341000	0.978520
0.341500	0.978500
0.342000	0.978480
0.342500	0.978470
0.343000	0.978470
0.343500	0.978460
0.344000	0.978450
0.344500	0.978450
0.345000	0.978440
0.345500	0.978430
0.346000	0.978430
0.346500	0.978420
0.347000	0.978410
0.347500	0.978400
0.348000	0.978390
0.348500	0.978380
0.349000	0.978370
0.349500	0.978360
0.350000	0.978360
0.350500	0.978350
0.351000	0.978350
0.351500	0.978340
0.352000	0.978340
0.352500	0.978340
0.353000	0.978330
0.353500	0.978320
0.354000	0.978310
0.354500	0.978300
0.355000	0.978280
0.355500	0.978260
0.356000	0.978230
0.356500	0.978200
0.357000	0.978170
0.357500	0.978130
0.358000	0.978090
0.358500	0.978050
0.359000	0.977990
0.359500	0.977940
0.360000	0.977880
0.360500	0.977820
0.361000	0.977770
0.361500	0.977720
0.362000	0.977670
0.362500	0.977620
0.363000	0.977570
0.363500	0.977540
0.364000	0.977500
0.364500	0.977480
0.365000	0.977460
0.365500	0.977440
0.366000	0.977430
0.366500	0.977420
0.367000	0.977420
0.367500	0.977420
0.368000	0.977430
0.368500	0.977440
0.369000	0.977450
0.369500	0.977470
0.370000	0.977490
0.370500	0.977510
0.371000	0.977520
0.371500	0.977540
0.372000	0.977550
0.372500	0.977560
0.373000	0.977570
0.373500	0.977570
0.374000	0.977570
0.374500	0.977560
0.375000	0.977550
0.375500	0.977540
0.376000	0.977530
0.376500	0.977510
0.377000	0.977500
0.377500	0.977480
0.378000	0.977470
0.378500	0.977450
0.379000	0.977430
0.379500	0.977420
0.380000	0.977410
0.380500	0.977410
0.381000	0.977420
0.381500	0.977430
0.382000	0.977450
0.382500	0.977470
0.383000	0.977490
0.383500	0.977520
0.384000	0.977550
0.384500	0.977580
0.385000	0.977610
0.385500	0.977630
0.386000	0.977660
0.386500	0.977690
0.387000	0.977710
0.387500	0.977740
0.388000	0.977760
0.388500	0.977780
0.389000	0.977800
0.389500	0.977810
0.390000	0.977820
0.390500	0.977810
0.391000	0.977790
0.391500	0.977760
0.392000	0.977730
0.392500	0.977690
0.393000	0.977650
0.393500	0.977620
0.394000	0.977590
0.394500	0.977550
0.395000	0.977520
0.395500	0.977510
0.396000	0.977500
0.396500	0.977500
0.397000	0.977500
0.397500	0.977510
0.398000	0.977510
0.398500	0.977510
0.399000	0.977510
0.399500	0.977510
0.400000	0.977510
0.400500	0.977510
0.401000	0.977510
0.401500	0.977510
0.402000	0.977500
0.402500	0.977500
0.403000	0.977500
0.403500	0.977490
0.404000	0.977490
0.404500	0.977480
0.405000	0.977460
0.405500	0.977440
0.406000	0.977420
0.406500	0.977400
0.407000	0.977370
0.407500	0.977350
0.408000	0.977320
0.408500	0.977300
0.409000	0.977270
0.409500	0.977250
0.410000	0.977230
0.410500	0.977210
0.411000	0.977200
0.411500	0.977190
0.412000	0.977180
0.412500	0.977170
0.413000	0.977160
0.413500	0.977150
0.414000	0.977140
0.414500	0.977140
0.415000	0.977130
0.415500	0.977120
0.416000	0.977110
0.416500	0.977100
0.417000	0.977080
0.417500	0.977070
0.418000	0.977050
0.418500	0.977030
0.419000	0.977010
0.419500	0.976990
0.420000	0.976970
0.420500	0.976950
0.421000	0.976940
0.421500	0.976930
0.422000	0.976920
0.422500	0.976920
0.423000	0.976920
0.423500	0.976930
0.424000	0.976940
0.424500	0.976970
0.425000	0.976990
0.425500	0.977020
0.426000	0.977040
0.426500	0.977070
0.427000	0.977100
0.427500	0.977130
0.428000	0.977160
0.428500	0.977180
0.429000	0.977200
0.429500	0.977220
0.430000	0.977230
0.430500	0.977230
0.431000	0.977240
0.431500	0.977240
0.432000	0.977250
0.432500	0.977250
0.433000	0.977260
0.433500	0.977260
0.434000	0.977270
0.434500	0.977270
0.435000	0.977280
0.435500	0.977300
0.436000	0.977320
0.436500	0.977340
0.437000	0.977360
0.437500	0.977390
0.438000	0.977410
0.438500	0.977440
0.439000	0.977470
0.439500	0.977500
0.440000	0.977530
0.440500	0.977560
0.441000	0.977590
0.441500	0.977620
0.442000	0.977650
0.442500	0.977680
0.443000	0.977700
0.443500	0.977720
0.444000	0.977730
0.444500	0.977730
0.445000	0.977730
0.445500	0.977720
0.446000	0.977710
0.446500	0.977700
0.447000	0.977680
0.447500	0.977660
0.448000	0.977640
0.448500	0.977610
0.449000	0.977580
0.449500	0.977540
0.450000	0.977510
0.450500	0.977470
0.451000	0.977440
0.451500	0.977400
0.452000	0.977360
0.452500	0.977330
0.453000	0.977290
0.453500	0.977260
0.454000	0.977240
0.454500	0.977220
0.455000	0.977200
0.455500	0.977190
0.456000	0.977190
0.456500	0.977200
0.457000	0.977210
0.457500	0.977230
0.458000	0.977250
0.458500	0.977260
0.459000	0.977280
0.459500	0.977290
0.460000	0.977300
0.460500	0.977320
0.461000	0.977330
0.461500	0.977350
0.462000	0.977370
0.462500	0.977390
0.463000	0.977430
0.463500	0.977470
0.464000	0.977520
0.464500	0.977570
0.465000	0.977620
0.465500	0.977670
0.466000	0.977720
0.466500	0.977760
0.467000	0.977800
0.467500	0.977840
0.468000	0.977860
0.468500	0.977870
0.469000	0.977870
0.469500	0.977860
0.470000	0.977850
0.470500	0.977830
0.471000	0.977810
0.471500	0.977770
0.472000	0.977730
0.472500	0.977690
0.473000	0.977650
0.473500	0.977600
0.474000	0.977550
0.474500	0.977490
0.475000	0.977440
0.475500	0.977400
0.476000	0.977360
0.476500	0.977320
0.477000	0.977290
0.477500	0.977270
0.478000	0.977250
0.478500	0.977240
0.479000	0.977240
0.479500	0.977250
0.480000	0.977270
0.480500	0.977290
0.481000	0.977320
0.481500	0.977350
0.482000	0.977400
0.482500	0.977440
0.483000	0.977480
0.483500	0.977520
0.484000	0.977560
0.484500	0.977600
0.485000	0.977640
0.485500	0.977680
0.486000	0.977710
0.486500	0.977750
0.487000	0.977780
0.487500	0.977810
0.488000	1052.800049
0.488500	3667.600098
0.489000	7032.799805
0.489500	10337.000000
0.490000	14803.000000
0.490500	20998.000000
0.491000	27124.000000
0.491500	31383.000000
0.492000	29928.000000
0.492500	20715.000000
0.493000	9143.500000
0.493500	793.250000
0.494000	-2051.399902
0.494500	-3413.100098
0.495000	-3099.000000
