0.000000	-8474.963867
0.000500	-8474.963867
0.001000	-8474.963867
0.001500	-8474.963867
0.002000	-8474.963867
0.002500	-8474.963867
0.003000	-8474.963867
0.003500	-8474.963867
0.004000	-8474.963867
0.004500	-8474.963867
0.005000	-8474.963867
0.005500	-8474.963867
0.006000	-8475.217773
0.006500	-8475.217773
0.007000	-8475.217773
0.007500	-8475.217773
0.008000	-8475.217773
0.008500	-8475.217773
0.009000	-8475.217773
0.009500	-8475.217773
0.010000	-8475.217773
0.010500	-8475.217773
0.011000	-8475.217773
0.011500	-8475.217773
0.012000	-8475.217773
0.012500	-8475.217773
0.013000	-8475.217773
0.013500	-8475.217773
0.014000	-8475.217773
0.014500	-8475.217773
0.015000	-8475.217773
0.015500	-8475.471680
0.016000	-8475.471680
0.016500	-8475.471680
0.017000	-8475.471680
0.017500	-8475.471680
0.018000	-8475.471680
0.018500	-8475.471680
0.019000	-8475.471680
0.019500	-8475.471680
0.020000	-8475.471680
0.020500	-8475.726562
0.021000	-8475.726562
0.021500	-8475.726562
0.022000	-8475.726562
0.022500	-8475.726562
0.023000	-8475.726562
0.023500	-8475.726562
0.024000	-8475.726562
0.024500	-8475.726562
0.025000	-8475.979492
0.025500	-8475.979492
0.026000	-8475.979492
0.026500	-8475.979492
0.027000	-8475.979492
0.027500	-8475.979492
0.028000	-8475.979492
0.028500	-8476.233398
0.029000	-8476.233398
0.029500	-8476.233398
0.030000	-8476.233398
0.030500	-8476.233398
0.031000	-8476.488281
0.031500	-8476.488281
0.032000	-8476.488281
0.032500	-8476.742188
0.033000	-8476.742188
0.033500	-8476.742188
0.034000	-8476.742188
0.034500	-8476.995117
0.035000	-8476.995117
0.035500	-8476.995117
0.036000	-8477.250000
0.036500	-8477.250000
0.037000	-8477.503906
0.037500	-8477.503906
0.038000	-8477.503906
0.038500	-8477.757812
0.039000	-8477.757812
0.039500	-8478.011719
0.040000	-8478.011719
0.040500	-8478.265625
0.041000	-8478.265625
0.041500	-8478.519531
0.042000	-8478.519531
0.042500	-8478.774414
0.043000	-8478.774414
0.043500	-8479.027344
0.044000	-8479.027344
0.044500	-8479.281250
0.045000	-8479.281250
0.045500	-8479.536133
0.046000	-8479.790039
0.046500	-8479.790039
0.047000	-8480.042969
0.047500	-8480.297852
0.048000	-8480.297852
0.048500	-8480.551758
0.049000	-8480.806641
0.049500	-8480.806641
0.050000	-8481.059570
0.050500	-8481.313477
0.051000	-8481.568359
0.051500	-8481.822266
0.052000	-8482.076172
0.052500	-8482.330078
0.053000	-8482.837891
0.053500	-8483.092773
0.054000	-8483.345703
0.054500	-8483.854492
0.055000	-8484.361328
0.055500	-8484.616211
0.056000	-8485.124023
0.056500	-8485.885742
0.057000	-8486.393555
0.057500	-8486.902344
0.058000	-8487.664062
0.058500	-8488.425781
0.059000	-8489.188477
0.059500	-8489.950195
0.060000	-8490.711914
0.060500	-8491.474609
0.061000	-8492.490234
0.061500	-8493.251953
0.062000	-8494.268555
0.062500	-8495.284180
0.063000	-8496.299805
0.063500	-8497.316406
0.064000	-8498.332031
0.064500	-8499.347656
0.065000	-8500.364258
0.065500	-8501.379883
0.066000	-8502.650391
0.066500	-8503.666016
0.067000	-8504.936523
0.067500	-8505.952148
0.068000	-8507.222656
0.068500	-8508.492188
0.069000	-8510.016602
0.069500	-8511.286133
0.070000	-8512.809570
0.070500	-8514.333984
0.071000	-8515.857422
0.071500	-8517.635742
0.072000	-8519.668945
0.072500	-8521.445312
0.073000	-8523.731445
0.073500	-8526.018555
0.074000	-8528.303711
0.074500	-8531.097656
0.075000	-8533.892578
0.075500	-8536.939453
0.076000	-8540.242188
0.076500	-8543.797852
0.077000	-8547.607422
0.077500	-8551.925781
0.078000	-8556.244141
0.078500	-8561.069336
0.079000	-8566.149414
0.079500	-8571.738281
0.080000	-8577.580078
0.080500	-8583.676758
0.081000	-8590.280273
0.081500	-8597.137695
0.082000	-8604.504883
0.082500	-8612.123047
0.083000	-8620.251953
0.083500	-8628.633789
0.084000	-8637.778320
0.084500	-8647.175781
0.085000	-8657.082031
0.085500	-8667.750000
0.086000	-8678.925781
0.086500	-8690.610352
0.087000	-8702.801758
0.087500	-8715.501953
0.088000	-8728.963867
0.088500	-8743.187500
0.089000	-8757.918945
0.089500	-8773.160156
0.090000	-8788.908203
0.090500	-8805.164062
0.091000	-8821.927734
0.091500	-8839.454102
0.092000	-8857.234375
0.092500	-8875.267578
0.093000	-8894.063477
0.093500	-8912.860352
0.094000	-8932.164062
0.094500	-8951.721680
0.095000	-8971.534180
0.095500	-8991.599609
0.096000	-9011.666016
0.096500	-9031.731445
0.097000	-9051.797852
0.097500	-9071.609375
0.098000	-9091.421875
0.098500	-9110.980469
0.099000	-9130.538086
0.099500	-9150.095703
0.100000	-9169.400391
0.100500	-9188.957031
0.101000	-9208.261719
0.101500	-9227.819336
0.102000	-9247.377930
0.102500	-9267.190430
0.103000	-9287.255859
0.103500	-9307.321289
0.104000	-9327.895508
0.104500	-9348.723633
0.105000	-9369.806641
0.105500	-9391.395508
0.106000	-9413.240234
0.106500	-9435.337891
0.107000	-9457.944336
0.107500	-9480.804688
0.108000	-9503.918945
0.108500	-9527.540039
0.109000	-9551.416016
0.109500	-9575.544922
0.110000	-9600.183594
0.110500	-9624.821289
0.111000	-9649.967773
0.111500	-9675.368164
0.112000	-9700.768555
0.112500	-9726.675781
0.113000	-9752.583984
0.113500	-9778.746094
0.114000	-9805.161133
0.114500	-9831.578125
0.115000	-9858.248047
0.115500	-9885.171875
0.116000	-9912.095703
0.116500	-9939.273438
0.117000	-9966.706055
0.117500	-9994.137695
0.118000	-10021.824219
0.118500	-10049.509766
0.119000	-10077.450195
0.119500	-10105.643555
0.120000	-10134.092773
0.120500	-10162.540039
0.121000	-10191.242188
0.121500	-10219.943359
0.122000	-10248.899414
0.122500	-10278.109375
0.123000	-10307.319336
0.123500	-10336.783203
0.124000	-10366.248047
0.124500	-10395.966797
0.125000	-10425.937500
0.125500	-10455.910156
0.126000	-10486.135742
0.126500	-10516.362305
0.127000	-10547.095703
0.127500	-10577.830078
0.128000	-10608.564453
0.128500	-10639.805664
0.129000	-10671.047852
0.129500	-10702.290039
0.130000	-10734.040039
0.130500	-10765.790039
0.131000	-10798.047852
0.131500	-10830.305664
0.132000	-10862.817383
0.132500	-10895.330078
0.133000	-10928.349609
0.133500	-10961.369141
0.134000	-10994.897461
0.134500	-11028.425781
0.135000	-11062.207031
0.135500	-11096.244141
0.136000	-11130.788086
0.136500	-11165.332031
0.137000	-11200.130859
0.137500	-11235.181641
0.138000	-11270.487305
0.138500	-11306.047852
0.139000	-11341.861328
0.139500	-11377.930664
0.140000	-11414.505859
0.140500	-11451.081055
0.141000	-11487.912109
0.141500	-11524.996094
0.142000	-11562.333984
0.142500	-11600.180664
0.143000	-11638.026367
0.143500	-11676.379883
0.144000	-11714.987305
0.144500	-11753.849609
0.145000	-11792.965820
0.145500	-11832.335938
0.146000	-11872.213867
0.146500	-11912.091797
0.147000	-11952.478516
0.147500	-11993.118164
0.148000	-12034.011719
0.148500	-12075.414062
0.149000	-12117.069336
0.149500	-12158.725586
0.150000	-12200.889648
0.150500	-12243.561523
0.151000	-12286.234375
0.151500	-12329.414062
0.152000	-12372.847656
0.152500	-12416.535156
0.153000	-12460.731445
0.153500	-12505.181641
0.154000	-12549.885742
0.154500	-12594.843750
0.155000	-12640.309570
0.155500	-12686.030273
0.156000	-12732.003906
0.156500	-12778.231445
0.157000	-12824.713867
0.157500	-12871.704102
0.158000	-12918.693359
0.158500	-12966.192383
0.159000	-13013.943359
0.159500	-13061.950195
0.160000	-13109.956055
0.160500	-13158.468750
0.161000	-13207.237305
0.161500	-13256.260742
0.162000	-13305.536133
0.162500	-13355.065430
0.163000	-13404.595703
0.163500	-13454.634766
0.164000	-13504.925781
0.164500	-13555.217773
0.165000	-13605.763672
0.165500	-13656.562500
0.166000	-13707.618164
0.166500	-13758.925781
0.167000	-13810.234375
0.167500	-13861.795898
0.168000	-13913.612305
0.168500	-13965.681641
0.169000	-14018.005859
0.169500	-14070.330078
0.170000	-14122.908203
0.170500	-14175.486328
0.171000	-14228.572266
0.171500	-14281.404297
0.172000	-14334.743164
0.172500	-14388.083984
0.173000	-14441.423828
0.173500	-14495.016602
0.174000	-14548.865234
0.174500	-14602.713867
0.175000	-14656.562500
0.175500	-14710.410156
0.176000	-14764.512695
0.176500	-14818.868164
0.177000	-14872.969727
0.177500	-14927.326172
0.178000	-14981.681641
0.178500	-15036.037109
0.179000	-15090.647461
0.179500	-15145.003906
0.180000	-15199.613281
0.180500	-15254.223633
0.181000	-15308.833984
0.181500	-15363.698242
0.182000	-15418.308594
0.182500	-15472.917969
0.183000	-15527.782227
0.183500	-15582.645508
0.184000	-15637.510742
0.184500	-15692.373047
0.185000	-15747.237305
0.185500	-15802.355469
0.186000	-15857.219727
0.186500	-15912.336914
0.187000	-15967.456055
0.187500	-16022.573242
0.188000	-16077.692383
0.188500	-16132.810547
0.189000	-16188.182617
0.189500	-16243.552734
0.190000	-16298.925781
0.190500	-16354.297852
0.191000	-16409.923828
0.191500	-16465.548828
0.192000	-16521.175781
0.192500	-16576.800781
0.193000	-16632.683594
0.193500	-16688.562500
0.194000	-16744.441406
0.194500	-16800.576172
0.195000	-16856.710938
0.195500	-16912.843750
0.196000	-16968.978516
0.196500	-17025.111328
0.197000	-17081.500000
0.197500	-17137.634766
0.198000	-17194.021484
0.198500	-17250.664062
0.199000	-17307.052734
0.199500	-17363.693359
0.200000	-17420.335938
0.200500	-17476.978516
0.201000	-17533.619141
0.201500	-17590.515625
0.202000	-17647.414062
0.202500	-17704.306641
0.203000	-17761.457031
0.203500	-17818.353516
0.204000	-17875.503906
0.204500	-17932.654297
0.205000	-17989.802734
0.205500	-18046.953125
0.206000	-18104.359375
0.206500	-18161.507812
0.207000	-18218.658203
0.207500	-18276.062500
0.208000	-18333.464844
0.208500	-18390.615234
0.209000	-18448.019531
0.209500	-18505.423828
0.210000	-18562.574219
0.210500	-18619.978516
0.211000	-18677.380859
0.211500	-18734.787109
0.212000	-18791.937500
0.212500	-18849.337891
0.213000	-18906.744141
0.213500	-18964.148438
0.214000	-19021.296875
0.214500	-19078.701172
0.215000	-19135.853516
0.215500	-19193.001953
0.216000	-19250.406250
0.216500	-19307.556641
0.217000	-19364.453125
0.217500	-19421.601562
0.218000	-19478.751953
0.218500	-19535.648438
0.219000	-19592.542969
0.219500	-19649.693359
0.220000	-19706.337891
0.220500	-19763.230469
0.221000	-19820.126953
0.221500	-19876.769531
0.222000	-19933.664062
0.222500	-19990.308594
0.223000	-20046.949219
0.223500	-20103.591797
0.224000	-20160.234375
0.224500	-20216.875000
0.225000	-20273.517578
0.225500	-20330.160156
0.226000	-20386.802734
0.226500	-20443.189453
0.227000	-20499.832031
0.227500	-20556.472656
0.228000	-20613.115234
0.228500	-20669.757812
0.229000	-20726.144531
0.229500	-20782.787109
0.230000	-20839.429688
0.230500	-20896.072266
0.231000	-20952.460938
0.231500	-21009.101562
0.232000	-21065.742188
0.232500	-21122.386719
0.233000	-21179.027344
0.233500	-21235.669922
0.234000	-21292.312500
0.234500	-21348.953125
0.235000	-21405.595703
0.235500	-21462.236328
0.236000	-21518.880859
0.236500	-21575.775391
0.237000	-21632.417969
0.237500	-21689.314453
0.238000	-21745.957031
0.238500	-21802.853516
0.239000	-21859.494141
0.239500	-21916.388672
0.240000	-21973.031250
0.240500	-22029.927734
0.241000	-22086.568359
0.241500	-22143.464844
0.242000	-22200.363281
0.242500	-22257.003906
0.243000	-22313.900391
0.243500	-22370.541016
0.244000	-22427.185547
0.244500	-22484.080078
0.245000	-22540.722656
0.245500	-22597.363281
0.246000	-22654.007812
0.246500	-22710.648438
0.247000	-22767.037109
0.247500	-22823.677734
0.248000	-22880.066406
0.248500	-22936.455078
0.249000	-22992.841797
0.249500	-23049.230469
0.250000	-23105.617188
0.250500	-23161.751953
0.251000	-23218.140625
0.251500	-23274.273438
0.252000	-23330.408203
0.252500	-23386.541016
0.253000	-23442.421875
0.253500	-23498.556641
0.254000	-23554.435547
0.254500	-23610.568359
0.255000	-23666.451172
0.255500	-23722.330078
0.256000	-23778.208984
0.256500	-23834.089844
0.257000	-23889.714844
0.257500	-23945.595703
0.258000	-24001.476562
0.258500	-24057.101562
0.259000	-24112.728516
0.259500	-24168.607422
0.260000	-24224.234375
0.260500	-24279.859375
0.261000	-24335.738281
0.261500	-24391.365234
0.262000	-24446.990234
0.262500	-24502.617188
0.263000	-24558.242188
0.263500	-24613.869141
0.264000	-24669.494141
0.264500	-24725.123047
0.265000	-24780.748047
0.265500	-24836.375000
0.266000	-24891.744141
0.266500	-24947.373047
0.267000	-25002.998047
0.267500	-25058.625000
0.268000	-25113.994141
0.268500	-25169.623047
0.269000	-25225.248047
0.269500	-25280.619141
0.270000	-25336.244141
0.270500	-25391.873047
0.271000	-25448.261719
0.271500	-25501.599609
0.272000	-25557.480469
0.272500	-25613.359375
0.273000	-25669.238281
0.273500	-25725.119141
0.274000	-25781.000000
0.274500	-25836.878906
0.275000	-25890.218750
0.275500	-25946.099609
0.276000	-26001.980469
0.276500	-26057.859375
0.277000	-26113.738281
0.277500	-26167.078125
0.278000	-26222.958984
0.278500	-26278.839844
0.279000	-26334.720703
0.279500	-26390.599609
0.280000	-26443.939453
0.280500	-26499.820312
0.281000	-26555.701172
0.281500	-26611.578125
0.282000	-26664.919922
0.282500	-26720.800781
0.283000	-26776.677734
0.283500	-26832.560547
0.284000	-26885.900391
0.284500	-26941.777344
0.285000	-26997.660156
0.285500	-27053.539062
0.286000	-27109.419922
0.286500	-27162.759766
0.287000	-27218.638672
0.287500	-27274.521484
0.288000	-27330.400391
0.288500	-27383.740234
0.289000	-27439.621094
0.289500	-27495.500000
0.290000	-27548.839844
0.290500	-27604.720703
0.291000	-27660.599609
0.291500	-27716.478516
0.292000	-27769.820312
0.292500	-27825.699219
0.293000	-27881.578125
0.293500	-27934.921875
0.294000	-27990.798828
0.294500	-28046.677734
0.295000	-28102.560547
0.295500	-28155.898438
0.296000	-28211.779297
0.296500	-28267.660156
0.297000	-28321.000000
0.297500	-28376.878906
0.298000	-28432.759766
0.298500	-28488.640625
