0.000000	0.015580
0.000500	-0.041329
0.001000	0.014306
0.001500	-0.054402
0.002000	0.019198
0.002500	-0.003424
0.003000	0.006014
0.003500	-0.017250
0.004000	-0.064140
0.004500	-0.038806
0.005000	-0.007013
0.005500	-0.016692
0.006000	-0.014947
0.006500	-0.040792
0.007000	-0.061557
0.007500	-0.041044
0.008000	-0.021862
0.008500	-0.040150
0.009000	-0.020052
0.009500	-0.074507
0.010000	-0.056028
0.010500	-0.059477
0.011000	-0.040727
0.011500	-0.034029
0.012000	-0.049831
0.012500	-0.065166
0.013000	-0.030282
0.013500	-0.031132
0.014000	0.005429
0.014500	0.004558
0.015000	0.018187
0.015500	0.009651
0.016000	-0.034944
0.016500	-0.005301
0.017000	0.039378
0.017500	-0.017395
0.018000	0.040161
0.018500	0.025752
0.019000	-0.015916
0.019500	0.024266
0.020000	0.040643
0.020500	0.018189
0.021000	0.074857
0.021500	0.034544
0.022000	0.070715
0.022500	0.082445
0.023000	0.072993
0.023500	0.086465
0.024000	0.053117
0.024500	0.091237
0.025000	0.089068
0.025500	0.088472
0.026000	0.083904
0.026500	0.071912
0.027000	0.009955
0.027500	0.037742
0.028000	0.026908
0.028500	-0.014333
0.029000	-0.027738
0.029500	-0.019540
0.030000	-0.051135
0.030500	-0.032895
0.031000	-0.042323
0.031500	-0.090959
0.032000	-0.061676
0.032500	-0.136000
0.033000	-0.133440
0.033500	-0.053725
0.034000	-0.033027
0.034500	-0.004196
0.035000	-0.015659
0.035500	-0.018403
0.036000	-0.012422
0.036500	0.050974
0.037000	0.066576
0.037500	0.092353
0.038000	0.093150
0.038500	0.107810
0.039000	0.120160
0.039500	0.102640
0.040000	0.071875
0.040500	0.080920
0.041000	0.116540
0.041500	0.066253
0.042000	0.092656
0.042500	0.068321
0.043000	0.055849
0.043500	0.044628
0.044000	0.057639
0.044500	0.054511
0.045000	0.045187
0.045500	0.050347
0.046000	0.030581
0.046500	0.000162
0.047000	0.049467
0.047500	0.047801
0.048000	0.004027
0.048500	0.007623
0.049000	-0.044968
0.049500	-0.016301
0.050000	-0.020495
0.050500	-0.046065
0.051000	-0.088119
0.051500	-0.077804
0.052000	-0.127250
0.052500	-0.160430
0.053000	-0.230000
0.053500	-0.394470
0.054000	-0.514700
0.054500	-0.678440
0.055000	-0.873340
0.055500	-1.079600
0.056000	-1.298000
0.056500	-1.535500
0.057000	-1.690100
0.057500	-1.914000
0.058000	-2.069700
0.058500	-2.211200
0.059000	-2.243500
0.059500	-2.293400
0.060000	-2.297400
0.060500	-2.175100
0.061000	-2.014800
0.061500	-1.714500
0.062000	-1.357100
0.062500	-0.982620
0.063000	-0.487990
0.063500	-0.098346
0.064000	0.319930
0.064500	0.733740
0.065000	1.140400
0.065500	1.460800
0.066000	1.768400
0.066500	2.132900
0.067000	2.537400
0.067500	3.022500
0.068000	3.535600
0.068500	4.043000
0.069000	4.566200
0.069500	4.967300
0.070000	5.183100
0.070500	5.205600
0.071000	5.253300
0.071500	5.085400
0.072000	4.867400
0.072500	4.597200
0.073000	4.317200
0.073500	4.048800
0.074000	3.712100
0.074500	3.372600
0.075000	3.147900
0.075500	2.918500
0.076000	2.873300
0.076500	2.925000
0.077000	3.117300
0.077500	3.428900
0.078000	3.841800
0.078500	4.185300
0.079000	4.626200
0.079500	4.951900
0.080000	5.458200
0.080500	6.017700
0.081000	6.493600
0.081500	6.905200
0.082000	7.009100
0.082500	6.885400
0.083000	6.434900
0.083500	5.597000
0.084000	4.581000
0.084500	3.169500
0.085000	1.474900
0.085500	-0.560480
0.086000	-2.710100
0.086500	-4.843700
0.087000	-6.951200
0.087500	-8.763900
0.088000	-10.275000
0.088500	-11.398000
0.089000	-12.385000
0.089500	-13.046000
0.090000	-13.406000
0.090500	-13.396000
0.091000	-13.092000
0.091500	-12.354000
0.092000	-11.090000
0.092500	-8.993600
0.093000	-5.911200
0.093500	-1.720200
0.094000	3.863200
0.094500	10.828000
0.095000	18.204000
0.095500	26.018999
0.096000	32.834999
0.096500	38.536999
0.097000	42.033001
0.097500	43.069000
0.098000	41.271999
0.098500	36.768002
0.099000	29.858000
0.099500	20.874001
0.100000	10.444000
0.100500	-0.462160
0.101000	-11.067000
0.101500	-20.888000
0.102000	-29.207001
0.102500	-35.798000
0.103000	-40.589001
0.103500	-43.452999
0.104000	-44.457001
0.104500	-43.981998
0.105000	-42.153999
0.105500	-39.285999
0.106000	-35.588001
0.106500	-31.305000
0.107000	-26.419001
0.107500	-20.985001
0.108000	-15.334000
0.108500	-9.613800
0.109000	-3.994700
0.109500	1.236500
0.110000	6.139700
0.110500	10.418000
0.111000	14.258000
0.111500	17.450001
0.112000	20.049999
0.112500	21.975000
0.113000	23.302000
0.113500	24.150999
0.114000	24.458000
0.114500	24.382000
0.115000	23.579000
0.115500	22.134001
0.116000	20.257999
0.116500	17.889000
0.117000	15.348000
0.117500	12.791000
0.118000	10.408000
0.118500	8.520600
0.119000	6.957300
0.119500	6.046200
0.120000	5.493100
0.120500	5.297100
0.121000	5.234500
0.121500	5.093500
0.122000	4.796200
0.122500	4.156600
0.123000	3.336400
0.123500	2.242400
0.124000	0.939240
0.124500	-0.563690
0.125000	-2.210000
0.125500	-3.753700
0.126000	-5.279800
0.126500	-6.542900
0.127000	-7.652800
0.127500	-8.504600
0.128000	-9.167100
0.128500	-9.655500
0.129000	-9.879400
0.129500	-10.028000
0.130000	-10.169000
0.130500	-10.346000
0.131000	-10.691000
0.131500	-11.136000
0.132000	-11.571000
0.132500	-12.110000
0.133000	-12.703000
0.133500	-13.165000
0.134000	-13.416000
0.134500	-13.665000
0.135000	-13.675000
0.135500	-13.656000
0.136000	-13.478000
0.136500	-13.167000
0.137000	-12.662000
0.137500	-11.920000
0.138000	-11.034000
0.138500	-9.995800
0.139000	-8.993000
0.139500	-8.007400
0.140000	-7.115900
0.140500	-6.354000
0.141000	-5.826300
0.141500	-5.405400
0.142000	-4.965400
0.142500	-4.657900
0.143000	-4.221200
0.143500	-3.669000
0.144000	-3.061900
0.144500	-2.265300
0.145000	-1.372600
0.145500	-0.429160
0.146000	0.525450
0.146500	1.541800
0.147000	2.489800
0.147500	3.414300
0.148000	4.350300
0.148500	5.195900
0.149000	6.004100
0.149500	6.660500
0.150000	7.174700
0.150500	7.611700
0.151000	7.976100
0.151500	8.320100
0.152000	8.657100
0.152500	9.051400
0.153000	9.355100
0.153500	9.804800
0.154000	10.308000
0.154500	10.764000
0.155000	11.314000
0.155500	11.821000
0.156000	12.296000
0.156500	12.667000
0.157000	12.899000
0.157500	13.038000
0.158000	13.016000
0.158500	12.912000
0.159000	12.782000
0.159500	12.665000
0.160000	12.539000
0.160500	12.376000
0.161000	12.221000
0.161500	11.890000
0.162000	11.719000
0.162500	11.309000
0.163000	10.998000
0.163500	10.409000
0.164000	9.765000
0.164500	8.663500
0.165000	7.370300
0.165500	5.942000
0.166000	4.603300
0.166500	3.229600
0.167000	2.208100
0.167500	1.252600
0.168000	0.348300
0.168500	-0.325360
0.169000	-0.959060
0.169500	-1.789800
0.170000	-2.454500
0.170500	-3.365100
0.171000	-4.298900
0.171500	-5.249700
0.172000	-6.101400
0.172500	-6.859200
0.173000	-7.395400
0.173500	-7.901300
0.174000	-8.249600
0.174500	-8.535500
0.175000	-8.806200
0.175500	-8.957300
0.176000	-9.013600
0.176500	-9.065200
0.177000	-9.077400
0.177500	-9.110100
0.178000	-9.126300
0.178500	-9.180900
0.179000	-9.268400
0.179500	-9.362200
0.180000	-9.432900
0.180500	-9.548300
0.181000	-9.732300
0.181500	-9.909200
0.182000	-10.078000
0.182500	-10.115000
0.183000	-9.961900
0.183500	-9.669500
0.184000	-8.977600
0.184500	-8.245300
0.185000	-7.470100
0.185500	-6.684200
0.186000	-6.080000
0.186500	-5.567600
0.187000	-5.242600
0.187500	-5.031100
0.188000	-4.929200
0.188500	-4.771800
0.189000	-4.402200
0.189500	-4.008000
0.190000	-3.373000
0.190500	-2.420700
0.191000	-1.429800
0.191500	-0.318440
0.192000	1.044200
0.192500	2.332600
0.193000	3.688900
0.193500	4.989300
0.194000	6.344700
0.194500	7.608800
0.195000	8.731800
0.195500	9.743800
0.196000	10.509000
0.196500	11.038000
0.197000	11.330000
0.197500	11.298000
0.198000	11.093000
0.198500	10.699000
0.199000	10.215000
0.199500	9.715300
0.200000	9.223300
0.200500	8.739400
0.201000	8.463300
0.201500	8.227900
0.202000	8.009400
0.202500	7.714600
0.203000	7.374300
0.203500	6.843000
0.204000	6.305300
0.204500	5.530400
0.205000	4.741200
0.205500	3.913000
0.206000	3.069600
0.206500	2.185900
0.207000	1.326100
0.207500	0.462080
0.208000	-0.225990
0.208500	-0.879420
0.209000	-1.405800
0.209500	-1.887800
0.210000	-2.337000
0.210500	-2.719200
0.211000	-3.018600
0.211500	-3.450600
0.212000	-3.754000
0.212500	-4.099300
0.213000	-4.384400
0.213500	-4.680600
0.214000	-5.001500
0.214500	-5.158800
0.215000	-5.277000
0.215500	-5.396000
0.216000	-5.320700
0.216500	-5.144800
0.217000	-4.967800
0.217500	-4.726000
0.218000	-4.441200
0.218500	-4.097900
0.219000	-3.786000
0.219500	-3.470500
0.220000	-3.198600
0.220500	-2.868700
0.221000	-2.613800
0.221500	-2.493500
0.222000	-2.374000
0.222500	-2.293300
0.223000	-2.199700
0.223500	-2.041900
0.224000	-1.705000
0.224500	-1.212700
0.225000	-0.527270
0.225500	0.272170
0.226000	1.160000
0.226500	2.083400
0.227000	3.008500
0.227500	3.921700
0.228000	4.777100
0.228500	5.571500
0.229000	6.244700
0.229500	6.782700
0.230000	7.157900
0.230500	7.204900
0.231000	7.064000
0.231500	6.720300
0.232000	6.286000
0.232500	5.663500
0.233000	5.006200
0.233500	4.484400
0.234000	3.894500
0.234500	3.491500
0.235000	3.134500
0.235500	2.788400
0.236000	2.447500
0.236500	2.063700
0.237000	1.645500
0.237500	1.257900
0.238000	0.683490
0.238500	0.208220
0.239000	-0.245000
0.239500	-0.760330
0.240000	-1.147400
0.240500	-1.475800
0.241000	-1.870500
0.241500	-2.115800
0.242000	-2.431900
0.242500	-2.735700
0.243000	-2.900500
0.243500	-3.031600
0.244000	-3.106500
0.244500	-3.009000
0.245000	-2.813800
0.245500	-2.645200
0.246000	-2.510600
0.246500	-2.303700
0.247000	-2.213800
0.247500	-2.056400
0.248000	-1.925300
0.248500	-1.826300
0.249000	-1.663900
0.249500	-1.417600
0.250000	-1.155700
0.250500	-0.849710
0.251000	-0.479540
0.251500	-0.059570
0.252000	0.374310
0.252500	0.714330
0.253000	1.038100
0.253500	1.336500
0.254000	1.546000
0.254500	1.810700
0.255000	1.909200
0.255500	2.038300
0.256000	2.109000
0.256500	2.190300
0.257000	2.158400
0.257500	2.098200
0.258000	1.887600
0.258500	1.721500
0.259000	1.409600
0.259500	1.101100
0.260000	0.704140
0.260500	0.336680
0.261000	-0.069353
0.261500	-0.402260
0.262000	-0.660300
0.262500	-0.904950
0.263000	-1.014500
0.263500	-1.034200
0.264000	-0.927810
0.264500	-0.758520
0.265000	-0.519040
0.265500	-0.286530
0.266000	-0.200320
0.266500	-0.025672
0.267000	0.016008
0.267500	0.063792
0.268000	0.075133
0.268500	0.148010
0.269000	0.169420
0.269500	0.188140
0.270000	0.260950
0.270500	0.267810
0.271000	0.304150
0.271500	0.254180
0.272000	0.222590
0.272500	0.088265
0.273000	-0.047020
0.273500	-0.287480
0.274000	-0.562720
0.274500	-0.746650
0.275000	-0.994530
0.275500	-1.074200
0.276000	-1.194100
0.276500	-1.235600
0.277000	-1.156800
0.277500	-1.033500
0.278000	-0.927490
0.278500	-0.682410
0.279000	-0.500250
0.279500	-0.280000
0.280000	-0.038501
0.280500	0.170780
0.281000	0.298760
0.281500	0.445800
0.282000	0.590740
0.282500	0.634390
0.283000	0.672380
0.283500	0.644510
0.284000	0.528930
0.284500	0.325400
0.285000	0.065078
0.285500	-0.261890
0.286000	-0.672480
0.286500	-0.998240
0.287000	-1.314500
0.287500	-1.467900
0.288000	-1.588500
0.288500	-1.626900
0.289000	-1.476700
0.289500	-1.340100
0.290000	-1.080600
0.290500	-0.790600
0.291000	-0.514530
0.291500	-0.246540
0.292000	0.059656
0.292500	0.247110
0.293000	0.453290
0.293500	0.542520
0.294000	0.613820
0.294500	0.605890
0.295000	0.476640
0.295500	0.250570
0.296000	0.075508
0.296500	-0.188300
0.297000	-0.481990
0.297500	-0.730850
0.298000	-0.866620
0.298500	-1.067100
