0.000000	-0.047258
0.000500	-0.047258
0.001000	-0.047258
0.001500	-0.047258
0.002000	-0.047258
0.002500	-0.047258
0.003000	-0.047258
0.003500	-0.047258
0.004000	-0.052267
0.004500	-0.077044
0.005000	-0.101540
0.005500	-0.125940
0.006000	-0.150440
0.006500	-0.175290
0.007000	-0.199840
0.007500	-0.223180
0.008000	-0.244370
0.008500	-0.242620
0.009000	-0.208140
0.009500	-0.156510
0.010000	-0.103300
0.010500	-0.054142
0.011000	0.000727
0.011500	0.055236
0.012000	0.102760
0.012500	0.139150
0.013000	0.166070
0.013500	0.182780
0.014000	0.188440
0.014500	0.183790
0.015000	0.175650
0.015500	0.166620
0.016000	0.158700
0.016500	0.153200
0.017000	0.148590
0.017500	0.144740
0.018000	0.141750
0.018500	0.141590
0.019000	0.156990
0.019500	0.179190
0.020000	0.194480
0.020500	0.189720
0.021000	0.173810
0.021500	0.155450
0.022000	0.135640
0.022500	0.115340
0.023000	0.094072
0.023500	0.072156
0.024000	0.050639
0.024500	0.030570
0.025000	0.014921
0.025500	0.005604
0.026000	0.002076
0.026500	0.003798
0.027000	0.009935
0.027500	0.019203
0.028000	0.030387
0.028500	0.042271
0.029000	0.057509
0.029500	0.079502
0.030000	0.101100
0.030500	0.114870
0.031000	0.112710
0.031500	0.091110
0.032000	0.057459
0.032500	0.019869
0.033000	-0.017251
0.033500	-0.061383
0.034000	-0.106920
0.034500	-0.146650
0.035000	-0.173500
0.035500	-0.185180
0.036000	-0.184930
0.036500	-0.176300
0.037000	-0.162850
0.037500	-0.146970
0.038000	-0.128470
0.038500	-0.106810
0.039000	-0.081351
0.039500	-0.048038
0.040000	-0.010024
0.040500	0.026288
0.041000	0.054680
0.041500	0.076069
0.042000	0.091541
0.042500	0.099767
0.043000	0.099419
0.043500	0.093298
0.044000	0.085354
0.044500	0.075984
0.045000	0.065585
0.045500	0.052746
0.046000	0.036421
0.046500	0.021113
0.047000	0.011464
0.047500	0.010613
0.048000	0.016181
0.048500	0.025505
0.049000	0.035968
0.049500	0.044956
0.050000	0.052435
0.050500	0.061663
0.051000	0.076060
0.051500	0.098681
0.052000	0.127590
0.052500	0.159600
0.053000	0.191960
0.053500	0.221980
0.054000	0.249140
0.054500	0.275490
0.055000	0.303230
0.055500	0.335100
0.056000	0.388050
0.056500	0.460960
0.057000	0.542560
0.057500	0.622190
0.058000	0.709710
0.058500	0.805090
0.059000	0.898360
0.059500	0.979550
0.060000	1.037200
0.060500	1.066000
0.061000	1.065300
0.061500	1.034600
0.062000	0.987210
0.062500	0.936960
0.063000	0.884060
0.063500	0.828680
0.064000	0.770730
0.064500	0.710770
0.065000	0.650690
0.065500	0.592410
0.066000	0.539830
0.066500	0.497760
0.067000	0.466120
0.067500	0.444650
0.068000	0.434720
0.068500	0.441350
0.069000	0.462000
0.069500	0.493310
0.070000	0.533280
0.070500	0.588280
0.071000	0.650160
0.071500	0.707260
0.072000	0.749440
0.072500	0.781890
0.073000	0.803720
0.073500	0.811020
0.074000	0.800070
0.074500	0.774940
0.075000	0.740730
0.075500	0.700130
0.076000	0.656040
0.076500	0.614900
0.077000	0.571280
0.077500	0.515140
0.078000	0.436400
0.078500	0.339130
0.079000	0.236600
0.079500	0.132530
0.080000	0.030665
0.080500	-0.069771
0.081000	-0.170260
0.081500	-0.268120
0.082000	-0.360660
0.082500	-0.436840
0.083000	-0.485330
0.083500	-0.518710
0.084000	-0.550200
0.084500	-0.581880
0.085000	-0.602860
0.085500	-0.623560
0.086000	-0.655060
0.086500	-0.709480
0.087000	-0.793430
0.087500	-0.898740
0.088000	-1.016300
0.088500	-1.138900
0.089000	-1.275900
0.089500	-1.419600
0.090000	-1.557600
0.090500	-1.676400
0.091000	-1.763200
0.091500	-1.834900
0.092000	-1.913100
0.092500	-2.018800
0.093000	-2.146800
0.093500	-2.291300
0.094000	-2.455400
0.094500	-2.642000
0.095000	-2.841100
0.095500	-3.045500
0.096000	-3.253300
0.096500	-3.462600
0.097000	-3.680400
0.097500	-3.907600
0.098000	-4.133200
0.098500	-4.346100
0.099000	-4.512900
0.099500	-4.620100
0.100000	-4.686300
0.100500	-4.730100
0.101000	-4.761200
0.101500	-4.770300
0.102000	-4.757900
0.102500	-4.725200
0.103000	-4.655800
0.103500	-4.535500
0.104000	-4.401600
0.104500	-4.292900
0.105000	-4.241800
0.105500	-4.242200
0.106000	-4.286000
0.106500	-4.366400
0.107000	-4.486800
0.107500	-4.709500
0.108000	-4.980400
0.108500	-5.218700
0.109000	-5.355300
0.109500	-5.439800
0.110000	-5.474700
0.110500	-5.439300
0.111000	-5.314700
0.111500	-5.150000
0.112000	-4.979900
0.112500	-4.811400
0.113000	-4.651400
0.113500	-4.496200
0.114000	-4.341700
0.114500	-4.187800
0.115000	-4.034300
0.115500	-3.879100
0.116000	-3.731600
0.116500	-3.608200
0.117000	-3.525600
0.117500	-3.564200
0.118000	-3.749000
0.118500	-4.014000
0.119000	-4.292800
0.119500	-4.571100
0.120000	-4.895300
0.120500	-5.214000
0.121000	-5.472900
0.121500	-5.637600
0.122000	-5.734100
0.122500	-5.779700
0.123000	-5.791300
0.123500	-5.789600
0.124000	-5.787500
0.124500	-5.757300
0.125000	-5.668100
0.125500	-5.507800
0.126000	-5.336600
0.126500	-5.163900
0.127000	-4.991800
0.127500	-4.821900
0.128000	-4.652400
0.128500	-4.483800
0.129000	-4.317300
0.129500	-4.158800
0.130000	-4.046400
0.130500	-3.976700
0.131000	-3.935200
0.131500	-3.907300
0.132000	-3.885400
0.132500	-3.871300
0.133000	-3.867400
0.133500	-3.876000
0.134000	-3.900500
0.134500	-3.934500
0.135000	-3.965800
0.135500	-3.982200
0.136000	-3.982500
0.136500	-3.977300
0.137000	-3.971600
0.137500	-3.970700
0.138000	-3.976100
0.138500	-3.983500
0.139000	-3.993300
0.139500	-4.006000
0.140000	-4.024900
0.140500	-4.052000
0.141000	-4.081500
0.141500	-4.107600
0.142000	-4.125300
0.142500	-4.135800
0.143000	-4.139500
0.143500	-4.136000
0.144000	-4.123200
0.144500	-4.096500
0.145000	-4.064400
0.145500	-4.036300
0.146000	-4.021100
0.146500	-4.015200
0.147000	-4.014200
0.147500	-4.015500
0.148000	-4.014600
0.148500	-4.003100
0.149000	-4.001800
0.149500	-4.036600
0.150000	-4.133200
0.150500	-4.297200
0.151000	-4.501500
0.151500	-4.716500
0.152000	-4.913700
0.152500	-5.100300
0.153000	-5.282500
0.153500	-5.453800
0.154000	-5.607700
0.154500	-5.646300
0.155000	-5.512200
0.155500	-5.259700
0.156000	-4.943200
0.156500	-4.610000
0.157000	-4.270400
0.157500	-3.922600
0.158000	-3.564900
0.158500	-3.193700
0.159000	-2.810300
0.159500	-2.426300
0.160000	-2.053500
0.160500	-1.705400
0.161000	-1.395900
0.161500	-1.124200
0.162000	-0.888160
0.162500	-0.682940
0.163000	-0.495250
0.163500	-0.322200
0.164000	-0.162100
0.164500	-0.013034
0.165000	0.127970
0.165500	0.260020
0.166000	0.381410
0.166500	0.485170
0.167000	0.536150
0.167500	0.565140
0.168000	0.617610
0.168500	0.736950
0.169000	0.888360
0.169500	1.042200
0.170000	1.197300
0.170500	1.352700
0.171000	1.510800
0.171500	1.670400
0.172000	1.828400
0.172500	1.981700
0.173000	2.092400
0.173500	2.141000
0.174000	2.151500
0.174500	2.148300
0.175000	2.145400
0.175500	2.139300
0.176000	2.127500
0.176500	2.107700
0.177000	2.077000
0.177500	2.038200
0.178000	1.999800
0.178500	1.970600
0.179000	1.955100
0.179500	1.946500
0.180000	1.939500
0.180500	1.929300
0.181000	1.912300
0.181500	1.892400
0.182000	1.870500
0.182500	1.846900
0.183000	1.818600
0.183500	1.777200
0.184000	1.732900
0.184500	1.697700
0.185000	1.682600
0.185500	1.681900
0.186000	1.687200
0.186500	1.691200
0.187000	1.688000
0.187500	1.681500
0.188000	1.674200
0.188500	1.667300
0.189000	1.661700
0.189500	1.658200
0.190000	1.658200
0.190500	1.663500
0.191000	1.676300
0.191500	1.708000
0.192000	1.753200
0.192500	1.798700
0.193000	1.831200
0.193500	1.852500
0.194000	1.873600
0.194500	1.894300
0.195000	1.914700
0.195500	1.934400
0.196000	1.953600
0.196500	1.972700
0.197000	1.992400
0.197500	2.017600
0.198000	2.053900
0.198500	2.094500
0.199000	2.132300
0.199500	2.163300
0.200000	2.187300
0.200500	2.199800
0.201000	2.195700
0.201500	2.167900
0.202000	2.108000
0.202500	2.022900
0.203000	1.920500
0.203500	1.808300
0.204000	1.688700
0.204500	1.566500
0.205000	1.447700
0.205500	1.336900
0.206000	1.226900
0.206500	1.120700
0.207000	1.024300
0.207500	0.942210
0.208000	0.866090
0.208500	0.791630
0.209000	0.717000
0.209500	0.640420
0.210000	0.562380
0.210500	0.483950
0.211000	0.405550
0.211500	0.327530
0.212000	0.248260
0.212500	0.172440
0.213000	0.107200
0.213500	0.059533
0.214000	0.028150
0.214500	0.006589
0.215000	-0.010258
0.215500	-0.027499
0.216000	-0.044359
0.216500	-0.058715
0.217000	-0.073638
0.217500	-0.092203
0.218000	-0.124400
0.218500	-0.178280
0.219000	-0.240340
0.219500	-0.296480
0.220000	-0.340310
0.220500	-0.377740
0.221000	-0.402920
0.221500	-0.409570
0.222000	-0.390530
0.222500	-0.341390
0.223000	-0.268020
0.223500	-0.176990
0.224000	-0.076222
0.224500	0.025788
0.225000	0.129870
0.225500	0.237660
0.226000	0.350330
0.226500	0.464550
0.227000	0.579370
0.227500	0.694810
0.228000	0.811240
0.228500	0.930850
0.229000	1.052400
0.229500	1.173800
0.230000	1.293000
0.230500	1.407300
0.231000	1.508500
0.231500	1.587200
0.232000	1.634300
0.232500	1.660800
0.233000	1.676800
0.233500	1.685300
0.234000	1.689500
0.234500	1.692400
0.235000	1.695300
0.235500	1.698200
0.236000	1.701100
0.236500	1.704100
0.237000	1.707100
0.237500	1.710200
0.238000	1.713700
0.238500	1.729800
0.239000	1.777000
0.239500	1.844800
0.240000	1.921500
0.240500	1.999400
0.241000	2.079900
0.241500	2.161000
0.242000	2.240700
0.242500	2.317100
0.243000	2.390700
0.243500	2.462000
0.244000	2.531700
0.244500	2.600200
0.245000	2.662000
0.245500	2.705200
0.246000	2.717900
0.246500	2.691100
0.247000	2.647600
0.247500	2.597100
0.248000	2.543100
0.248500	2.489700
0.249000	2.441100
0.249500	2.390600
0.250000	2.329600
0.250500	2.250200
0.251000	2.154000
0.251500	2.048800
0.252000	1.942000
0.252500	1.840800
0.253000	1.742600
0.253500	1.645700
0.254000	1.551700
0.254500	1.462700
0.255000	1.392200
0.255500	1.340400
0.256000	1.300300
0.256500	1.264400
0.257000	1.235600
0.257500	1.216000
0.258000	1.197700
0.258500	1.173000
0.259000	1.140600
0.259500	1.097800
0.260000	1.034100
0.260500	0.938980
0.261000	0.800580
0.261500	0.624760
0.262000	0.435680
0.262500	0.257810
0.263000	0.100570
0.263500	-0.052442
0.264000	-0.195860
0.264500	-0.323530
0.265000	-0.425870
0.265500	-0.488650
0.266000	-0.517800
0.266500	-0.521130
0.267000	-0.508210
0.267500	-0.489280
0.268000	-0.462080
0.268500	-0.423270
0.269000	-0.370520
0.269500	-0.311280
0.270000	-0.248520
0.270500	-0.183160
0.271000	-0.116280
0.271500	-0.047848
0.272000	0.027194
0.272500	0.114570
0.273000	0.220990
0.273500	0.375400
0.274000	0.567310
0.274500	0.767090
0.275000	0.944590
0.275500	1.070800
0.276000	1.174300
0.276500	1.300300
0.277000	1.493700
0.277500	1.797100
0.278000	2.184700
0.278500	2.599900
0.279000	2.985800
0.279500	3.365100
0.280000	3.755500
0.280500	4.093000
0.281000	4.313600
0.281500	4.382500
0.282000	4.359500
0.282500	4.299500
0.283000	4.255900
0.283500	4.259000
0.284000	4.276300
0.284500	4.291700
0.285000	4.289700
0.285500	4.239200
0.286000	4.107500
0.286500	3.905800
0.287000	3.646700
0.287500	3.341300
0.288000	3.003600
0.288500	2.658800
0.289000	2.332800
0.289500	2.041200
0.290000	1.755100
0.290500	1.470200
0.291000	1.186200
0.291500	0.902830
0.292000	0.620570
0.292500	0.342250
0.293000	0.071110
0.293500	-0.181760
0.294000	-0.350480
0.294500	-0.444300
0.295000	-0.492140
0.295500	-0.522680
0.296000	-0.549130
0.296500	-0.566440
0.297000	-0.569620
0.297500	-0.554110
0.298000	-0.528870
0.298500	-0.497430
0.299000	-0.457100
0.299500	-0.405180
0.300000	-0.341400
0.300500	-0.268360
0.301000	-0.187710
0.301500	-0.101050
0.302000	0.002079
0.302500	0.122870
0.303000	0.245760
0.303500	0.355190
0.304000	0.439880
0.304500	0.500260
0.305000	0.534190
0.305500	0.539360
0.306000	0.519800
0.306500	0.486690
0.307000	0.438790
0.307500	0.374460
0.308000	0.295220
0.308500	0.213060
0.309000	0.129210
0.309500	0.043564
0.310000	-0.044987
0.310500	-0.138650
0.311000	-0.233680
0.311500	-0.325780
0.312000	-0.409540
0.312500	-0.472820
0.313000	-0.515880
0.313500	-0.541950
0.314000	-0.554640
0.314500	-0.560210
0.315000	-0.560690
0.315500	-0.557060
0.316000	-0.550160
0.316500	-0.539630
0.317000	-0.525340
0.317500	-0.507390
0.318000	-0.484930
0.318500	-0.433940
0.319000	-0.361760
0.319500	-0.292870
0.320000	-0.251210
0.320500	-0.237430
0.321000	-0.244680
0.321500	-0.272010
0.322000	-0.318430
0.322500	-0.387640
0.323000	-0.473820
0.323500	-0.561780
0.324000	-0.636320
0.324500	-0.694910
0.325000	-0.742650
0.325500	-0.775820
0.326000	-0.790670
0.326500	-0.779690
0.327000	-0.735310
0.327500	-0.660880
0.328000	-0.560050
0.328500	-0.435760
0.329000	-0.294920
0.329500	-0.149660
0.330000	-0.012255
0.330500	0.110550
0.331000	0.229400
0.331500	0.335140
0.332000	0.416200
0.332500	0.464190
0.333000	0.488190
0.333500	0.495170
0.334000	0.491160
0.334500	0.480770
0.335000	0.458850
0.335500	0.434290
0.336000	0.419650
0.336500	0.425290
0.337000	0.438760
0.337500	0.453930
0.338000	0.468720
0.338500	0.481140
0.339000	0.493190
0.339500	0.504920
0.340000	0.514470
0.340500	0.519960
0.341000	0.520020
0.341500	0.516240
0.342000	0.510820
0.342500	0.505830
0.343000	0.498000
0.343500	0.487970
0.344000	0.479300
0.344500	0.475550
0.345000	0.488790
0.345500	0.520220
0.346000	0.557180
0.346500	0.587040
0.347000	0.615040
0.347500	0.644290
0.348000	0.658960
0.348500	0.643240
0.349000	0.596370
0.349500	0.543430
0.350000	0.487640
0.350500	0.431410
0.351000	0.375580
0.351500	0.318730
0.352000	0.262030
0.352500	0.206720
0.353000	0.156960
0.353500	0.123340
0.354000	0.102630
0.354500	0.090190
0.355000	0.082827
0.355500	0.081753
0.356000	0.082351
0.356500	0.079326
0.357000	0.069096
0.357500	0.055874
0.358000	0.040754
0.358500	0.024219
0.359000	0.005273
0.359500	-0.025486
0.360000	-0.059860
0.360500	-0.085609
0.361000	-0.091586
0.361500	-0.081972
0.362000	-0.065127
0.362500	-0.048110
0.363000	-0.037773
0.363500	-0.032395
0.364000	-0.028148
0.364500	-0.023551
0.365000	-0.017191
0.365500	-0.009172
0.366000	0.003257
0.366500	0.024202
0.367000	0.057766
0.367500	0.105200
0.368000	0.162150
0.368500	0.224330
0.369000	0.287450
0.369500	0.352460
0.370000	0.420930
0.370500	0.489480
0.371000	0.554770
0.371500	0.610700
0.372000	0.650710
0.372500	0.675670
0.373000	0.686640
0.373500	0.685430
0.374000	0.673090
0.374500	0.647910
0.375000	0.608130
0.375500	0.557040
0.376000	0.504400
0.376500	0.450720
0.377000	0.396220
0.377500	0.340300
0.378000	0.281070
0.378500	0.221440
0.379000	0.164800
0.379500	0.117660
0.380000	0.092617
0.380500	0.085750
0.381000	0.091497
0.381500	0.104420
0.382000	0.121090
0.382500	0.139100
0.383000	0.155980
0.383500	0.168920
0.384000	0.175510
0.384500	0.181020
0.385000	0.191940
0.385500	0.214430
0.386000	0.242050
0.386500	0.269870
0.387000	0.297780
0.387500	0.325670
0.388000	0.353580
0.388500	0.381520
0.389000	0.409460
0.389500	0.437230
0.390000	0.460570
0.390500	0.476240
0.391000	0.482730
0.391500	0.478510
0.392000	0.462780
0.392500	0.437680
0.393000	0.406060
0.393500	0.370750
0.394000	0.330450
0.394500	0.285860
0.395000	0.242840
0.395500	0.207280
0.396000	0.180490
0.396500	0.155770
0.397000	0.132830
0.397500	0.111680
0.398000	0.091710
0.398500	0.071798
0.399000	0.051953
0.399500	0.032220
0.400000	0.012649
0.400500	-0.006762
0.401000	-0.026077
0.401500	-0.045364
0.402000	-0.064724
0.402500	-0.083491
0.403000	-0.099781
0.403500	-0.111650
0.404000	-0.110250
0.404500	-0.087839
0.405000	-0.057509
0.405500	-0.032887
0.406000	-0.019673
0.406500	-0.008467
0.407000	-0.000104
0.407500	0.004167
0.408000	0.003238
0.408500	-0.003624
0.409000	-0.017242
0.409500	-0.038445
0.410000	-0.067129
0.410500	-0.099510
0.411000	-0.134230
0.411500	-0.170300
0.412000	-0.208000
0.412500	-0.250310
0.413000	-0.293940
0.413500	-0.334930
0.414000	-0.368760
0.414500	-0.387930
0.415000	-0.392580
0.415500	-0.384510
0.416000	-0.366200
0.416500	-0.344780
0.417000	-0.321590
0.417500	-0.296320
0.418000	-0.268710
0.418500	-0.239200
0.419000	-0.208900
0.419500	-0.178550
0.420000	-0.148840
0.420500	-0.117910
0.421000	-0.085215
0.421500	-0.058937
0.422000	-0.047453
0.422500	-0.050544
0.423000	-0.054292
0.423500	-0.058121
0.424000	-0.061936
0.424500	-0.065655
0.425000	-0.069317
0.425500	-0.072981
0.426000	-0.076708
0.426500	-0.083780
0.427000	-0.104820
0.427500	-0.135170
0.428000	-0.168580
0.428500	-0.200030
0.429000	-0.235380
0.429500	-0.273260
0.430000	-0.309670
0.430500	-0.340580
0.431000	-0.361450
0.431500	-0.368150
0.432000	-0.356700
0.432500	-0.324350
0.433000	-0.280790
0.433500	-0.230910
0.434000	-0.177190
0.434500	-0.121900
0.435000	-0.061252
0.435500	0.002816
0.436000	0.064654
0.436500	0.117820
0.437000	0.138330
0.437500	0.136270
0.438000	0.137690
0.438500	0.168650
0.439000	0.224280
0.439500	0.281510
0.440000	0.339000
0.440500	0.395430
0.441000	0.451130
0.441500	0.506580
0.442000	0.560720
0.442500	0.612460
0.443000	0.652180
0.443500	0.666290
0.444000	0.662490
0.444500	0.649080
0.445000	0.633060
0.445500	0.615410
0.446000	0.595720
0.446500	0.573650
0.447000	0.547630
0.447500	0.517370
0.448000	0.487100
0.448500	0.461190
0.449000	0.442960
0.449500	0.430580
0.450000	0.423350
0.450500	0.420870
0.451000	0.422030
0.451500	0.423590
0.452000	0.425200
0.452500	0.426840
0.453000	0.428460
0.453500	0.429940
0.454000	0.431550
0.454500	0.433590
0.455000	0.439880
0.455500	0.476810
0.456000	0.535430
0.456500	0.597870
0.457000	0.646910
0.457500	0.688820
0.458000	0.729400
0.458500	0.766220
0.459000	0.796820
0.459500	0.819290
0.460000	0.835280
0.460500	0.847290
0.461000	0.857720
0.461500	0.865710
0.462000	0.870250
0.462500	0.871410
0.463000	0.869280
0.463500	0.850940
0.464000	0.815770
0.464500	0.782300
0.465000	0.769060
0.465500	0.776010
0.466000	0.789300
0.466500	0.806660
0.467000	0.825860
0.467500	0.850760
0.468000	0.881600
0.468500	0.910750
0.469000	0.930560
0.469500	0.933780
0.470000	0.919970
0.470500	0.893150
0.471000	0.857390
0.471500	0.817020
0.472000	0.775130
0.472500	0.733060
0.473000	0.692130
0.473500	0.653140
0.474000	0.614880
0.474500	0.577250
0.475000	0.540370
0.475500	0.504640
0.476000	0.472000
0.476500	0.443950
0.477000	0.421830
0.477500	0.406870
0.478000	0.398140
0.478500	0.393680
0.479000	0.391690
0.479500	0.391180
0.480000	0.396480
0.480500	0.403270
0.481000	0.405090
0.481500	0.395800
0.482000	0.381050
0.482500	0.365560
0.483000	0.349630
0.483500	0.333590
0.484000	0.317530
0.484500	0.301430
0.485000	0.285310
0.485500	0.269150
0.486000	0.251250
0.486500	0.231980
0.487000	0.212880
0.487500	0.195470
0.488000	1052.000000
0.488500	3666.800049
0.489000	7032.000000
0.489500	10336.000000
0.490000	14802.000000
0.490500	20997.000000
0.491000	27123.000000
0.491500	31383.000000
0.492000	29927.000000
0.492500	20714.000000
0.493000	9143.099609
0.493500	792.859985
0.494000	-2051.800049
0.494500	-3413.500000
0.495000	-3099.399902
