0.000000	0.160290
0.000500	0.160290
0.001000	0.160290
0.001500	0.160290
0.002000	0.160290
0.002500	0.160290
0.003000	0.160290
0.003500	0.160290
0.004000	0.160260
0.004500	0.160140
0.005000	0.160030
0.005500	0.159930
0.006000	0.159850
0.006500	0.159770
0.007000	0.159710
0.007500	0.159650
0.008000	0.159610
0.008500	0.159570
0.009000	0.159540
0.009500	0.159520
0.010000	0.159530
0.010500	0.159550
0.011000	0.159600
0.011500	0.159650
0.012000	0.159710
0.012500	0.159780
0.013000	0.159840
0.013500	0.159920
0.014000	0.160010
0.014500	0.160130
0.015000	0.160250
0.015500	0.160390
0.016000	0.160520
0.016500	0.160660
0.017000	0.160800
0.017500	0.160940
0.018000	0.161080
0.018500	0.161210
0.019000	0.161330
0.019500	0.161420
0.020000	0.161500
0.020500	0.161540
0.021000	0.161560
0.021500	0.161540
0.022000	0.161500
0.022500	0.161440
0.023000	0.161360
0.023500	0.161280
0.024000	0.161190
0.024500	0.161120
0.025000	0.161050
0.025500	0.160990
0.026000	0.160950
0.026500	0.160940
0.027000	0.160960
0.027500	0.161000
0.028000	0.161030
0.028500	0.161070
0.029000	0.161090
0.029500	0.161120
0.030000	0.161140
0.030500	0.161160
0.031000	0.161170
0.031500	0.161160
0.032000	0.161120
0.032500	0.161070
0.033000	0.161020
0.033500	0.160960
0.034000	0.160900
0.034500	0.160840
0.035000	0.160770
0.035500	0.160690
0.036000	0.160620
0.036500	0.160540
0.037000	0.160470
0.037500	0.160410
0.038000	0.160350
0.038500	0.160320
0.039000	0.160290
0.039500	0.160290
0.040000	0.160310
0.040500	0.160330
0.041000	0.160370
0.041500	0.160410
0.042000	0.160450
0.042500	0.160500
0.043000	0.160540
0.043500	0.160560
0.044000	0.160570
0.044500	0.160570
0.045000	0.160540
0.045500	0.160500
0.046000	0.160440
0.046500	0.160380
0.047000	0.160310
0.047500	0.160220
0.048000	0.160140
0.048500	0.160050
0.049000	0.159970
0.049500	0.159890
0.050000	0.159820
0.050500	0.159760
0.051000	0.159700
0.051500	0.159640
0.052000	0.159620
0.052500	0.159610
0.053000	0.159630
0.053500	0.159660
0.054000	0.159710
0.054500	0.159800
0.055000	0.159940
0.055500	0.160140
0.056000	0.160360
0.056500	0.160580
0.057000	0.160820
0.057500	0.161050
0.058000	0.161290
0.058500	0.161530
0.059000	0.161770
0.059500	0.162010
0.060000	0.162260
0.060500	0.162500
0.061000	0.162750
0.061500	0.163000
0.062000	0.163230
0.062500	0.163440
0.063000	0.163650
0.063500	0.163840
0.064000	0.164020
0.064500	0.164170
0.065000	0.164290
0.065500	0.164400
0.066000	0.164480
0.066500	0.164520
0.067000	0.164520
0.067500	0.164490
0.068000	0.164440
0.068500	0.164340
0.069000	0.164200
0.069500	0.164020
0.070000	0.163800
0.070500	0.163540
0.071000	0.163240
0.071500	0.162920
0.072000	0.162580
0.072500	0.162200
0.073000	0.161790
0.073500	0.161330
0.074000	0.160840
0.074500	0.160250
0.075000	0.159550
0.075500	0.158770
0.076000	0.157930
0.076500	0.157010
0.077000	0.155980
0.077500	0.154810
0.078000	0.153500
0.078500	0.152050
0.079000	0.150470
0.079500	0.148790
0.080000	0.147020
0.080500	0.145220
0.081000	0.143400
0.081500	0.141470
0.082000	0.139360
0.082500	0.137080
0.083000	0.134790
0.083500	0.132490
0.084000	0.130200
0.084500	0.127930
0.085000	0.125650
0.085500	0.123380
0.086000	0.121100
0.086500	0.118820
0.087000	0.116530
0.087500	0.114220
0.088000	0.111880
0.088500	0.109500
0.089000	0.107020
0.089500	0.104470
0.090000	0.101880
0.090500	0.099313
0.091000	0.096763
0.091500	0.094176
0.092000	0.091490
0.092500	0.088644
0.093000	0.085614
0.093500	0.082476
0.094000	0.079320
0.094500	0.076232
0.095000	0.073199
0.095500	0.070184
0.096000	0.067182
0.096500	0.064188
0.097000	0.061297
0.097500	0.058583
0.098000	0.056007
0.098500	0.053531
0.099000	0.051395
0.099500	0.049803
0.100000	0.048659
0.100500	0.047870
0.101000	0.047398
0.101500	0.047339
0.102000	0.047727
0.102500	0.048593
0.103000	0.049850
0.103500	0.051304
0.104000	0.053008
0.104500	0.055022
0.105000	0.057340
0.105500	0.059743
0.106000	0.062237
0.106500	0.064852
0.107000	0.067621
0.107500	0.070541
0.108000	0.073511
0.108500	0.076419
0.109000	0.079165
0.109500	0.081794
0.110000	0.084341
0.110500	0.086822
0.111000	0.089254
0.111500	0.091596
0.112000	0.093822
0.112500	0.095927
0.113000	0.097902
0.113500	0.099675
0.114000	0.101240
0.114500	0.102620
0.115000	0.103860
0.115500	0.104990
0.116000	0.105990
0.116500	0.106820
0.117000	0.107430
0.117500	0.107890
0.118000	0.108260
0.118500	0.108530
0.119000	0.108660
0.119500	0.108680
0.120000	0.108690
0.120500	0.108680
0.121000	0.108610
0.121500	0.108510
0.122000	0.108380
0.122500	0.108250
0.123000	0.108140
0.123500	0.108040
0.124000	0.107980
0.124500	0.107930
0.125000	0.107900
0.125500	0.107890
0.126000	0.107970
0.126500	0.108140
0.127000	0.108360
0.127500	0.108660
0.128000	0.109130
0.128500	0.109770
0.129000	0.110560
0.129500	0.111460
0.130000	0.112480
0.130500	0.113620
0.131000	0.114880
0.131500	0.116270
0.132000	0.117730
0.132500	0.119260
0.133000	0.120900
0.133500	0.122690
0.134000	0.124570
0.134500	0.126480
0.135000	0.128390
0.135500	0.130330
0.136000	0.132250
0.136500	0.134170
0.137000	0.136120
0.137500	0.138150
0.138000	0.140270
0.138500	0.142460
0.139000	0.144660
0.139500	0.146860
0.140000	0.149020
0.140500	0.151160
0.141000	0.153310
0.141500	0.155470
0.142000	0.157660
0.142500	0.159970
0.143000	0.162330
0.143500	0.164660
0.144000	0.166890
0.144500	0.169030
0.145000	0.171110
0.145500	0.173140
0.146000	0.175140
0.146500	0.177040
0.147000	0.178810
0.147500	0.180450
0.148000	0.181950
0.148500	0.183230
0.149000	0.184320
0.149500	0.185270
0.150000	0.186110
0.150500	0.186860
0.151000	0.187490
0.151500	0.188000
0.152000	0.188380
0.152500	0.188620
0.153000	0.188720
0.153500	0.188660
0.154000	0.188420
0.154500	0.188040
0.155000	0.187540
0.155500	0.186900
0.156000	0.186130
0.156500	0.185260
0.157000	0.184330
0.157500	0.183330
0.158000	0.182270
0.158500	0.181150
0.159000	0.179970
0.159500	0.178720
0.160000	0.177360
0.160500	0.175880
0.161000	0.174290
0.161500	0.172620
0.162000	0.170870
0.162500	0.169080
0.163000	0.167270
0.163500	0.165400
0.164000	0.163430
0.164500	0.161310
0.165000	0.159090
0.165500	0.156830
0.166000	0.154590
0.166500	0.152430
0.167000	0.150290
0.167500	0.148150
0.168000	0.146030
0.168500	0.143900
0.169000	0.141790
0.169500	0.139690
0.170000	0.137610
0.170500	0.135560
0.171000	0.133650
0.171500	0.131870
0.172000	0.130180
0.172500	0.128510
0.173000	0.126860
0.173500	0.125300
0.174000	0.123810
0.174500	0.122420
0.175000	0.121190
0.175500	0.120120
0.176000	0.119180
0.176500	0.118340
0.177000	0.117590
0.177500	0.116940
0.178000	0.116410
0.178500	0.116000
0.179000	0.115720
0.179500	0.115570
0.180000	0.115580
0.180500	0.115750
0.181000	0.116080
0.181500	0.116550
0.182000	0.117140
0.182500	0.117850
0.183000	0.118660
0.183500	0.119530
0.184000	0.120470
0.184500	0.121540
0.185000	0.122760
0.185500	0.124050
0.186000	0.125390
0.186500	0.126790
0.187000	0.128240
0.187500	0.129720
0.188000	0.131220
0.188500	0.132740
0.189000	0.134280
0.189500	0.135880
0.190000	0.137520
0.190500	0.139160
0.191000	0.140720
0.191500	0.142190
0.192000	0.143580
0.192500	0.144910
0.193000	0.146220
0.193500	0.147480
0.194000	0.148660
0.194500	0.149770
0.195000	0.150800
0.195500	0.151700
0.196000	0.152470
0.196500	0.153130
0.197000	0.153690
0.197500	0.154170
0.198000	0.154580
0.198500	0.154880
0.199000	0.155060
0.199500	0.155140
0.200000	0.155140
0.200500	0.155080
0.201000	0.154930
0.201500	0.154700
0.202000	0.154440
0.202500	0.154150
0.203000	0.153810
0.203500	0.153400
0.204000	0.152960
0.204500	0.152520
0.205000	0.152060
0.205500	0.151580
0.206000	0.151080
0.206500	0.150570
0.207000	0.150070
0.207500	0.149600
0.208000	0.149150
0.208500	0.148730
0.209000	0.148330
0.209500	0.147940
0.210000	0.147600
0.210500	0.147300
0.211000	0.147050
0.211500	0.146830
0.212000	0.146670
0.212500	0.146580
0.213000	0.146540
0.213500	0.146550
0.214000	0.146590
0.214500	0.146690
0.215000	0.146830
0.215500	0.147030
0.216000	0.147260
0.216500	0.147540
0.217000	0.147870
0.217500	0.148270
0.218000	0.148740
0.218500	0.149220
0.219000	0.149720
0.219500	0.150250
0.220000	0.150790
0.220500	0.151340
0.221000	0.151890
0.221500	0.152440
0.222000	0.153010
0.222500	0.153590
0.223000	0.154170
0.223500	0.154750
0.224000	0.155300
0.224500	0.155790
0.225000	0.156230
0.225500	0.156630
0.226000	0.157000
0.226500	0.157310
0.227000	0.157550
0.227500	0.157740
0.228000	0.157880
0.228500	0.157980
0.229000	0.158030
0.229500	0.158040
0.230000	0.158010
0.230500	0.157950
0.231000	0.157850
0.231500	0.157720
0.232000	0.157540
0.232500	0.157330
0.233000	0.157100
0.233500	0.156850
0.234000	0.156570
0.234500	0.156280
0.235000	0.155980
0.235500	0.155670
0.236000	0.155360
0.236500	0.155040
0.237000	0.154720
0.237500	0.154380
0.238000	0.154010
0.238500	0.153600
0.239000	0.153170
0.239500	0.152720
0.240000	0.152270
0.240500	0.151820
0.241000	0.151380
0.241500	0.150930
0.242000	0.150450
0.242500	0.149930
0.243000	0.149410
0.243500	0.148870
0.244000	0.148340
0.244500	0.147800
0.245000	0.147270
0.245500	0.146730
0.246000	0.146190
0.246500	0.145660
0.247000	0.145130
0.247500	0.144610
0.248000	0.144090
0.248500	0.143580
0.249000	0.143130
0.249500	0.142730
0.250000	0.142370
0.250500	0.142040
0.251000	0.141740
0.251500	0.141480
0.252000	0.141260
0.252500	0.141070
0.253000	0.140900
0.253500	0.140760
0.254000	0.140650
0.254500	0.140580
0.255000	0.140520
0.255500	0.140490
0.256000	0.140490
0.256500	0.140540
0.257000	0.140620
0.257500	0.140710
0.258000	0.140810
0.258500	0.140910
0.259000	0.141030
0.259500	0.141150
0.260000	0.141270
0.260500	0.141380
0.261000	0.141480
0.261500	0.141550
0.262000	0.141600
0.262500	0.141640
0.263000	0.141680
0.263500	0.141690
0.264000	0.141680
0.264500	0.141650
0.265000	0.141590
0.265500	0.141510
0.266000	0.141400
0.266500	0.141260
0.267000	0.141110
0.267500	0.140940
0.268000	0.140770
0.268500	0.140590
0.269000	0.140410
0.269500	0.140210
0.270000	0.140010
0.270500	0.139810
0.271000	0.139630
0.271500	0.139470
0.272000	0.139330
0.272500	0.139220
0.273000	0.139120
0.273500	0.139060
0.274000	0.139030
0.274500	0.139050
0.275000	0.139110
0.275500	0.139190
0.276000	0.139280
0.276500	0.139370
0.277000	0.139470
0.277500	0.139580
0.278000	0.139690
0.278500	0.139800
0.279000	0.139900
0.279500	0.139970
0.280000	0.140010
0.280500	0.140010
0.281000	0.139990
0.281500	0.139950
0.282000	0.139900
0.282500	0.139830
0.283000	0.139720
0.283500	0.139590
0.284000	0.139440
0.284500	0.139300
0.285000	0.139150
0.285500	0.138990
0.286000	0.138830
0.286500	0.138670
0.287000	0.138510
0.287500	0.138360
0.288000	0.138240
0.288500	0.138130
0.289000	0.138040
0.289500	0.137950
0.290000	0.137880
0.290500	0.137840
0.291000	0.137840
0.291500	0.137900
0.292000	0.137970
0.292500	0.138040
0.293000	0.138120
0.293500	0.138200
0.294000	0.138270
0.294500	0.138350
0.295000	0.138430
0.295500	0.138500
0.296000	0.138560
0.296500	0.138600
0.297000	0.138650
0.297500	0.138700
0.298000	0.138770
0.298500	0.138840
0.299000	0.138910
0.299500	0.138990
0.300000	0.139060
0.300500	0.139140
0.301000	0.139220
0.301500	0.139310
0.302000	0.139400
0.302500	0.139520
0.303000	0.139660
0.303500	0.139830
0.304000	0.140040
0.304500	0.140260
0.305000	0.140490
0.305500	0.140720
0.306000	0.140960
0.306500	0.141200
0.307000	0.141450
0.307500	0.141690
0.308000	0.141950
0.308500	0.142220
0.309000	0.142490
0.309500	0.142760
0.310000	0.143020
0.310500	0.143270
0.311000	0.143500
0.311500	0.143730
0.312000	0.143960
0.312500	0.144160
0.313000	0.144340
0.313500	0.144500
0.314000	0.144650
0.314500	0.144770
0.315000	0.144860
0.315500	0.144920
0.316000	0.144970
0.316500	0.144990
0.317000	0.144980
0.317500	0.144940
0.318000	0.144840
0.318500	0.144710
0.319000	0.144570
0.319500	0.144420
0.320000	0.144270
0.320500	0.144100
0.321000	0.143930
0.321500	0.143770
0.322000	0.143610
0.322500	0.143470
0.323000	0.143340
0.323500	0.143210
0.324000	0.143090
0.324500	0.142970
0.325000	0.142870
0.325500	0.142770
0.326000	0.142650
0.326500	0.142510
0.327000	0.142340
0.327500	0.142150
0.328000	0.141940
0.328500	0.141720
0.329000	0.141490
0.329500	0.141250
0.330000	0.140980
0.330500	0.140690
0.331000	0.140390
0.331500	0.140090
0.332000	0.139790
0.332500	0.139490
0.333000	0.139190
0.333500	0.138900
0.334000	0.138600
0.334500	0.138300
0.335000	0.137980
0.335500	0.137660
0.336000	0.137350
0.336500	0.137040
0.337000	0.136770
0.337500	0.136540
0.338000	0.136340
0.338500	0.136180
0.339000	0.136040
0.339500	0.135940
0.340000	0.135890
0.340500	0.135870
0.341000	0.135880
0.341500	0.135900
0.342000	0.135910
0.342500	0.135910
0.343000	0.135910
0.343500	0.135910
0.344000	0.135900
0.344500	0.135900
0.345000	0.135890
0.345500	0.135880
0.346000	0.135870
0.346500	0.135860
0.347000	0.135870
0.347500	0.135890
0.348000	0.135920
0.348500	0.135940
0.349000	0.135970
0.349500	0.136000
0.350000	0.136040
0.350500	0.136070
0.351000	0.136110
0.351500	0.136160
0.352000	0.136210
0.352500	0.136270
0.353000	0.136330
0.353500	0.136420
0.354000	0.136520
0.354500	0.136640
0.355000	0.136780
0.355500	0.136940
0.356000	0.137120
0.356500	0.137330
0.357000	0.137560
0.357500	0.137800
0.358000	0.138050
0.358500	0.138330
0.359000	0.138620
0.359500	0.138930
0.360000	0.139260
0.360500	0.139580
0.361000	0.139880
0.361500	0.140160
0.362000	0.140430
0.362500	0.140680
0.363000	0.140910
0.363500	0.141090
0.364000	0.141230
0.364500	0.141320
0.365000	0.141370
0.365500	0.141390
0.366000	0.141390
0.366500	0.141360
0.367000	0.141290
0.367500	0.141200
0.368000	0.141100
0.368500	0.140990
0.369000	0.140870
0.369500	0.140750
0.370000	0.140610
0.370500	0.140470
0.371000	0.140350
0.371500	0.140230
0.372000	0.140130
0.372500	0.140040
0.373000	0.139980
0.373500	0.139930
0.374000	0.139900
0.374500	0.139880
0.375000	0.139870
0.375500	0.139870
0.376000	0.139880
0.376500	0.139890
0.377000	0.139890
0.377500	0.139890
0.378000	0.139890
0.378500	0.139880
0.379000	0.139870
0.379500	0.139860
0.380000	0.139810
0.380500	0.139730
0.381000	0.139630
0.381500	0.139490
0.382000	0.139330
0.382500	0.139140
0.383000	0.138930
0.383500	0.138680
0.384000	0.138430
0.384500	0.138180
0.385000	0.137930
0.385500	0.137670
0.386000	0.137420
0.386500	0.137170
0.387000	0.136920
0.387500	0.136670
0.388000	0.136440
0.388500	0.136250
0.389000	0.136090
0.389500	0.135960
0.390000	0.135870
0.390500	0.135820
0.391000	0.135820
0.391500	0.135880
0.392000	0.135960
0.392500	0.136040
0.393000	0.136130
0.393500	0.136230
0.394000	0.136330
0.394500	0.136440
0.395000	0.136540
0.395500	0.136630
0.396000	0.136690
0.396500	0.136730
0.397000	0.136770
0.397500	0.136810
0.398000	0.136860
0.398500	0.136910
0.399000	0.136960
0.399500	0.137020
0.400000	0.137080
0.400500	0.137160
0.401000	0.137260
0.401500	0.137360
0.402000	0.137470
0.402500	0.137590
0.403000	0.137730
0.403500	0.137890
0.404000	0.138060
0.404500	0.138250
0.405000	0.138470
0.405500	0.138730
0.406000	0.139010
0.406500	0.139310
0.407000	0.139610
0.407500	0.139900
0.408000	0.140180
0.408500	0.140460
0.409000	0.140740
0.409500	0.141010
0.410000	0.141280
0.410500	0.141510
0.411000	0.141720
0.411500	0.141910
0.412000	0.142080
0.412500	0.142220
0.413000	0.142350
0.413500	0.142450
0.414000	0.142520
0.414500	0.142580
0.415000	0.142640
0.415500	0.142670
0.416000	0.142690
0.416500	0.142710
0.417000	0.142720
0.417500	0.142730
0.418000	0.142740
0.418500	0.142740
0.419000	0.142740
0.419500	0.142730
0.420000	0.142720
0.420500	0.142700
0.421000	0.142650
0.421500	0.142570
0.422000	0.142480
0.422500	0.142380
0.423000	0.142270
0.423500	0.142150
0.424000	0.142020
0.424500	0.141880
0.425000	0.141730
0.425500	0.141580
0.426000	0.141430
0.426500	0.141290
0.427000	0.141160
0.427500	0.141030
0.428000	0.140910
0.428500	0.140800
0.429000	0.140710
0.429500	0.140630
0.430000	0.140560
0.430500	0.140490
0.431000	0.140430
0.431500	0.140370
0.432000	0.140300
0.432500	0.140240
0.433000	0.140170
0.433500	0.140090
0.434000	0.140000
0.434500	0.139870
0.435000	0.139740
0.435500	0.139590
0.436000	0.139450
0.436500	0.139300
0.437000	0.139160
0.437500	0.139010
0.438000	0.138860
0.438500	0.138720
0.439000	0.138570
0.439500	0.138420
0.440000	0.138270
0.440500	0.138120
0.441000	0.137970
0.441500	0.137840
0.442000	0.137710
0.442500	0.137580
0.443000	0.137470
0.443500	0.137390
0.444000	0.137340
0.444500	0.137330
0.445000	0.137340
0.445500	0.137380
0.446000	0.137440
0.446500	0.137520
0.447000	0.137620
0.447500	0.137710
0.448000	0.137820
0.448500	0.137960
0.449000	0.138130
0.449500	0.138300
0.450000	0.138470
0.450500	0.138640
0.451000	0.138810
0.451500	0.138980
0.452000	0.139150
0.452500	0.139320
0.453000	0.139490
0.453500	0.139640
0.454000	0.139770
0.454500	0.139850
0.455000	0.139900
0.455500	0.139930
0.456000	0.139960
0.456500	0.139990
0.457000	0.140020
0.457500	0.140040
0.458000	0.140060
0.458500	0.140090
0.459000	0.140180
0.459500	0.140300
0.460000	0.140440
0.460500	0.140590
0.461000	0.140720
0.461500	0.140860
0.462000	0.140990
0.462500	0.141130
0.463000	0.141260
0.463500	0.141350
0.464000	0.141380
0.464500	0.141380
0.465000	0.141380
0.465500	0.141360
0.466000	0.141340
0.466500	0.141310
0.467000	0.141300
0.467500	0.141320
0.468000	0.141350
0.468500	0.141390
0.469000	0.141460
0.469500	0.141540
0.470000	0.141630
0.470500	0.141730
0.471000	0.141850
0.471500	0.141990
0.472000	0.142130
0.472500	0.142270
0.473000	0.142400
0.473500	0.142540
0.474000	0.142690
0.474500	0.142830
0.475000	0.142970
0.475500	0.143100
0.476000	0.143170
0.476500	0.143190
0.477000	0.143170
0.477500	0.143130
0.478000	0.143060
0.478500	0.142950
0.479000	0.142800
0.479500	0.142600
0.480000	0.142380
0.480500	0.142150
0.481000	0.141910
0.481500	0.141660
0.482000	0.141390
0.482500	0.141120
0.483000	0.140850
0.483500	0.140600
0.484000	0.140390
0.484500	0.140220
0.485000	0.140040
0.485500	0.139860
0.486000	0.139700
0.486500	0.139570
0.487000	0.139460
0.487500	0.139400
0.488000	1052.000000
0.488500	3666.699951
0.489000	7032.000000
0.489500	10336.000000
0.490000	14802.000000
0.490500	20997.000000
0.491000	27123.000000
0.491500	31383.000000
0.492000	29927.000000
0.492500	20714.000000
0.493000	9142.799805
0.493500	792.419983
0.494000	-2052.300049
0.494500	-3414.000000
0.495000	-3099.899902
