0.000000	-0.000062
0.000500	-0.000400
0.001000	-0.000644
0.001500	-0.000889
0.002000	-0.001200
0.002500	-0.001468
0.003000	-0.001953
0.003500	-0.002375
0.004000	-0.002989
0.004500	-0.003832
0.005000	-0.004672
0.005500	-0.005590
0.006000	-0.006525
0.006500	-0.007333
0.007000	-0.008095
0.007500	-0.008935
0.008000	-0.009826
0.008500	-0.010614
0.009000	-0.011410
0.009500	-0.012524
0.010000	-0.013739
0.010500	-0.014972
0.011000	-0.016130
0.011500	-0.017064
0.012000	-0.018107
0.012500	-0.019270
0.013000	-0.020295
0.013500	-0.021113
0.014000	-0.021749
0.014500	-0.022325
0.015000	-0.022919
0.015500	-0.023541
0.016000	-0.024398
0.016500	-0.025426
0.017000	-0.026340
0.017500	-0.027217
0.018000	-0.027872
0.018500	-0.028276
0.019000	-0.028782
0.019500	-0.029353
0.020000	-0.029799
0.020500	-0.030294
0.021000	-0.030925
0.021500	-0.031533
0.022000	-0.032052
0.022500	-0.032506
0.023000	-0.033093
0.023500	-0.033795
0.024000	-0.034823
0.024500	-0.035996
0.025000	-0.037081
0.025500	-0.038542
0.026000	-0.040238
0.026500	-0.042207
0.027000	-0.044667
0.027500	-0.047233
0.028000	-0.049965
0.028500	-0.053012
0.029000	-0.056139
0.029500	-0.059230
0.030000	-0.062483
0.030500	-0.065972
0.031000	-0.069532
0.031500	-0.073222
0.032000	-0.077055
0.032500	-0.080979
0.033000	-0.084996
0.033500	-0.089003
0.034000	-0.092697
0.034500	-0.096179
0.035000	-0.099646
0.035500	-0.103043
0.036000	-0.106468
0.036500	-0.109662
0.037000	-0.112641
0.037500	-0.115646
0.038000	-0.118644
0.038500	-0.121834
0.039000	-0.125168
0.039500	-0.128342
0.040000	-0.131446
0.040500	-0.134488
0.041000	-0.137417
0.041500	-0.140340
0.042000	-0.143335
0.042500	-0.146392
0.043000	-0.149692
0.043500	-0.153247
0.044000	-0.156837
0.044500	-0.160706
0.045000	-0.164958
0.045500	-0.169464
0.046000	-0.174211
0.046500	-0.179522
0.047000	-0.185525
0.047500	-0.192204
0.048000	-0.199703
0.048500	-0.208426
0.049000	-0.218501
0.049500	-0.229734
0.050000	-0.242512
0.050500	-0.257109
0.051000	-0.273653
0.051500	-0.292450
0.052000	-0.313629
0.052500	-0.337319
0.053000	-0.363647
0.053500	-0.393034
0.054000	-0.425623
0.054500	-0.460932
0.055000	-0.498848
0.055500	-0.539146
0.056000	-0.581263
0.056500	-0.624924
0.057000	-0.669712
0.057500	-0.715192
0.058000	-0.760689
0.058500	-0.805799
0.059000	-0.850039
0.059500	-0.892912
0.060000	-0.933774
0.060500	-0.971819
0.061000	-1.006886
0.061500	-1.038606
0.062000	-1.066705
0.062500	-1.091715
0.063000	-1.114422
0.063500	-1.135617
0.064000	-1.156024
0.064500	-1.176447
0.065000	-1.197770
0.065500	-1.221009
0.066000	-1.247563
0.066500	-1.278736
0.067000	-1.315381
0.067500	-1.358222
0.068000	-1.407500
0.068500	-1.463698
0.069000	-1.527461
0.069500	-1.599624
0.070000	-1.681443
0.070500	-1.774141
0.071000	-1.878909
0.071500	-1.997035
0.072000	-2.129806
0.072500	-2.278348
0.073000	-2.443467
0.073500	-2.626288
0.074000	-2.828261
0.074500	-3.051155
0.075000	-3.295293
0.075500	-3.561157
0.076000	-3.848102
0.076500	-4.154683
0.077000	-4.478965
0.077500	-4.818054
0.078000	-5.169374
0.078500	-5.531798
0.079000	-5.904522
0.079500	-6.286902
0.080000	-6.678939
0.080500	-7.079987
0.081000	-7.491013
0.081500	-7.913466
0.082000	-8.350243
0.082500	-8.805043
0.083000	-9.280603
0.083500	-9.780788
0.084000	-10.307849
0.084500	-10.862589
0.085000	-11.446137
0.085500	-12.057205
0.086000	-12.693218
0.086500	-13.349186
0.087000	-14.018996
0.087500	-14.695887
0.088000	-15.372131
0.088500	-16.039688
0.089000	-16.692116
0.089500	-17.324589
0.090000	-17.932920
0.090500	-18.513893
0.091000	-19.065899
0.091500	-19.590546
0.092000	-20.086222
0.092500	-20.552933
0.093000	-20.984236
0.093500	-21.375307
0.094000	-21.716488
0.094500	-21.996513
0.095000	-22.207338
0.095500	-22.339304
0.096000	-22.395632
0.096500	-22.377928
0.097000	-22.299070
0.097500	-22.175152
0.098000	-22.027092
0.098500	-21.879032
0.099000	-21.750284
0.099500	-21.658552
0.100000	-21.615099
0.100500	-21.627974
0.101000	-21.695566
0.101500	-21.817877
0.102000	-21.990076
0.102500	-22.204119
0.103000	-22.458395
0.103500	-22.746468
0.104000	-23.061899
0.104500	-23.403080
0.105000	-23.763573
0.105500	-24.140160
0.106000	-24.529621
0.106500	-24.925520
0.107000	-25.323027
0.107500	-25.717316
0.108000	-26.105169
0.108500	-26.480146
0.109000	-26.842251
0.109500	-27.186647
0.110000	-27.513346
0.110500	-27.822340
0.111000	-28.112022
0.111500	-28.383999
0.112000	-28.638277
0.112500	-28.874849
0.113000	-29.098549
0.113500	-29.307764
0.114000	-29.505713
0.114500	-29.692398
0.115000	-29.872644
0.115500	-30.049673
0.116000	-30.225090
0.116500	-30.402119
0.117000	-30.585581
0.117500	-30.772266
0.118000	-30.962170
0.118500	-31.155289
0.119000	-31.346804
0.119500	-31.535095
0.120000	-31.720169
0.120500	-31.898806
0.121000	-32.072617
0.121500	-32.241600
0.122000	-32.407360
0.122500	-32.571514
0.123000	-32.735664
0.123500	-32.899822
0.124000	-33.068802
0.124500	-33.239391
0.125000	-33.416420
0.125500	-33.598274
0.126000	-33.783352
0.126500	-33.974861
0.127000	-34.171200
0.127500	-34.370762
0.128000	-34.576756
0.128500	-34.785969
0.129000	-35.000011
0.129500	-35.215664
0.130000	-35.436146
0.130500	-35.658234
0.131000	-35.886761
0.131500	-36.118507
0.132000	-36.358299
0.132500	-36.602921
0.133000	-36.853977
0.133500	-37.111473
0.134000	-37.373795
0.134500	-37.639339
0.135000	-37.909706
0.135500	-38.183296
0.136000	-38.458492
0.136500	-38.735302
0.137000	-39.015327
0.137500	-39.295353
0.138000	-39.575378
0.138500	-39.858624
0.139000	-40.141869
0.139500	-40.426723
0.140000	-40.716404
0.140500	-41.009304
0.141000	-41.307034
0.141500	-41.607979
0.142000	-41.915363
0.142500	-42.229187
0.143000	-42.546227
0.143500	-42.868095
0.144000	-43.194794
0.144500	-43.523102
0.145000	-43.854626
0.145500	-44.187759
0.146000	-44.522503
0.146500	-44.857243
0.147000	-45.193600
0.147500	-45.533169
0.148000	-45.872742
0.148500	-46.213921
0.149000	-46.558323
0.149500	-46.904331
0.150000	-47.251949
0.150500	-47.602787
0.151000	-47.955235
0.151500	-48.310898
0.152000	-48.668171
0.152500	-49.025444
0.153000	-49.382721
0.153500	-49.739994
0.154000	-50.094051
0.154500	-50.446499
0.155000	-50.794117
0.155500	-51.136906
0.156000	-51.474869
0.156500	-51.806396
0.157000	-52.133091
0.157500	-52.451736
0.158000	-52.765560
0.158500	-53.072948
0.159000	-53.375504
0.159500	-53.673233
0.160000	-53.967743
0.160500	-54.255817
0.161000	-54.539059
0.161500	-54.817474
0.162000	-55.089455
0.162500	-55.354996
0.163000	-55.612492
0.163500	-55.863552
0.164000	-56.108166
0.164500	-56.347961
0.165000	-56.584534
0.165500	-56.819500
0.166000	-57.052856
0.166500	-57.282993
0.167000	-57.509911
0.167500	-57.731998
0.168000	-57.947651
0.168500	-58.158474
0.169000	-58.361252
0.169500	-58.557594
0.170000	-58.747498
0.170500	-58.930958
0.171000	-59.107986
0.171500	-59.276970
0.172000	-59.439510
0.172500	-59.594006
0.173000	-59.738850
0.173500	-59.875648
0.174000	-60.001175
0.174500	-60.118652
0.175000	-60.224873
0.175500	-60.321430
0.176000	-60.411552
0.176500	-60.493633
0.177000	-60.569275
0.177500	-60.640083
0.178000	-60.704456
0.178500	-60.762394
0.179000	-60.817112
0.179500	-60.868607
0.180000	-60.915283
0.180500	-60.958729
0.181000	-60.998966
0.181500	-61.039200
0.182000	-61.079433
0.182500	-61.119667
0.183000	-61.159897
0.183500	-61.200134
0.184000	-61.240368
0.184500	-61.280602
0.185000	-61.320835
0.185500	-61.359459
0.186000	-61.399693
0.186500	-61.443146
0.187000	-61.488209
0.187500	-61.538094
0.188000	-61.592812
0.188500	-61.652355
0.189000	-61.718342
0.189500	-61.789154
0.190000	-61.863182
0.190500	-61.938824
0.191000	-62.017681
0.191500	-62.096539
0.192000	-62.175396
0.192500	-62.251034
0.193000	-62.326675
0.193500	-62.399094
0.194000	-62.468300
0.194500	-62.535892
0.195000	-62.600262
0.195500	-62.661419
0.196000	-62.720963
0.196500	-62.778900
0.197000	-62.836834
0.197500	-62.896385
0.198000	-62.959145
0.198500	-63.023518
0.199000	-63.091110
0.199500	-63.163536
0.200000	-63.237560
0.200500	-63.311592
0.201000	-63.385624
0.201500	-63.456436
0.202000	-63.522419
0.202500	-63.585178
0.203000	-63.641506
0.203500	-63.694614
0.204000	-63.741287
0.204500	-63.783131
0.205000	-63.821758
0.205500	-63.853939
0.206000	-63.882912
0.206500	-63.907047
0.207000	-63.926361
0.207500	-63.944069
0.208000	-63.958549
0.208500	-63.971424
0.209000	-63.982689
0.209500	-63.990738
0.210000	-63.997173
0.210500	-64.000397
0.211000	-64.000397
0.211500	-63.997173
0.212000	-63.992348
0.212500	-63.982689
0.213000	-63.971424
0.213500	-63.955334
0.214000	-63.934410
0.214500	-63.910271
0.215000	-63.882912
0.215500	-63.850723
0.216000	-63.815319
0.216500	-63.776695
0.217000	-63.733242
0.217500	-63.688183
0.218000	-63.641506
0.218500	-63.593227
0.219000	-63.544949
0.219500	-63.498280
0.220000	-63.451603
0.220500	-63.406540
0.221000	-63.364704
0.221500	-63.326077
0.222000	-63.292278
0.222500	-63.263313
0.223000	-63.239170
0.223500	-63.219864
0.224000	-63.203766
0.224500	-63.190891
0.225000	-63.182842
0.225500	-63.174801
0.226000	-63.168362
0.226500	-63.161926
0.227000	-63.158703
0.227500	-63.155487
0.228000	-63.152271
0.228500	-63.150661
0.229000	-63.149048
0.229500	-63.147438
0.230000	-63.145828
0.230500	-63.145828
0.231000	-63.149048
0.231500	-63.153877
0.232000	-63.163536
0.232500	-63.174801
0.233000	-63.190891
0.233500	-63.206989
0.234000	-63.226295
0.234500	-63.243999
0.235000	-63.263313
0.235500	-63.281013
0.236000	-63.298721
0.236500	-63.314812
0.237000	-63.330906
0.237500	-63.345390
0.238000	-63.356655
0.238500	-63.367920
0.239000	-63.375969
0.239500	-63.382404
0.240000	-63.385624
0.240500	-63.385624
0.241000	-63.382404
0.241500	-63.377579
0.242000	-63.367920
0.242500	-63.358265
0.243000	-63.343781
0.243500	-63.326077
0.244000	-63.305153
0.244500	-63.279408
0.245000	-63.248825
0.245500	-63.215031
0.246000	-63.178017
0.246500	-63.136173
0.247000	-63.092720
0.247500	-63.046051
0.248000	-62.999382
0.248500	-62.951103
0.249000	-62.902817
0.249500	-62.854538
0.250000	-62.807869
0.250500	-62.762806
0.251000	-62.717747
0.251500	-62.674294
0.252000	-62.630840
0.252500	-62.588997
0.253000	-62.548767
0.253500	-62.508530
0.254000	-62.469910
0.254500	-62.432888
0.255000	-62.397484
0.255500	-62.363689
0.256000	-62.331501
0.256500	-62.302536
0.257000	-62.275173
0.257500	-62.251034
0.258000	-62.230114
0.258500	-62.210800
0.259000	-62.191490
0.259500	-62.175396
0.260000	-62.160912
0.260500	-62.146431
0.261000	-62.133556
0.261500	-62.119068
0.262000	-62.106194
0.262500	-62.093319
0.263000	-62.082054
0.263500	-62.070789
0.264000	-62.061134
0.264500	-62.051476
0.265000	-62.041821
0.265500	-62.033775
0.266000	-62.027336
0.266500	-62.019287
0.267000	-62.012856
0.267500	-62.006413
0.268000	-61.998367
0.268500	-61.991932
0.269000	-61.983883
0.269500	-61.975834
0.270000	-61.966183
0.270500	-61.958138
0.271000	-61.948479
0.271500	-61.937214
0.272000	-61.927555
0.272500	-61.917900
0.273000	-61.906635
0.273500	-61.895370
0.274000	-61.884102
0.274500	-61.872837
0.275000	-61.859966
0.275500	-61.847092
0.276000	-61.834217
0.276500	-61.822952
0.277000	-61.810078
0.277500	-61.797199
0.278000	-61.785931
0.278500	-61.773060
0.279000	-61.761791
0.279500	-61.752136
0.280000	-61.742485
0.280500	-61.732830
0.281000	-61.724781
0.281500	-61.718342
0.282000	-61.711906
0.282500	-61.705467
0.283000	-61.700642
0.283500	-61.697426
0.284000	-61.694202
0.284500	-61.689377
0.285000	-61.684544
0.285500	-61.676502
0.286000	-61.668453
0.286500	-61.657188
0.287000	-61.644314
0.287500	-61.629826
0.288000	-61.615345
0.288500	-61.600861
0.289000	-61.586380
0.289500	-61.573498
0.290000	-61.562233
0.290500	-61.554192
0.291000	-61.547752
0.291500	-61.542927
0.292000	-61.541317
0.292500	-61.542927
0.293000	-61.546143
0.293500	-61.552582
0.294000	-61.560627
0.294500	-61.570282
0.295000	-61.579941
0.295500	-61.591206
0.296000	-61.602470
0.296500	-61.612125
0.297000	-61.620174
0.297500	-61.626610
0.298000	-61.629826
0.298500	-61.631439
