0.000000	-8345.169922
0.000500	-8345.169922
0.001000	-8345.169922
0.001500	-8345.169922
0.002000	-8345.169922
0.002500	-8345.169922
0.003000	-8345.169922
0.003500	-8345.169922
0.004000	-8345.169922
0.004500	-8345.169922
0.005000	-8345.169922
0.005500	-8345.169922
0.006000	-8345.169922
0.006500	-8345.169922
0.007000	-8345.169922
0.007500	-8345.169922
0.008000	-8345.169922
0.008500	-8345.169922
0.009000	-8345.169922
0.009500	-8345.169922
0.010000	-8345.169922
0.010500	-8345.169922
0.011000	-8345.169922
0.011500	-8345.169922
0.012000	-8345.169922
0.012500	-8345.169922
0.013000	-8345.169922
0.013500	-8345.169922
0.014000	-8345.423828
0.014500	-8345.423828
0.015000	-8345.423828
0.015500	-8345.423828
0.016000	-8345.423828
0.016500	-8345.423828
0.017000	-8345.423828
0.017500	-8345.423828
0.018000	-8345.423828
0.018500	-8345.423828
0.019000	-8345.423828
0.019500	-8345.423828
0.020000	-8345.423828
0.020500	-8345.423828
0.021000	-8345.423828
0.021500	-8345.678711
0.022000	-8345.678711
0.022500	-8345.678711
0.023000	-8345.678711
0.023500	-8345.678711
0.024000	-8345.678711
0.024500	-8345.678711
0.025000	-8345.678711
0.025500	-8345.678711
0.026000	-8345.678711
0.026500	-8345.678711
0.027000	-8345.678711
0.027500	-8345.678711
0.028000	-8345.678711
0.028500	-8345.678711
0.029000	-8345.931641
0.029500	-8345.931641
0.030000	-8345.931641
0.030500	-8345.931641
0.031000	-8345.931641
0.031500	-8345.931641
0.032000	-8345.931641
0.032500	-8345.931641
0.033000	-8345.931641
0.033500	-8345.931641
0.034000	-8345.931641
0.034500	-8345.931641
0.035000	-8345.931641
0.035500	-8345.931641
0.036000	-8345.931641
0.036500	-8345.931641
0.037000	-8345.931641
0.037500	-8345.931641
0.038000	-8345.931641
0.038500	-8346.185547
0.039000	-8346.185547
0.039500	-8346.185547
0.040000	-8346.185547
0.040500	-8346.185547
0.041000	-8346.185547
0.041500	-8346.185547
0.042000	-8346.185547
0.042500	-8346.185547
0.043000	-8346.185547
0.043500	-8346.185547
0.044000	-8346.185547
0.044500	-8346.185547
0.045000	-8346.185547
0.045500	-8346.185547
0.046000	-8346.185547
0.046500	-8346.185547
0.047000	-8346.185547
0.047500	-8346.185547
0.048000	-8346.185547
0.048500	-8346.185547
0.049000	-8346.185547
0.049500	-8346.185547
0.050000	-8346.185547
0.050500	-8346.185547
0.051000	-8346.185547
0.051500	-8346.185547
0.052000	-8346.185547
0.052500	-8346.185547
0.053000	-8346.185547
0.053500	-8346.185547
0.054000	-8346.185547
0.054500	-8346.185547
0.055000	-8346.185547
0.055500	-8346.440430
0.056000	-8346.440430
0.056500	-8346.440430
0.057000	-8346.440430
0.057500	-8346.440430
0.058000	-8346.440430
0.058500	-8346.440430
0.059000	-8346.694336
0.059500	-8346.694336
0.060000	-8346.694336
0.060500	-8346.947266
0.061000	-8346.947266
0.061500	-8346.947266
0.062000	-8347.202148
0.062500	-8347.202148
0.063000	-8347.456055
0.063500	-8347.456055
0.064000	-8347.709961
0.064500	-8347.963867
0.065000	-8347.963867
0.065500	-8348.217773
0.066000	-8348.471680
0.066500	-8348.726562
0.067000	-8348.979492
0.067500	-8349.233398
0.068000	-8349.488281
0.068500	-8349.742188
0.069000	-8350.250000
0.069500	-8350.503906
0.070000	-8350.757812
0.070500	-8351.265625
0.071000	-8351.519531
0.071500	-8352.028320
0.072000	-8352.536133
0.072500	-8353.043945
0.073000	-8353.551758
0.073500	-8354.060547
0.074000	-8354.568359
0.074500	-8355.076172
0.075000	-8355.837891
0.075500	-8356.599609
0.076000	-8357.361328
0.076500	-8358.124023
0.077000	-8358.885742
0.077500	-8359.647461
0.078000	-8360.664062
0.078500	-8361.679688
0.079000	-8362.695312
0.079500	-8363.711914
0.080000	-8364.727539
0.080500	-8365.997070
0.081000	-8367.268555
0.081500	-8368.538086
0.082000	-8369.807617
0.082500	-8371.331055
0.083000	-8372.856445
0.083500	-8374.379883
0.084000	-8375.904297
0.084500	-8377.681641
0.085000	-8379.458984
0.085500	-8381.238281
0.086000	-8383.016602
0.086500	-8385.047852
0.087000	-8387.333984
0.087500	-8389.366211
0.088000	-8391.907227
0.088500	-8394.445312
0.089000	-8396.986328
0.089500	-8400.034180
0.090000	-8403.082031
0.090500	-8406.383789
0.091000	-8410.193359
0.091500	-8414.003906
0.092000	-8418.321289
0.092500	-8422.893555
0.093000	-8427.718750
0.093500	-8433.053711
0.094000	-8438.895508
0.094500	-8444.992188
0.095000	-8451.595703
0.095500	-8458.961914
0.096000	-8466.581055
0.096500	-8474.963867
0.097000	-8483.599609
0.097500	-8492.998047
0.098000	-8503.157227
0.098500	-8513.571289
0.099000	-8525.002930
0.099500	-8536.685547
0.100000	-8549.131836
0.100500	-8562.085938
0.101000	-8575.547852
0.101500	-8589.771484
0.102000	-8604.250000
0.102500	-8619.236328
0.103000	-8634.730469
0.103500	-8650.731445
0.104000	-8667.242188
0.104500	-8684.006836
0.105000	-8701.024414
0.105500	-8718.549805
0.106000	-8736.583984
0.106500	-8754.871094
0.107000	-8773.414062
0.107500	-8792.209961
0.108000	-8811.258789
0.108500	-8830.818359
0.109000	-8850.629883
0.109500	-8870.696289
0.110000	-8891.015625
0.110500	-8911.589844
0.111000	-8932.417969
0.111500	-8953.500000
0.112000	-8974.834961
0.112500	-8996.171875
0.113000	-9018.015625
0.113500	-9039.859375
0.114000	-9062.211914
0.114500	-9084.564453
0.115000	-9107.168945
0.115500	-9130.030273
0.116000	-9153.143555
0.116500	-9176.511719
0.117000	-9199.880859
0.117500	-9223.755859
0.118000	-9247.630859
0.118500	-9271.761719
0.119000	-9296.145508
0.119500	-9320.530273
0.120000	-9345.167969
0.120500	-9370.059570
0.121000	-9395.206055
0.121500	-9420.351562
0.122000	-9445.751953
0.122500	-9471.406250
0.123000	-9497.059570
0.123500	-9523.221680
0.124000	-9549.637695
0.124500	-9576.307617
0.125000	-9602.977539
0.125500	-9630.156250
0.126000	-9657.587891
0.126500	-9685.274414
0.127000	-9713.213867
0.127500	-9741.407227
0.128000	-9769.856445
0.128500	-9798.557617
0.129000	-9827.768555
0.129500	-9856.978516
0.130000	-9886.696289
0.130500	-9916.414062
0.131000	-9946.639648
0.131500	-9977.119141
0.132000	-10007.854492
0.132500	-10039.095703
0.133000	-10070.337891
0.133500	-10102.087891
0.134000	-10134.345703
0.134500	-10166.604492
0.135000	-10199.369141
0.135500	-10232.390625
0.136000	-10265.664062
0.136500	-10299.445312
0.137000	-10333.481445
0.137500	-10367.772461
0.138000	-10402.569336
0.138500	-10437.368164
0.139000	-10472.673828
0.139500	-10508.487305
0.140000	-10544.301758
0.140500	-10580.624023
0.141000	-10617.200195
0.141500	-10654.030273
0.142000	-10691.114258
0.142500	-10728.452148
0.143000	-10766.043945
0.143500	-10804.143555
0.144000	-10842.243164
0.144500	-10880.851562
0.145000	-10919.713867
0.145500	-10958.830078
0.146000	-10998.199219
0.146500	-11037.823242
0.147000	-11077.701172
0.147500	-11117.833984
0.148000	-11158.219727
0.148500	-11198.860352
0.149000	-11239.753906
0.149500	-11280.902344
0.150000	-11322.303711
0.150500	-11363.958984
0.151000	-11405.616211
0.151500	-11447.780273
0.152000	-11489.943359
0.152500	-11532.362305
0.153000	-11575.288086
0.153500	-11618.213867
0.154000	-11661.393555
0.154500	-11704.573242
0.155000	-11748.261719
0.155500	-11791.950195
0.156000	-11835.637695
0.156500	-11879.833008
0.157000	-11924.030273
0.157500	-11968.225586
0.158000	-12012.929688
0.158500	-12057.633789
0.159000	-12102.337891
0.159500	-12147.549805
0.160000	-12192.761719
0.160500	-12238.227539
0.161000	-12283.948242
0.161500	-12329.667969
0.162000	-12375.387695
0.162500	-12421.615234
0.163000	-12467.590820
0.163500	-12513.817383
0.164000	-12560.299805
0.164500	-12606.782227
0.165000	-12653.263672
0.165500	-12700.000000
0.166000	-12746.735352
0.166500	-12793.471680
0.167000	-12840.461914
0.167500	-12887.452148
0.168000	-12934.442383
0.168500	-12981.685547
0.169000	-13028.929688
0.169500	-13076.173828
0.170000	-13123.671875
0.170500	-13171.168945
0.171000	-13218.666992
0.171500	-13266.166016
0.172000	-13313.916992
0.172500	-13361.669922
0.173000	-13409.421875
0.173500	-13457.173828
0.174000	-13505.180664
0.174500	-13553.186523
0.175000	-13601.191406
0.175500	-13649.197266
0.176000	-13697.204102
0.176500	-13745.462891
0.177000	-13793.723633
0.177500	-13841.984375
0.178000	-13890.243164
0.178500	-13938.757812
0.179000	-13987.271484
0.179500	-14035.787109
0.180000	-14084.299805
0.180500	-14132.813477
0.181000	-14181.328125
0.181500	-14230.095703
0.182000	-14278.863281
0.182500	-14327.631836
0.183000	-14376.400391
0.183500	-14425.166992
0.184000	-14474.188477
0.184500	-14522.958984
0.185000	-14571.980469
0.185500	-14621.001953
0.186000	-14670.023438
0.186500	-14719.045898
0.187000	-14768.322266
0.187500	-14817.597656
0.188000	-14866.874023
0.188500	-14916.150391
0.189000	-14965.425781
0.189500	-15014.956055
0.190000	-15064.231445
0.190500	-15113.762695
0.191000	-15163.291016
0.191500	-15212.822266
0.192000	-15262.606445
0.192500	-15312.136719
0.193000	-15361.918945
0.193500	-15411.704102
0.194000	-15461.487305
0.194500	-15511.526367
0.195000	-15561.310547
0.195500	-15611.348633
0.196000	-15661.386719
0.196500	-15711.423828
0.197000	-15761.461914
0.197500	-15811.753906
0.198000	-15862.044922
0.198500	-15912.084961
0.199000	-15962.629883
0.199500	-16012.921875
0.200000	-16063.212891
0.200500	-16113.759766
0.201000	-16164.306641
0.201500	-16214.851562
0.202000	-16265.398438
0.202500	-16315.942383
0.203000	-16366.743164
0.203500	-16417.289062
0.204000	-16468.089844
0.204500	-16518.888672
0.205000	-16569.689453
0.205500	-16620.742188
0.206000	-16671.542969
0.206500	-16722.597656
0.207000	-16773.650391
0.207500	-16824.707031
0.208000	-16875.761719
0.208500	-16927.066406
0.209000	-16978.121094
0.209500	-17029.429688
0.210000	-17080.736328
0.210500	-17132.044922
0.211000	-17183.353516
0.211500	-17234.662109
0.212000	-17286.224609
0.212500	-17337.785156
0.213000	-17389.093750
0.213500	-17440.656250
0.214000	-17492.218750
0.214500	-17544.035156
0.215000	-17595.595703
0.215500	-17647.158203
0.216000	-17698.974609
0.216500	-17750.789062
0.217000	-17802.351562
0.217500	-17854.167969
0.218000	-17905.984375
0.218500	-17957.800781
0.219000	-18009.869141
0.219500	-18061.685547
0.220000	-18113.501953
0.220500	-18165.570312
0.221000	-18217.386719
0.221500	-18269.458984
0.222000	-18321.527344
0.222500	-18373.341797
0.223000	-18425.414062
0.223500	-18477.484375
0.224000	-18529.554688
0.224500	-18581.623047
0.225000	-18633.693359
0.225500	-18685.761719
0.226000	-18738.085938
0.226500	-18790.158203
0.227000	-18842.482422
0.227500	-18894.552734
0.228000	-18946.876953
0.228500	-18998.945312
0.229000	-19051.269531
0.229500	-19103.593750
0.230000	-19155.917969
0.230500	-19208.240234
0.231000	-19260.564453
0.231500	-19312.888672
0.232000	-19365.212891
0.232500	-19417.537109
0.233000	-19470.115234
0.233500	-19522.439453
0.234000	-19574.761719
0.234500	-19627.339844
0.235000	-19679.919922
0.235500	-19732.242188
0.236000	-19784.822266
0.236500	-19837.400391
0.237000	-19889.978516
0.237500	-19942.556641
0.238000	-19995.134766
0.238500	-20047.712891
0.239000	-20100.289062
0.239500	-20152.869141
0.240000	-20205.445312
0.240500	-20258.023438
0.241000	-20310.601562
0.241500	-20363.433594
0.242000	-20416.011719
0.242500	-20468.589844
0.243000	-20521.421875
0.243500	-20574.000000
0.244000	-20626.832031
0.244500	-20679.410156
0.245000	-20732.240234
0.245500	-20785.074219
0.246000	-20837.652344
0.246500	-20890.484375
0.247000	-20943.062500
0.247500	-20995.892578
0.248000	-21048.724609
0.248500	-21101.302734
0.249000	-21154.136719
0.249500	-21206.712891
0.250000	-21259.546875
0.250500	-21312.125000
0.251000	-21364.955078
0.251500	-21417.533203
0.252000	-21470.111328
0.252500	-21522.943359
0.253000	-21575.521484
0.253500	-21628.099609
0.254000	-21680.677734
0.254500	-21733.255859
0.255000	-21785.833984
0.255500	-21838.414062
0.256000	-21890.990234
0.256500	-21943.566406
0.257000	-21996.144531
0.257500	-22048.722656
0.258000	-22101.300781
0.258500	-22153.625000
0.259000	-22206.203125
0.259500	-22258.781250
0.260000	-22311.105469
0.260500	-22363.683594
0.261000	-22416.007812
0.261500	-22468.585938
0.262000	-22520.910156
0.262500	-22573.234375
0.263000	-22625.812500
0.263500	-22678.136719
0.264000	-22730.460938
0.264500	-22782.783203
0.265000	-22835.107422
0.265500	-22887.431641
0.266000	-22939.755859
0.266500	-22991.824219
0.267000	-23044.148438
0.267500	-23096.474609
0.268000	-23148.542969
0.268500	-23200.867188
0.269000	-23252.937500
0.269500	-23305.007812
0.270000	-23357.332031
0.270500	-23409.400391
0.271000	-23461.470703
0.271500	-23513.541016
0.272000	-23565.613281
0.272500	-23617.681641
0.273000	-23669.498047
0.273500	-23721.566406
0.274000	-23773.638672
0.274500	-23825.455078
0.275000	-23877.523438
0.275500	-23929.337891
0.276000	-23981.156250
0.276500	-24032.972656
0.277000	-24085.041016
0.277500	-24136.603516
0.278000	-24188.419922
0.278500	-24240.236328
0.279000	-24292.050781
0.279500	-24343.613281
0.280000	-24395.429688
0.280500	-24446.990234
0.281000	-24498.554688
0.281500	-24550.115234
0.282000	-24601.677734
0.282500	-24653.238281
0.283000	-24704.548828
0.283500	-24756.111328
0.284000	-24807.669922
0.284500	-24858.980469
0.285000	-24910.287109
0.285500	-24961.849609
0.286000	-25013.158203
0.286500	-25064.464844
0.287000	-25115.773438
0.287500	-25167.082031
0.288000	-25218.388672
0.288500	-25269.697266
0.289000	-25320.751953
0.289500	-25372.060547
0.290000	-25422.861328
0.290500	-25473.660156
0.291000	-25524.458984
0.291500	-25577.798828
0.292000	-25628.599609
0.292500	-25679.400391
0.293000	-25730.199219
0.293500	-25781.000000
0.294000	-25831.800781
0.294500	-25882.599609
0.295000	-25933.398438
0.295500	-25984.199219
0.296000	-26035.000000
0.296500	-26085.800781
0.297000	-26136.599609
0.297500	-26187.398438
0.298000	-26238.199219
0.298500	-26289.000000
