0.000000	0.065397
0.000500	0.027239
0.001000	-0.208480
0.001500	-0.150330
0.002000	0.729020
0.002500	-1.158600
0.003000	-0.457970
0.003500	-0.084487
0.004000	0.283100
0.004500	-0.136120
0.005000	-1.363200
0.005500	-1.638200
0.006000	-1.410800
0.006500	-1.401700
0.007000	-0.042663
0.007500	-1.689600
0.008000	-1.214700
0.008500	-0.591110
0.009000	-2.065900
0.009500	-1.448400
0.010000	-0.369900
0.010500	-0.687950
0.011000	-1.183900
0.011500	-1.273500
0.012000	0.686560
0.012500	-0.533780
0.013000	1.427200
0.013500	0.596650
0.014000	1.017700
0.014500	0.342080
0.015000	0.749790
0.015500	0.941690
0.016000	0.527230
0.016500	1.886500
0.017000	0.358300
0.017500	1.928400
0.018000	1.078900
0.018500	0.758030
0.019000	1.547900
0.019500	2.282500
0.020000	0.055964
0.020500	2.615700
0.021000	0.377880
0.021500	1.884000
0.022000	0.606510
0.022500	0.556930
0.023000	0.753170
0.023500	0.930930
0.024000	0.492420
0.024500	0.829610
0.025000	0.641340
0.025500	-0.458200
0.026000	-0.684500
0.026500	-1.719300
0.027000	-0.498670
0.027500	-1.932200
0.028000	-3.186800
0.028500	-1.679700
0.029000	-2.390000
0.029500	-3.692400
0.030000	-1.978300
0.030500	-4.145600
0.031000	-4.156100
0.031500	-2.553700
0.032000	-4.649200
0.032500	-5.173700
0.033000	-4.801800
0.033500	-3.998500
0.034000	-2.599800
0.034500	-2.475600
0.035000	-3.062500
0.035500	-1.216500
0.036000	-0.403490
0.036500	-1.801300
0.037000	-0.149090
0.037500	0.198300
0.038000	-0.896800
0.038500	-0.422860
0.039000	-0.806700
0.039500	1.766900
0.040000	-0.041779
0.040500	0.394950
0.041000	0.645850
0.041500	1.031300
0.042000	0.485840
0.042500	1.914300
0.043000	0.809450
0.043500	2.520200
0.044000	3.047800
0.044500	2.398700
0.045000	3.080300
0.045500	3.605600
0.046000	5.099700
0.046500	5.187300
0.047000	4.099900
0.047500	3.394400
0.048000	3.356200
0.048500	2.176600
0.049000	3.810300
0.049500	2.782100
0.050000	3.290900
0.050500	4.642700
0.051000	8.401900
0.051500	9.163500
0.052000	14.614000
0.052500	17.145000
0.053000	20.858999
0.053500	24.247000
0.054000	24.799000
0.054500	26.858000
0.055000	25.735001
0.055500	26.027000
0.056000	24.315001
0.056500	23.945000
0.057000	21.524000
0.057500	22.049999
0.058000	21.983999
0.058500	22.098000
0.059000	20.457001
0.059500	19.011000
0.060000	16.805000
0.060500	13.362000
0.061000	8.749400
0.061500	2.247100
0.062000	-4.299000
0.062500	-8.625400
0.063000	-14.245000
0.063500	-18.499001
0.064000	-24.524000
0.064500	-31.670000
0.065000	-42.316002
0.065500	-53.317001
0.066000	-69.025002
0.066500	-84.982002
0.067000	-96.498001
0.067500	-110.239998
0.068000	-116.800003
0.068500	-125.540001
0.069000	-135.360001
0.069500	-148.300003
0.070000	-167.240005
0.070500	-190.410004
0.071000	-221.490005
0.071500	-259.519989
0.072000	-296.079987
0.072500	-340.929993
0.073000	-388.420013
0.073500	-437.750000
0.074000	-487.670013
0.074500	-540.729980
0.075000	-591.429993
0.075500	-641.500000
0.076000	-673.919983
0.076500	-691.390015
0.077000	-685.789978
0.077500	-655.179993
0.078000	-600.969971
0.078500	-526.479980
0.079000	-429.739990
0.079500	-308.859985
0.080000	-167.119995
0.080500	-3.645700
0.081000	170.669998
0.081500	349.660004
0.082000	522.340027
0.082500	679.890015
0.083000	818.599976
0.083500	931.250000
0.084000	1011.400024
0.084500	1053.099976
0.085000	1051.699951
0.085500	1006.200012
0.086000	920.440002
0.086500	811.590027
0.087000	682.109985
0.087500	547.429993
0.088000	416.570007
0.088500	298.010010
0.089000	196.410004
0.089500	123.879997
0.090000	76.768997
0.090500	60.653999
0.091000	71.796997
0.091500	113.639999
0.092000	172.149994
0.092500	245.630005
0.093000	330.420013
0.093500	412.440002
0.094000	481.130005
0.094500	534.080017
0.095000	530.330017
0.095500	489.230011
0.096000	384.420013
0.096500	239.389999
0.097000	64.694000
0.097500	-101.570000
0.098000	-241.800003
0.098500	-337.579987
0.099000	-382.059998
0.099500	-377.709991
0.100000	-325.859985
0.100500	-223.360001
0.101000	-84.955002
0.101500	78.273003
0.102000	254.300003
0.102500	417.660004
0.103000	563.570007
0.103500	689.369995
0.104000	778.690002
0.104500	822.429993
0.105000	821.690002
0.105500	769.869995
0.106000	668.159973
0.106500	523.140015
0.107000	359.190002
0.107500	180.220001
0.108000	-4.706900
0.108500	-189.089996
0.109000	-367.309998
0.109500	-537.580017
0.110000	-682.510010
0.110500	-802.799988
0.111000	-881.330017
0.111500	-928.460022
0.112000	-943.320007
0.112500	-924.599976
0.113000	-873.969971
0.113500	-784.590027
0.114000	-671.640015
0.114500	-541.179993
0.115000	-405.410004
0.115500	-277.040009
0.116000	-161.910004
0.116500	-70.130997
0.117000	-5.858400
0.117500	34.020000
0.118000	50.966000
0.118500	51.868999
0.119000	43.429001
0.119500	29.061001
0.120000	19.209999
0.120500	11.369000
0.121000	11.738000
0.121500	15.381000
0.122000	25.479000
0.122500	40.335999
0.123000	59.080002
0.123500	80.462997
0.124000	104.699997
0.124500	127.110001
0.125000	146.210007
0.125500	160.080002
0.126000	166.899994
0.126500	164.050003
0.127000	153.889999
0.127500	132.520004
0.128000	98.171997
0.128500	56.005001
0.129000	6.032300
0.129500	-41.674999
0.130000	-88.275002
0.130500	-129.289993
0.131000	-163.860001
0.131500	-190.830002
0.132000	-204.970001
0.132500	-207.029999
0.133000	-198.619995
0.133500	-178.509995
0.134000	-151.679993
0.134500	-121.660004
0.135000	-92.740997
0.135500	-67.599998
0.136000	-45.804001
0.136500	-25.816999
0.137000	-3.648700
0.137500	20.455999
0.138000	51.808998
0.138500	89.129997
0.139000	131.919998
0.139500	171.539993
0.140000	210.750000
0.140500	246.710007
0.141000	275.510010
0.141500	295.760010
0.142000	310.589996
0.142500	316.809998
0.143000	320.820007
0.143500	319.980011
0.144000	312.980011
0.144500	299.410004
0.145000	280.940002
0.145500	253.070007
0.146000	216.169998
0.146500	173.830002
0.147000	126.599998
0.147500	76.279999
0.148000	26.704000
0.148500	-22.364000
0.149000	-67.306000
0.149500	-112.849998
0.150000	-156.000000
0.150500	-198.619995
0.151000	-236.130005
0.151500	-272.070007
0.152000	-309.179993
0.152500	-347.130005
0.153000	-383.829987
0.153500	-416.609985
0.154000	-448.920013
0.154500	-477.489990
0.155000	-497.970001
0.155500	-516.280029
0.156000	-529.200012
0.156500	-539.640015
0.157000	-546.479980
0.157500	-553.260010
0.158000	-554.489990
0.158500	-547.729980
0.159000	-531.479980
0.159500	-508.299988
0.160000	-476.100006
0.160500	-432.540009
0.161000	-381.059998
0.161500	-333.470001
0.162000	-266.119995
0.162500	-206.589996
0.163000	-127.059998
0.163500	-54.995998
0.164000	14.768000
0.164500	68.461998
0.165000	111.010002
0.165500	141.830002
0.166000	165.639999
0.166500	185.059998
0.167000	207.100006
0.167500	231.830002
0.168000	249.440002
0.168500	271.829987
0.169000	297.380005
0.169500	311.920013
0.170000	321.000000
0.170500	317.600006
0.171000	303.850006
0.171500	280.790009
0.172000	256.769989
0.172500	232.160004
0.173000	207.500000
0.173500	182.179993
0.174000	160.580002
0.174500	146.199997
0.175000	135.630005
0.175500	133.020004
0.176000	133.419998
0.176500	140.029999
0.177000	150.070007
0.177500	160.389999
0.178000	170.940002
0.178500	181.460007
0.179000	192.699997
0.179500	206.000000
0.180000	221.869995
0.180500	237.470001
0.181000	249.429993
0.181500	261.049988
0.182000	266.670013
0.182500	268.089996
0.183000	267.010010
0.183500	262.369995
0.184000	257.299988
0.184500	248.929993
0.185000	240.649994
0.185500	223.960007
0.186000	203.750000
0.186500	178.110001
0.187000	144.570007
0.187500	100.440002
0.188000	52.500999
0.188500	1.053300
0.189000	-52.757000
0.189500	-106.699997
0.190000	-157.869995
0.190500	-204.470001
0.191000	-246.850006
0.191500	-284.820007
0.192000	-310.089996
0.192500	-329.390015
0.193000	-341.529999
0.193500	-343.640015
0.194000	-336.359985
0.194500	-320.600006
0.195000	-295.750000
0.195500	-265.540009
0.196000	-232.039993
0.196500	-196.949997
0.197000	-165.649994
0.197500	-134.350006
0.198000	-107.900002
0.198500	-87.719002
0.199000	-74.882004
0.199500	-63.604000
0.200000	-60.265999
0.200500	-61.110001
0.201000	-60.701000
0.201500	-65.358002
0.202000	-66.717003
0.202500	-69.753998
0.203000	-74.884003
0.203500	-82.546997
0.204000	-89.281998
0.204500	-94.596001
0.205000	-100.379997
0.205500	-102.160004
0.206000	-102.150002
0.206500	-98.887001
0.207000	-95.657997
0.207500	-89.950996
0.208000	-81.749001
0.208500	-73.672997
0.209000	-63.714001
0.209500	-51.061001
0.210000	-34.216000
0.210500	-17.997000
0.211000	0.847230
0.211500	21.379000
0.212000	39.922001
0.212500	61.743000
0.213000	82.835999
0.213500	103.559998
0.214000	122.910004
0.214500	146.339996
0.215000	166.639999
0.215500	185.360001
0.216000	203.610001
0.216500	225.320007
0.217000	243.440002
0.217500	260.989990
0.218000	274.000000
0.218500	287.839996
0.219000	299.029999
0.219500	304.619995
0.220000	307.880005
0.220500	304.160004
0.221000	297.230011
0.221500	277.420013
0.222000	252.529999
0.222500	218.690002
0.223000	176.919998
0.223500	130.539993
0.224000	79.777000
0.224500	31.650000
0.225000	-16.570999
0.225500	-60.108002
0.226000	-97.686996
0.226500	-128.210007
0.227000	-155.100006
0.227500	-175.779999
0.228000	-191.210007
0.228500	-199.970001
0.229000	-203.149994
0.229500	-202.429993
0.230000	-198.250000
0.230500	-192.350006
0.231000	-185.220001
0.231500	-177.710007
0.232000	-169.880005
0.232500	-160.669998
0.233000	-151.990005
0.233500	-137.929993
0.234000	-124.500000
0.234500	-108.489998
0.235000	-92.456001
0.235500	-73.500999
0.236000	-54.633999
0.236500	-33.794998
0.237000	-17.020000
0.237500	0.860490
0.238000	16.454000
0.238500	28.139999
0.239000	41.834999
0.239500	53.556000
0.240000	63.500000
0.240500	69.565002
0.241000	74.971001
0.241500	72.931999
0.242000	73.522003
0.242500	71.941002
0.243000	65.750999
0.243500	62.175999
0.244000	61.173000
0.244500	61.139000
0.245000	64.535004
0.245500	66.261002
0.246000	66.483002
0.246500	65.657997
0.247000	62.807999
0.247500	57.683998
0.248000	48.299999
0.248500	40.442001
0.249000	28.742001
0.249500	13.705000
0.250000	-0.340440
0.250500	-13.983000
0.251000	-28.896999
0.251500	-46.321999
0.252000	-59.542999
0.252500	-69.904999
0.253000	-81.929001
0.253500	-91.200996
0.254000	-99.554001
0.254500	-103.830002
0.255000	-104.250000
0.255500	-102.300003
0.256000	-96.652000
0.256500	-87.393997
0.257000	-76.584000
0.257500	-63.160000
0.258000	-47.966999
0.258500	-29.761999
0.259000	-13.338000
0.259500	1.092200
0.260000	16.937000
0.260500	26.479000
0.261000	36.444000
0.261500	42.202000
0.262000	48.000000
0.262500	51.588001
0.263000	55.854000
0.263500	60.886002
0.264000	68.360001
0.264500	72.459000
0.265000	75.641998
0.265500	74.974998
0.266000	71.254997
0.266500	65.375999
0.267000	54.391998
0.267500	43.339001
0.268000	31.218000
0.268500	22.219000
0.269000	14.688000
0.269500	9.161600
0.270000	3.700100
0.270500	0.286400
0.271000	2.451200
0.271500	0.386470
0.272000	1.018500
0.272500	4.344000
0.273000	1.914800
0.273500	1.824800
0.274000	-1.631800
0.274500	-2.253900
0.275000	-4.685200
0.275500	-3.785200
0.276000	-4.776900
0.276500	-6.256200
0.277000	-5.956800
0.277500	-3.705700
0.278000	-5.255100
0.278500	-3.891800
0.279000	-5.336600
0.279500	-8.428700
0.280000	-10.906000
0.280500	-13.682000
0.281000	-15.611000
0.281500	-18.223000
0.282000	-18.434000
0.282500	-18.992001
0.283000	-17.242001
0.283500	-18.646000
0.284000	-19.436001
0.284500	-22.108999
0.285000	-22.961000
0.285500	-28.247000
0.286000	-31.496000
0.286500	-34.089001
0.287000	-31.496000
0.287500	-27.590000
0.288000	-19.742001
0.288500	-8.721200
0.289000	5.323800
0.289500	21.212000
0.290000	35.770000
0.290500	52.195000
0.291000	72.584000
0.291500	88.311996
0.292000	103.290001
0.292500	117.169998
0.293000	127.120003
0.293500	132.259995
0.294000	134.550003
0.294500	129.410004
0.295000	119.440002
0.295500	105.000000
0.296000	85.120003
0.296500	62.650002
0.297000	38.015999
0.297500	12.873000
0.298000	-13.441000
0.298500	-37.473999
