0.000000	9900.158203
0.000500	9900.158203
0.001000	9900.158203
0.001500	9900.158203
0.002000	9900.158203
0.002500	9900.158203
0.003000	9900.158203
0.003500	9900.158203
0.004000	9900.158203
0.004500	9900.158203
0.005000	9900.158203
0.005500	9900.158203
0.006000	9900.158203
0.006500	9899.904297
0.007000	9899.904297
0.007500	9899.649414
0.008000	9899.395508
0.008500	9899.395508
0.009000	9899.142578
0.009500	9899.142578
0.010000	9898.887695
0.010500	9898.887695
0.011000	9898.887695
0.011500	9898.887695
0.012000	9898.887695
0.012500	9898.887695
0.013000	9898.887695
0.013500	9899.142578
0.014000	9899.142578
0.014500	9899.142578
0.015000	9899.142578
0.015500	9899.142578
0.016000	9899.142578
0.016500	9899.142578
0.017000	9899.142578
0.017500	9899.142578
0.018000	9899.142578
0.018500	9899.395508
0.019000	9899.395508
0.019500	9899.649414
0.020000	9899.649414
0.020500	9899.904297
0.021000	9900.158203
0.021500	9900.158203
0.022000	9900.411133
0.022500	9900.666016
0.023000	9900.666016
0.023500	9900.666016
0.024000	9900.666016
0.024500	9900.666016
0.025000	9900.666016
0.025500	9900.666016
0.026000	9900.411133
0.026500	9900.411133
0.027000	9900.411133
0.027500	9900.411133
0.028000	9900.411133
0.028500	9900.158203
0.029000	9900.158203
0.029500	9900.158203
0.030000	9900.158203
0.030500	9900.158203
0.031000	9900.158203
0.031500	9899.904297
0.032000	9899.904297
0.032500	9899.649414
0.033000	9899.649414
0.033500	9899.395508
0.034000	9899.142578
0.034500	9898.887695
0.035000	9898.633789
0.035500	9898.379883
0.036000	9898.379883
0.036500	9898.125977
0.037000	9897.872070
0.037500	9897.872070
0.038000	9897.872070
0.038500	9897.872070
0.039000	9897.872070
0.039500	9897.872070
0.040000	9897.872070
0.040500	9898.125977
0.041000	9898.125977
0.041500	9898.379883
0.042000	9898.633789
0.042500	9898.887695
0.043000	9899.142578
0.043500	9899.395508
0.044000	9899.649414
0.044500	9899.649414
0.045000	9899.904297
0.045500	9900.158203
0.046000	9900.158203
0.046500	9900.411133
0.047000	9900.411133
0.047500	9900.411133
0.048000	9900.666016
0.048500	9900.666016
0.049000	9900.666016
0.049500	9900.666016
0.050000	9900.919922
0.050500	9900.919922
0.051000	9900.919922
0.051500	9901.173828
0.052000	9901.173828
0.052500	9901.428711
0.053000	9901.428711
0.053500	9901.681641
0.054000	9901.681641
0.054500	9901.935547
0.055000	9901.935547
0.055500	9902.190430
0.056000	9902.190430
0.056500	9902.190430
0.057000	9902.444336
0.057500	9902.444336
0.058000	9902.444336
0.058500	9902.697266
0.059000	9902.697266
0.059500	9902.697266
0.060000	9902.697266
0.060500	9902.697266
0.061000	9902.697266
0.061500	9902.697266
0.062000	9902.697266
0.062500	9902.444336
0.063000	9902.190430
0.063500	9901.935547
0.064000	9901.681641
0.064500	9901.428711
0.065000	9901.173828
0.065500	9900.666016
0.066000	9900.411133
0.066500	9899.904297
0.067000	9899.649414
0.067500	9899.142578
0.068000	9898.633789
0.068500	9898.125977
0.069000	9897.618164
0.069500	9897.110352
0.070000	9896.601562
0.070500	9896.093750
0.071000	9895.331055
0.071500	9894.569336
0.072000	9893.807617
0.072500	9893.045898
0.073000	9892.283203
0.073500	9891.267578
0.074000	9890.251953
0.074500	9888.981445
0.075000	9887.711914
0.075500	9886.442383
0.076000	9884.917969
0.076500	9883.393555
0.077000	9881.615234
0.077500	9879.837891
0.078000	9878.059570
0.078500	9876.028320
0.079000	9873.742188
0.079500	9871.202148
0.080000	9868.662109
0.080500	9866.121094
0.081000	9863.582031
0.081500	9860.788086
0.082000	9857.740234
0.082500	9854.692383
0.083000	9851.135742
0.083500	9847.580078
0.084000	9844.023438
0.084500	9840.213867
0.085000	9836.404297
0.085500	9832.593750
0.086000	9828.530273
0.086500	9824.211914
0.087000	9819.893555
0.087500	9815.068359
0.088000	9809.988281
0.088500	9804.908203
0.089000	9799.319336
0.089500	9793.477539
0.090000	9787.380859
0.090500	9781.031250
0.091000	9774.428711
0.091500	9767.569336
0.092000	9760.204102
0.092500	9751.821289
0.093000	9743.185547
0.093500	9734.549805
0.094000	9725.659180
0.094500	9717.023438
0.095000	9708.133789
0.095500	9699.498047
0.096000	9690.608398
0.096500	9681.463867
0.097000	9672.065430
0.097500	9662.160156
0.098000	9652.253906
0.098500	9642.093750
0.099000	9632.187500
0.099500	9622.028320
0.100000	9611.868164
0.100500	9601.454102
0.101000	9590.786133
0.101500	9579.356445
0.102000	9567.671875
0.102500	9556.242188
0.103000	9545.574219
0.103500	9534.906250
0.104000	9524.237305
0.104500	9513.570312
0.105000	9503.156250
0.105500	9492.742188
0.106000	9482.328125
0.106500	9471.914062
0.107000	9461.500000
0.107500	9450.578125
0.108000	9439.656250
0.108500	9428.733398
0.109000	9418.319336
0.109500	9408.159180
0.110000	9398.507812
0.110500	9388.855469
0.111000	9379.204102
0.111500	9369.551758
0.112000	9360.154297
0.112500	9351.263672
0.113000	9342.880859
0.113500	9335.007812
0.114000	9327.133789
0.114500	9319.514648
0.115000	9311.639648
0.115500	9303.766602
0.116000	9295.891602
0.116500	9287.763672
0.117000	9279.889648
0.117500	9271.761719
0.118000	9263.633789
0.118500	9254.998047
0.119000	9245.599609
0.119500	9235.185547
0.120000	9224.771484
0.120500	9214.357422
0.121000	9203.943359
0.121500	9193.784180
0.122000	9183.370117
0.122500	9172.956055
0.123000	9162.541992
0.123500	9152.127930
0.124000	9141.206055
0.124500	9130.030273
0.125000	9119.107422
0.125500	9108.693359
0.126000	9098.788086
0.126500	9088.627930
0.127000	9078.721680
0.127500	9068.307617
0.128000	9057.639648
0.128500	9046.971680
0.129000	9036.557617
0.129500	9026.397461
0.130000	9016.492188
0.130500	9006.585938
0.131000	8996.680664
0.131500	8986.773438
0.132000	8977.121094
0.132500	8967.216797
0.133000	8957.564453
0.133500	8947.657227
0.134000	8937.498047
0.134500	8927.337891
0.135000	8917.177734
0.135500	8907.526367
0.136000	8898.128906
0.136500	8888.983398
0.137000	8879.839844
0.137500	8870.696289
0.138000	8861.297852
0.138500	8851.900391
0.139000	8842.501953
0.139500	8833.357422
0.140000	8824.468750
0.140500	8816.085938
0.141000	8807.704102
0.141500	8799.322266
0.142000	8790.685547
0.142500	8782.303711
0.143000	8773.667969
0.143500	8765.285156
0.144000	8757.157227
0.144500	8749.537109
0.145000	8742.170898
0.145500	8734.805664
0.146000	8727.693359
0.146500	8720.328125
0.147000	8713.215820
0.147500	8706.104492
0.148000	8699.500000
0.148500	8693.404297
0.149000	8687.561523
0.149500	8681.973633
0.150000	8676.385742
0.150500	8670.796875
0.151000	8665.464844
0.151500	8660.130859
0.152000	8655.303711
0.152500	8650.731445
0.153000	8646.414062
0.153500	8642.095703
0.154000	8638.032227
0.154500	8633.968750
0.155000	8630.157227
0.155500	8626.602539
0.156000	8623.045898
0.156500	8619.998047
0.157000	8617.204102
0.157500	8614.664062
0.158000	8612.631836
0.158500	8610.345703
0.159000	8608.568359
0.159500	8607.042969
0.160000	8605.774414
0.160500	8604.504883
0.161000	8603.488281
0.161500	8602.980469
0.162000	8602.471680
0.162500	8602.218750
0.163000	8601.963867
0.163500	8602.218750
0.164000	8602.471680
0.164500	8602.980469
0.165000	8603.742188
0.165500	8604.504883
0.166000	8605.519531
0.166500	8606.536133
0.167000	8607.806641
0.167500	8609.075195
0.168000	8610.599609
0.168500	8612.123047
0.169000	8613.902344
0.169500	8615.933594
0.170000	8618.219727
0.170500	8620.505859
0.171000	8623.045898
0.171500	8625.585938
0.172000	8628.379883
0.172500	8631.427734
0.173000	8634.730469
0.173500	8638.285156
0.174000	8641.841797
0.174500	8645.651367
0.175000	8649.461914
0.175500	8653.271484
0.176000	8657.082031
0.176500	8661.145508
0.177000	8665.717773
0.177500	8670.290039
0.178000	8674.862305
0.178500	8679.687500
0.179000	8684.259766
0.179500	8688.831055
0.180000	8693.404297
0.180500	8698.229492
0.181000	8703.309570
0.181500	8708.643555
0.182000	8713.977539
0.182500	8719.311523
0.183000	8724.645508
0.183500	8729.725586
0.184000	8735.059570
0.184500	8740.393555
0.185000	8745.981445
0.185500	8751.823242
0.186000	8757.666992
0.186500	8763.761719
0.187000	8769.603516
0.187500	8775.192383
0.188000	8781.033203
0.188500	8786.622070
0.189000	8792.463867
0.189500	8798.560547
0.190000	8804.910156
0.190500	8811.006836
0.191000	8817.356445
0.191500	8823.197266
0.192000	8829.292969
0.192500	8835.135742
0.193000	8841.231445
0.193500	8847.582031
0.194000	8853.931641
0.194500	8860.282227
0.195000	8866.631836
0.195500	8872.982422
0.196000	8879.078125
0.196500	8885.173828
0.197000	8891.523438
0.197500	8898.128906
0.198000	8904.731445
0.198500	8911.589844
0.199000	8918.193359
0.199500	8924.797852
0.200000	8931.147461
0.200500	8937.498047
0.201000	8944.102539
0.201500	8950.452148
0.202000	8956.547852
0.202500	8962.897461
0.203000	8969.248047
0.203500	8975.597656
0.204000	8982.201172
0.204500	8988.551758
0.205000	8995.156250
0.205500	9001.505859
0.206000	9007.856445
0.206500	9014.206055
0.207000	9020.301758
0.207500	9026.143555
0.208000	9031.986328
0.208500	9037.574219
0.209000	9043.416016
0.209500	9049.256836
0.210000	9055.099609
0.210500	9061.195312
0.211000	9067.037109
0.211500	9073.133789
0.212000	9079.230469
0.212500	9085.326172
0.213000	9091.421875
0.213500	9097.264648
0.214000	9103.106445
0.214500	9108.693359
0.215000	9114.535156
0.215500	9120.378906
0.216000	9126.219727
0.216500	9132.061523
0.217000	9137.649414
0.217500	9143.492188
0.218000	9149.333984
0.218500	9155.429688
0.219000	9161.272461
0.219500	9167.114258
0.220000	9172.956055
0.220500	9178.290039
0.221000	9183.624023
0.221500	9189.211914
0.222000	9194.799805
0.222500	9200.642578
0.223000	9206.483398
0.223500	9212.326172
0.224000	9218.167969
0.224500	9223.755859
0.225000	9229.343750
0.225500	9234.931641
0.226000	9240.519531
0.226500	9246.616211
0.227000	9252.711914
0.227500	9258.554688
0.228000	9264.395508
0.228500	9270.238281
0.229000	9275.825195
0.229500	9281.414062
0.230000	9287.255859
0.230500	9293.097656
0.231000	9299.193359
0.231500	9305.290039
0.232000	9310.877930
0.232500	9316.466797
0.233000	9322.053711
0.233500	9327.387695
0.234000	9332.721680
0.234500	9338.309570
0.235000	9343.897461
0.235500	9349.231445
0.236000	9354.566406
0.236500	9359.645508
0.237000	9364.471680
0.237500	9369.297852
0.238000	9374.124023
0.238500	9379.204102
0.239000	9384.284180
0.239500	9389.109375
0.240000	9394.189453
0.240500	9399.016602
0.241000	9403.587891
0.241500	9408.414062
0.242000	9412.985352
0.242500	9417.811523
0.243000	9422.637695
0.243500	9427.717773
0.244000	9432.543945
0.244500	9437.369141
0.245000	9441.942383
0.245500	9446.513672
0.246000	9451.085938
0.246500	9455.658203
0.247000	9460.229492
0.247500	9465.056641
0.248000	9469.627930
0.248500	9474.200195
0.249000	9478.772461
0.249500	9483.090820
0.250000	9487.407227
0.250500	9491.725586
0.251000	9495.536133
0.251500	9499.599609
0.252000	9503.409180
0.252500	9507.219727
0.253000	9511.030273
0.253500	9514.839844
0.254000	9518.650391
0.254500	9522.206055
0.255000	9525.507812
0.255500	9528.809570
0.256000	9532.112305
0.256500	9535.414062
0.257000	9538.716797
0.257500	9542.017578
0.258000	9545.065430
0.258500	9548.368164
0.259000	9551.416016
0.259500	9554.209961
0.260000	9556.750000
0.260500	9559.036133
0.261000	9561.576172
0.261500	9564.116211
0.262000	9566.147461
0.262500	9568.179688
0.263000	9570.210938
0.263500	9571.990234
0.264000	9573.513672
0.264500	9575.292969
0.265000	9577.069336
0.265500	9578.592773
0.266000	9580.372070
0.266500	9581.895508
0.267000	9583.673828
0.267500	9585.197266
0.268000	9586.721680
0.268500	9588.245117
0.269000	9589.769531
0.269500	9591.292969
0.270000	9592.818359
0.270500	9594.341797
0.271000	9595.866211
0.271500	9597.390625
0.272000	9598.659180
0.272500	9600.183594
0.273000	9601.707031
0.273500	9603.486328
0.274000	9605.518555
0.274500	9607.295898
0.275000	9609.328125
0.275500	9611.359375
0.276000	9613.138672
0.276500	9615.169922
0.277000	9617.202148
0.277500	9619.742188
0.278000	9622.536133
0.278500	9625.583984
0.279000	9629.139648
0.279500	9632.950195
0.280000	9636.759766
0.280500	9640.823242
0.281000	9644.887695
0.281500	9649.206055
0.282000	9653.523438
0.282500	9657.842773
0.283000	9662.160156
0.283500	9666.223633
0.284000	9670.288086
0.284500	9673.843750
0.285000	9677.399414
0.285500	9680.702148
0.286000	9683.495117
0.286500	9686.036133
0.287000	9688.576172
0.287500	9690.861328
0.288000	9693.147461
0.288500	9695.179688
0.289000	9697.211914
0.289500	9698.990234
0.290000	9700.513672
0.290500	9702.038086
0.291000	9703.307617
0.291500	9704.324219
0.292000	9705.592773
0.292500	9706.609375
0.293000	9707.372070
0.293500	9707.879883
0.294000	9708.388672
0.294500	9708.895508
0.295000	9709.150391
0.295500	9709.657227
0.296000	9710.166016
0.296500	9710.673828
0.297000	9710.927734
0.297500	9711.435547
0.298000	9711.943359
0.298500	9712.707031
0.299000	9713.213867
0.299500	9713.975586
0.300000	9714.738281
0.300500	9715.245117
0.301000	9716.006836
0.301500	9716.769531
0.302000	9717.278320
0.302500	9718.040039
0.303000	9718.802734
0.303500	9719.309570
0.304000	9720.072266
0.304500	9720.580078
0.305000	9721.087891
0.305500	9721.595703
0.306000	9722.104492
0.306500	9722.357422
0.307000	9722.357422
0.307500	9722.357422
0.308000	9722.357422
0.308500	9722.357422
0.309000	9722.104492
0.309500	9721.849609
0.310000	9721.341797
0.310500	9720.833984
0.311000	9720.325195
0.311500	9719.564453
0.312000	9718.802734
0.312500	9717.786133
0.313000	9717.023438
0.313500	9716.261719
0.314000	9715.245117
0.314500	9714.483398
0.315000	9713.468750
0.315500	9712.707031
0.316000	9711.943359
0.316500	9711.181641
0.317000	9710.419922
0.317500	9709.657227
0.318000	9708.895508
0.318500	9708.133789
0.319000	9707.625977
0.319500	9706.864258
0.320000	9706.102539
0.320500	9705.340820
0.321000	9704.578125
0.321500	9703.816406
0.322000	9703.054688
0.322500	9702.038086
0.323000	9700.768555
0.323500	9699.751953
0.324000	9698.481445
0.324500	9697.465820
0.325000	9696.195312
0.325500	9695.179688
0.326000	9693.909180
0.326500	9692.893555
0.327000	9691.877930
0.327500	9690.608398
0.328000	9689.592773
0.328500	9688.576172
0.329000	9687.813477
0.329500	9687.051758
0.330000	9686.543945
0.330500	9686.290039
0.331000	9685.781250
0.331500	9685.527344
0.332000	9685.274414
0.332500	9685.019531
0.333000	9684.765625
0.333500	9684.511719
0.334000	9684.257812
0.334500	9684.003906
0.335000	9683.495117
0.335500	9683.242188
0.336000	9682.733398
0.336500	9681.971680
0.337000	9681.463867
0.337500	9680.702148
0.338000	9680.194336
0.338500	9679.431641
0.339000	9678.669922
0.339500	9677.908203
0.340000	9677.145508
0.340500	9676.383789
0.341000	9675.622070
0.341500	9674.860352
0.342000	9674.097656
0.342500	9673.335938
0.343000	9672.574219
0.343500	9671.812500
0.344000	9670.795898
0.344500	9670.033203
0.345000	9669.017578
0.345500	9668.255859
0.346000	9667.240234
0.346500	9666.223633
0.347000	9665.461914
0.347500	9664.446289
0.348000	9663.430664
0.348500	9662.414062
0.349000	9661.397461
0.349500	9660.127930
0.350000	9658.857422
0.350500	9657.333008
0.351000	9656.064453
0.351500	9654.793945
0.352000	9653.523438
0.352500	9651.999023
0.353000	9650.730469
0.353500	9649.206055
0.354000	9647.935547
0.354500	9646.412109
0.355000	9645.142578
0.355500	9643.618164
0.356000	9642.347656
0.356500	9640.823242
0.357000	9639.553711
0.357500	9638.284180
0.358000	9637.014648
0.358500	9635.998047
0.359000	9634.728516
0.359500	9633.204102
0.360000	9631.933594
0.360500	9630.664062
0.361000	9629.393555
0.361500	9628.124023
0.362000	9627.107422
0.362500	9625.837891
0.363000	9624.568359
0.363500	9623.297852
0.364000	9622.028320
0.364500	9620.503906
0.365000	9619.234375
0.365500	9618.218750
0.366000	9616.948242
0.366500	9615.931641
0.367000	9614.916016
0.367500	9613.900391
0.368000	9612.883789
0.368500	9611.868164
0.369000	9611.105469
0.369500	9610.343750
0.370000	9609.582031
0.370500	9608.820312
0.371000	9608.311523
0.371500	9607.804688
0.372000	9607.295898
0.372500	9606.788086
0.373000	9606.025391
0.373500	9605.518555
0.374000	9605.009766
0.374500	9604.501953
0.375000	9603.993164
0.375500	9603.231445
0.376000	9602.723633
0.376500	9602.215820
0.377000	9601.454102
0.377500	9600.691406
0.378000	9599.929688
0.378500	9599.167969
0.379000	9598.406250
0.379500	9597.643555
0.380000	9596.881836
0.380500	9596.120117
0.381000	9595.357422
0.381500	9594.849609
0.382000	9594.087891
0.382500	9593.580078
0.383000	9593.072266
0.383500	9592.563477
0.384000	9592.056641
0.384500	9591.547852
0.385000	9591.040039
0.385500	9590.531250
0.386000	9590.024414
0.386500	9589.515625
0.387000	9589.261719
0.387500	9589.007812
0.388000	9588.753906
0.388500	9588.500000
0.389000	9588.245117
0.389500	9588.245117
0.390000	9587.992188
0.390500	9587.992188
0.391000	9587.738281
0.391500	9587.738281
0.392000	9587.483398
0.392500	9587.229492
0.393000	9586.975586
0.393500	9586.721680
0.394000	9586.468750
0.394500	9585.958984
0.395000	9585.452148
0.395500	9585.197266
0.396000	9584.435547
0.396500	9583.927734
0.397000	9583.166016
0.397500	9582.658203
0.398000	9581.895508
0.398500	9581.133789
0.399000	9580.372070
0.399500	9579.610352
0.400000	9578.847656
0.400500	9578.085938
0.401000	9577.069336
0.401500	9576.307617
0.402000	9575.292969
0.402500	9574.276367
0.403000	9573.259766
0.403500	9572.244141
0.404000	9571.228516
0.404500	9570.465820
0.405000	9569.449219
0.405500	9568.687500
0.406000	9567.926758
0.406500	9567.164062
0.407000	9566.656250
0.407500	9565.893555
0.408000	9565.130859
0.408500	9564.624023
0.409000	9564.116211
0.409500	9563.354492
0.410000	9562.845703
0.410500	9562.083008
0.411000	9561.576172
0.411500	9561.068359
0.412000	9560.306641
0.412500	9559.796875
0.413000	9559.290039
0.413500	9558.781250
0.414000	9558.274414
0.414500	9557.765625
0.415000	9557.257812
0.415500	9557.003906
0.416000	9556.496094
0.416500	9556.242188
0.417000	9555.988281
0.417500	9555.733398
0.418000	9555.480469
0.418500	9555.226562
0.419000	9554.971680
0.419500	9554.717773
0.420000	9554.463867
0.420500	9554.209961
0.421000	9553.956055
0.421500	9553.702148
0.422000	9553.447266
0.422500	9553.193359
0.423000	9552.940430
0.423500	9552.685547
0.424000	9552.430664
0.424500	9551.923828
0.425000	9551.668945
0.425500	9551.162109
0.426000	9550.907227
0.426500	9550.399414
0.427000	9549.892578
0.427500	9549.637695
0.428000	9549.130859
0.428500	9548.622070
0.429000	9548.368164
0.429500	9547.860352
0.430000	9547.606445
0.430500	9547.098633
0.431000	9546.843750
0.431500	9546.589844
0.432000	9546.335938
0.432500	9546.082031
0.433000	9545.828125
0.433500	9545.574219
0.434000	9545.574219
0.434500	9545.319336
0.435000	9545.065430
0.435500	9545.065430
0.436000	9544.812500
0.436500	9544.812500
0.437000	9544.557617
0.437500	9544.557617
0.438000	9544.557617
0.438500	9544.303711
0.439000	9544.303711
0.439500	9544.303711
0.440000	9544.303711
0.440500	9544.557617
0.441000	9544.557617
0.441500	9544.557617
0.442000	9544.812500
0.442500	9544.812500
0.443000	9544.812500
0.443500	9545.065430
0.444000	9545.065430
0.444500	9545.065430
0.445000	9545.319336
0.445500	9545.319336
0.446000	9545.065430
0.446500	9545.065430
0.447000	9545.065430
0.447500	9544.812500
0.448000	9544.812500
0.448500	9544.557617
0.449000	9544.557617
0.449500	9544.303711
0.450000	9544.049805
0.450500	9543.795898
0.451000	9543.795898
0.451500	9543.541992
0.452000	9543.288086
0.452500	9543.033203
0.453000	9542.780273
0.453500	9542.526367
0.454000	9542.271484
0.454500	9542.017578
0.455000	9541.764648
0.455500	9541.509766
0.456000	9541.255859
0.456500	9541.001953
0.457000	9541.001953
0.457500	9540.748047
0.458000	9540.494141
0.458500	9540.494141
0.459000	9540.494141
0.459500	9540.494141
0.460000	9540.494141
0.460500	9540.494141
0.461000	9540.748047
0.461500	9541.001953
0.462000	9541.255859
0.462500	9541.509766
0.463000	9541.764648
0.463500	9542.271484
0.464000	9542.526367
0.464500	9543.033203
0.465000	9543.288086
0.465500	9543.795898
0.466000	9544.049805
0.466500	9544.557617
0.467000	9544.812500
0.467500	9545.319336
0.468000	9545.574219
0.468500	9545.828125
0.469000	9546.335938
0.469500	9546.589844
0.470000	9547.098633
0.470500	9547.351562
0.471000	9547.860352
0.471500	9548.114258
0.472000	9548.368164
0.472500	9548.622070
0.473000	9548.875977
0.473500	9549.130859
0.474000	9549.637695
0.474500	9549.892578
0.475000	9550.146484
0.475500	9550.654297
0.476000	9550.907227
0.476500	9551.416016
0.477000	9551.668945
0.477500	9552.178711
0.478000	9552.430664
0.478500	9552.940430
0.479000	9553.447266
0.479500	9553.702148
0.480000	9554.209961
0.480500	9554.463867
0.481000	9554.717773
0.481500	9554.971680
0.482000	9555.226562
0.482500	9555.480469
0.483000	9555.733398
0.483500	9555.733398
0.484000	9555.988281
0.484500	9555.988281
0.485000	9556.242188
0.485500	9556.242188
0.486000	9556.496094
0.486500	9556.496094
0.487000	9556.496094
0.487500	9556.750000
0.488000	6795770.000000
0.488500	23664672.000000
0.489000	45374560.000000
0.489500	66690244.000000
0.490000	95506536.000000
0.490500	135470896.000000
0.491000	174995840.000000
0.491500	202473568.000000
0.492000	193083168.000000
0.492500	133644640.000000
0.493000	58994040.000000
0.493500	5120894.000000
0.494000	-13231622.000000
0.494500	-22016720.000000
0.495000	-19990308.000000
