0.000000	0.318460
0.000500	0.318460
0.001000	0.318460
0.001500	0.318460
0.002000	0.318460
0.002500	0.318460
0.003000	0.318460
0.003500	0.318470
0.004000	0.318470
0.004500	0.318470
0.005000	0.318470
0.005500	0.318480
0.006000	0.318480
0.006500	0.318490
0.007000	0.318490
0.007500	0.318500
0.008000	0.318510
0.008500	0.318520
0.009000	0.318530
0.009500	0.318540
0.010000	0.318550
0.010500	0.318560
0.011000	0.318580
0.011500	0.318590
0.012000	0.318610
0.012500	0.318620
0.013000	0.318640
0.013500	0.318660
0.014000	0.318670
0.014500	0.318690
0.015000	0.318710
0.015500	0.318730
0.016000	0.318740
0.016500	0.318760
0.017000	0.318780
0.017500	0.318790
0.018000	0.318810
0.018500	0.318820
0.019000	0.318840
0.019500	0.318850
0.020000	0.318870
0.020500	0.318880
0.021000	0.318900
0.021500	0.318910
0.022000	0.318920
0.022500	0.318930
0.023000	0.318940
0.023500	0.318950
0.024000	0.318960
0.024500	0.318970
0.025000	0.318980
0.025500	0.318980
0.026000	0.318990
0.026500	0.319000
0.027000	0.319000
0.027500	0.319010
0.028000	0.319020
0.028500	0.319030
0.029000	0.319040
0.029500	0.319050
0.030000	0.319070
0.030500	0.319090
0.031000	0.319100
0.031500	0.319120
0.032000	0.319150
0.032500	0.319170
0.033000	0.319200
0.033500	0.319230
0.034000	0.319260
0.034500	0.319290
0.035000	0.319320
0.035500	0.319350
0.036000	0.319380
0.036500	0.319420
0.037000	0.319450
0.037500	0.319470
0.038000	0.319500
0.038500	0.319530
0.039000	0.319550
0.039500	0.319570
0.040000	0.319590
0.040500	0.319610
0.041000	0.319620
0.041500	0.319630
0.042000	0.319650
0.042500	0.319650
0.043000	0.319660
0.043500	0.319670
0.044000	0.319670
0.044500	0.319680
0.045000	0.319680
0.045500	0.319680
0.046000	0.319680
0.046500	0.319690
0.047000	0.319690
0.047500	0.319700
0.048000	0.319710
0.048500	0.319720
0.049000	0.319740
0.049500	0.319760
0.050000	0.319790
0.050500	0.319820
0.051000	0.319870
0.051500	0.319930
0.052000	0.320000
0.052500	0.320080
0.053000	0.320180
0.053500	0.320300
0.054000	0.320440
0.054500	0.320610
0.055000	0.320800
0.055500	0.321030
0.056000	0.321300
0.056500	0.321620
0.057000	0.321970
0.057500	0.322380
0.058000	0.322840
0.058500	0.323350
0.059000	0.323910
0.059500	0.324530
0.060000	0.325200
0.060500	0.325920
0.061000	0.326690
0.061500	0.327490
0.062000	0.328330
0.062500	0.329190
0.063000	0.330060
0.063500	0.330940
0.064000	0.331820
0.064500	0.332680
0.065000	0.333520
0.065500	0.334320
0.066000	0.335100
0.066500	0.335830
0.067000	0.336520
0.067500	0.337150
0.068000	0.337730
0.068500	0.338230
0.069000	0.338660
0.069500	0.339010
0.070000	0.339270
0.070500	0.339430
0.071000	0.339500
0.071500	0.339460
0.072000	0.339340
0.072500	0.339110
0.073000	0.338780
0.073500	0.338360
0.074000	0.337830
0.074500	0.337200
0.075000	0.336460
0.075500	0.335600
0.076000	0.334620
0.076500	0.333510
0.077000	0.332240
0.077500	0.330800
0.078000	0.329170
0.078500	0.327320
0.079000	0.325230
0.079500	0.322870
0.080000	0.320240
0.080500	0.317300
0.081000	0.314040
0.081500	0.310450
0.082000	0.306510
0.082500	0.302220
0.083000	0.297590
0.083500	0.292650
0.084000	0.287400
0.084500	0.281890
0.085000	0.276140
0.085500	0.270210
0.086000	0.264140
0.086500	0.257980
0.087000	0.251770
0.087500	0.245550
0.088000	0.239360
0.088500	0.233220
0.089000	0.227170
0.089500	0.221210
0.090000	0.215370
0.090500	0.209650
0.091000	0.204070
0.091500	0.198640
0.092000	0.193350
0.092500	0.188200
0.093000	0.183190
0.093500	0.178280
0.094000	0.173440
0.094500	0.168610
0.095000	0.163700
0.095500	0.158630
0.096000	0.153290
0.096500	0.147620
0.097000	0.141540
0.097500	0.135020
0.098000	0.128080
0.098500	0.120780
0.099000	0.113220
0.099500	0.105540
0.100000	0.097919
0.100500	0.090551
0.101000	0.083636
0.101500	0.077365
0.102000	0.071910
0.102500	0.067412
0.103000	0.063981
0.103500	0.061686
0.104000	0.060562
0.104500	0.060605
0.105000	0.061782
0.105500	0.064032
0.106000	0.067272
0.106500	0.071405
0.107000	0.076318
0.107500	0.081889
0.108000	0.087990
0.108500	0.094487
0.109000	0.101250
0.109500	0.108150
0.110000	0.115060
0.110500	0.121880
0.111000	0.128500
0.111500	0.134840
0.112000	0.140820
0.112500	0.146380
0.113000	0.151470
0.113500	0.156070
0.114000	0.160150
0.114500	0.163720
0.115000	0.166790
0.115500	0.169370
0.116000	0.171510
0.116500	0.173240
0.117000	0.174630
0.117500	0.175730
0.118000	0.176590
0.118500	0.177260
0.119000	0.177770
0.119500	0.178170
0.120000	0.178460
0.120500	0.178670
0.121000	0.178800
0.121500	0.178860
0.122000	0.178850
0.122500	0.178790
0.123000	0.178690
0.123500	0.178570
0.124000	0.178440
0.124500	0.178340
0.125000	0.178290
0.125500	0.178330
0.126000	0.178480
0.126500	0.178760
0.127000	0.179210
0.127500	0.179830
0.128000	0.180640
0.128500	0.181640
0.129000	0.182840
0.129500	0.184240
0.130000	0.185820
0.130500	0.187590
0.131000	0.189550
0.131500	0.191680
0.132000	0.193990
0.132500	0.196490
0.133000	0.199170
0.133500	0.202040
0.134000	0.205110
0.134500	0.208370
0.135000	0.211830
0.135500	0.215480
0.136000	0.219320
0.136500	0.223330
0.137000	0.227510
0.137500	0.231830
0.138000	0.236280
0.138500	0.240840
0.139000	0.245470
0.139500	0.250170
0.140000	0.254910
0.140500	0.259670
0.141000	0.264430
0.141500	0.269180
0.142000	0.273910
0.142500	0.278620
0.143000	0.283290
0.143500	0.287910
0.144000	0.292480
0.144500	0.296980
0.145000	0.301400
0.145500	0.305730
0.146000	0.309940
0.146500	0.314040
0.147000	0.317990
0.147500	0.321780
0.148000	0.325390
0.148500	0.328820
0.149000	0.332030
0.149500	0.335040
0.150000	0.337810
0.150500	0.340340
0.151000	0.342630
0.151500	0.344680
0.152000	0.346460
0.152500	0.347980
0.153000	0.349230
0.153500	0.350210
0.154000	0.350890
0.154500	0.351280
0.155000	0.351360
0.155500	0.351120
0.156000	0.350560
0.156500	0.349660
0.157000	0.348420
0.157500	0.346840
0.158000	0.344910
0.158500	0.342650
0.159000	0.340040
0.159500	0.337110
0.160000	0.333850
0.160500	0.330290
0.161000	0.326420
0.161500	0.322270
0.162000	0.317850
0.162500	0.313170
0.163000	0.308260
0.163500	0.303120
0.164000	0.297780
0.164500	0.292250
0.165000	0.286570
0.165500	0.280760
0.166000	0.274840
0.166500	0.268850
0.167000	0.262800
0.167500	0.256720
0.168000	0.250620
0.168500	0.244540
0.169000	0.238490
0.169500	0.232480
0.170000	0.226540
0.170500	0.220690
0.171000	0.214940
0.171500	0.209310
0.172000	0.203830
0.172500	0.198520
0.173000	0.193380
0.173500	0.188440
0.174000	0.183700
0.174500	0.179190
0.175000	0.174900
0.175500	0.170850
0.176000	0.167040
0.176500	0.163490
0.177000	0.160210
0.177500	0.157190
0.178000	0.154450
0.178500	0.152000
0.179000	0.149840
0.179500	0.147970
0.180000	0.146410
0.180500	0.145160
0.181000	0.144220
0.181500	0.143590
0.182000	0.143280
0.182500	0.143280
0.183000	0.143600
0.183500	0.144210
0.184000	0.145100
0.184500	0.146270
0.185000	0.147680
0.185500	0.149300
0.186000	0.151130
0.186500	0.153130
0.187000	0.155290
0.187500	0.157580
0.188000	0.160010
0.188500	0.162540
0.189000	0.165160
0.189500	0.167870
0.190000	0.170630
0.190500	0.173440
0.191000	0.176260
0.191500	0.179070
0.192000	0.181850
0.192500	0.184570
0.193000	0.187190
0.193500	0.189700
0.194000	0.192070
0.194500	0.194260
0.195000	0.196270
0.195500	0.198070
0.196000	0.199640
0.196500	0.200970
0.197000	0.202050
0.197500	0.202890
0.198000	0.203480
0.198500	0.203830
0.199000	0.203940
0.199500	0.203830
0.200000	0.203510
0.200500	0.202990
0.201000	0.202270
0.201500	0.201360
0.202000	0.200270
0.202500	0.199000
0.203000	0.197560
0.203500	0.195950
0.204000	0.194190
0.204500	0.192290
0.205000	0.190250
0.205500	0.188110
0.206000	0.185860
0.206500	0.183530
0.207000	0.181140
0.207500	0.178700
0.208000	0.176240
0.208500	0.173770
0.209000	0.171300
0.209500	0.168850
0.210000	0.166430
0.210500	0.164050
0.211000	0.161730
0.211500	0.159470
0.212000	0.157290
0.212500	0.155200
0.213000	0.153210
0.213500	0.151330
0.214000	0.149560
0.214500	0.147930
0.215000	0.146430
0.215500	0.145070
0.216000	0.143850
0.216500	0.142780
0.217000	0.141860
0.217500	0.141090
0.218000	0.140460
0.218500	0.139960
0.219000	0.139600
0.219500	0.139360
0.220000	0.139250
0.220500	0.139240
0.221000	0.139340
0.221500	0.139540
0.222000	0.139830
0.222500	0.140200
0.223000	0.140640
0.223500	0.141150
0.224000	0.141710
0.224500	0.142320
0.225000	0.142940
0.225500	0.143580
0.226000	0.144190
0.226500	0.144770
0.227000	0.145290
0.227500	0.145730
0.228000	0.146070
0.228500	0.146290
0.229000	0.146370
0.229500	0.146300
0.230000	0.146060
0.230500	0.145660
0.231000	0.145080
0.231500	0.144330
0.232000	0.143420
0.232500	0.142360
0.233000	0.141160
0.233500	0.139820
0.234000	0.138370
0.234500	0.136810
0.235000	0.135160
0.235500	0.133410
0.236000	0.131590
0.236500	0.129690
0.237000	0.127730
0.237500	0.125710
0.238000	0.123660
0.238500	0.121570
0.239000	0.119470
0.239500	0.117360
0.240000	0.115250
0.240500	0.113150
0.241000	0.111080
0.241500	0.109040
0.242000	0.107030
0.242500	0.105080
0.243000	0.103170
0.243500	0.101330
0.244000	0.099546
0.244500	0.097832
0.245000	0.096188
0.245500	0.094615
0.246000	0.093111
0.246500	0.091678
0.247000	0.090315
0.247500	0.089021
0.248000	0.087795
0.248500	0.086637
0.249000	0.085545
0.249500	0.084516
0.250000	0.083544
0.250500	0.082626
0.251000	0.081754
0.251500	0.080921
0.252000	0.080118
0.252500	0.079335
0.253000	0.078567
0.253500	0.077804
0.254000	0.077040
0.254500	0.076269
0.255000	0.075484
0.255500	0.074682
0.256000	0.073859
0.256500	0.073009
0.257000	0.072132
0.257500	0.071224
0.258000	0.070285
0.258500	0.069318
0.259000	0.068323
0.259500	0.067304
0.260000	0.066264
0.260500	0.065210
0.261000	0.064145
0.261500	0.063075
0.262000	0.062004
0.262500	0.060935
0.263000	0.059873
0.263500	0.058818
0.264000	0.057771
0.264500	0.056731
0.265000	0.055697
0.265500	0.054666
0.266000	0.053635
0.266500	0.052603
0.267000	0.051567
0.267500	0.050526
0.268000	0.049480
0.268500	0.048428
0.269000	0.047368
0.269500	0.046298
0.270000	0.045217
0.270500	0.044124
0.271000	0.043018
0.271500	0.041898
0.272000	0.040765
0.272500	0.039619
0.273000	0.038462
0.273500	0.037298
0.274000	0.036130
0.274500	0.034963
0.275000	0.033802
0.275500	0.032650
0.276000	0.031512
0.276500	0.030389
0.277000	0.029283
0.277500	0.028194
0.278000	0.027121
0.278500	0.026063
0.279000	0.025016
0.279500	0.023977
0.280000	0.022943
0.280500	0.021910
0.281000	0.020873
0.281500	0.019831
0.282000	0.018779
0.282500	0.017716
0.283000	0.016639
0.283500	0.015549
0.284000	0.014444
0.284500	0.013326
0.285000	0.012197
0.285500	0.011062
0.286000	0.009925
0.286500	0.008792
0.287000	0.007667
0.287500	0.006556
0.288000	0.005461
0.288500	0.004384
0.289000	0.003326
0.289500	0.002285
0.290000	0.001260
0.290500	0.000247
0.291000	-0.000755
0.291500	-0.001751
0.292000	-0.002742
0.292500	-0.003731
0.293000	-0.004719
0.293500	-0.005705
0.294000	-0.006691
0.294500	-0.007673
0.295000	-0.008650
0.295500	-0.009618
0.296000	-0.010573
0.296500	-0.011509
0.297000	-0.012422
0.297500	-0.013307
0.298000	-0.014159
0.298500	-0.014974
