0.000000	-0.049219
0.000500	-0.049220
0.001000	-0.049221
0.001500	-0.049222
0.002000	-0.049224
0.002500	-0.049226
0.003000	-0.049229
0.003500	-0.049232
0.004000	-0.049235
0.004500	-0.049239
0.005000	-0.049243
0.005500	-0.049247
0.006000	-0.049252
0.006500	-0.049257
0.007000	-0.049263
0.007500	-0.049269
0.008000	-0.049275
0.008500	-0.049282
0.009000	-0.049289
0.009500	-0.049296
0.010000	-0.049304
0.010500	-0.049312
0.011000	-0.049321
0.011500	-0.049329
0.012000	-0.049339
0.012500	-0.049348
0.013000	-0.049358
0.013500	-0.049368
0.014000	-0.049378
0.014500	-0.049389
0.015000	-0.049399
0.015500	-0.049410
0.016000	-0.049421
0.016500	-0.049432
0.017000	-0.049443
0.017500	-0.049454
0.018000	-0.049465
0.018500	-0.049477
0.019000	-0.049488
0.019500	-0.049500
0.020000	-0.049512
0.020500	-0.049524
0.021000	-0.049536
0.021500	-0.049548
0.022000	-0.049561
0.022500	-0.049574
0.023000	-0.049587
0.023500	-0.049600
0.024000	-0.049613
0.024500	-0.049628
0.025000	-0.049642
0.025500	-0.049656
0.026000	-0.049671
0.026500	-0.049686
0.027000	-0.049701
0.027500	-0.049717
0.028000	-0.049733
0.028500	-0.049749
0.029000	-0.049766
0.029500	-0.049782
0.030000	-0.049800
0.030500	-0.049817
0.031000	-0.049835
0.031500	-0.049852
0.032000	-0.049870
0.032500	-0.049889
0.033000	-0.049907
0.033500	-0.049926
0.034000	-0.049945
0.034500	-0.049964
0.035000	-0.049983
0.035500	-0.050003
0.036000	-0.050022
0.036500	-0.050042
0.037000	-0.050062
0.037500	-0.050083
0.038000	-0.050103
0.038500	-0.050124
0.039000	-0.050145
0.039500	-0.050167
0.040000	-0.050188
0.040500	-0.050210
0.041000	-0.050232
0.041500	-0.050254
0.042000	-0.050276
0.042500	-0.050299
0.043000	-0.050322
0.043500	-0.050344
0.044000	-0.050367
0.044500	-0.050391
0.045000	-0.050414
0.045500	-0.050438
0.046000	-0.050461
0.046500	-0.050485
0.047000	-0.050510
0.047500	-0.050535
0.048000	-0.050559
0.048500	-0.050584
0.049000	-0.050610
0.049500	-0.050635
0.050000	-0.050661
0.050500	-0.050687
0.051000	-0.050713
0.051500	-0.050739
0.052000	-0.050764
0.052500	-0.050790
0.053000	-0.050817
0.053500	-0.050843
0.054000	-0.050869
0.054500	-0.050895
0.055000	-0.050922
0.055500	-0.050948
0.056000	-0.050974
0.056500	-0.051000
0.057000	-0.051025
0.057500	-0.051050
0.058000	-0.051075
0.058500	-0.051099
0.059000	-0.051122
0.059500	-0.051144
0.060000	-0.051165
0.060500	-0.051184
0.061000	-0.051203
0.061500	-0.051220
0.062000	-0.051236
0.062500	-0.051249
0.063000	-0.051261
0.063500	-0.051271
0.064000	-0.051279
0.064500	-0.051284
0.065000	-0.051287
0.065500	-0.051287
0.066000	-0.051285
0.066500	-0.051280
0.067000	-0.051274
0.067500	-0.051266
0.068000	-0.051256
0.068500	-0.051244
0.069000	-0.051231
0.069500	-0.051216
0.070000	-0.051200
0.070500	-0.051181
0.071000	-0.051161
0.071500	-0.051139
0.072000	-0.051115
0.072500	-0.051088
0.073000	-0.051058
0.073500	-0.051025
0.074000	-0.050989
0.074500	-0.050949
0.075000	-0.050906
0.075500	-0.050859
0.076000	-0.050810
0.076500	-0.050757
0.077000	-0.050702
0.077500	-0.050645
0.078000	-0.050586
0.078500	-0.050526
0.079000	-0.050464
0.079500	-0.050402
0.080000	-0.050340
0.080500	-0.050279
0.081000	-0.050218
0.081500	-0.050159
0.082000	-0.050103
0.082500	-0.050050
0.083000	-0.050000
0.083500	-0.049955
0.084000	-0.049915
0.084500	-0.049881
0.085000	-0.049853
0.085500	-0.049833
0.086000	-0.049821
0.086500	-0.049817
0.087000	-0.049823
0.087500	-0.049840
0.088000	-0.049869
0.088500	-0.049911
0.089000	-0.049967
0.089500	-0.050036
0.090000	-0.050117
0.090500	-0.050208
0.091000	-0.050306
0.091500	-0.050406
0.092000	-0.050505
0.092500	-0.050599
0.093000	-0.050687
0.093500	-0.050767
0.094000	-0.050838
0.094500	-0.050894
0.095000	-0.050933
0.095500	-0.050950
0.096000	-0.050942
0.096500	-0.050911
0.097000	-0.050856
0.097500	-0.050779
0.098000	-0.050680
0.098500	-0.050559
0.099000	-0.050413
0.099500	-0.050240
0.100000	-0.050040
0.100500	-0.049810
0.101000	-0.049551
0.101500	-0.049263
0.102000	-0.048949
0.102500	-0.048611
0.103000	-0.048252
0.103500	-0.047877
0.104000	-0.047488
0.104500	-0.047090
0.105000	-0.046689
0.105500	-0.046290
0.106000	-0.045897
0.106500	-0.045516
0.107000	-0.045150
0.107500	-0.044799
0.108000	-0.044464
0.108500	-0.044146
0.109000	-0.043845
0.109500	-0.043562
0.110000	-0.043296
0.110500	-0.043046
0.111000	-0.042813
0.111500	-0.042595
0.112000	-0.042391
0.112500	-0.042202
0.113000	-0.042026
0.113500	-0.041866
0.114000	-0.041723
0.114500	-0.041598
0.115000	-0.041492
0.115500	-0.041405
0.116000	-0.041335
0.116500	-0.041279
0.117000	-0.041235
0.117500	-0.041202
0.118000	-0.041177
0.118500	-0.041159
0.119000	-0.041148
0.119500	-0.041141
0.120000	-0.041136
0.120500	-0.041133
0.121000	-0.041129
0.121500	-0.041127
0.122000	-0.041127
0.122500	-0.041129
0.123000	-0.041135
0.123500	-0.041144
0.124000	-0.041156
0.124500	-0.041169
0.125000	-0.041181
0.125500	-0.041188
0.126000	-0.041187
0.126500	-0.041175
0.127000	-0.041148
0.127500	-0.041106
0.128000	-0.041046
0.128500	-0.040967
0.129000	-0.040868
0.129500	-0.040750
0.130000	-0.040613
0.130500	-0.040457
0.131000	-0.040286
0.131500	-0.040098
0.132000	-0.039896
0.132500	-0.039679
0.133000	-0.039446
0.133500	-0.039197
0.134000	-0.038930
0.134500	-0.038645
0.135000	-0.038342
0.135500	-0.038021
0.136000	-0.037682
0.136500	-0.037323
0.137000	-0.036942
0.137500	-0.036536
0.138000	-0.036108
0.138500	-0.035653
0.139000	-0.035171
0.139500	-0.034664
0.140000	-0.034134
0.140500	-0.033585
0.141000	-0.033018
0.141500	-0.032436
0.142000	-0.031835
0.142500	-0.031216
0.143000	-0.030579
0.143500	-0.029924
0.144000	-0.029250
0.144500	-0.028556
0.145000	-0.027839
0.145500	-0.027100
0.146000	-0.026336
0.146500	-0.025547
0.147000	-0.024733
0.147500	-0.023897
0.148000	-0.023041
0.148500	-0.022169
0.149000	-0.021285
0.149500	-0.020392
0.150000	-0.019492
0.150500	-0.018585
0.151000	-0.017670
0.151500	-0.016745
0.152000	-0.015811
0.152500	-0.014865
0.153000	-0.013908
0.153500	-0.012940
0.154000	-0.011964
0.154500	-0.010985
0.155000	-0.010013
0.155500	-0.009055
0.156000	-0.008119
0.156500	-0.007210
0.157000	-0.006327
0.157500	-0.005467
0.158000	-0.004627
0.158500	-0.003807
0.159000	-0.003005
0.159500	-0.002220
0.160000	-0.001453
0.160500	-0.000705
0.161000	0.000025
0.161500	0.000732
0.162000	0.001413
0.162500	0.002068
0.163000	0.002696
0.163500	0.003298
0.164000	0.003872
0.164500	0.004418
0.165000	0.004938
0.165500	0.005432
0.166000	0.005902
0.166500	0.006348
0.167000	0.006772
0.167500	0.007174
0.168000	0.007553
0.168500	0.007909
0.169000	0.008242
0.169500	0.008551
0.170000	0.008835
0.170500	0.009094
0.171000	0.009331
0.171500	0.009547
0.172000	0.009743
0.172500	0.009922
0.173000	0.010084
0.173500	0.010228
0.174000	0.010356
0.174500	0.010467
0.175000	0.010562
0.175500	0.010642
0.176000	0.010708
0.176500	0.010763
0.177000	0.010806
0.177500	0.010838
0.178000	0.010859
0.178500	0.010871
0.179000	0.010874
0.179500	0.010868
0.180000	0.010855
0.180500	0.010835
0.181000	0.010809
0.181500	0.010778
0.182000	0.010742
0.182500	0.010704
0.183000	0.010662
0.183500	0.010617
0.184000	0.010571
0.184500	0.010523
0.185000	0.010474
0.185500	0.010425
0.186000	0.010375
0.186500	0.010326
0.187000	0.010278
0.187500	0.010231
0.188000	0.010187
0.188500	0.010147
0.189000	0.010110
0.189500	0.010077
0.190000	0.010048
0.190500	0.010023
0.191000	0.010004
0.191500	0.009990
0.192000	0.009981
0.192500	0.009978
0.193000	0.009981
0.193500	0.009990
0.194000	0.010005
0.194500	0.010027
0.195000	0.010055
0.195500	0.010090
0.196000	0.010131
0.196500	0.010179
0.197000	0.010233
0.197500	0.010293
0.198000	0.010359
0.198500	0.010431
0.199000	0.010508
0.199500	0.010590
0.200000	0.010678
0.200500	0.010772
0.201000	0.010870
0.201500	0.010974
0.202000	0.011083
0.202500	0.011197
0.203000	0.011317
0.203500	0.011444
0.204000	0.011577
0.204500	0.011716
0.205000	0.011863
0.205500	0.012016
0.206000	0.012175
0.206500	0.012341
0.207000	0.012514
0.207500	0.012693
0.208000	0.012879
0.208500	0.013072
0.209000	0.013271
0.209500	0.013477
0.210000	0.013690
0.210500	0.013910
0.211000	0.014136
0.211500	0.014370
0.212000	0.014611
0.212500	0.014860
0.213000	0.015117
0.213500	0.015382
0.214000	0.015655
0.214500	0.015936
0.215000	0.016226
0.215500	0.016524
0.216000	0.016831
0.216500	0.017147
0.217000	0.017473
0.217500	0.017808
0.218000	0.018152
0.218500	0.018507
0.219000	0.018871
0.219500	0.019244
0.220000	0.019627
0.220500	0.020019
0.221000	0.020421
0.221500	0.020831
0.222000	0.021250
0.222500	0.021676
0.223000	0.022111
0.223500	0.022552
0.224000	0.023000
0.224500	0.023454
0.225000	0.023914
0.225500	0.024380
0.226000	0.024850
0.226500	0.025324
0.227000	0.025802
0.227500	0.026282
0.228000	0.026764
0.228500	0.027247
0.229000	0.027731
0.229500	0.028214
0.230000	0.028696
0.230500	0.029177
0.231000	0.029656
0.231500	0.030134
0.232000	0.030609
0.232500	0.031082
0.233000	0.031552
0.233500	0.032019
0.234000	0.032483
0.234500	0.032945
0.235000	0.033404
0.235500	0.033863
0.236000	0.034321
0.236500	0.034778
0.237000	0.035236
0.237500	0.035695
0.238000	0.036154
0.238500	0.036615
0.239000	0.037078
0.239500	0.037544
0.240000	0.038013
0.240500	0.038486
0.241000	0.038963
0.241500	0.039444
0.242000	0.039932
0.242500	0.040424
0.243000	0.040923
0.243500	0.041429
0.244000	0.041942
0.244500	0.042462
0.245000	0.042991
0.245500	0.043528
0.246000	0.044074
0.246500	0.044629
0.247000	0.045194
0.247500	0.045769
0.248000	0.046353
0.248500	0.046948
0.249000	0.047554
0.249500	0.048169
0.250000	0.048795
0.250500	0.049431
0.251000	0.050078
0.251500	0.050734
0.252000	0.051399
0.252500	0.052075
0.253000	0.052759
0.253500	0.053453
0.254000	0.054155
0.254500	0.054865
0.255000	0.055583
0.255500	0.056308
0.256000	0.057040
0.256500	0.057779
0.257000	0.058523
0.257500	0.059272
0.258000	0.060027
0.258500	0.060786
0.259000	0.061550
0.259500	0.062318
0.260000	0.063089
0.260500	0.063864
0.261000	0.064643
0.261500	0.065424
0.262000	0.066209
0.262500	0.066997
0.263000	0.067788
0.263500	0.068583
0.264000	0.069380
0.264500	0.070179
0.265000	0.070981
0.265500	0.071785
0.266000	0.072590
0.266500	0.073397
0.267000	0.074203
0.267500	0.075010
0.268000	0.075816
0.268500	0.076621
0.269000	0.077425
0.269500	0.078228
0.270000	0.079029
0.270500	0.079827
0.271000	0.080623
0.271500	0.081416
0.272000	0.082205
0.272500	0.082991
0.273000	0.083774
0.273500	0.084552
0.274000	0.085327
0.274500	0.086097
0.275000	0.086863
0.275500	0.087624
0.276000	0.088381
0.276500	0.089133
0.277000	0.089880
0.277500	0.090622
0.278000	0.091358
0.278500	0.092088
0.279000	0.092812
0.279500	0.093528
0.280000	0.094238
0.280500	0.094939
0.281000	0.095633
0.281500	0.096318
0.282000	0.096994
0.282500	0.097661
0.283000	0.098319
0.283500	0.098967
0.284000	0.099605
0.284500	0.100230
0.285000	0.100850
0.285500	0.101460
0.286000	0.102060
0.286500	0.102640
0.287000	0.103220
0.287500	0.103790
0.288000	0.104350
0.288500	0.104910
0.289000	0.105450
0.289500	0.105990
0.290000	0.106520
0.290500	0.107040
0.291000	0.107560
0.291500	0.108080
0.292000	0.108590
0.292500	0.109090
0.293000	0.109590
0.293500	0.110080
0.294000	0.110570
0.294500	0.111050
0.295000	0.111530
0.295500	0.112010
0.296000	0.112470
0.296500	0.112940
0.297000	0.113400
0.297500	0.113860
0.298000	0.114310
0.298500	0.114760
