0.000000	0.014097
0.000500	0.014097
0.001000	0.014097
0.001500	0.014097
0.002000	0.014097
0.002500	0.014097
0.003000	0.014097
0.003500	0.014097
0.004000	0.014093
0.004500	0.014066
0.005000	0.014033
0.005500	0.013993
0.006000	0.013949
0.006500	0.013892
0.007000	0.013826
0.007500	0.013760
0.008000	0.013704
0.008500	0.013660
0.009000	0.013627
0.009500	0.013608
0.010000	0.013605
0.010500	0.013619
0.011000	0.013642
0.011500	0.013674
0.012000	0.013714
0.012500	0.013762
0.013000	0.013812
0.013500	0.013862
0.014000	0.013910
0.014500	0.013956
0.015000	0.014001
0.015500	0.014045
0.016000	0.014088
0.016500	0.014129
0.017000	0.014164
0.017500	0.014197
0.018000	0.014233
0.018500	0.014273
0.019000	0.014322
0.019500	0.014375
0.020000	0.014427
0.020500	0.014474
0.021000	0.014518
0.021500	0.014558
0.022000	0.014593
0.022500	0.014619
0.023000	0.014639
0.023500	0.014655
0.024000	0.014669
0.024500	0.014681
0.025000	0.014690
0.025500	0.014698
0.026000	0.014707
0.026500	0.014717
0.027000	0.014732
0.027500	0.014750
0.028000	0.014771
0.028500	0.014794
0.029000	0.014822
0.029500	0.014859
0.030000	0.014899
0.030500	0.014935
0.031000	0.014962
0.031500	0.014982
0.032000	0.014989
0.032500	0.014976
0.033000	0.014940
0.033500	0.014901
0.034000	0.014862
0.034500	0.014824
0.035000	0.014785
0.035500	0.014745
0.036000	0.014706
0.036500	0.014667
0.037000	0.014629
0.037500	0.014599
0.038000	0.014580
0.038500	0.014572
0.039000	0.014573
0.039500	0.014583
0.040000	0.014601
0.040500	0.014625
0.041000	0.014656
0.041500	0.014690
0.042000	0.014727
0.042500	0.014762
0.043000	0.014795
0.043500	0.014824
0.044000	0.014853
0.044500	0.014880
0.045000	0.014904
0.045500	0.014925
0.046000	0.014942
0.046500	0.014958
0.047000	0.014976
0.047500	0.014998
0.048000	0.015023
0.048500	0.015049
0.049000	0.015077
0.049500	0.015106
0.050000	0.015139
0.050500	0.015178
0.051000	0.015222
0.051500	0.015273
0.052000	0.015338
0.052500	0.015415
0.053000	0.015498
0.053500	0.015581
0.054000	0.015671
0.054500	0.015770
0.055000	0.015877
0.055500	0.015994
0.056000	0.016131
0.056500	0.016297
0.057000	0.016493
0.057500	0.016719
0.058000	0.016964
0.058500	0.017220
0.059000	0.017485
0.059500	0.017755
0.060000	0.018038
0.060500	0.018331
0.061000	0.018621
0.061500	0.018895
0.062000	0.019143
0.062500	0.019367
0.063000	0.019570
0.063500	0.019759
0.064000	0.019938
0.064500	0.020108
0.065000	0.020266
0.065500	0.020408
0.066000	0.020532
0.066500	0.020646
0.067000	0.020757
0.067500	0.020872
0.068000	0.020994
0.068500	0.021112
0.069000	0.021239
0.069500	0.021390
0.070000	0.021575
0.070500	0.021773
0.071000	0.021975
0.071500	0.022180
0.072000	0.022384
0.072500	0.022588
0.073000	0.022794
0.073500	0.022998
0.074000	0.023202
0.074500	0.023391
0.075000	0.023565
0.075500	0.023728
0.076000	0.023886
0.076500	0.024023
0.077000	0.024136
0.077500	0.024229
0.078000	0.024305
0.078500	0.024362
0.079000	0.024391
0.079500	0.024391
0.080000	0.024360
0.080500	0.024306
0.081000	0.024236
0.081500	0.024147
0.082000	0.024038
0.082500	0.023910
0.083000	0.023777
0.083500	0.023638
0.084000	0.023494
0.084500	0.023345
0.085000	0.023189
0.085500	0.023025
0.086000	0.022853
0.086500	0.022670
0.087000	0.022452
0.087500	0.022199
0.088000	0.021909
0.088500	0.021584
0.089000	0.021226
0.089500	0.020843
0.090000	0.020444
0.090500	0.020037
0.091000	0.019618
0.091500	0.019185
0.092000	0.018731
0.092500	0.018252
0.093000	0.017719
0.093500	0.017134
0.094000	0.016514
0.094500	0.015877
0.095000	0.015236
0.095500	0.014564
0.096000	0.013826
0.096500	0.012985
0.097000	0.012071
0.097500	0.011141
0.098000	0.010199
0.098500	0.009247
0.099000	0.008292
0.099500	0.007337
0.100000	0.006381
0.100500	0.005424
0.101000	0.004442
0.101500	0.003421
0.102000	0.002425
0.102500	0.001521
0.103000	0.000724
0.103500	-0.000044
0.104000	-0.000798
0.104500	-0.001554
0.105000	-0.002319
0.105500	-0.003085
0.106000	-0.003852
0.106500	-0.004623
0.107000	-0.005417
0.107500	-0.006374
0.108000	-0.007438
0.108500	-0.008503
0.109000	-0.009478
0.109500	-0.010415
0.110000	-0.011333
0.110500	-0.012229
0.111000	-0.013098
0.111500	-0.013923
0.112000	-0.014690
0.112500	-0.015382
0.113000	-0.015989
0.113500	-0.016539
0.114000	-0.017057
0.114500	-0.017554
0.115000	-0.018039
0.115500	-0.018500
0.116000	-0.018934
0.116500	-0.019368
0.117000	-0.019830
0.117500	-0.020342
0.118000	-0.020938
0.118500	-0.021656
0.119000	-0.022535
0.119500	-0.023558
0.120000	-0.024619
0.120500	-0.025710
0.121000	-0.026825
0.121500	-0.027952
0.122000	-0.029080
0.122500	-0.030208
0.123000	-0.031336
0.123500	-0.032464
0.124000	-0.033591
0.124500	-0.034719
0.125000	-0.035845
0.125500	-0.036938
0.126000	-0.037893
0.126500	-0.038747
0.127000	-0.039553
0.127500	-0.040361
0.128000	-0.041177
0.128500	-0.041975
0.129000	-0.042730
0.129500	-0.043424
0.130000	-0.044104
0.130500	-0.044783
0.131000	-0.045461
0.131500	-0.046139
0.132000	-0.046816
0.132500	-0.047493
0.133000	-0.048169
0.133500	-0.048847
0.134000	-0.049550
0.134500	-0.050282
0.135000	-0.051017
0.135500	-0.051725
0.136000	-0.052400
0.136500	-0.053061
0.137000	-0.053719
0.137500	-0.054387
0.138000	-0.055075
0.138500	-0.055778
0.139000	-0.056478
0.139500	-0.057158
0.140000	-0.057815
0.140500	-0.058471
0.141000	-0.059125
0.141500	-0.059779
0.142000	-0.060434
0.142500	-0.061088
0.143000	-0.061741
0.143500	-0.062394
0.144000	-0.063033
0.144500	-0.063625
0.145000	-0.064195
0.145500	-0.064775
0.146000	-0.065393
0.146500	-0.066025
0.147000	-0.066660
0.147500	-0.067296
0.148000	-0.067932
0.148500	-0.068569
0.149000	-0.069210
0.149500	-0.069860
0.150000	-0.070525
0.150500	-0.071268
0.151000	-0.072089
0.151500	-0.072951
0.152000	-0.073821
0.152500	-0.074703
0.153000	-0.075599
0.153500	-0.076495
0.154000	-0.077378
0.154500	-0.078236
0.155000	-0.079061
0.155500	-0.079854
0.156000	-0.080614
0.156500	-0.081294
0.157000	-0.081858
0.157500	-0.082320
0.158000	-0.082697
0.158500	-0.083012
0.159000	-0.083289
0.159500	-0.083519
0.160000	-0.083692
0.160500	-0.083812
0.161000	-0.083922
0.161500	-0.084016
0.162000	-0.084082
0.162500	-0.084117
0.163000	-0.084147
0.163500	-0.084175
0.164000	-0.084202
0.164500	-0.084226
0.165000	-0.084245
0.165500	-0.084263
0.166000	-0.084284
0.166500	-0.084317
0.167000	-0.084389
0.167500	-0.084487
0.168000	-0.084588
0.168500	-0.084670
0.169000	-0.084735
0.169500	-0.084787
0.170000	-0.084819
0.170500	-0.084822
0.171000	-0.084784
0.171500	-0.084706
0.172000	-0.084590
0.172500	-0.084441
0.173000	-0.084276
0.173500	-0.084109
0.174000	-0.083942
0.174500	-0.083777
0.175000	-0.083614
0.175500	-0.083451
0.176000	-0.083289
0.176500	-0.083128
0.177000	-0.082975
0.177500	-0.082836
0.178000	-0.082708
0.178500	-0.082589
0.179000	-0.082478
0.179500	-0.082372
0.180000	-0.082271
0.180500	-0.082173
0.181000	-0.082079
0.181500	-0.081987
0.182000	-0.081900
0.182500	-0.081822
0.183000	-0.081756
0.183500	-0.081704
0.184000	-0.081658
0.184500	-0.081607
0.185000	-0.081544
0.185500	-0.081475
0.186000	-0.081405
0.186500	-0.081336
0.187000	-0.081272
0.187500	-0.081210
0.188000	-0.081148
0.188500	-0.081089
0.189000	-0.081030
0.189500	-0.080977
0.190000	-0.080927
0.190500	-0.080876
0.191000	-0.080818
0.191500	-0.080753
0.192000	-0.080683
0.192500	-0.080612
0.193000	-0.080539
0.193500	-0.080465
0.194000	-0.080388
0.194500	-0.080310
0.195000	-0.080231
0.195500	-0.080149
0.196000	-0.080061
0.196500	-0.079959
0.197000	-0.079839
0.197500	-0.079697
0.198000	-0.079542
0.198500	-0.079379
0.199000	-0.079213
0.199500	-0.079046
0.200000	-0.078874
0.200500	-0.078700
0.201000	-0.078530
0.201500	-0.078372
0.202000	-0.078242
0.202500	-0.078137
0.203000	-0.078050
0.203500	-0.077975
0.204000	-0.077927
0.204500	-0.077908
0.205000	-0.077919
0.205500	-0.077959
0.206000	-0.078024
0.206500	-0.078112
0.207000	-0.078223
0.207500	-0.078357
0.208000	-0.078501
0.208500	-0.078657
0.209000	-0.078831
0.209500	-0.079027
0.210000	-0.079236
0.210500	-0.079452
0.211000	-0.079678
0.211500	-0.079916
0.212000	-0.080165
0.212500	-0.080419
0.213000	-0.080669
0.213500	-0.080904
0.214000	-0.081134
0.214500	-0.081363
0.215000	-0.081592
0.215500	-0.081821
0.216000	-0.082050
0.216500	-0.082278
0.217000	-0.082506
0.217500	-0.082736
0.218000	-0.082984
0.218500	-0.083272
0.219000	-0.083577
0.219500	-0.083876
0.220000	-0.084158
0.220500	-0.084437
0.221000	-0.084712
0.221500	-0.084985
0.222000	-0.085247
0.222500	-0.085472
0.223000	-0.085663
0.223500	-0.085830
0.224000	-0.085973
0.224500	-0.086072
0.225000	-0.086131
0.225500	-0.086157
0.226000	-0.086155
0.226500	-0.086122
0.227000	-0.086054
0.227500	-0.085948
0.228000	-0.085806
0.228500	-0.085642
0.229000	-0.085447
0.229500	-0.085204
0.230000	-0.084897
0.230500	-0.084565
0.231000	-0.084231
0.231500	-0.083897
0.232000	-0.083561
0.232500	-0.083226
0.233000	-0.082890
0.233500	-0.082554
0.234000	-0.082216
0.234500	-0.081869
0.235000	-0.081511
0.235500	-0.081150
0.236000	-0.080792
0.236500	-0.080448
0.237000	-0.080112
0.237500	-0.079777
0.238000	-0.079434
0.238500	-0.079067
0.239000	-0.078667
0.239500	-0.078243
0.240000	-0.077808
0.240500	-0.077372
0.241000	-0.076925
0.241500	-0.076455
0.242000	-0.075946
0.242500	-0.075392
0.243000	-0.074821
0.243500	-0.074237
0.244000	-0.073643
0.244500	-0.073042
0.245000	-0.072440
0.245500	-0.071838
0.246000	-0.071236
0.246500	-0.070635
0.247000	-0.070035
0.247500	-0.069436
0.248000	-0.068837
0.248500	-0.068240
0.249000	-0.067660
0.249500	-0.067101
0.250000	-0.066564
0.250500	-0.066052
0.251000	-0.065582
0.251500	-0.065148
0.252000	-0.064741
0.252500	-0.064349
0.253000	-0.063962
0.253500	-0.063587
0.254000	-0.063238
0.254500	-0.062928
0.255000	-0.062636
0.255500	-0.062351
0.256000	-0.062069
0.256500	-0.061789
0.257000	-0.061512
0.257500	-0.061238
0.258000	-0.060967
0.258500	-0.060699
0.259000	-0.060453
0.259500	-0.060243
0.260000	-0.060066
0.260500	-0.059916
0.261000	-0.059797
0.261500	-0.059730
0.262000	-0.059716
0.262500	-0.059761
0.263000	-0.059849
0.263500	-0.059952
0.264000	-0.060068
0.264500	-0.060198
0.265000	-0.060344
0.265500	-0.060502
0.266000	-0.060661
0.266500	-0.060813
0.267000	-0.060950
0.267500	-0.061072
0.268000	-0.061183
0.268500	-0.061284
0.269000	-0.061376
0.269500	-0.061444
0.270000	-0.061491
0.270500	-0.061525
0.271000	-0.061552
0.271500	-0.061553
0.272000	-0.061523
0.272500	-0.061458
0.273000	-0.061354
0.273500	-0.061183
0.274000	-0.060954
0.274500	-0.060691
0.275000	-0.060420
0.275500	-0.060130
0.276000	-0.059800
0.276500	-0.059418
0.277000	-0.058973
0.277500	-0.058424
0.278000	-0.057740
0.278500	-0.056924
0.279000	-0.055977
0.279500	-0.054961
0.280000	-0.053936
0.280500	-0.052899
0.281000	-0.051847
0.281500	-0.050784
0.282000	-0.049719
0.282500	-0.048653
0.283000	-0.047587
0.283500	-0.046517
0.284000	-0.045440
0.284500	-0.044361
0.285000	-0.043286
0.285500	-0.042266
0.286000	-0.041371
0.286500	-0.040570
0.287000	-0.039829
0.287500	-0.039128
0.288000	-0.038505
0.288500	-0.037967
0.289000	-0.037511
0.289500	-0.037131
0.290000	-0.036811
0.290500	-0.036566
0.291000	-0.036413
0.291500	-0.036363
0.292000	-0.036351
0.292500	-0.036371
0.293000	-0.036433
0.293500	-0.036543
0.294000	-0.036664
0.294500	-0.036788
0.295000	-0.036914
0.295500	-0.037045
0.296000	-0.037182
0.296500	-0.037322
0.297000	-0.037459
0.297500	-0.037592
0.298000	-0.037705
0.298500	-0.037798
0.299000	-0.037878
0.299500	-0.037951
0.300000	-0.038012
0.300500	-0.038048
0.301000	-0.038054
0.301500	-0.038023
0.302000	-0.037957
0.302500	-0.037868
0.303000	-0.037759
0.303500	-0.037635
0.304000	-0.037496
0.304500	-0.037343
0.305000	-0.037188
0.305500	-0.037045
0.306000	-0.036923
0.306500	-0.036817
0.307000	-0.036727
0.307500	-0.036650
0.308000	-0.036588
0.308500	-0.036548
0.309000	-0.036534
0.309500	-0.036549
0.310000	-0.036591
0.310500	-0.036648
0.311000	-0.036722
0.311500	-0.036819
0.312000	-0.036939
0.312500	-0.037064
0.313000	-0.037190
0.313500	-0.037317
0.314000	-0.037445
0.314500	-0.037573
0.315000	-0.037702
0.315500	-0.037831
0.316000	-0.037958
0.316500	-0.038081
0.317000	-0.038194
0.317500	-0.038296
0.318000	-0.038383
0.318500	-0.038449
0.319000	-0.038502
0.319500	-0.038554
0.320000	-0.038613
0.320500	-0.038676
0.321000	-0.038743
0.321500	-0.038820
0.322000	-0.038914
0.322500	-0.039041
0.323000	-0.039200
0.323500	-0.039378
0.324000	-0.039561
0.324500	-0.039748
0.325000	-0.039943
0.325500	-0.040139
0.326000	-0.040330
0.326500	-0.040506
0.327000	-0.040661
0.327500	-0.040793
0.328000	-0.040899
0.328500	-0.040973
0.329000	-0.041002
0.329500	-0.040985
0.330000	-0.040920
0.330500	-0.040814
0.331000	-0.040703
0.331500	-0.040590
0.332000	-0.040474
0.332500	-0.040356
0.333000	-0.040235
0.333500	-0.040115
0.334000	-0.039996
0.334500	-0.039881
0.335000	-0.039772
0.335500	-0.039666
0.336000	-0.039559
0.336500	-0.039449
0.337000	-0.039337
0.337500	-0.039222
0.338000	-0.039103
0.338500	-0.038978
0.339000	-0.038847
0.339500	-0.038714
0.340000	-0.038580
0.340500	-0.038449
0.341000	-0.038319
0.341500	-0.038191
0.342000	-0.038063
0.342500	-0.037936
0.343000	-0.037822
0.343500	-0.037717
0.344000	-0.037608
0.344500	-0.037480
0.345000	-0.037336
0.345500	-0.037188
0.346000	-0.037038
0.346500	-0.036888
0.347000	-0.036737
0.347500	-0.036585
0.348000	-0.036433
0.348500	-0.036282
0.349000	-0.036140
0.349500	-0.036021
0.350000	-0.035924
0.350500	-0.035847
0.351000	-0.035787
0.351500	-0.035736
0.352000	-0.035694
0.352500	-0.035662
0.353000	-0.035639
0.353500	-0.035616
0.354000	-0.035594
0.354500	-0.035572
0.355000	-0.035551
0.355500	-0.035530
0.356000	-0.035509
0.356500	-0.035489
0.357000	-0.035470
0.357500	-0.035458
0.358000	-0.035454
0.358500	-0.035455
0.359000	-0.035464
0.359500	-0.035485
0.360000	-0.035512
0.360500	-0.035536
0.361000	-0.035549
0.361500	-0.035557
0.362000	-0.035564
0.362500	-0.035569
0.363000	-0.035573
0.363500	-0.035575
0.364000	-0.035574
0.364500	-0.035572
0.365000	-0.035570
0.365500	-0.035560
0.366000	-0.035542
0.366500	-0.035516
0.367000	-0.035484
0.367500	-0.035437
0.368000	-0.035366
0.368500	-0.035274
0.369000	-0.035164
0.369500	-0.035040
0.370000	-0.034904
0.370500	-0.034756
0.371000	-0.034595
0.371500	-0.034420
0.372000	-0.034237
0.372500	-0.034052
0.373000	-0.033871
0.373500	-0.033700
0.374000	-0.033534
0.374500	-0.033377
0.375000	-0.033228
0.375500	-0.033092
0.376000	-0.032978
0.376500	-0.032886
0.377000	-0.032817
0.377500	-0.032768
0.378000	-0.032725
0.378500	-0.032687
0.379000	-0.032653
0.379500	-0.032626
0.380000	-0.032603
0.380500	-0.032581
0.381000	-0.032554
0.381500	-0.032518
0.382000	-0.032476
0.382500	-0.032429
0.383000	-0.032381
0.383500	-0.032332
0.384000	-0.032281
0.384500	-0.032227
0.385000	-0.032171
0.385500	-0.032111
0.386000	-0.032042
0.386500	-0.031962
0.387000	-0.031869
0.387500	-0.031763
0.388000	-0.031651
0.388500	-0.031536
0.389000	-0.031420
0.389500	-0.031302
0.390000	-0.031182
0.390500	-0.031060
0.391000	-0.030939
0.391500	-0.030819
0.392000	-0.030707
0.392500	-0.030605
0.393000	-0.030515
0.393500	-0.030438
0.394000	-0.030373
0.394500	-0.030321
0.395000	-0.030279
0.395500	-0.030244
0.396000	-0.030214
0.396500	-0.030187
0.397000	-0.030164
0.397500	-0.030149
0.398000	-0.030140
0.398500	-0.030136
0.399000	-0.030136
0.399500	-0.030142
0.400000	-0.030154
0.400500	-0.030169
0.401000	-0.030188
0.401500	-0.030210
0.402000	-0.030237
0.402500	-0.030274
0.403000	-0.030312
0.403500	-0.030341
0.404000	-0.030356
0.404500	-0.030365
0.405000	-0.030369
0.405500	-0.030370
0.406000	-0.030368
0.406500	-0.030363
0.407000	-0.030357
0.407500	-0.030353
0.408000	-0.030354
0.408500	-0.030361
0.409000	-0.030373
0.409500	-0.030390
0.410000	-0.030413
0.410500	-0.030448
0.411000	-0.030497
0.411500	-0.030563
0.412000	-0.030643
0.412500	-0.030731
0.413000	-0.030823
0.413500	-0.030920
0.414000	-0.031019
0.414500	-0.031126
0.415000	-0.031235
0.415500	-0.031341
0.416000	-0.031437
0.416500	-0.031521
0.417000	-0.031595
0.417500	-0.031660
0.418000	-0.031719
0.418500	-0.031773
0.419000	-0.031822
0.419500	-0.031865
0.420000	-0.031897
0.420500	-0.031920
0.421000	-0.031941
0.421500	-0.031960
0.422000	-0.031982
0.422500	-0.032007
0.423000	-0.032032
0.423500	-0.032057
0.424000	-0.032083
0.424500	-0.032111
0.425000	-0.032141
0.425500	-0.032175
0.426000	-0.032212
0.426500	-0.032250
0.427000	-0.032293
0.427500	-0.032348
0.428000	-0.032419
0.428500	-0.032509
0.429000	-0.032603
0.429500	-0.032698
0.430000	-0.032793
0.430500	-0.032888
0.431000	-0.032982
0.431500	-0.033077
0.432000	-0.033172
0.432500	-0.033265
0.433000	-0.033334
0.433500	-0.033376
0.434000	-0.033395
0.434500	-0.033392
0.435000	-0.033378
0.435500	-0.033356
0.436000	-0.033329
0.436500	-0.033300
0.437000	-0.033269
0.437500	-0.033235
0.438000	-0.033195
0.438500	-0.033148
0.439000	-0.033084
0.439500	-0.032998
0.440000	-0.032891
0.440500	-0.032766
0.441000	-0.032629
0.441500	-0.032490
0.442000	-0.032348
0.442500	-0.032203
0.443000	-0.032055
0.443500	-0.031904
0.444000	-0.031752
0.444500	-0.031604
0.445000	-0.031460
0.445500	-0.031322
0.446000	-0.031196
0.446500	-0.031086
0.447000	-0.030990
0.447500	-0.030895
0.448000	-0.030801
0.448500	-0.030708
0.449000	-0.030614
0.449500	-0.030521
0.450000	-0.030428
0.450500	-0.030334
0.451000	-0.030241
0.451500	-0.030149
0.452000	-0.030057
0.452500	-0.029965
0.453000	-0.029873
0.453500	-0.029776
0.454000	-0.029675
0.454500	-0.029570
0.455000	-0.029461
0.455500	-0.029335
0.456000	-0.029189
0.456500	-0.029025
0.457000	-0.028844
0.457500	-0.028654
0.458000	-0.028456
0.458500	-0.028252
0.459000	-0.028039
0.459500	-0.027821
0.460000	-0.027601
0.460500	-0.027383
0.461000	-0.027168
0.461500	-0.026955
0.462000	-0.026744
0.462500	-0.026534
0.463000	-0.026327
0.463500	-0.026126
0.464000	-0.025931
0.464500	-0.025736
0.465000	-0.025536
0.465500	-0.025331
0.466000	-0.025124
0.466500	-0.024914
0.467000	-0.024700
0.467500	-0.024482
0.468000	-0.024262
0.468500	-0.024041
0.469000	-0.023821
0.469500	-0.023603
0.470000	-0.023386
0.470500	-0.023172
0.471000	-0.022962
0.471500	-0.022766
0.472000	-0.022593
0.472500	-0.022437
0.473000	-0.022288
0.473500	-0.022138
0.474000	-0.021989
0.474500	-0.021846
0.475000	-0.021718
0.475500	-0.021608
0.476000	-0.021501
0.476500	-0.021395
0.477000	-0.021290
0.477500	-0.021185
0.478000	-0.021080
0.478500	-0.020975
0.479000	-0.020871
0.479500	-0.020767
0.480000	-0.020665
0.480500	-0.020564
0.481000	-0.020465
0.481500	-0.020367
0.482000	-0.020273
0.482500	-0.020182
0.483000	-0.020095
0.483500	-0.020010
0.484000	-0.019930
0.484500	-0.019857
0.485000	-0.019785
0.485500	-0.019712
0.486000	-0.019653
0.486500	-0.019608
0.487000	-0.019560
0.487500	-0.019498
0.488000	1051.900024
0.488500	3666.600098
0.489000	7031.799805
0.489500	10336.000000
0.490000	14802.000000
0.490500	20997.000000
0.491000	27123.000000
0.491500	31383.000000
0.492000	29927.000000
0.492500	20714.000000
0.493000	9142.599609
0.493500	792.260010
0.494000	-2052.399902
0.494500	-3414.199951
0.495000	-3100.100098
