0.000000	-0.015108
0.000500	-0.011995
0.001000	-0.006234
0.001500	-0.017905
0.002000	-0.049030
0.002500	-0.026647
0.003000	-0.023716
0.003500	-0.008757
0.004000	-0.027167
0.004500	-0.006727
0.005000	-0.026272
0.005500	-0.049687
0.006000	-0.049406
0.006500	-0.013327
0.007000	-0.026107
0.007500	-0.061252
0.008000	-0.019578
0.008500	-0.027200
0.009000	-0.045752
0.009500	-0.036556
0.010000	-0.013895
0.010500	-0.021618
0.011000	-0.003739
0.011500	0.017063
0.012000	-0.019301
0.012500	-0.033952
0.013000	-0.071729
0.013500	-0.005701
0.014000	-0.020279
0.014500	-0.045329
0.015000	-0.032905
0.015500	0.001628
0.016000	-0.017169
0.016500	-0.014558
0.017000	-0.013150
0.017500	-0.038979
0.018000	-0.005772
0.018500	-0.010678
0.019000	-0.019780
0.019500	-0.020281
0.020000	-0.014367
0.020500	-0.038067
0.021000	0.002078
0.021500	-0.050811
0.022000	-0.018844
0.022500	-0.048782
0.023000	-0.064269
0.023500	-0.011681
0.024000	-0.031241
0.024500	-0.062502
0.025000	-0.086238
0.025500	-0.036500
0.026000	-0.081887
0.026500	-0.039418
0.027000	-0.061177
0.027500	-0.052839
0.028000	-0.074423
0.028500	-0.070516
0.029000	-0.087048
0.029500	-0.065567
0.030000	-0.094250
0.030500	-0.109350
0.031000	-0.085511
0.031500	-0.098318
0.032000	-0.093867
0.032500	-0.103670
0.033000	-0.086619
0.033500	-0.079398
0.034000	-0.103550
0.034500	-0.076431
0.035000	-0.107230
0.035500	-0.084133
0.036000	-0.129950
0.036500	-0.122550
0.037000	-0.121090
0.037500	-0.103390
0.038000	-0.090629
0.038500	-0.100350
0.039000	-0.149470
0.039500	-0.122580
0.040000	-0.094866
0.040500	-0.108160
0.041000	-0.110040
0.041500	-0.099516
0.042000	-0.097568
0.042500	-0.101950
0.043000	-0.160130
0.043500	-0.091851
0.044000	-0.141770
0.044500	-0.111670
0.045000	-0.129600
0.045500	-0.145060
0.046000	-0.154950
0.046500	-0.215490
0.047000	-0.215790
0.047500	-0.198000
0.048000	-0.240940
0.048500	-0.294720
0.049000	-0.300470
0.049500	-0.361800
0.050000	-0.412280
0.050500	-0.440780
0.051000	-0.504190
0.051500	-0.555730
0.052000	-0.571800
0.052500	-0.656830
0.053000	-0.705010
0.053500	-0.801540
0.054000	-0.849180
0.054500	-0.911550
0.055000	-0.917120
0.055500	-0.974510
0.056000	-1.040300
0.056500	-1.029600
0.057000	-1.056600
0.057500	-1.069000
0.058000	-1.071600
0.058500	-1.048600
0.059000	-1.075000
0.059500	-1.054000
0.060000	-1.037800
0.060500	-1.013100
0.061000	-1.013900
0.061500	-1.017600
0.062000	-0.995650
0.062500	-1.004900
0.063000	-0.994390
0.063500	-1.012300
0.064000	-1.089200
0.064500	-1.137600
0.065000	-1.243000
0.065500	-1.298400
0.066000	-1.464800
0.066500	-1.665000
0.067000	-1.818900
0.067500	-2.049700
0.068000	-2.265500
0.068500	-2.511000
0.069000	-2.729200
0.069500	-3.014000
0.070000	-3.250300
0.070500	-3.571800
0.071000	-3.814800
0.071500	-4.032900
0.072000	-4.297900
0.072500	-4.408100
0.073000	-4.528000
0.073500	-4.626600
0.074000	-4.692900
0.074500	-4.737300
0.075000	-4.753200
0.075500	-4.780800
0.076000	-4.718800
0.076500	-4.692100
0.077000	-4.665400
0.077500	-4.615300
0.078000	-4.560600
0.078500	-4.511700
0.079000	-4.486700
0.079500	-4.472800
0.080000	-4.525400
0.080500	-4.628200
0.081000	-4.704900
0.081500	-4.840800
0.082000	-5.105700
0.082500	-5.337900
0.083000	-5.735900
0.083500	-6.236500
0.084000	-6.736000
0.084500	-7.375900
0.085000	-8.040200
0.085500	-8.765000
0.086000	-9.540200
0.086500	-10.405000
0.087000	-11.273000
0.087500	-12.217000
0.088000	-13.222000
0.088500	-14.408000
0.089000	-15.496000
0.089500	-16.242001
0.090000	-16.610001
0.090500	-16.889000
0.091000	-17.191999
0.091500	-17.601000
0.092000	-17.485001
0.092500	-17.730000
0.093000	-18.246000
0.093500	-17.915001
0.094000	-17.566000
0.094500	-16.426001
0.095000	-15.663000
0.095500	-15.148000
0.096000	-14.784000
0.096500	-14.562000
0.097000	-13.937000
0.097500	-12.890000
0.098000	-11.431000
0.098500	-9.849300
0.099000	-8.028900
0.099500	-6.249800
0.100000	-4.557100
0.100500	-3.227300
0.101000	-2.225800
0.101500	-1.558800
0.102000	-1.183100
0.102500	-0.985850
0.103000	-0.988140
0.103500	-0.782920
0.104000	-0.551490
0.104500	-0.083919
0.105000	0.596270
0.105500	1.315900
0.106000	2.127000
0.106500	2.732100
0.107000	3.123700
0.107500	3.308300
0.108000	3.385900
0.108500	3.372300
0.109000	3.472800
0.109500	3.788500
0.110000	4.250800
0.110500	4.804700
0.111000	5.299700
0.111500	5.748700
0.112000	5.851900
0.112500	5.739100
0.113000	5.273600
0.113500	4.624700
0.114000	3.870400
0.114500	3.130300
0.115000	2.540500
0.115500	2.155800
0.116000	2.019600
0.116500	2.019600
0.117000	2.036700
0.117500	2.134000
0.118000	1.943400
0.118500	1.692000
0.119000	1.289300
0.119500	0.569480
0.120000	-0.333130
0.120500	-1.387800
0.121000	-2.563300
0.121500	-3.675400
0.122000	-4.482300
0.122500	-5.151000
0.123000	-5.508900
0.123500	-5.608300
0.124000	-5.541500
0.124500	-5.330400
0.125000	-5.089600
0.125500	-4.850300
0.126000	-4.683100
0.126500	-4.480000
0.127000	-4.266300
0.127500	-4.035600
0.128000	-3.683000
0.128500	-3.333900
0.129000	-2.947500
0.129500	-2.545600
0.130000	-2.166200
0.130500	-1.767200
0.131000	-1.312500
0.131500	-0.794070
0.132000	-0.274450
0.132500	0.364750
0.133000	1.022300
0.133500	1.719500
0.134000	2.442800
0.134500	3.172700
0.135000	3.887500
0.135500	4.578200
0.136000	5.271500
0.136500	5.940600
0.137000	6.736400
0.137500	7.395100
0.138000	7.923500
0.138500	8.485400
0.139000	9.419100
0.139500	9.520300
0.140000	10.173000
0.140500	10.794000
0.141000	11.202000
0.141500	11.793000
0.142000	12.352000
0.142500	12.744000
0.143000	13.122000
0.143500	13.612000
0.144000	13.877000
0.144500	14.204000
0.145000	14.546000
0.145500	14.767000
0.146000	14.974000
0.146500	15.187000
0.147000	15.336000
0.147500	15.462000
0.148000	15.578000
0.148500	15.619000
0.149000	15.654000
0.149500	15.659000
0.150000	15.726000
0.150500	15.892000
0.151000	16.134001
0.151500	16.344000
0.152000	16.476999
0.152500	16.701000
0.153000	16.742001
0.153500	16.424000
0.154000	16.253000
0.154500	15.919000
0.155000	15.589000
0.155500	15.525000
0.156000	15.625000
0.156500	15.773000
0.157000	15.909000
0.157500	16.112000
0.158000	16.243999
0.158500	16.344999
0.159000	16.246000
0.159500	15.928000
0.160000	15.603000
0.160500	15.207000
0.161000	14.885000
0.161500	14.505000
0.162000	14.021000
0.162500	13.582000
0.163000	13.205000
0.163500	13.000000
0.164000	12.865000
0.164500	12.734000
0.165000	12.516000
0.165500	12.214000
0.166000	11.952000
0.166500	11.671000
0.167000	11.504000
0.167500	11.363000
0.168000	11.239000
0.168500	11.069000
0.169000	10.897000
0.169500	10.752000
0.170000	10.562000
0.170500	10.334000
0.171000	10.090000
0.171500	9.863300
0.172000	9.650300
0.172500	9.456300
0.173000	9.294100
0.173500	9.105900
0.174000	8.898600
0.174500	8.707200
0.175000	8.473900
0.175500	8.300000
0.176000	8.111200
0.176500	7.944100
0.177000	7.816200
0.177500	7.646000
0.178000	7.492600
0.178500	7.315700
0.179000	7.154100
0.179500	6.992500
0.180000	6.837700
0.180500	6.707700
0.181000	6.551900
0.181500	6.385600
0.182000	6.229400
0.182500	6.110500
0.183000	5.999800
0.183500	5.891000
0.184000	5.786200
0.184500	5.711300
0.185000	5.638400
0.185500	5.578800
0.186000	5.511700
0.186500	5.443800
0.187000	5.373300
0.187500	5.279700
0.188000	5.189700
0.188500	5.103400
0.189000	4.996400
0.189500	4.898600
0.190000	4.797400
0.190500	4.697000
0.191000	4.584100
0.191500	4.524000
0.192000	4.442000
0.192500	4.352900
0.193000	4.247000
0.193500	4.187100
0.194000	4.097400
0.194500	4.011400
0.195000	3.918400
0.195500	3.823500
0.196000	3.730200
0.196500	3.611500
0.197000	3.511600
0.197500	3.396700
0.198000	3.268000
0.198500	3.141900
0.199000	3.039900
0.199500	2.907500
0.200000	2.798500
0.200500	2.683700
0.201000	2.587500
0.201500	2.499200
0.202000	2.391800
0.202500	2.316400
0.203000	2.212100
0.203500	2.129700
0.204000	2.035700
0.204500	1.939000
0.205000	1.843700
0.205500	1.739000
0.206000	1.642000
0.206500	1.539700
0.207000	1.453500
0.207500	1.346100
0.208000	1.273500
0.208500	1.184900
0.209000	1.110100
0.209500	1.007500
0.210000	0.930890
0.210500	0.859030
0.211000	0.788740
0.211500	0.715890
0.212000	0.640840
0.212500	0.585410
0.213000	0.517080
0.213500	0.446810
0.214000	0.389780
0.214500	0.318110
0.215000	0.240810
0.215500	0.172880
0.216000	0.122060
0.216500	0.049533
0.217000	-0.021152
0.217500	-0.075769
0.218000	-0.094687
0.218500	-0.176700
0.219000	-0.203900
0.219500	-0.248980
0.220000	-0.303690
0.220500	-0.349210
0.221000	-0.407390
0.221500	-0.455120
0.222000	-0.524730
0.222500	-0.596280
0.223000	-0.644520
0.223500	-0.701110
0.224000	-0.796450
0.224500	-0.853920
0.225000	-0.908060
0.225500	-0.981770
0.226000	-1.070500
0.226500	-1.161000
0.227000	-1.212000
0.227500	-1.311600
0.228000	-1.371400
0.228500	-1.449800
0.229000	-1.521600
0.229500	-1.582600
0.230000	-1.671400
0.230500	-1.738700
0.231000	-1.830000
0.231500	-1.895000
0.232000	-1.977100
0.232500	-2.003000
0.233000	-2.051400
0.233500	-2.066900
0.234000	-2.085900
0.234500	-2.052900
0.235000	-2.029800
0.235500	-2.040700
0.236000	-2.043500
0.236500	-2.053600
0.237000	-2.060100
0.237500	-2.081700
0.238000	-2.091300
0.238500	-2.118700
0.239000	-2.149000
0.239500	-2.153400
0.240000	-2.170600
0.240500	-2.186000
0.241000	-2.225600
0.241500	-2.240000
0.242000	-2.256000
0.242500	-2.273300
0.243000	-2.328700
0.243500	-2.305900
0.244000	-2.311300
0.244500	-2.321300
0.245000	-2.337300
0.245500	-2.338900
0.246000	-2.342000
0.246500	-2.351000
0.247000	-2.330300
0.247500	-2.323900
0.248000	-2.308000
0.248500	-2.328800
0.249000	-2.310200
0.249500	-2.340200
0.250000	-2.381700
0.250500	-2.406300
0.251000	-2.423100
0.251500	-2.434600
0.252000	-2.499000
0.252500	-2.515800
0.253000	-2.563400
0.253500	-2.595300
0.254000	-2.646600
0.254500	-2.694200
0.255000	-2.743900
0.255500	-2.818000
0.256000	-2.888700
0.256500	-2.923800
0.257000	-2.969200
0.257500	-3.016300
0.258000	-3.046000
0.258500	-3.088800
0.259000	-3.102700
0.259500	-3.148100
0.260000	-3.148400
0.260500	-3.163300
0.261000	-3.182700
0.261500	-3.200900
0.262000	-3.175200
0.262500	-3.163100
0.263000	-3.159100
0.263500	-3.154100
0.264000	-3.133700
0.264500	-3.127800
0.265000	-3.137800
0.265500	-3.129700
0.266000	-3.147500
0.266500	-3.139600
0.267000	-3.202400
0.267500	-3.223700
0.268000	-3.218600
0.268500	-3.268900
0.269000	-3.301100
0.269500	-3.331000
0.270000	-3.355700
0.270500	-3.392400
0.271000	-3.404200
0.271500	-3.389700
0.272000	-3.396500
0.272500	-3.371800
0.273000	-3.354500
0.273500	-3.323100
0.274000	-3.306000
0.274500	-3.235600
0.275000	-3.236600
0.275500	-3.137500
0.276000	-3.105900
0.276500	-3.052200
0.277000	-3.019300
0.277500	-2.984900
0.278000	-2.970000
0.278500	-2.955900
0.279000	-2.959600
0.279500	-2.956700
0.280000	-2.991600
0.280500	-2.974700
0.281000	-3.011400
0.281500	-3.057800
0.282000	-3.105000
0.282500	-3.121400
0.283000	-3.199600
0.283500	-3.207800
0.284000	-3.251300
0.284500	-3.291600
0.285000	-3.341800
0.285500	-3.340400
0.286000	-3.349800
0.286500	-3.329400
0.287000	-3.326000
0.287500	-3.271400
0.288000	-3.246100
0.288500	-3.179300
0.289000	-3.152700
0.289500	-3.090000
0.290000	-3.018800
0.290500	-2.955300
0.291000	-2.912000
0.291500	-2.842600
0.292000	-2.834800
0.292500	-2.763400
0.293000	-2.795500
0.293500	-2.766200
0.294000	-2.749700
0.294500	-2.756600
0.295000	-2.735200
0.295500	-2.738100
0.296000	-2.678600
0.296500	-2.695700
0.297000	-2.674100
0.297500	-2.650300
0.298000	-2.592900
0.298500	-2.568500
