0.000000	-0.019314
0.000500	-0.019314
0.001000	-0.019314
0.001500	-0.019314
0.002000	-0.019314
0.002500	-0.019314
0.003000	-0.019314
0.003500	-0.019314
0.004000	-0.019299
0.004500	-0.019224
0.005000	-0.019158
0.005500	-0.019104
0.006000	-0.019067
0.006500	-0.019038
0.007000	-0.019014
0.007500	-0.018993
0.008000	-0.018974
0.008500	-0.018957
0.009000	-0.018942
0.009500	-0.018930
0.010000	-0.018922
0.010500	-0.018923
0.011000	-0.018938
0.011500	-0.018963
0.012000	-0.018994
0.012500	-0.019027
0.013000	-0.019064
0.013500	-0.019114
0.014000	-0.019188
0.014500	-0.019287
0.015000	-0.019391
0.015500	-0.019497
0.016000	-0.019604
0.016500	-0.019711
0.017000	-0.019818
0.017500	-0.019927
0.018000	-0.020034
0.018500	-0.020139
0.019000	-0.020228
0.019500	-0.020298
0.020000	-0.020349
0.020500	-0.020384
0.021000	-0.020399
0.021500	-0.020393
0.022000	-0.020366
0.022500	-0.020320
0.023000	-0.020263
0.023500	-0.020203
0.024000	-0.020143
0.024500	-0.020087
0.025000	-0.020032
0.025500	-0.019976
0.026000	-0.019930
0.026500	-0.019901
0.027000	-0.019896
0.027500	-0.019906
0.028000	-0.019921
0.028500	-0.019932
0.029000	-0.019936
0.029500	-0.019941
0.030000	-0.019942
0.030500	-0.019933
0.031000	-0.019909
0.031500	-0.019866
0.032000	-0.019812
0.032500	-0.019754
0.033000	-0.019696
0.033500	-0.019634
0.034000	-0.019570
0.034500	-0.019508
0.035000	-0.019454
0.035500	-0.019413
0.036000	-0.019386
0.036500	-0.019367
0.037000	-0.019355
0.037500	-0.019351
0.038000	-0.019360
0.038500	-0.019386
0.039000	-0.019434
0.039500	-0.019494
0.040000	-0.019558
0.040500	-0.019627
0.041000	-0.019697
0.041500	-0.019772
0.042000	-0.019851
0.042500	-0.019930
0.043000	-0.020002
0.043500	-0.020061
0.044000	-0.020099
0.044500	-0.020112
0.045000	-0.020098
0.045500	-0.020061
0.046000	-0.020015
0.046500	-0.019963
0.047000	-0.019908
0.047500	-0.019848
0.048000	-0.019782
0.048500	-0.019716
0.049000	-0.019656
0.049500	-0.019609
0.050000	-0.019581
0.050500	-0.019568
0.051000	-0.019565
0.051500	-0.019567
0.052000	-0.019576
0.052500	-0.019594
0.053000	-0.019622
0.053500	-0.019658
0.054000	-0.019704
0.054500	-0.019765
0.055000	-0.019842
0.055500	-0.019940
0.056000	-0.020050
0.056500	-0.020169
0.057000	-0.020298
0.057500	-0.020437
0.058000	-0.020579
0.058500	-0.020722
0.059000	-0.020865
0.059500	-0.021008
0.060000	-0.021150
0.060500	-0.021293
0.061000	-0.021434
0.061500	-0.021572
0.062000	-0.021693
0.062500	-0.021788
0.063000	-0.021870
0.063500	-0.021950
0.064000	-0.022032
0.064500	-0.022108
0.065000	-0.022183
0.065500	-0.022260
0.066000	-0.022349
0.066500	-0.022455
0.067000	-0.022573
0.067500	-0.022698
0.068000	-0.022834
0.068500	-0.023010
0.069000	-0.023225
0.069500	-0.023472
0.070000	-0.023752
0.070500	-0.024096
0.071000	-0.024503
0.071500	-0.024962
0.072000	-0.025462
0.072500	-0.025990
0.073000	-0.026562
0.073500	-0.027193
0.074000	-0.027902
0.074500	-0.028667
0.075000	-0.029452
0.075500	-0.030235
0.076000	-0.030990
0.076500	-0.031726
0.077000	-0.032453
0.077500	-0.033173
0.078000	-0.033885
0.078500	-0.034569
0.079000	-0.035207
0.079500	-0.035798
0.080000	-0.036343
0.080500	-0.036815
0.081000	-0.037195
0.081500	-0.037495
0.082000	-0.037726
0.082500	-0.037907
0.083000	-0.038055
0.083500	-0.038166
0.084000	-0.038235
0.084500	-0.038267
0.085000	-0.038276
0.085500	-0.038262
0.086000	-0.038224
0.086500	-0.038160
0.087000	-0.038063
0.087500	-0.037931
0.088000	-0.037759
0.088500	-0.037543
0.089000	-0.037275
0.089500	-0.036955
0.090000	-0.036584
0.090500	-0.036169
0.091000	-0.035727
0.091500	-0.035258
0.092000	-0.034757
0.092500	-0.034220
0.093000	-0.033636
0.093500	-0.033030
0.094000	-0.032433
0.094500	-0.031878
0.095000	-0.031351
0.095500	-0.030839
0.096000	-0.030342
0.096500	-0.029859
0.097000	-0.029392
0.097500	-0.028944
0.098000	-0.028514
0.098500	-0.028100
0.099000	-0.027711
0.099500	-0.027352
0.100000	-0.027021
0.100500	-0.026717
0.101000	-0.026435
0.101500	-0.026176
0.102000	-0.025959
0.102500	-0.025801
0.103000	-0.025692
0.103500	-0.025586
0.104000	-0.025479
0.104500	-0.025372
0.105000	-0.025265
0.105500	-0.025158
0.106000	-0.025051
0.106500	-0.024943
0.107000	-0.024833
0.107500	-0.024700
0.108000	-0.024542
0.108500	-0.024363
0.109000	-0.024168
0.109500	-0.023967
0.110000	-0.023766
0.110500	-0.023564
0.111000	-0.023361
0.111500	-0.023151
0.112000	-0.022940
0.112500	-0.022735
0.113000	-0.022547
0.113500	-0.022398
0.114000	-0.022285
0.114500	-0.022186
0.115000	-0.022084
0.115500	-0.021976
0.116000	-0.021869
0.116500	-0.021762
0.117000	-0.021651
0.117500	-0.021534
0.118000	-0.021412
0.118500	-0.021286
0.119000	-0.021157
0.119500	-0.021024
0.120000	-0.020884
0.120500	-0.020738
0.121000	-0.020589
0.121500	-0.020434
0.122000	-0.020268
0.122500	-0.020093
0.123000	-0.019912
0.123500	-0.019727
0.124000	-0.019532
0.124500	-0.019311
0.125000	-0.019048
0.125500	-0.018738
0.126000	-0.018416
0.126500	-0.018090
0.127000	-0.017764
0.127500	-0.017442
0.128000	-0.017121
0.128500	-0.016803
0.129000	-0.016490
0.129500	-0.016193
0.130000	-0.015979
0.130500	-0.015838
0.131000	-0.015740
0.131500	-0.015657
0.132000	-0.015591
0.132500	-0.015538
0.133000	-0.015481
0.133500	-0.015403
0.134000	-0.015303
0.134500	-0.015192
0.135000	-0.015070
0.135500	-0.014937
0.136000	-0.014790
0.136500	-0.014626
0.137000	-0.014444
0.137500	-0.014239
0.138000	-0.014013
0.138500	-0.013769
0.139000	-0.013503
0.139500	-0.013213
0.140000	-0.012902
0.140500	-0.012590
0.141000	-0.012277
0.141500	-0.011962
0.142000	-0.011645
0.142500	-0.011327
0.143000	-0.011007
0.143500	-0.010688
0.144000	-0.010383
0.144500	-0.010121
0.145000	-0.009875
0.145500	-0.009611
0.146000	-0.009295
0.146500	-0.008926
0.147000	-0.008518
0.147500	-0.008086
0.148000	-0.007640
0.148500	-0.007167
0.149000	-0.006681
0.149500	-0.006199
0.150000	-0.005743
0.150500	-0.005321
0.151000	-0.004930
0.151500	-0.004573
0.152000	-0.004249
0.152500	-0.003979
0.153000	-0.003760
0.153500	-0.003574
0.154000	-0.003405
0.154500	-0.003262
0.155000	-0.003166
0.155500	-0.003116
0.156000	-0.003111
0.156500	-0.003178
0.157000	-0.003348
0.157500	-0.003622
0.158000	-0.004004
0.158500	-0.004477
0.159000	-0.005004
0.159500	-0.005584
0.160000	-0.006222
0.160500	-0.006917
0.161000	-0.007653
0.161500	-0.008397
0.162000	-0.009116
0.162500	-0.009790
0.163000	-0.010441
0.163500	-0.011072
0.164000	-0.011678
0.164500	-0.012258
0.165000	-0.012813
0.165500	-0.013333
0.166000	-0.013805
0.166500	-0.014221
0.167000	-0.014615
0.167500	-0.014996
0.168000	-0.015369
0.168500	-0.015735
0.169000	-0.016100
0.169500	-0.016460
0.170000	-0.016809
0.170500	-0.017138
0.171000	-0.017440
0.171500	-0.017716
0.172000	-0.017969
0.172500	-0.018203
0.173000	-0.018428
0.173500	-0.018649
0.174000	-0.018865
0.174500	-0.019074
0.175000	-0.019277
0.175500	-0.019478
0.176000	-0.019676
0.176500	-0.019873
0.177000	-0.020069
0.177500	-0.020262
0.178000	-0.020442
0.178500	-0.020601
0.179000	-0.020732
0.179500	-0.020838
0.180000	-0.020930
0.180500	-0.021015
0.181000	-0.021103
0.181500	-0.021189
0.182000	-0.021270
0.182500	-0.021342
0.183000	-0.021402
0.183500	-0.021442
0.184000	-0.021458
0.184500	-0.021445
0.185000	-0.021402
0.185500	-0.021353
0.186000	-0.021304
0.186500	-0.021254
0.187000	-0.021205
0.187500	-0.021157
0.188000	-0.021108
0.188500	-0.021059
0.189000	-0.021012
0.189500	-0.020986
0.190000	-0.020985
0.190500	-0.021002
0.191000	-0.021027
0.191500	-0.021063
0.192000	-0.021113
0.192500	-0.021177
0.193000	-0.021258
0.193500	-0.021351
0.194000	-0.021456
0.194500	-0.021571
0.195000	-0.021699
0.195500	-0.021836
0.196000	-0.021978
0.196500	-0.022128
0.197000	-0.022287
0.197500	-0.022456
0.198000	-0.022632
0.198500	-0.022813
0.199000	-0.022999
0.199500	-0.023189
0.200000	-0.023389
0.200500	-0.023596
0.201000	-0.023810
0.201500	-0.024033
0.202000	-0.024275
0.202500	-0.024543
0.203000	-0.024840
0.203500	-0.025172
0.204000	-0.025521
0.204500	-0.025884
0.205000	-0.026260
0.205500	-0.026647
0.206000	-0.027038
0.206500	-0.027429
0.207000	-0.027820
0.207500	-0.028212
0.208000	-0.028604
0.208500	-0.028997
0.209000	-0.029393
0.209500	-0.029797
0.210000	-0.030230
0.210500	-0.030689
0.211000	-0.031152
0.211500	-0.031603
0.212000	-0.032043
0.212500	-0.032478
0.213000	-0.032906
0.213500	-0.033324
0.214000	-0.033706
0.214500	-0.034048
0.215000	-0.034365
0.215500	-0.034669
0.216000	-0.034959
0.216500	-0.035225
0.217000	-0.035468
0.217500	-0.035690
0.218000	-0.035888
0.218500	-0.036053
0.219000	-0.036179
0.219500	-0.036260
0.220000	-0.036301
0.220500	-0.036318
0.221000	-0.036311
0.221500	-0.036276
0.222000	-0.036216
0.222500	-0.036151
0.223000	-0.036080
0.223500	-0.036004
0.224000	-0.035921
0.224500	-0.035834
0.225000	-0.035743
0.225500	-0.035643
0.226000	-0.035531
0.226500	-0.035390
0.227000	-0.035232
0.227500	-0.035077
0.228000	-0.034942
0.228500	-0.034823
0.229000	-0.034719
0.229500	-0.034629
0.230000	-0.034556
0.230500	-0.034521
0.231000	-0.034524
0.231500	-0.034556
0.232000	-0.034607
0.232500	-0.034674
0.233000	-0.034768
0.233500	-0.034898
0.234000	-0.035073
0.234500	-0.035285
0.235000	-0.035519
0.235500	-0.035777
0.236000	-0.036061
0.236500	-0.036361
0.237000	-0.036664
0.237500	-0.036967
0.238000	-0.037268
0.238500	-0.037566
0.239000	-0.037860
0.239500	-0.038152
0.240000	-0.038440
0.240500	-0.038710
0.241000	-0.038937
0.241500	-0.039132
0.242000	-0.039307
0.242500	-0.039467
0.243000	-0.039598
0.243500	-0.039697
0.244000	-0.039765
0.244500	-0.039805
0.245000	-0.039817
0.245500	-0.039799
0.246000	-0.039744
0.246500	-0.039651
0.247000	-0.039540
0.247500	-0.039413
0.248000	-0.039264
0.248500	-0.039090
0.249000	-0.038906
0.249500	-0.038719
0.250000	-0.038535
0.250500	-0.038358
0.251000	-0.038183
0.251500	-0.038010
0.252000	-0.037839
0.252500	-0.037673
0.253000	-0.037518
0.253500	-0.037377
0.254000	-0.037244
0.254500	-0.037114
0.255000	-0.036992
0.255500	-0.036886
0.256000	-0.036800
0.256500	-0.036739
0.257000	-0.036705
0.257500	-0.036692
0.258000	-0.036694
0.258500	-0.036704
0.259000	-0.036729
0.259500	-0.036767
0.260000	-0.036800
0.260500	-0.036815
0.261000	-0.036804
0.261500	-0.036784
0.262000	-0.036758
0.262500	-0.036728
0.263000	-0.036696
0.263500	-0.036664
0.264000	-0.036627
0.264500	-0.036581
0.265000	-0.036522
0.265500	-0.036454
0.266000	-0.036377
0.266500	-0.036296
0.267000	-0.036212
0.267500	-0.036127
0.268000	-0.036040
0.268500	-0.035951
0.269000	-0.035859
0.269500	-0.035762
0.270000	-0.035662
0.270500	-0.035563
0.271000	-0.035467
0.271500	-0.035378
0.272000	-0.035295
0.272500	-0.035219
0.273000	-0.035149
0.273500	-0.035101
0.274000	-0.035084
0.274500	-0.035103
0.275000	-0.035162
0.275500	-0.035235
0.276000	-0.035310
0.276500	-0.035386
0.277000	-0.035462
0.277500	-0.035540
0.278000	-0.035619
0.278500	-0.035698
0.279000	-0.035773
0.279500	-0.035826
0.280000	-0.035843
0.280500	-0.035833
0.281000	-0.035806
0.281500	-0.035770
0.282000	-0.035732
0.282500	-0.035694
0.283000	-0.035657
0.283500	-0.035622
0.284000	-0.035588
0.284500	-0.035555
0.285000	-0.035526
0.285500	-0.035506
0.286000	-0.035502
0.286500	-0.035512
0.287000	-0.035531
0.287500	-0.035557
0.288000	-0.035590
0.288500	-0.035625
0.289000	-0.035657
0.289500	-0.035679
0.290000	-0.035697
0.290500	-0.035713
0.291000	-0.035730
0.291500	-0.035751
0.292000	-0.035782
0.292500	-0.035819
0.293000	-0.035853
0.293500	-0.035877
0.294000	-0.035885
0.294500	-0.035867
0.295000	-0.035816
0.295500	-0.035722
0.296000	-0.035610
0.296500	-0.035495
0.297000	-0.035377
0.297500	-0.035257
0.298000	-0.035136
0.298500	-0.035015
0.299000	-0.034893
0.299500	-0.034773
0.300000	-0.034657
0.300500	-0.034550
0.301000	-0.034451
0.301500	-0.034359
0.302000	-0.034286
0.302500	-0.034246
0.303000	-0.034238
0.303500	-0.034261
0.304000	-0.034309
0.304500	-0.034365
0.305000	-0.034429
0.305500	-0.034502
0.306000	-0.034582
0.306500	-0.034665
0.307000	-0.034747
0.307500	-0.034829
0.308000	-0.034908
0.308500	-0.034985
0.309000	-0.035060
0.309500	-0.035133
0.310000	-0.035199
0.310500	-0.035254
0.311000	-0.035296
0.311500	-0.035327
0.312000	-0.035349
0.312500	-0.035365
0.313000	-0.035378
0.313500	-0.035392
0.314000	-0.035410
0.314500	-0.035429
0.315000	-0.035449
0.315500	-0.035476
0.316000	-0.035513
0.316500	-0.035558
0.317000	-0.035605
0.317500	-0.035653
0.318000	-0.035697
0.318500	-0.035739
0.319000	-0.035781
0.319500	-0.035823
0.320000	-0.035865
0.320500	-0.035906
0.321000	-0.035948
0.321500	-0.035990
0.322000	-0.036032
0.322500	-0.036085
0.323000	-0.036152
0.323500	-0.036225
0.324000	-0.036291
0.324500	-0.036347
0.325000	-0.036397
0.325500	-0.036439
0.326000	-0.036473
0.326500	-0.036493
0.327000	-0.036486
0.327500	-0.036457
0.328000	-0.036408
0.328500	-0.036346
0.329000	-0.036273
0.329500	-0.036190
0.330000	-0.036097
0.330500	-0.035989
0.331000	-0.035864
0.331500	-0.035737
0.332000	-0.035625
0.332500	-0.035539
0.333000	-0.035457
0.333500	-0.035377
0.334000	-0.035298
0.334500	-0.035220
0.335000	-0.035142
0.335500	-0.035064
0.336000	-0.034987
0.336500	-0.034909
0.337000	-0.034833
0.337500	-0.034758
0.338000	-0.034686
0.338500	-0.034618
0.339000	-0.034578
0.339500	-0.034568
0.340000	-0.034576
0.340500	-0.034588
0.341000	-0.034614
0.341500	-0.034650
0.342000	-0.034682
0.342500	-0.034695
0.343000	-0.034694
0.343500	-0.034682
0.344000	-0.034655
0.344500	-0.034611
0.345000	-0.034551
0.345500	-0.034484
0.346000	-0.034418
0.346500	-0.034359
0.347000	-0.034307
0.347500	-0.034256
0.348000	-0.034206
0.348500	-0.034154
0.349000	-0.034102
0.349500	-0.034051
0.350000	-0.033996
0.350500	-0.033933
0.351000	-0.033860
0.351500	-0.033780
0.352000	-0.033698
0.352500	-0.033615
0.353000	-0.033533
0.353500	-0.033450
0.354000	-0.033366
0.354500	-0.033283
0.355000	-0.033209
0.355500	-0.033169
0.356000	-0.033156
0.356500	-0.033165
0.357000	-0.033186
0.357500	-0.033220
0.358000	-0.033268
0.358500	-0.033332
0.359000	-0.033414
0.359500	-0.033511
0.360000	-0.033612
0.360500	-0.033711
0.361000	-0.033800
0.361500	-0.033887
0.362000	-0.033968
0.362500	-0.034033
0.363000	-0.034073
0.363500	-0.034095
0.364000	-0.034110
0.364500	-0.034121
0.365000	-0.034131
0.365500	-0.034137
0.366000	-0.034142
0.366500	-0.034148
0.367000	-0.034159
0.367500	-0.034184
0.368000	-0.034227
0.368500	-0.034282
0.369000	-0.034346
0.369500	-0.034415
0.370000	-0.034490
0.370500	-0.034573
0.371000	-0.034667
0.371500	-0.034769
0.372000	-0.034876
0.372500	-0.034986
0.373000	-0.035102
0.373500	-0.035223
0.374000	-0.035347
0.374500	-0.035473
0.375000	-0.035596
0.375500	-0.035714
0.376000	-0.035826
0.376500	-0.035934
0.377000	-0.036040
0.377500	-0.036141
0.378000	-0.036226
0.378500	-0.036296
0.379000	-0.036357
0.379500	-0.036408
0.380000	-0.036433
0.380500	-0.036430
0.381000	-0.036400
0.381500	-0.036342
0.382000	-0.036261
0.382500	-0.036154
0.383000	-0.036018
0.383500	-0.035851
0.384000	-0.035672
0.384500	-0.035490
0.385000	-0.035309
0.385500	-0.035134
0.386000	-0.034963
0.386500	-0.034795
0.387000	-0.034631
0.387500	-0.034471
0.388000	-0.034332
0.388500	-0.034221
0.389000	-0.034138
0.389500	-0.034080
0.390000	-0.034047
0.390500	-0.034037
0.391000	-0.034047
0.391500	-0.034076
0.392000	-0.034122
0.392500	-0.034181
0.393000	-0.034239
0.393500	-0.034286
0.394000	-0.034323
0.394500	-0.034352
0.395000	-0.034363
0.395500	-0.034346
0.396000	-0.034292
0.396500	-0.034209
0.397000	-0.034117
0.397500	-0.034036
0.398000	-0.033975
0.398500	-0.033918
0.399000	-0.033866
0.399500	-0.033823
0.400000	-0.033793
0.400500	-0.033780
0.401000	-0.033782
0.401500	-0.033795
0.402000	-0.033818
0.402500	-0.033851
0.403000	-0.033897
0.403500	-0.033958
0.404000	-0.034036
0.404500	-0.034124
0.405000	-0.034221
0.405500	-0.034327
0.406000	-0.034443
0.406500	-0.034570
0.407000	-0.034699
0.407500	-0.034822
0.408000	-0.034932
0.408500	-0.035032
0.409000	-0.035121
0.409500	-0.035199
0.410000	-0.035263
0.410500	-0.035305
0.411000	-0.035324
0.411500	-0.035321
0.412000	-0.035296
0.412500	-0.035260
0.413000	-0.035215
0.413500	-0.035160
0.414000	-0.035097
0.414500	-0.035019
0.415000	-0.034934
0.415500	-0.034856
0.416000	-0.034795
0.416500	-0.034749
0.417000	-0.034718
0.417500	-0.034706
0.418000	-0.034717
0.418500	-0.034742
0.419000	-0.034772
0.419500	-0.034806
0.420000	-0.034845
0.420500	-0.034887
0.421000	-0.034933
0.421500	-0.034979
0.422000	-0.035022
0.422500	-0.035058
0.423000	-0.035089
0.423500	-0.035110
0.424000	-0.035118
0.424500	-0.035113
0.425000	-0.035101
0.425500	-0.035087
0.426000	-0.035070
0.426500	-0.035053
0.427000	-0.035030
0.427500	-0.035006
0.428000	-0.034986
0.428500	-0.034977
0.429000	-0.034996
0.429500	-0.035040
0.430000	-0.035102
0.430500	-0.035173
0.431000	-0.035250
0.431500	-0.035331
0.432000	-0.035409
0.432500	-0.035481
0.433000	-0.035552
0.433500	-0.035620
0.434000	-0.035681
0.434500	-0.035733
0.435000	-0.035772
0.435500	-0.035799
0.436000	-0.035819
0.436500	-0.035837
0.437000	-0.035852
0.437500	-0.035863
0.438000	-0.035870
0.438500	-0.035872
0.439000	-0.035869
0.439500	-0.035856
0.440000	-0.035826
0.440500	-0.035776
0.441000	-0.035708
0.441500	-0.035632
0.442000	-0.035554
0.442500	-0.035480
0.443000	-0.035411
0.443500	-0.035344
0.444000	-0.035279
0.444500	-0.035219
0.445000	-0.035170
0.445500	-0.035137
0.446000	-0.035114
0.446500	-0.035097
0.447000	-0.035084
0.447500	-0.035075
0.448000	-0.035071
0.448500	-0.035075
0.449000	-0.035086
0.449500	-0.035102
0.450000	-0.035126
0.450500	-0.035157
0.451000	-0.035197
0.451500	-0.035239
0.452000	-0.035285
0.452500	-0.035331
0.453000	-0.035381
0.453500	-0.035442
0.454000	-0.035504
0.454500	-0.035555
0.455000	-0.035581
0.455500	-0.035602
0.456000	-0.035623
0.456500	-0.035643
0.457000	-0.035664
0.457500	-0.035685
0.458000	-0.035706
0.458500	-0.035726
0.459000	-0.035749
0.459500	-0.035815
0.460000	-0.035921
0.460500	-0.036035
0.461000	-0.036127
0.461500	-0.036209
0.462000	-0.036281
0.462500	-0.036329
0.463000	-0.036334
0.463500	-0.036290
0.464000	-0.036211
0.464500	-0.036112
0.465000	-0.036009
0.465500	-0.035899
0.466000	-0.035778
0.466500	-0.035660
0.467000	-0.035560
0.467500	-0.035491
0.468000	-0.035456
0.468500	-0.035447
0.469000	-0.035460
0.469500	-0.035488
0.470000	-0.035531
0.470500	-0.035591
0.471000	-0.035669
0.471500	-0.035763
0.472000	-0.035866
0.472500	-0.035983
0.473000	-0.036116
0.473500	-0.036269
0.474000	-0.036441
0.474500	-0.036619
0.475000	-0.036791
0.475500	-0.036947
0.476000	-0.037092
0.476500	-0.037228
0.477000	-0.037352
0.477500	-0.037463
0.478000	-0.037554
0.478500	-0.037616
0.479000	-0.037642
0.479500	-0.037628
0.480000	-0.037602
0.480500	-0.037574
0.481000	-0.037544
0.481500	-0.037513
0.482000	-0.037479
0.482500	-0.037444
0.483000	-0.037410
0.483500	-0.037382
0.484000	-0.037367
0.484500	-0.037365
0.485000	-0.037367
0.485500	-0.037364
0.486000	-0.037353
0.486500	-0.037332
0.487000	-0.037302
0.487500	-0.037262
0.488000	1051.800049
0.488500	3666.600098
0.489000	7031.799805
0.489500	10336.000000
0.490000	14802.000000
0.490500	20997.000000
0.491000	27123.000000
0.491500	31383.000000
0.492000	29927.000000
0.492500	20714.000000
0.493000	9142.599609
0.493500	792.239990
0.494000	-2052.399902
0.494500	-3414.199951
0.495000	-3100.100098
