0.000000	55.676796
0.000500	55.676796
0.001000	55.676796
0.001500	55.676796
0.002000	55.676796
0.002500	55.676796
0.003000	55.676796
0.003500	55.676796
0.004000	55.656483
0.004500	55.570118
0.005000	55.501541
0.005500	55.468517
0.006000	55.481216
0.006500	55.519321
0.007000	55.559963
0.007500	55.603138
0.008000	55.638702
0.008500	55.669178
0.009000	55.699657
0.009500	55.727600
0.010000	55.755539
0.010500	55.778404
0.011000	55.796181
0.011500	55.811420
0.012000	55.824116
0.012500	55.836815
0.013000	55.844440
0.013500	55.846977
0.014000	55.841896
0.014500	55.819038
0.015000	55.758080
0.015500	55.679340
0.016000	55.608219
0.016500	55.565037
0.017000	55.537102
0.017500	55.524403
0.018000	55.524403
0.018500	55.544720
0.019000	55.590439
0.019500	55.666641
0.020000	55.768242
0.020500	55.900318
0.021000	56.047638
0.021500	56.210201
0.022000	56.390537
0.022500	56.598824
0.023000	56.814720
0.023500	57.030621
0.024000	57.246517
0.024500	57.462421
0.025000	57.680859
0.025500	57.899300
0.026000	58.117741
0.026500	58.336178
0.027000	58.513981
0.027500	58.618122
0.028000	58.658760
0.028500	58.640984
0.029000	58.582558
0.029500	58.508900
0.030000	58.419998
0.030500	58.320934
0.031000	58.214260
0.031500	58.105042
0.032000	57.990738
0.032500	57.863739
0.033000	57.713882
0.033500	57.546238
0.034000	57.365902
0.034500	57.175400
0.035000	56.979820
0.035500	56.753757
0.036000	56.520077
0.036500	56.306721
0.037000	56.144161
0.037500	56.012077
0.038000	55.902863
0.038500	55.803802
0.039000	55.709820
0.039500	55.618374
0.040000	55.529476
0.040500	55.443119
0.041000	55.361839
0.041500	55.288181
0.042000	55.224678
0.042500	55.166260
0.043000	55.118004
0.043500	55.082439
0.044000	55.082439
0.044500	55.120541
0.045000	55.206902
0.045500	55.341522
0.046000	55.501541
0.046500	55.681877
0.047000	55.874920
0.047500	56.085743
0.048000	56.311802
0.048500	56.535320
0.049000	56.741062
0.049500	56.916317
0.050000	57.076344
0.050500	57.226200
0.051000	57.373520
0.051500	57.523376
0.052000	57.668159
0.052500	57.805317
0.053000	57.927238
0.053500	58.026295
0.054000	57.995819
0.054500	57.848499
0.055000	57.617359
0.055500	57.335419
0.056000	57.025539
0.056500	56.677563
0.057000	56.288940
0.057500	55.854595
0.058000	55.399937
0.058500	54.924961
0.059000	54.406799
0.059500	53.832760
0.060000	53.207920
0.060500	52.562763
0.061000	51.920143
0.061500	51.297836
0.062000	50.690777
0.062500	50.086262
0.063000	49.481739
0.063500	48.884838
0.064000	48.290482
0.064500	47.703739
0.065000	47.116997
0.065500	46.530258
0.066000	45.943516
0.066500	45.359318
0.067000	44.752258
0.067500	44.099480
0.068000	43.385738
0.068500	42.666920
0.069000	41.948097
0.069500	41.229282
0.070000	40.510460
0.070500	39.791641
0.071000	39.072819
0.071500	38.354000
0.072000	37.652958
0.072500	37.119560
0.073000	36.763958
0.073500	36.550602
0.074000	36.448997
0.074500	36.421062
0.075000	36.466782
0.075500	36.593781
0.076000	36.809681
0.076500	37.058598
0.077000	37.320217
0.077500	37.604702
0.078000	37.919659
0.078500	38.254944
0.079000	38.595299
0.079500	38.945820
0.080000	39.309040
0.080500	39.684959
0.081000	40.065960
0.081500	40.452042
0.082000	40.853359
0.082500	41.267376
0.083000	41.683941
0.083500	42.103043
0.084000	42.522141
0.084500	42.938702
0.085000	43.355259
0.085500	43.776901
0.086000	44.213779
0.086500	44.696381
0.087000	45.285656
0.087500	45.940979
0.088000	46.614079
0.088500	47.266861
0.089000	47.955200
0.089500	48.648617
0.090000	49.303936
0.090500	49.867821
0.091000	50.322479
0.091500	50.703476
0.092000	51.056538
0.092500	51.417221
0.093000	51.765205
0.093500	52.095402
0.094000	52.430679
0.094500	52.793900
0.095000	53.225700
0.095500	53.774338
0.096000	54.477921
0.096500	55.372002
0.097000	56.418480
0.097500	57.541157
0.098000	58.722260
0.098500	59.943996
0.099000	61.178444
0.099500	62.412880
0.100000	63.665100
0.100500	64.945259
0.101000	66.260979
0.101500	67.594482
0.102000	68.940674
0.102500	70.291962
0.103000	71.653404
0.103500	73.027534
0.104000	74.424538
0.104500	75.849480
0.105000	77.322678
0.105500	78.892395
0.106000	80.530701
0.106500	82.202019
0.107000	83.888580
0.107500	85.669121
0.108000	87.492836
0.108500	89.278458
0.109000	90.947243
0.109500	92.486481
0.110000	93.908882
0.110500	95.211899
0.111000	96.403160
0.111500	97.530914
0.112000	98.612953
0.112500	99.654358
0.113000	100.652573
0.113500	101.594917
0.114000	102.506775
0.114500	103.426254
0.115000	104.399078
0.115500	105.445564
0.116000	106.555534
0.116500	107.729019
0.117000	108.963455
0.117500	110.246170
0.118000	111.574585
0.118500	112.948723
0.119000	114.376198
0.119500	115.857010
0.120000	117.375938
0.120500	118.899933
0.121000	120.403625
0.121500	121.856506
0.122000	123.263657
0.122500	124.665741
0.123000	126.100838
0.123500	127.612129
0.124000	129.197113
0.124500	130.843018
0.125000	132.532120
0.125500	134.244080
0.126000	135.989059
0.126500	137.761978
0.127000	139.562836
0.127500	141.399246
0.128000	143.337280
0.128500	145.321030
0.129000	147.269196
0.129500	149.108154
0.130000	150.855682
0.130500	152.537170
0.131000	154.160217
0.131500	155.735016
0.132000	157.259018
0.132500	158.744919
0.133000	160.195267
0.133500	161.620193
0.134000	163.009567
0.134500	164.335464
0.135000	165.592758
0.135500	166.773849
0.136000	167.840652
0.136500	168.765213
0.137000	169.565323
0.137500	170.253647
0.138000	170.858170
0.138500	171.422043
0.139000	171.919891
0.139500	172.328827
0.140000	172.664124
0.140500	172.989227
0.141000	173.304199
0.141500	173.606461
0.142000	173.898544
0.142500	174.188126
0.143000	174.467514
0.143500	174.734222
0.144000	174.978043
0.144500	175.193954
0.145000	175.384460
0.145500	175.547012
0.146000	175.686722
0.146500	175.816254
0.147000	175.935638
0.147500	176.049927
0.148000	176.156616
0.148500	176.258224
0.149000	176.354736
0.149500	176.443634
0.150000	176.527451
0.150500	176.583328
0.151000	176.616348
0.151500	176.649384
0.152000	176.697647
0.152500	176.776382
0.153000	176.885605
0.153500	177.027832
0.154000	177.203110
0.154500	177.446945
0.155000	177.784760
0.155500	178.193710
0.156000	178.653427
0.156500	179.146194
0.157000	179.674515
0.157500	180.248566
0.158000	180.870865
0.158500	181.543961
0.159000	182.250076
0.159500	182.986679
0.160000	183.756287
0.160500	184.566559
0.161000	185.440323
0.161500	186.334396
0.162000	187.197998
0.162500	187.995560
0.163000	188.739777
0.163500	189.430649
0.164000	190.065674
0.164500	190.639694
0.165000	191.173111
0.165500	191.660782
0.166000	192.087494
0.166500	192.450714
0.167000	192.796158
0.167500	193.141602
0.168000	193.487030
0.168500	193.835022
0.169000	194.185547
0.169500	194.536041
0.170000	194.886581
0.170500	195.239655
0.171000	195.600311
0.171500	195.971161
0.172000	196.354706
0.172500	196.758560
0.173000	197.175125
0.173500	197.601837
0.174000	198.031097
0.174500	198.460358
0.175000	198.887085
0.175500	199.318878
0.176000	199.755753
0.176500	200.200256
0.177000	200.685394
0.177500	201.274673
0.178000	201.940155
0.178500	202.656433
0.179000	203.398117
0.179500	204.160110
0.180000	204.944962
0.180500	205.747620
0.181000	206.575668
0.181500	207.446869
0.182000	208.333328
0.182500	209.189316
0.183000	209.979263
0.183500	210.710785
0.184000	211.386414
0.184500	212.011261
0.185000	212.587845
0.185500	213.136475
0.186000	213.662247
0.186500	214.167709
0.187000	214.657944
0.187500	215.130371
0.188000	215.582504
0.188500	216.016830
0.189000	216.430862
0.189500	216.816940
0.190000	217.144592
0.190500	217.385910
0.191000	217.512909
0.191500	217.584030
0.192000	217.642426
0.192500	217.693222
0.193000	217.733871
0.193500	217.769424
0.194000	217.802444
0.194500	217.837997
0.195000	217.878662
0.195500	217.934540
0.196000	218.003113
0.196500	218.092010
0.197000	218.206329
0.197500	218.346008
0.198000	218.498413
0.198500	218.655884
0.199000	218.808289
0.199500	218.953094
0.200000	219.092773
0.200500	219.227386
0.201000	219.359467
0.201500	219.473785
0.202000	219.524582
0.202500	219.519501
0.203000	219.468704
0.203500	219.387405
0.204000	219.232468
0.204500	219.008972
0.205000	218.719391
0.205500	218.371399
0.206000	217.972641
0.206500	217.520523
0.207000	217.012527
0.207500	216.448639
0.208000	215.854294
0.208500	215.219269
0.209000	214.523315
0.209500	213.753693
0.210000	212.928207
0.210500	212.084915
0.211000	211.244186
0.211500	210.423752
0.212000	209.608414
0.212500	208.805786
0.213000	208.033615
0.213500	207.312241
0.214000	206.662018
0.214500	206.067657
0.215000	205.511398
0.215500	204.972916
0.216000	204.449677
0.216500	203.941666
0.217000	203.426041
0.217500	202.887573
0.218000	202.321152
0.218500	201.749664
0.219000	201.178162
0.219500	200.604111
0.220000	200.030075
0.220500	199.453506
0.221000	198.874390
0.221500	198.297806
0.222000	197.733917
0.222500	197.213211
0.223000	196.735703
0.223500	196.301376
0.224000	195.907669
0.224500	195.569839
0.225000	195.277740
0.225500	195.018646
0.226000	194.777359
0.226500	194.543686
0.227000	194.335403
0.227500	194.182999
0.228000	194.106796
0.228500	194.058533
0.229000	194.017899
0.229500	193.977249
0.230000	193.929001
0.230500	193.875671
0.231000	193.819778
0.231500	193.758820
0.232000	193.690247
0.232500	193.560699
0.233000	193.357498
0.233500	193.098419
0.234000	192.801239
0.234500	192.455795
0.235000	192.049393
0.235500	191.597290
0.236000	191.112137
0.236500	190.593979
0.237000	190.032639
0.237500	189.407791
0.238000	188.709305
0.238500	187.929504
0.239000	187.078629
0.239500	186.151520
0.240000	185.145676
0.240500	184.081421
0.241000	183.004456
0.241500	181.914810
0.242000	180.812439
0.242500	179.692291
0.243000	178.526443
0.243500	177.358047
0.244000	176.242981
0.244500	175.224442
0.245000	174.287186
0.245500	173.403259
0.246000	172.547287
0.246500	171.698914
0.247000	170.858170
0.247500	170.019974
0.248000	169.174149
0.248500	168.310547
0.249000	167.429184
0.249500	166.542709
0.250000	165.658783
0.250500	164.787582
0.251000	163.931595
0.251500	163.083237
0.252000	162.237427
0.252500	161.391602
0.253000	160.558472
0.253500	159.745682
0.254000	158.963348
0.254500	158.216599
0.255000	157.579056
0.255500	157.055832
0.256000	156.626556
0.256500	156.263336
0.257000	155.930588
0.257500	155.608017
0.258000	155.300674
0.258500	155.016205
0.259000	154.746964
0.259500	154.477722
0.260000	154.211014
0.260500	153.954483
0.261000	153.703018
0.261500	153.459183
0.262000	153.220413
0.262500	152.986740
0.263000	152.768295
0.263500	152.582870
0.264000	152.405075
0.264500	152.204422
0.265000	151.963120
0.265500	151.693878
0.266000	151.401779
0.266500	151.091904
0.267000	150.771851
0.267500	150.449280
0.268000	150.119080
0.268500	149.781250
0.269000	149.430740
0.269500	149.072601
0.270000	148.714447
0.270500	148.351242
0.271000	147.988022
0.271500	147.619720
0.272000	147.246353
0.272500	146.865341
0.273000	146.481796
0.273500	146.044922
0.274000	145.541992
0.274500	144.983200
0.275000	144.381210
0.275500	143.718277
0.276000	142.989288
0.276500	142.212051
0.277000	141.394180
0.277500	140.505173
0.278000	139.552689
0.278500	138.600174
0.279000	137.708633
0.279500	136.895828
0.280000	136.146530
0.280500	135.458206
0.281000	134.833359
0.281500	134.269470
0.282000	133.776703
0.282500	133.375397
0.283000	133.080750
0.283500	132.872482
0.284000	132.692139
0.284500	132.542282
0.285000	132.427979
0.285500	132.341629
0.286000	132.257782
0.286500	132.184143
0.287000	132.113022
0.287500	132.052063
0.288000	131.993637
0.288500	131.953003
0.289000	131.947922
0.289500	131.991089
0.290000	132.090149
0.290500	132.222229
0.291000	132.377182
0.291500	132.537201
0.292000	132.725159
0.292500	132.923279
0.293000	133.093460
0.293500	133.207748
0.294000	133.299194
0.294500	133.385559
0.295000	133.469391
0.295500	133.563354
0.296000	133.662415
0.296500	133.761475
0.297000	133.863083
0.297500	133.969772
0.298000	134.084061
0.298500	134.208511
0.299000	134.348221
0.299500	134.503159
0.300000	134.673340
0.300500	134.856232
0.301000	135.044174
0.301500	135.224518
0.302000	135.397232
0.302500	135.562347
0.303000	135.722351
0.303500	135.874756
0.304000	135.999222
0.304500	136.055099
0.305000	136.055099
0.305500	136.016998
0.306000	135.948425
0.306500	135.839188
0.307000	135.686798
0.307500	135.496292
0.308000	135.270233
0.308500	135.016235
0.309000	134.729218
0.309500	134.399017
0.310000	134.025635
0.310500	133.629395
0.311000	133.215378
0.311500	132.781036
0.312000	132.326385
0.312500	131.838699
0.313000	131.333237
0.313500	130.843018
0.314000	130.388367
0.314500	129.969254
0.315000	129.585709
0.315500	129.240280
0.316000	128.938019
0.316500	128.666245
0.317000	128.419861
0.317500	128.196350
0.318000	127.993134
0.318500	127.802643
0.319000	127.624840
0.319500	127.469894
0.320000	127.340363
0.320500	127.236214
0.321000	127.154945
0.321500	127.096519
0.322000	127.053337
0.322500	127.030479
0.323000	127.027946
0.323500	127.043175
0.324000	127.073662
0.324500	127.127007
0.325000	127.208275
0.325500	127.317490
0.326000	127.459732
0.326500	127.632454
0.327000	127.853439
0.327500	128.117599
0.328000	128.424942
0.328500	128.767853
0.329000	129.133591
0.329500	129.522217
0.330000	129.938766
0.330500	130.390900
0.331000	130.878586
0.331500	131.371338
0.332000	131.838699
0.332500	132.262878
0.333000	132.674362
0.333500	133.078217
0.334000	133.474457
0.334500	133.868164
0.335000	134.254242
0.335500	134.635239
0.336000	135.006073
0.336500	135.366760
0.337000	135.696960
0.337500	135.996674
0.338000	136.278625
0.338500	136.542786
0.339000	136.791687
0.339500	137.020294
0.340000	137.213333
0.340500	137.363190
0.341000	137.485123
0.341500	137.596878
0.342000	137.708633
0.342500	137.828018
0.343000	137.947403
0.343500	138.069321
0.344000	138.206467
0.344500	138.379196
0.345000	138.610336
0.345500	138.902420
0.346000	139.230103
0.346500	139.567932
0.347000	139.900665
0.347500	140.238480
0.348000	140.573761
0.348500	140.906494
0.349000	141.229080
0.349500	141.541504
0.350000	141.853912
0.350500	142.168884
0.351000	142.491455
0.351500	142.831818
0.352000	143.197586
0.352500	143.603973
0.353000	144.063721
0.353500	144.576797
0.354000	145.127960
0.354500	145.696945
0.355000	146.273529
0.355500	146.870422
0.356000	147.472412
0.356500	148.059143
0.357000	148.615387
0.357500	149.128479
0.358000	149.603455
0.358500	150.053040
0.359000	150.479752
0.359500	150.876007
0.360000	151.226517
0.360500	151.521164
0.361000	151.744675
0.361500	151.935181
0.362000	152.100281
0.362500	152.245056
0.363000	152.374588
0.363500	152.493973
0.364000	152.600662
0.364500	152.699707
0.365000	152.786072
0.365500	152.847031
0.366000	152.880051
0.366500	152.882599
0.367000	152.852112
0.367500	152.775909
0.368000	152.651459
0.368500	152.491440
0.369000	152.306015
0.369500	152.105362
0.370000	151.876770
0.370500	151.615143
0.371000	151.317947
0.371500	150.980133
0.372000	150.601685
0.372500	150.167328
0.373000	149.656799
0.373500	149.087830
0.374000	148.516327
0.374500	147.944839
0.375000	147.373352
0.375500	146.801849
0.376000	146.230347
0.376500	145.658829
0.377000	145.084793
0.377500	144.520905
0.378000	143.984985
0.378500	143.471893
0.379000	142.974060
0.379500	142.506683
0.380000	142.133316
0.380500	141.838669
0.381000	141.607544
0.381500	141.419571
0.382000	141.297653
0.382500	141.267181
0.383000	141.338287
0.383500	141.518631
0.384000	141.757401
0.384500	142.044403
0.385000	142.384781
0.385500	142.781021
0.386000	143.220444
0.386500	143.670029
0.387000	144.111969
0.387500	144.523453
0.388000	144.922226
0.388500	145.313400
0.389000	145.689316
0.389500	146.042374
0.390000	146.377655
0.390500	146.705322
0.391000	147.030441
0.391500	147.355560
0.392000	147.678131
0.392500	147.995636
0.393000	148.305527
0.393500	148.607773
0.394000	148.866867
0.394500	149.049744
0.395000	149.174194
0.395500	149.247849
0.396000	149.283417
0.396500	149.278336
0.397000	149.232605
0.397500	149.153870
0.398000	149.044662
0.398500	148.912582
0.399000	148.757629
0.399500	148.579834
0.400000	148.376648
0.400500	148.145493
0.401000	147.873734
0.401500	147.553665
0.402000	147.185379
0.402500	146.768814
0.403000	146.306534
0.403500	145.795990
0.404000	145.244827
0.404500	144.680954
0.405000	144.111969
0.405500	143.535400
0.406000	142.943573
0.406500	142.336517
0.407000	141.724380
0.407500	141.127487
0.408000	140.576309
0.408500	140.106400
0.409000	139.692383
0.409500	139.313919
0.410000	138.960846
0.410500	138.673843
0.411000	138.450302
0.411500	138.285217
0.412000	138.181076
0.412500	138.132828
0.413000	138.168381
0.413500	138.305527
0.414000	138.559540
0.414500	138.854172
0.415000	139.171677
0.415500	139.517136
0.416000	139.893036
0.416500	140.274048
0.417000	140.655045
0.417500	141.036041
0.418000	141.417023
0.418500	141.798035
0.419000	142.181580
0.419500	142.562576
0.420000	142.943573
0.420500	143.311874
0.421000	143.644623
0.421500	143.957047
0.422000	144.254211
0.422500	144.531067
0.423000	144.757141
0.423500	144.940018
0.424000	145.089874
0.424500	145.209259
0.425000	145.267685
0.425500	145.265137
0.426000	145.209259
0.426500	145.107651
0.427000	144.955261
0.427500	144.749527
0.428000	144.482819
0.428500	144.152634
0.429000	143.784317
0.429500	143.380447
0.430000	142.943573
0.430500	142.466049
0.431000	141.945358
0.431500	141.404343
0.432000	140.878555
0.432500	140.390884
0.433000	139.943832
0.433500	139.532364
0.434000	139.164062
0.434500	138.846558
0.435000	138.590012
0.435500	138.391891
0.436000	138.239502
0.436500	138.125198
0.437000	138.036316
0.437500	137.972809
0.438000	137.939774
0.438500	137.944855
0.439000	137.975342
0.439500	138.031219
0.440000	138.135361
0.440500	138.315689
0.441000	138.541763
0.441500	138.767822
0.442000	138.996429
0.442500	139.222488
0.443000	139.448532
0.443500	139.677139
0.444000	139.905731
0.444500	140.131805
0.445000	140.334991
0.445500	140.492477
0.446000	140.622025
0.446500	140.746490
0.447000	140.876007
0.447500	140.997925
0.448000	141.119873
0.448500	141.251938
0.449000	141.401794
0.449500	141.559280
0.450000	141.724380
0.450500	141.894562
0.451000	142.069824
0.451500	142.245087
0.452000	142.422882
0.452500	142.603226
0.453000	142.788651
0.453500	142.979126
0.454000	143.179810
0.454500	143.377930
0.455000	143.568405
0.455500	143.743683
0.456000	143.903702
0.456500	144.051010
0.457000	144.190720
0.457500	144.287247
0.458000	144.315186
0.458500	144.272003
0.459000	144.145004
0.459500	143.964661
0.460000	143.746216
0.460500	143.502380
0.461000	143.240768
0.461500	142.953735
0.462000	142.651489
0.462500	142.349213
0.463000	142.069824
0.463500	141.813278
0.464000	141.594849
0.464500	141.460220
0.465000	141.450058
0.465500	141.536407
0.466000	141.645645
0.466500	141.759933
0.467000	141.858994
0.467500	141.942825
0.468000	142.029175
0.468500	142.113007
0.469000	142.186661
0.469500	142.252701
0.470000	142.308578
0.470500	142.364456
0.471000	142.422882
0.471500	142.488907
0.472000	142.557495
0.472500	142.628632
0.473000	142.697205
0.473500	142.758163
0.474000	142.801331
0.474500	142.841980
0.475000	142.882614
0.475500	142.930878
0.476000	142.989288
0.476500	143.057861
0.477000	143.144241
0.477500	143.253464
0.478000	143.400772
0.478500	143.573502
0.479000	143.758926
0.479500	143.944336
0.480000	144.147537
0.480500	144.363434
0.481000	144.574249
0.481500	144.759689
0.482000	144.889221
0.482500	144.955261
0.483000	144.957794
0.483500	144.899384
0.484000	144.792709
0.484500	144.650467
0.485000	144.500595
0.485500	144.360901
0.486000	144.167862
0.486500	143.931641
0.487000	143.700500
0.487500	143.525238
0.488000	6786372.000000
0.488500	23655782.000000
0.489000	45366936.000000
0.489500	66682616.000000
0.490000	95498920.000000
0.490500	135463280.000000
0.491000	174988224.000000
0.491500	202468480.000000
0.492000	193075568.000000
0.492500	133637016.000000
0.493000	58983880.000000
0.493500	5111496.000000
0.494000	-13241020.000000
0.494500	-22026372.000000
0.495000	-20000212.000000
