0.000000	-0.408140
0.000500	-0.408140
0.001000	-0.408140
0.001500	-0.408140
0.002000	-0.408140
0.002500	-0.408140
0.003000	-0.408140
0.003500	-0.408140
0.004000	-0.404170
0.004500	-0.382080
0.005000	-0.356570
0.005500	-0.328010
0.006000	-0.296640
0.006500	-0.258260
0.007000	-0.215030
0.007500	-0.172520
0.008000	-0.136310
0.008500	-0.110250
0.009000	-0.091056
0.009500	-0.073535
0.010000	-0.052508
0.010500	-0.020832
0.011000	0.021915
0.011500	0.064852
0.012000	0.096870
0.012500	0.111200
0.013000	0.113730
0.013500	0.108410
0.014000	0.099007
0.014500	0.086440
0.015000	0.064822
0.015500	0.041520
0.016000	0.025311
0.016500	0.025334
0.017000	0.043418
0.017500	0.069246
0.018000	0.091814
0.018500	0.102080
0.019000	0.108840
0.019500	0.110300
0.020000	0.100550
0.020500	0.073993
0.021000	0.036510
0.021500	-0.004779
0.022000	-0.046376
0.022500	-0.084951
0.023000	-0.122670
0.023500	-0.159610
0.024000	-0.193350
0.024500	-0.221440
0.025000	-0.233350
0.025500	-0.228410
0.026000	-0.218930
0.026500	-0.217250
0.027000	-0.228490
0.027500	-0.245340
0.028000	-0.261420
0.028500	-0.270380
0.029000	-0.267050
0.029500	-0.252850
0.030000	-0.231240
0.030500	-0.205680
0.031000	-0.175400
0.031500	-0.130890
0.032000	-0.083860
0.032500	-0.048189
0.033000	-0.034390
0.033500	-0.034979
0.034000	-0.045052
0.034500	-0.060719
0.035000	-0.079797
0.035500	-0.111060
0.036000	-0.145460
0.036500	-0.169530
0.037000	-0.171990
0.037500	-0.164280
0.038000	-0.152290
0.038500	-0.138000
0.039000	-0.123160
0.039500	-0.103260
0.040000	-0.081059
0.040500	-0.063607
0.041000	-0.057850
0.041500	-0.064941
0.042000	-0.080293
0.042500	-0.099657
0.043000	-0.118780
0.043500	-0.134310
0.044000	-0.149060
0.044500	-0.168090
0.045000	-0.196450
0.045500	-0.236780
0.046000	-0.284190
0.046500	-0.334440
0.047000	-0.383380
0.047500	-0.430920
0.048000	-0.480670
0.048500	-0.527510
0.049000	-0.566060
0.049500	-0.592110
0.050000	-0.609290
0.050500	-0.622170
0.051000	-0.635080
0.051500	-0.651730
0.052000	-0.669490
0.052500	-0.687290
0.053000	-0.705150
0.053500	-0.723240
0.054000	-0.742640
0.054500	-0.762560
0.055000	-0.781750
0.055500	-0.798730
0.056000	-0.805570
0.056500	-0.803970
0.057000	-0.800620
0.057500	-0.802110
0.058000	-0.809660
0.058500	-0.819870
0.059000	-0.829810
0.059500	-0.836580
0.060000	-0.836360
0.060500	-0.825260
0.061000	-0.800250
0.061500	-0.758310
0.062000	-0.704300
0.062500	-0.645910
0.063000	-0.584440
0.063500	-0.521190
0.064000	-0.456100
0.064500	-0.388330
0.065000	-0.320320
0.065500	-0.254620
0.066000	-0.196110
0.066500	-0.149540
0.067000	-0.112790
0.067500	-0.083522
0.068000	-0.064160
0.068500	-0.066344
0.069000	-0.077458
0.069500	-0.082454
0.070000	-0.068261
0.070500	-0.041957
0.071000	-0.003920
0.071500	0.049229
0.072000	0.120040
0.072500	0.202450
0.073000	0.292950
0.073500	0.389580
0.074000	0.490640
0.074500	0.601350
0.075000	0.718680
0.075500	0.834820
0.076000	0.942200
0.076500	1.040700
0.077000	1.122900
0.077500	1.176900
0.078000	1.190900
0.078500	1.172900
0.079000	1.144100
0.079500	1.112500
0.080000	1.086000
0.080500	1.061100
0.081000	1.035200
0.081500	1.017700
0.082000	1.017800
0.082500	1.056600
0.083000	1.146700
0.083500	1.259100
0.084000	1.364000
0.084500	1.448600
0.085000	1.529500
0.085500	1.599200
0.086000	1.649200
0.086500	1.650000
0.087000	1.528400
0.087500	1.317800
0.088000	1.062500
0.088500	0.798670
0.089000	0.494080
0.089500	0.171440
0.090000	-0.128420
0.090500	-0.369240
0.091000	-0.566750
0.091500	-0.731440
0.092000	-0.866150
0.092500	-0.973770
0.093000	-1.056600
0.093500	-1.110800
0.094000	-1.130500
0.094500	-1.110500
0.095000	-1.054600
0.095500	-0.969990
0.096000	-0.861070
0.096500	-0.732450
0.097000	-0.558540
0.097500	-0.343550
0.098000	-0.136670
0.098500	0.012934
0.099000	0.100280
0.099500	0.155930
0.100000	0.184020
0.100500	0.188670
0.101000	0.167350
0.101500	0.121940
0.102000	0.077421
0.102500	0.059304
0.103000	0.079690
0.103500	0.116010
0.104000	0.155400
0.104500	0.185580
0.105000	0.198680
0.105500	0.206010
0.106000	0.210050
0.106500	0.211650
0.107000	0.209070
0.107500	0.185290
0.108000	0.153380
0.108500	0.133440
0.109000	0.148070
0.109500	0.222540
0.110000	0.331120
0.110500	0.439160
0.111000	0.513140
0.111500	0.563200
0.112000	0.603790
0.112500	0.635530
0.113000	0.659390
0.113500	0.681710
0.114000	0.685780
0.114500	0.646350
0.115000	0.538180
0.115500	0.381030
0.116000	0.214170
0.116500	0.041636
0.117000	-0.132530
0.117500	-0.309200
0.118000	-0.489070
0.118500	-0.667750
0.119000	-0.840890
0.119500	-0.993070
0.120000	-1.107500
0.120500	-1.198200
0.121000	-1.279900
0.121500	-1.366000
0.122000	-1.448400
0.122500	-1.506000
0.123000	-1.517300
0.123500	-1.473300
0.124000	-1.415200
0.124500	-1.350800
0.125000	-1.283200
0.125500	-1.213700
0.126000	-1.138800
0.126500	-1.064300
0.127000	-0.996390
0.127500	-0.941720
0.128000	-0.903210
0.128500	-0.876580
0.129000	-0.856810
0.129500	-0.839060
0.130000	-0.821600
0.130500	-0.804500
0.131000	-0.787710
0.131500	-0.771360
0.132000	-0.759620
0.132500	-0.750080
0.133000	-0.736990
0.133500	-0.714630
0.134000	-0.672700
0.134500	-0.612860
0.135000	-0.547230
0.135500	-0.487980
0.136000	-0.436030
0.136500	-0.384340
0.137000	-0.333080
0.137500	-0.282430
0.138000	-0.234490
0.138500	-0.191090
0.139000	-0.148340
0.139500	-0.102200
0.140000	-0.047656
0.140500	0.017052
0.141000	0.088210
0.141500	0.161980
0.142000	0.238670
0.142500	0.328170
0.143000	0.421100
0.143500	0.506060
0.144000	0.572810
0.144500	0.620720
0.145000	0.652180
0.145500	0.669450
0.146000	0.675240
0.146500	0.675490
0.147000	0.671460
0.147500	0.663190
0.148000	0.649900
0.148500	0.626600
0.149000	0.599830
0.149500	0.578540
0.150000	0.571500
0.150500	0.577020
0.151000	0.589670
0.151500	0.606480
0.152000	0.624920
0.152500	0.653140
0.153000	0.686420
0.153500	0.712580
0.154000	0.719490
0.154500	0.711790
0.155000	0.702860
0.155500	0.693640
0.156000	0.685050
0.156500	0.677090
0.157000	0.669140
0.157500	0.661220
0.158000	0.653290
0.158500	0.646160
0.159000	0.640620
0.159500	0.635280
0.160000	0.628660
0.160500	0.611240
0.161000	0.554790
0.161500	0.468810
0.162000	0.366750
0.162500	0.260570
0.163000	0.151070
0.163500	0.036216
0.164000	-0.085771
0.164500	-0.216270
0.165000	-0.352470
0.165500	-0.492650
0.166000	-0.635860
0.166500	-0.782460
0.167000	-0.941510
0.167500	-1.108000
0.168000	-1.273300
0.168500	-1.428900
0.169000	-1.564100
0.169500	-1.671100
0.170000	-1.744300
0.170500	-1.777700
0.171000	-1.775400
0.171500	-1.745700
0.172000	-1.695100
0.172500	-1.630000
0.173000	-1.548400
0.173500	-1.454600
0.174000	-1.364000
0.174500	-1.292200
0.175000	-1.238800
0.175500	-1.195200
0.176000	-1.164800
0.176500	-1.151000
0.177000	-1.151600
0.177500	-1.157400
0.178000	-1.168300
0.178500	-1.184400
0.179000	-1.206900
0.179500	-1.234900
0.180000	-1.263000
0.180500	-1.285700
0.181000	-1.299000
0.181500	-1.306800
0.182000	-1.310600
0.182500	-1.311600
0.183000	-1.310600
0.183500	-1.307500
0.184000	-1.301700
0.184500	-1.292200
0.185000	-1.277700
0.185500	-1.253100
0.186000	-1.223000
0.186500	-1.194100
0.187000	-1.171900
0.187500	-1.152500
0.188000	-1.138500
0.188500	-1.134800
0.189000	-1.146000
0.189500	-1.167900
0.190000	-1.195900
0.190500	-1.228200
0.191000	-1.263200
0.191500	-1.299200
0.192000	-1.335500
0.192500	-1.371900
0.193000	-1.407800
0.193500	-1.443400
0.194000	-1.478000
0.194500	-1.510500
0.195000	-1.539800
0.195500	-1.554400
0.196000	-1.548900
0.196500	-1.530800
0.197000	-1.507800
0.197500	-1.482500
0.198000	-1.451400
0.198500	-1.419800
0.199000	-1.393700
0.199500	-1.379200
0.200000	-1.374900
0.200500	-1.371600
0.201000	-1.359900
0.201500	-1.334100
0.202000	-1.304200
0.202500	-1.273000
0.203000	-1.241900
0.203500	-1.211900
0.204000	-1.180700
0.204500	-1.151100
0.205000	-1.127400
0.205500	-1.116600
0.206000	-1.140100
0.206500	-1.186000
0.207000	-1.234400
0.207500	-1.268600
0.208000	-1.299200
0.208500	-1.326400
0.209000	-1.345200
0.209500	-1.349600
0.210000	-1.319800
0.210500	-1.258000
0.211000	-1.177700
0.211500	-1.092100
0.212000	-0.997960
0.212500	-0.897880
0.213000	-0.801630
0.213500	-0.718670
0.214000	-0.646570
0.214500	-0.581630
0.215000	-0.523900
0.215500	-0.473440
0.216000	-0.430880
0.216500	-0.395950
0.217000	-0.367330
0.217500	-0.343680
0.218000	-0.335450
0.218500	-0.351220
0.219000	-0.364070
0.219500	-0.346130
0.220000	-0.292160
0.220500	-0.236220
0.221000	-0.180040
0.221500	-0.124110
0.222000	-0.068708
0.222500	-0.013375
0.223000	0.041934
0.223500	0.097200
0.224000	0.151180
0.224500	0.200740
0.225000	0.249620
0.225500	0.302210
0.226000	0.362740
0.226500	0.431370
0.227000	0.504310
0.227500	0.577630
0.228000	0.647870
0.228500	0.716370
0.229000	0.783970
0.229500	0.850780
0.230000	0.916780
0.230500	0.976940
0.231000	1.024900
0.231500	1.055700
0.232000	1.064600
0.232500	1.060000
0.233000	1.048800
0.233500	1.033100
0.234000	1.014800
0.234500	0.996980
0.235000	0.979270
0.235500	0.958420
0.236000	0.931160
0.236500	0.898240
0.237000	0.863170
0.237500	0.826850
0.238000	0.790200
0.238500	0.752950
0.239000	0.713890
0.239500	0.674500
0.240000	0.636300
0.240500	0.604310
0.241000	0.585510
0.241500	0.578460
0.242000	0.581460
0.242500	0.593490
0.243000	0.616110
0.243500	0.649100
0.244000	0.692000
0.244500	0.743220
0.245000	0.798230
0.245500	0.857280
0.246000	0.921150
0.246500	0.990920
0.247000	1.068000
0.247500	1.148300
0.248000	1.226400
0.248500	1.297400
0.249000	1.360800
0.249500	1.418600
0.250000	1.472500
0.250500	1.523600
0.251000	1.565500
0.251500	1.597000
0.252000	1.619000
0.252500	1.632000
0.253000	1.629300
0.253500	1.606100
0.254000	1.561200
0.254500	1.493000
0.255000	1.405500
0.255500	1.308800
0.256000	1.213100
0.256500	1.128500
0.257000	1.054100
0.257500	0.982240
0.258000	0.913260
0.258500	0.847540
0.259000	0.782930
0.259500	0.722420
0.260000	0.673950
0.260500	0.645500
0.261000	0.638510
0.261500	0.640160
0.262000	0.644500
0.262500	0.645910
0.263000	0.641110
0.263500	0.633840
0.264000	0.626920
0.264500	0.623080
0.265000	0.625150
0.265500	0.634180
0.266000	0.648160
0.266500	0.664910
0.267000	0.682930
0.267500	0.703520
0.268000	0.726330
0.268500	0.750700
0.269000	0.776700
0.269500	0.809510
0.270000	0.848850
0.270500	0.892840
0.271000	0.940400
0.271500	0.999190
0.272000	1.075100
0.272500	1.172800
0.273000	1.296500
0.273500	1.444000
0.274000	1.604000
0.274500	1.764800
0.275000	1.915000
0.275500	2.056600
0.276000	2.193300
0.276500	2.324900
0.277000	2.451200
0.277500	2.557000
0.278000	2.628300
0.278500	2.667100
0.279000	2.675000
0.279500	2.648900
0.280000	2.591500
0.280500	2.512900
0.281000	2.423400
0.281500	2.306800
0.282000	2.141500
0.282500	1.978800
0.283000	1.871700
0.283500	1.865700
0.284000	1.939300
0.284500	2.036300
0.285000	2.100000
0.285500	2.114100
0.286000	2.126000
0.286500	2.120400
0.287000	2.079500
0.287500	1.994900
0.288000	1.897200
0.288500	1.795900
0.289000	1.697200
0.289500	1.606300
0.290000	1.522000
0.290500	1.438600
0.291000	1.350800
0.291500	1.249300
0.292000	1.104800
0.292500	0.935630
0.293000	0.771180
0.293500	0.636690
0.294000	0.516540
0.294500	0.406890
0.295000	0.311220
0.295500	0.232860
0.296000	0.168750
0.296500	0.116940
0.297000	0.077971
0.297500	0.052125
0.298000	0.031670
0.298500	0.015220
0.299000	0.005999
0.299500	0.007231
0.300000	0.016000
0.300500	0.026267
0.301000	0.036561
0.301500	0.045414
0.302000	0.053162
0.302500	0.060435
0.303000	0.066200
0.303500	0.069427
0.304000	0.065239
0.304500	0.049329
0.305000	0.028997
0.305500	0.011843
0.306000	0.004926
0.306500	0.006409
0.307000	0.008543
0.307500	0.003508
0.308000	-0.016151
0.308500	-0.051139
0.309000	-0.096279
0.309500	-0.146200
0.310000	-0.199850
0.310500	-0.266350
0.311000	-0.335070
0.311500	-0.393280
0.312000	-0.429250
0.312500	-0.447170
0.313000	-0.457850
0.313500	-0.471100
0.314000	-0.495280
0.314500	-0.522990
0.315000	-0.550890
0.315500	-0.578390
0.316000	-0.605000
0.316500	-0.631350
0.317000	-0.657330
0.317500	-0.682500
0.318000	-0.706350
0.318500	-0.725700
0.319000	-0.741700
0.319500	-0.757710
0.320000	-0.776950
0.320500	-0.798960
0.321000	-0.822250
0.321500	-0.846340
0.322000	-0.870740
0.322500	-0.902190
0.323000	-0.940080
0.323500	-0.972900
0.324000	-0.989170
0.324500	-0.992580
0.325000	-0.994800
0.325500	-0.996370
0.326000	-0.997810
0.326500	-0.999420
0.327000	-1.001100
0.327500	-1.002700
0.328000	-1.004300
0.328500	-1.005900
0.329000	-1.007600
0.329500	-1.009200
0.330000	-1.010800
0.330500	-1.011100
0.331000	-1.005600
0.331500	-0.995150
0.332000	-0.981320
0.332500	-0.963000
0.333000	-0.933560
0.333500	-0.899410
0.334000	-0.868250
0.334500	-0.846890
0.335000	-0.832160
0.335500	-0.823420
0.336000	-0.821690
0.336500	-0.828230
0.337000	-0.843870
0.337500	-0.864200
0.338000	-0.883960
0.338500	-0.898250
0.339000	-0.912410
0.339500	-0.923370
0.340000	-0.922080
0.340500	-0.900010
0.341000	-0.866980
0.341500	-0.831070
0.342000	-0.793440
0.342500	-0.755280
0.343000	-0.717070
0.343500	-0.678800
0.344000	-0.640570
0.344500	-0.602430
0.345000	-0.564750
0.345500	-0.527730
0.346000	-0.491220
0.346500	-0.455060
0.347000	-0.422350
0.347500	-0.397630
0.348000	-0.382920
0.348500	-0.380250
0.349000	-0.388370
0.349500	-0.400680
0.350000	-0.415580
0.350500	-0.431650
0.351000	-0.449460
0.351500	-0.470480
0.352000	-0.491180
0.352500	-0.507900
0.353000	-0.516420
0.353500	-0.513670
0.354000	-0.502220
0.354500	-0.485040
0.355000	-0.465290
0.355500	-0.445240
0.356000	-0.424810
0.356500	-0.403780
0.357000	-0.382070
0.357500	-0.360120
0.358000	-0.338020
0.358500	-0.315800
0.359000	-0.293190
0.359500	-0.268190
0.360000	-0.241830
0.360500	-0.215890
0.361000	-0.193320
0.361500	-0.183570
0.362000	-0.181530
0.362500	-0.178800
0.363000	-0.166720
0.363500	-0.133260
0.364000	-0.087273
0.364500	-0.044848
0.365000	-0.021654
0.365500	-0.016070
0.366000	-0.021358
0.366500	-0.035270
0.367000	-0.055562
0.367500	-0.088101
0.368000	-0.131720
0.368500	-0.173640
0.369000	-0.201070
0.369500	-0.212510
0.370000	-0.215000
0.370500	-0.208510
0.371000	-0.193030
0.371500	-0.170000
0.372000	-0.142670
0.372500	-0.111750
0.373000	-0.077813
0.373500	-0.037719
0.374000	0.011511
0.374500	0.061866
0.375000	0.105050
0.375500	0.133770
0.376000	0.146970
0.376500	0.145920
0.377000	0.131910
0.377500	0.104740
0.378000	0.063682
0.378500	0.018419
0.379000	-0.020483
0.379500	-0.046402
0.380000	-0.068594
0.380500	-0.086500
0.381000	-0.098037
0.381500	-0.100890
0.382000	-0.093707
0.382500	-0.082230
0.383000	-0.073248
0.383500	-0.072662
0.384000	-0.076765
0.384500	-0.083833
0.385000	-0.093726
0.385500	-0.106660
0.386000	-0.131490
0.386500	-0.163540
0.387000	-0.191230
0.387500	-0.203280
0.388000	-0.202040
0.388500	-0.195430
0.389000	-0.188280
0.389500	-0.185230
0.390000	-0.184330
0.390500	-0.185250
0.391000	-0.190460
0.391500	-0.202430
0.392000	-0.234860
0.392500	-0.287830
0.393000	-0.343330
0.393500	-0.383390
0.394000	-0.409530
0.394500	-0.435210
0.395000	-0.460330
0.395500	-0.484770
0.396000	-0.508550
0.396500	-0.531890
0.397000	-0.554770
0.397500	-0.577140
0.398000	-0.597370
0.398500	-0.612130
0.399000	-0.621220
0.399500	-0.624570
0.400000	-0.621700
0.400500	-0.611310
0.401000	-0.593750
0.401500	-0.569560
0.402000	-0.539720
0.402500	-0.507290
0.403000	-0.474250
0.403500	-0.442400
0.404000	-0.412640
0.404500	-0.384070
0.405000	-0.356970
0.405500	-0.331620
0.406000	-0.310580
0.406500	-0.298160
0.407000	-0.293750
0.407500	-0.296540
0.408000	-0.304900
0.408500	-0.316910
0.409000	-0.332930
0.409500	-0.353370
0.410000	-0.378230
0.410500	-0.405330
0.411000	-0.432920
0.411500	-0.459350
0.412000	-0.483250
0.412500	-0.505260
0.413000	-0.526570
0.413500	-0.548330
0.414000	-0.572220
0.414500	-0.602420
0.415000	-0.635900
0.415500	-0.668090
0.416000	-0.694560
0.416500	-0.713390
0.417000	-0.724300
0.417500	-0.726970
0.418000	-0.721080
0.418500	-0.704130
0.419000	-0.678800
0.419500	-0.652450
0.420000	-0.632460
0.420500	-0.620950
0.421000	-0.611010
0.421500	-0.603340
0.422000	-0.598890
0.422500	-0.597750
0.423000	-0.598630
0.423500	-0.601650
0.424000	-0.607000
0.424500	-0.615510
0.425000	-0.628570
0.425500	-0.643150
0.426000	-0.655820
0.426500	-0.664170
0.427000	-0.669900
0.427500	-0.672460
0.428000	-0.670920
0.428500	-0.664510
0.429000	-0.654310
0.429500	-0.641510
0.430000	-0.627080
0.430500	-0.611320
0.431000	-0.590780
0.431500	-0.568850
0.432000	-0.550580
0.432500	-0.540680
0.433000	-0.538320
0.433500	-0.539700
0.434000	-0.541190
0.434500	-0.539320
0.435000	-0.535280
0.435500	-0.530250
0.436000	-0.523790
0.436500	-0.515270
0.437000	-0.499340
0.437500	-0.477500
0.438000	-0.454880
0.438500	-0.436600
0.439000	-0.422540
0.439500	-0.412210
0.440000	-0.410190
0.440500	-0.421060
0.441000	-0.442000
0.441500	-0.466550
0.442000	-0.493800
0.442500	-0.522850
0.443000	-0.552830
0.443500	-0.583180
0.444000	-0.613610
0.444500	-0.643810
0.445000	-0.673610
0.445500	-0.702600
0.446000	-0.729750
0.446500	-0.754000
0.447000	-0.770110
0.447500	-0.771270
0.448000	-0.761460
0.448500	-0.744960
0.449000	-0.725780
0.449500	-0.705640
0.450000	-0.685260
0.450500	-0.665360
0.451000	-0.646710
0.451500	-0.629320
0.452000	-0.612160
0.452500	-0.594140
0.453000	-0.573900
0.453500	-0.548370
0.454000	-0.517430
0.454500	-0.481650
0.455000	-0.441900
0.455500	-0.401220
0.456000	-0.360360
0.456500	-0.319430
0.457000	-0.278480
0.457500	-0.237030
0.458000	-0.195280
0.458500	-0.153860
0.459000	-0.114070
0.459500	-0.096591
0.460000	-0.101930
0.460500	-0.118040
0.461000	-0.133380
0.461500	-0.153560
0.462000	-0.178830
0.462500	-0.201950
0.463000	-0.215690
0.463500	-0.211010
0.464000	-0.192530
0.464500	-0.173590
0.465000	-0.167470
0.465500	-0.174860
0.466000	-0.186640
0.466500	-0.201440
0.467000	-0.217880
0.467500	-0.246140
0.468000	-0.286250
0.468500	-0.321610
0.469000	-0.335640
0.469500	-0.317510
0.470000	-0.278780
0.470500	-0.233150
0.471000	-0.194150
0.471500	-0.167310
0.472000	-0.141910
0.472500	-0.116570
0.473000	-0.090348
0.473500	-0.061489
0.474000	-0.027914
0.474500	0.006824
0.475000	0.038679
0.475500	0.063165
0.476000	0.077092
0.476500	0.082359
0.477000	0.081229
0.477500	0.075235
0.478000	0.061382
0.478500	0.044597
0.479000	0.031725
0.479500	0.028437
0.480000	0.028459
0.480500	0.029592
0.481000	0.031878
0.481500	0.035328
0.482000	0.039132
0.482500	0.043552
0.483000	0.049442
0.483500	0.057685
0.484000	0.069375
0.484500	0.083517
0.485000	0.098440
0.485500	0.112390
0.486000	0.122120
0.486500	0.128980
0.487000	0.136180
0.487500	0.146930
0.488000	1052.000000
0.488500	3666.800049
0.489000	7032.000000
0.489500	10336.000000
0.490000	14802.000000
0.490500	20997.000000
0.491000	27123.000000
0.491500	31383.000000
0.492000	29927.000000
0.492500	20714.000000
0.493000	9143.799805
0.493500	793.700012
0.494000	-2051.000000
0.494500	-3413.000000
0.495000	-3099.199951
