0.000000	-0.227480
0.000500	-0.186060
0.001000	-1.098100
0.001500	0.269980
0.002000	0.781710
0.002500	0.317540
0.003000	-1.614600
0.003500	-1.582300
0.004000	-1.085400
0.004500	-1.574300
0.005000	0.439760
0.005500	0.656190
0.006000	-0.065469
0.006500	-1.277700
0.007000	-0.091198
0.007500	0.596390
0.008000	-1.996900
0.008500	-2.346400
0.009000	-0.880750
0.009500	-0.414550
0.010000	-1.868000
0.010500	-1.889800
0.011000	-2.070100
0.011500	-0.874050
0.012000	-0.579960
0.012500	-0.729170
0.013000	0.471810
0.013500	-0.959420
0.014000	-0.820740
0.014500	-0.965040
0.015000	-1.221900
0.015500	-2.503600
0.016000	-1.446100
0.016500	0.263850
0.017000	0.422560
0.017500	0.087142
0.018000	-0.857550
0.018500	-1.403800
0.019000	-2.285100
0.019500	-1.921200
0.020000	-1.464400
0.020500	-0.182190
0.021000	-1.234300
0.021500	0.707510
0.022000	-1.573300
0.022500	0.052830
0.023000	0.108360
0.023500	-0.418630
0.024000	-2.040200
0.024500	1.511900
0.025000	-0.212520
0.025500	0.593950
0.026000	0.266750
0.026500	-1.683900
0.027000	-0.427810
0.027500	-1.138600
0.028000	0.067709
0.028500	-0.081286
0.029000	0.422580
0.029500	-1.047900
0.030000	0.808990
0.030500	-0.160530
0.031000	-1.419400
0.031500	-0.680600
0.032000	0.016369
0.032500	-0.527220
0.033000	-0.458900
0.033500	-0.253300
0.034000	1.107700
0.034500	-2.150200
0.035000	0.703040
0.035500	-2.011000
0.036000	0.293150
0.036500	-0.532930
0.037000	-0.881150
0.037500	-0.075490
0.038000	-1.867800
0.038500	-0.198730
0.039000	0.332220
0.039500	0.872260
0.040000	-0.555770
0.040500	-0.408360
0.041000	-0.271150
0.041500	-1.372800
0.042000	-0.432870
0.042500	-0.519830
0.043000	-0.476600
0.043500	-0.862720
0.044000	0.843480
0.044500	0.709320
0.045000	1.538500
0.045500	0.754170
0.046000	0.911210
0.046500	1.691600
0.047000	1.921700
0.047500	0.420550
0.048000	0.598480
0.048500	2.106000
0.049000	1.951200
0.049500	1.904200
0.050000	1.952300
0.050500	1.532200
0.051000	2.201000
0.051500	1.568600
0.052000	-0.764870
0.052500	1.170900
0.053000	2.327100
0.053500	2.225500
0.054000	0.816070
0.054500	0.733230
0.055000	-0.628500
0.055500	-1.903700
0.056000	-0.404370
0.056500	-4.308800
0.057000	-4.250000
0.057500	-8.756900
0.058000	-10.787000
0.058500	-15.835000
0.059000	-15.635000
0.059500	-18.913000
0.060000	-20.712000
0.060500	-21.191000
0.061000	-20.488001
0.061500	-19.198000
0.062000	-17.941999
0.062500	-17.503000
0.063000	-17.587999
0.063500	-16.459000
0.064000	-14.524000
0.064500	-13.445000
0.065000	-11.750000
0.065500	-13.091000
0.066000	-8.523900
0.066500	-4.249400
0.067000	-2.257000
0.067500	2.211300
0.068000	8.085300
0.068500	11.585000
0.069000	12.245000
0.069500	11.356000
0.070000	7.229900
0.070500	7.496300
0.071000	2.463700
0.071500	-2.085200
0.072000	-7.831400
0.072500	-17.247999
0.073000	-26.669001
0.073500	-33.808998
0.074000	-41.408001
0.074500	-46.931000
0.075000	-50.799000
0.075500	-48.807999
0.076000	-51.016998
0.076500	-52.367001
0.077000	-51.424000
0.077500	-50.709000
0.078000	-50.492001
0.078500	-49.292999
0.079000	-48.242001
0.079500	-45.291000
0.080000	-43.367001
0.080500	-37.268002
0.081000	-30.546000
0.081500	-22.146000
0.082000	-12.388000
0.082500	-3.734600
0.083000	8.098400
0.083500	19.360001
0.084000	28.135000
0.084500	37.721001
0.085000	45.527000
0.085500	49.341000
0.086000	51.362999
0.086500	53.073002
0.087000	52.307999
0.087500	48.695999
0.088000	40.728001
0.088500	31.156000
0.089000	9.670100
0.089500	-15.872000
0.090000	-50.967999
0.090500	-101.860001
0.091000	-145.940002
0.091500	-201.270004
0.092000	-242.279999
0.092500	-256.940002
0.093000	-279.119995
0.093500	-312.420013
0.094000	-336.309998
0.094500	-386.640015
0.095000	-420.679993
0.095500	-419.350006
0.096000	-406.660004
0.096500	-379.350006
0.097000	-345.559998
0.097500	-337.170013
0.098000	-353.959991
0.098500	-377.630005
0.099000	-407.609985
0.099500	-444.600006
0.100000	-465.200012
0.100500	-454.410004
0.101000	-425.329987
0.101500	-375.260010
0.102000	-304.989990
0.102500	-244.160004
0.103000	-195.759995
0.103500	-162.199997
0.104000	-152.229996
0.104500	-157.380005
0.105000	-168.009995
0.105500	-181.559998
0.106000	-202.669998
0.106500	-207.470001
0.107000	-200.270004
0.107500	-186.050003
0.108000	-160.970001
0.108500	-124.879997
0.109000	-88.353996
0.109500	-53.118999
0.110000	-16.802000
0.110500	12.650000
0.111000	44.465000
0.111500	72.869003
0.112000	89.281998
0.112500	97.348000
0.113000	101.360001
0.113500	101.919998
0.114000	95.388000
0.114500	82.869003
0.115000	59.623001
0.115500	29.458000
0.116000	-7.252600
0.116500	-31.988001
0.117000	-26.420000
0.117500	-7.209200
0.118000	25.139999
0.118500	68.765999
0.119000	133.089996
0.119500	161.690002
0.120000	176.850006
0.120500	206.669998
0.121000	212.160004
0.121500	190.419998
0.122000	162.169998
0.122500	127.080002
0.123000	80.139999
0.123500	48.654999
0.124000	29.788000
0.124500	13.375000
0.125000	9.986600
0.125500	20.375999
0.126000	29.099001
0.126500	38.229000
0.127000	49.494999
0.127500	55.032001
0.128000	56.582001
0.128500	60.368999
0.129000	60.097000
0.129500	58.507000
0.130000	59.577999
0.130500	62.291000
0.131000	63.183998
0.131500	56.118999
0.132000	49.334999
0.132500	33.886002
0.133000	15.294000
0.133500	6.945400
0.134000	9.324600
0.134500	15.984000
0.135000	18.367001
0.135500	10.405000
0.136000	-2.969900
0.136500	-25.781000
0.137000	-33.220001
0.137500	45.625000
0.138000	-90.410004
0.138500	-48.244999
0.139000	15.340000
0.139500	-55.583000
0.140000	-21.920000
0.140500	20.669001
0.141000	-13.694000
0.141500	10.009000
0.142000	46.237999
0.142500	20.724001
0.143000	26.049999
0.143500	38.351002
0.144000	25.785000
0.144500	15.752000
0.145000	8.280100
0.145500	-12.361000
0.146000	-30.587000
0.146500	-16.672001
0.147000	-8.436400
0.147500	12.069000
0.148000	52.226002
0.148500	91.029999
0.149000	128.250000
0.149500	144.279999
0.150000	132.570007
0.150500	113.570000
0.151000	91.457001
0.151500	60.398998
0.152000	19.702999
0.152500	21.659000
0.153000	45.251999
0.153500	17.929001
0.154000	83.693001
0.154500	137.330002
0.155000	179.960007
0.155500	246.440002
0.156000	270.260010
0.156500	254.460007
0.157000	232.779999
0.157500	221.220001
0.158000	200.520004
0.158500	208.839996
0.159000	193.949997
0.159500	187.679993
0.160000	191.470001
0.160500	191.199997
0.161000	207.729996
0.161500	217.919998
0.162000	223.070007
0.162500	225.000000
0.163000	225.240005
0.163500	232.910004
0.164000	236.610001
0.164500	244.270004
0.165000	231.139999
0.165500	218.380005
0.166000	214.449997
0.166500	201.690002
0.167000	204.000000
0.167500	200.039993
0.168000	207.419998
0.168500	214.089996
0.169000	213.750000
0.169500	218.850006
0.170000	212.600006
0.170500	205.440002
0.171000	191.559998
0.171500	177.960007
0.172000	167.039993
0.172500	161.889999
0.173000	164.630005
0.173500	160.270004
0.174000	160.059998
0.174500	154.160004
0.175000	142.199997
0.175500	135.580002
0.176000	127.209999
0.176500	122.139999
0.177000	119.839996
0.177500	114.050003
0.178000	109.339996
0.178500	103.610001
0.179000	101.239998
0.179500	95.693001
0.180000	92.177002
0.180500	87.771004
0.181000	81.202003
0.181500	74.652000
0.182000	66.181999
0.182500	61.321999
0.183000	57.944000
0.183500	52.442001
0.184000	47.848000
0.184500	42.271999
0.185000	42.608002
0.185500	39.910000
0.186000	35.344002
0.186500	29.642000
0.187000	25.746000
0.187500	20.566999
0.188000	14.426000
0.188500	12.576000
0.189000	13.116000
0.189500	9.054100
0.190000	3.480200
0.190500	-0.039774
0.191000	-3.447200
0.191500	-5.024600
0.192000	-8.128600
0.192500	-8.898700
0.193000	-7.160800
0.193500	-8.587600
0.194000	-8.830400
0.194500	-8.960000
0.195000	-10.642000
0.195500	-8.602200
0.196000	-8.506900
0.196500	-8.202900
0.197000	-5.681300
0.197500	-4.541100
0.198000	-2.808100
0.198500	-1.553200
0.199000	-2.918300
0.199500	-3.626300
0.200000	-1.571100
0.200500	-2.500300
0.201000	-1.656700
0.201500	-0.996430
0.202000	-2.478800
0.202500	-3.571500
0.203000	-5.820900
0.203500	-9.344900
0.204000	-7.112400
0.204500	-9.527900
0.205000	-7.386300
0.205500	-4.925000
0.206000	-6.756500
0.206500	-5.585400
0.207000	-6.024500
0.207500	-6.701400
0.208000	-5.343900
0.208500	-4.687800
0.209000	-5.193400
0.209500	-3.800500
0.210000	-2.777300
0.210500	-4.756600
0.211000	-4.821300
0.211500	-6.105700
0.212000	-9.687600
0.212500	-8.578200
0.213000	-8.759500
0.213500	-11.624000
0.214000	-11.306000
0.214500	-9.689400
0.215000	-11.645000
0.215500	-14.175000
0.216000	-14.670000
0.216500	-15.658000
0.217000	-19.423000
0.217500	-18.162001
0.218000	-18.489000
0.218500	-18.316000
0.219000	-18.184000
0.219500	-18.931999
0.220000	-17.559999
0.220500	-16.603001
0.221000	-16.466999
0.221500	-13.287000
0.222000	-13.899000
0.222500	-10.798000
0.223000	-8.510100
0.223500	-8.036500
0.224000	-4.410200
0.224500	-2.036300
0.225000	1.283500
0.225500	2.966400
0.226000	9.589600
0.226500	13.003000
0.227000	21.106001
0.227500	24.437000
0.228000	30.611000
0.228500	37.251999
0.229000	46.189999
0.229500	49.318001
0.230000	54.541000
0.230500	58.921001
0.231000	64.949997
0.231500	69.214996
0.232000	75.757004
0.232500	80.528999
0.233000	84.654999
0.233500	85.348999
0.234000	87.386002
0.234500	85.608002
0.235000	82.597000
0.235500	78.810997
0.236000	78.677002
0.236500	75.563004
0.237000	75.516998
0.237500	73.463997
0.238000	71.007004
0.238500	69.285004
0.239000	63.688999
0.239500	59.108002
0.240000	56.917000
0.240500	52.470001
0.241000	47.661999
0.241500	43.660999
0.242000	39.623001
0.242500	35.298000
0.243000	32.282001
0.243500	26.554001
0.244000	21.183001
0.244500	16.944000
0.245000	13.538000
0.245500	10.705000
0.246000	6.565200
0.246500	2.012600
0.247000	-0.898980
0.247500	-4.395900
0.248000	-8.077300
0.248500	-9.728200
0.249000	-12.653000
0.249500	-12.292000
0.250000	-12.547000
0.250500	-14.844000
0.251000	-17.135000
0.251500	-18.620001
0.252000	-19.677999
0.252500	-20.065001
0.253000	-20.000999
0.253500	-21.865999
0.254000	-23.062000
0.254500	-22.311001
0.255000	-20.865999
0.255500	-21.377001
0.256000	-20.770000
0.256500	-20.201000
0.257000	-22.096001
0.257500	-22.632999
0.258000	-23.327999
0.258500	-21.837000
0.259000	-20.721001
0.259500	-23.135000
0.260000	-24.563999
0.260500	-25.398001
0.261000	-27.138000
0.261500	-26.458000
0.262000	-29.334000
0.262500	-30.193001
0.263000	-30.783001
0.263500	-31.268000
0.264000	-30.450001
0.264500	-30.733000
0.265000	-27.688000
0.265500	-27.541000
0.266000	-23.277000
0.266500	-21.700001
0.267000	-19.021999
0.267500	-17.621000
0.268000	-18.021999
0.268500	-16.231001
0.269000	-15.155000
0.269500	-15.833000
0.270000	-15.287000
0.270500	-11.092000
0.271000	-11.829000
0.271500	-9.480300
0.272000	-8.992500
0.272500	-10.674000
0.273000	-11.949000
0.273500	-9.984600
0.274000	-9.770100
0.274500	-11.624000
0.275000	-9.652900
0.275500	-9.654400
0.276000	-8.800100
0.276500	-9.983400
0.277000	-7.475500
0.277500	-6.524100
0.278000	-4.312000
0.278500	-2.513000
0.279000	1.544900
0.279500	3.007100
0.280000	6.223400
0.280500	6.892500
0.281000	10.008000
0.281500	11.912000
0.282000	14.742000
0.282500	15.679000
0.283000	16.938000
0.283500	15.734000
0.284000	15.625000
0.284500	16.781000
0.285000	18.847000
0.285500	17.957001
0.286000	16.687000
0.286500	16.207001
0.287000	13.708000
0.287500	10.411000
0.288000	8.282200
0.288500	4.085000
0.289000	3.065500
0.289500	0.942170
0.290000	-3.191900
0.290500	-4.153600
0.291000	-5.939100
0.291500	-6.377900
0.292000	-5.039600
0.292500	-6.955300
0.293000	-3.575800
0.293500	-4.400300
0.294000	-3.205500
0.294500	-3.046700
0.295000	-3.083700
0.295500	-4.156000
0.296000	-7.525400
0.296500	-8.143200
0.297000	-8.523300
0.297500	-11.479000
0.298000	-15.647000
0.298500	-17.341000
