0.000000	0.995680
0.000500	0.995680
0.001000	0.995680
0.001500	0.995680
0.002000	0.995680
0.002500	0.995680
0.003000	0.995680
0.003500	0.995680
0.004000	0.995680
0.004500	0.995670
0.005000	0.995670
0.005500	0.995670
0.006000	0.995670
0.006500	0.995670
0.007000	0.995670
0.007500	0.995670
0.008000	0.995670
0.008500	0.995670
0.009000	0.995670
0.009500	0.995670
0.010000	0.995670
0.010500	0.995670
0.011000	0.995670
0.011500	0.995670
0.012000	0.995670
0.012500	0.995670
0.013000	0.995670
0.013500	0.995660
0.014000	0.995660
0.014500	0.995660
0.015000	0.995660
0.015500	0.995660
0.016000	0.995660
0.016500	0.995660
0.017000	0.995660
0.017500	0.995660
0.018000	0.995660
0.018500	0.995660
0.019000	0.995660
0.019500	0.995660
0.020000	0.995660
0.020500	0.995660
0.021000	0.995660
0.021500	0.995660
0.022000	0.995660
0.022500	0.995660
0.023000	0.995660
0.023500	0.995660
0.024000	0.995660
0.024500	0.995660
0.025000	0.995660
0.025500	0.995660
0.026000	0.995660
0.026500	0.995660
0.027000	0.995660
0.027500	0.995660
0.028000	0.995660
0.028500	0.995660
0.029000	0.995660
0.029500	0.995660
0.030000	0.995660
0.030500	0.995660
0.031000	0.995660
0.031500	0.995660
0.032000	0.995660
0.032500	0.995660
0.033000	0.995660
0.033500	0.995660
0.034000	0.995670
0.034500	0.995670
0.035000	0.995670
0.035500	0.995670
0.036000	0.995670
0.036500	0.995670
0.037000	0.995670
0.037500	0.995670
0.038000	0.995670
0.038500	0.995670
0.039000	0.995670
0.039500	0.995680
0.040000	0.995680
0.040500	0.995680
0.041000	0.995680
0.041500	0.995680
0.042000	0.995680
0.042500	0.995680
0.043000	0.995680
0.043500	0.995680
0.044000	0.995690
0.044500	0.995690
0.045000	0.995690
0.045500	0.995690
0.046000	0.995690
0.046500	0.995690
0.047000	0.995690
0.047500	0.995700
0.048000	0.995700
0.048500	0.995700
0.049000	0.995700
0.049500	0.995700
0.050000	0.995700
0.050500	0.995700
0.051000	0.995710
0.051500	0.995710
0.052000	0.995710
0.052500	0.995710
0.053000	0.995710
0.053500	0.995710
0.054000	0.995710
0.054500	0.995710
0.055000	0.995710
0.055500	0.995720
0.056000	0.995720
0.056500	0.995720
0.057000	0.995720
0.057500	0.995720
0.058000	0.995720
0.058500	0.995720
0.059000	0.995720
0.059500	0.995730
0.060000	0.995730
0.060500	0.995730
0.061000	0.995740
0.061500	0.995740
0.062000	0.995750
0.062500	0.995750
0.063000	0.995760
0.063500	0.995770
0.064000	0.995770
0.064500	0.995780
0.065000	0.995790
0.065500	0.995800
0.066000	0.995810
0.066500	0.995830
0.067000	0.995840
0.067500	0.995850
0.068000	0.995860
0.068500	0.995880
0.069000	0.995890
0.069500	0.995910
0.070000	0.995920
0.070500	0.995940
0.071000	0.995950
0.071500	0.995970
0.072000	0.995980
0.072500	0.996000
0.073000	0.996020
0.073500	0.996040
0.074000	0.996060
0.074500	0.996080
0.075000	0.996110
0.075500	0.996130
0.076000	0.996160
0.076500	0.996180
0.077000	0.996210
0.077500	0.996250
0.078000	0.996280
0.078500	0.996310
0.079000	0.996350
0.079500	0.996390
0.080000	0.996430
0.080500	0.996470
0.081000	0.996520
0.081500	0.996560
0.082000	0.996610
0.082500	0.996660
0.083000	0.996700
0.083500	0.996750
0.084000	0.996800
0.084500	0.996850
0.085000	0.996900
0.085500	0.996950
0.086000	0.997000
0.086500	0.997050
0.087000	0.997100
0.087500	0.997150
0.088000	0.997200
0.088500	0.997250
0.089000	0.997300
0.089500	0.997340
0.090000	0.997390
0.090500	0.997440
0.091000	0.997490
0.091500	0.997540
0.092000	0.997600
0.092500	0.997660
0.093000	0.997720
0.093500	0.997790
0.094000	0.997860
0.094500	0.997930
0.095000	0.998010
0.095500	0.998090
0.096000	0.998170
0.096500	0.998260
0.097000	0.998340
0.097500	0.998430
0.098000	0.998510
0.098500	0.998580
0.099000	0.998640
0.099500	0.998690
0.100000	0.998730
0.100500	0.998740
0.101000	0.998730
0.101500	0.998690
0.102000	0.998620
0.102500	0.998510
0.103000	0.998360
0.103500	0.998160
0.104000	0.997920
0.104500	0.997620
0.105000	0.997270
0.105500	0.996860
0.106000	0.996380
0.106500	0.995850
0.107000	0.995240
0.107500	0.994570
0.108000	0.993820
0.108500	0.993010
0.109000	0.992110
0.109500	0.991140
0.110000	0.990090
0.110500	0.988960
0.111000	0.987740
0.111500	0.986440
0.112000	0.985050
0.112500	0.983570
0.113000	0.981990
0.113500	0.980320
0.114000	0.978560
0.114500	0.976700
0.115000	0.974750
0.115500	0.972710
0.116000	0.970590
0.116500	0.968370
0.117000	0.966070
0.117500	0.963670
0.118000	0.961190
0.118500	0.958610
0.119000	0.955950
0.119500	0.953190
0.120000	0.950350
0.120500	0.947420
0.121000	0.944420
0.121500	0.941350
0.122000	0.938220
0.122500	0.935040
0.123000	0.931820
0.123500	0.928570
0.124000	0.925290
0.124500	0.921980
0.125000	0.918660
0.125500	0.915320
0.126000	0.911960
0.126500	0.908610
0.127000	0.905250
0.127500	0.901900
0.128000	0.898550
0.128500	0.895210
0.129000	0.891880
0.129500	0.888560
0.130000	0.885240
0.130500	0.881940
0.131000	0.878650
0.131500	0.875380
0.132000	0.872130
0.132500	0.868900
0.133000	0.865690
0.133500	0.862500
0.134000	0.859350
0.134500	0.856210
0.135000	0.853110
0.135500	0.850030
0.136000	0.846970
0.136500	0.843940
0.137000	0.840930
0.137500	0.837950
0.138000	0.834990
0.138500	0.832050
0.139000	0.829130
0.139500	0.826230
0.140000	0.823350
0.140500	0.820490
0.141000	0.817630
0.141500	0.814790
0.142000	0.811970
0.142500	0.809150
0.143000	0.806360
0.143500	0.803580
0.144000	0.800810
0.144500	0.798070
0.145000	0.795340
0.145500	0.792620
0.146000	0.789930
0.146500	0.787250
0.147000	0.784590
0.147500	0.781960
0.148000	0.779350
0.148500	0.776760
0.149000	0.774200
0.149500	0.771670
0.150000	0.769170
0.150500	0.766700
0.151000	0.764270
0.151500	0.761890
0.152000	0.759560
0.152500	0.757300
0.153000	0.755100
0.153500	0.752980
0.154000	0.750910
0.154500	0.748910
0.155000	0.746960
0.155500	0.745060
0.156000	0.743210
0.156500	0.741420
0.157000	0.739690
0.157500	0.738030
0.158000	0.736450
0.158500	0.734960
0.159000	0.733550
0.159500	0.732230
0.160000	0.731010
0.160500	0.729880
0.161000	0.728850
0.161500	0.727900
0.162000	0.727040
0.162500	0.726270
0.163000	0.725570
0.163500	0.724960
0.164000	0.724420
0.164500	0.723950
0.165000	0.723560
0.165500	0.723250
0.166000	0.723020
0.166500	0.722850
0.167000	0.722750
0.167500	0.722720
0.168000	0.722750
0.168500	0.722860
0.169000	0.723030
0.169500	0.723270
0.170000	0.723570
0.170500	0.723940
0.171000	0.724370
0.171500	0.724860
0.172000	0.725410
0.172500	0.726010
0.173000	0.726670
0.173500	0.727380
0.174000	0.728140
0.174500	0.728960
0.175000	0.729820
0.175500	0.730730
0.176000	0.731680
0.176500	0.732680
0.177000	0.733730
0.177500	0.734820
0.178000	0.735940
0.178500	0.737120
0.179000	0.738330
0.179500	0.739570
0.180000	0.740860
0.180500	0.742180
0.181000	0.743540
0.181500	0.744930
0.182000	0.746360
0.182500	0.747810
0.183000	0.749290
0.183500	0.750800
0.184000	0.752330
0.184500	0.753890
0.185000	0.755480
0.185500	0.757080
0.186000	0.758710
0.186500	0.760360
0.187000	0.762030
0.187500	0.763720
0.188000	0.765440
0.188500	0.767160
0.189000	0.768910
0.189500	0.770670
0.190000	0.772440
0.190500	0.774230
0.191000	0.776020
0.191500	0.777830
0.192000	0.779640
0.192500	0.781470
0.193000	0.783300
0.193500	0.785130
0.194000	0.786970
0.194500	0.788820
0.195000	0.790670
0.195500	0.792520
0.196000	0.794380
0.196500	0.796240
0.197000	0.798100
0.197500	0.799960
0.198000	0.801830
0.198500	0.803690
0.199000	0.805560
0.199500	0.807430
0.200000	0.809300
0.200500	0.811160
0.201000	0.813030
0.201500	0.814890
0.202000	0.816750
0.202500	0.818610
0.203000	0.820470
0.203500	0.822320
0.204000	0.824170
0.204500	0.826020
0.205000	0.827870
0.205500	0.829710
0.206000	0.831550
0.206500	0.833380
0.207000	0.835210
0.207500	0.837040
0.208000	0.838860
0.208500	0.840680
0.209000	0.842490
0.209500	0.844290
0.210000	0.846090
0.210500	0.847880
0.211000	0.849660
0.211500	0.851440
0.212000	0.853210
0.212500	0.854970
0.213000	0.856720
0.213500	0.858460
0.214000	0.860200
0.214500	0.861930
0.215000	0.863640
0.215500	0.865350
0.216000	0.867050
0.216500	0.868740
0.217000	0.870420
0.217500	0.872090
0.218000	0.873740
0.218500	0.875390
0.219000	0.877020
0.219500	0.878650
0.220000	0.880260
0.220500	0.881850
0.221000	0.883440
0.221500	0.885010
0.222000	0.886570
0.222500	0.888110
0.223000	0.889640
0.223500	0.891160
0.224000	0.892660
0.224500	0.894160
0.225000	0.895630
0.225500	0.897100
0.226000	0.898550
0.226500	0.899980
0.227000	0.901400
0.227500	0.902810
0.228000	0.904200
0.228500	0.905580
0.229000	0.906940
0.229500	0.908290
0.230000	0.909620
0.230500	0.910940
0.231000	0.912250
0.231500	0.913540
0.232000	0.914810
0.232500	0.916070
0.233000	0.917320
0.233500	0.918550
0.234000	0.919770
0.234500	0.920970
0.235000	0.922150
0.235500	0.923320
0.236000	0.924470
0.236500	0.925600
0.237000	0.926720
0.237500	0.927820
0.238000	0.928900
0.238500	0.929960
0.239000	0.931010
0.239500	0.932040
0.240000	0.933050
0.240500	0.934040
0.241000	0.935010
0.241500	0.935970
0.242000	0.936910
0.242500	0.937830
0.243000	0.938740
0.243500	0.939620
0.244000	0.940490
0.244500	0.941350
0.245000	0.942180
0.245500	0.943000
0.246000	0.943800
0.246500	0.944590
0.247000	0.945360
0.247500	0.946110
0.248000	0.946850
0.248500	0.947570
0.249000	0.948270
0.249500	0.948960
0.250000	0.949630
0.250500	0.950290
0.251000	0.950930
0.251500	0.951560
0.252000	0.952170
0.252500	0.952770
0.253000	0.953350
0.253500	0.953920
0.254000	0.954480
0.254500	0.955020
0.255000	0.955550
0.255500	0.956070
0.256000	0.956570
0.256500	0.957060
0.257000	0.957540
0.257500	0.958010
0.258000	0.958470
0.258500	0.958920
0.259000	0.959350
0.259500	0.959770
0.260000	0.960190
0.260500	0.960590
0.261000	0.960980
0.261500	0.961360
0.262000	0.961730
0.262500	0.962090
0.263000	0.962450
0.263500	0.962790
0.264000	0.963120
0.264500	0.963440
0.265000	0.963750
0.265500	0.964050
0.266000	0.964340
0.266500	0.964630
0.267000	0.964900
0.267500	0.965170
0.268000	0.965430
0.268500	0.965670
0.269000	0.965910
0.269500	0.966150
0.270000	0.966370
0.270500	0.966590
0.271000	0.966800
0.271500	0.967000
0.272000	0.967190
0.272500	0.967380
0.273000	0.967560
0.273500	0.967730
0.274000	0.967900
0.274500	0.968060
0.275000	0.968210
0.275500	0.968350
0.276000	0.968490
0.276500	0.968620
0.277000	0.968750
0.277500	0.968870
0.278000	0.968980
0.278500	0.969090
0.279000	0.969190
0.279500	0.969290
0.280000	0.969380
0.280500	0.969460
0.281000	0.969540
0.281500	0.969610
0.282000	0.969680
0.282500	0.969750
0.283000	0.969810
0.283500	0.969860
0.284000	0.969910
0.284500	0.969950
0.285000	0.970000
0.285500	0.970030
0.286000	0.970070
0.286500	0.970090
0.287000	0.970120
0.287500	0.970140
0.288000	0.970150
0.288500	0.970160
0.289000	0.970170
0.289500	0.970170
0.290000	0.970170
0.290500	0.970160
0.291000	0.970150
0.291500	0.970130
0.292000	0.970110
0.292500	0.970080
0.293000	0.970050
0.293500	0.970020
0.294000	0.969980
0.294500	0.969930
0.295000	0.969880
0.295500	0.969830
0.296000	0.969780
0.296500	0.969710
0.297000	0.969650
0.297500	0.969580
0.298000	0.969510
0.298500	0.969430
