0.000000	0.128583
0.000500	0.128583
0.001000	0.128583
0.001500	0.128583
0.002000	0.128583
0.002500	0.128583
0.003000	0.128583
0.003500	0.128583
0.004000	0.126356
0.004500	0.115478
0.005000	0.105010
0.005500	0.094926
0.006000	0.085216
0.006500	0.076128
0.007000	0.067520
0.007500	0.059052
0.008000	0.050382
0.008500	0.040911
0.009000	0.030489
0.009500	0.019439
0.010000	0.008088
0.010500	-0.013849
0.011000	-0.056350
0.011500	-0.098453
0.012000	-0.118398
0.012500	-0.109546
0.013000	-0.094314
0.013500	-0.075794
0.014000	-0.056293
0.014500	-0.036191
0.015000	-0.011399
0.015500	0.013116
0.016000	0.031432
0.016500	0.032378
0.017000	-0.000990
0.017500	-0.052872
0.018000	-0.104474
0.018500	-0.140674
0.019000	-0.178412
0.019500	-0.212289
0.020000	-0.229058
0.020500	-0.216054
0.021000	-0.185895
0.021500	-0.150379
0.022000	-0.112432
0.022500	-0.074707
0.023000	-0.032726
0.023500	0.011228
0.024000	0.050440
0.024500	0.078195
0.025000	0.090226
0.025500	0.091533
0.026000	0.089294
0.026500	0.090688
0.027000	0.096863
0.027500	0.103666
0.028000	0.110322
0.028500	0.116055
0.029000	0.119072
0.029500	0.117633
0.030000	0.112978
0.030500	0.106421
0.031000	0.095857
0.031500	0.072927
0.032000	0.047424
0.032500	0.030930
0.033000	0.031049
0.033500	0.037377
0.034000	0.046867
0.034500	0.057891
0.035000	0.069694
0.035500	0.087088
0.036000	0.105637
0.036500	0.118628
0.037000	0.119157
0.037500	0.103608
0.038000	0.078859
0.038500	0.053128
0.039000	0.034321
0.039500	0.019035
0.040000	0.004870
0.040500	-0.006382
0.041000	-0.012772
0.041500	-0.009390
0.042000	0.000787
0.042500	0.011466
0.043000	0.016356
0.043500	0.013222
0.044000	0.006378
0.044500	-0.000648
0.045000	-0.004329
0.045500	-0.003313
0.046000	0.000667
0.046500	0.009572
0.047000	0.025492
0.047500	0.047920
0.048000	0.072256
0.048500	0.097966
0.049000	0.124658
0.049500	0.152543
0.050000	0.182741
0.050500	0.212964
0.051000	0.240581
0.051500	0.263305
0.052000	0.282971
0.052500	0.301398
0.053000	0.319873
0.053500	0.339507
0.054000	0.359914
0.054500	0.380562
0.055000	0.401177
0.055500	0.421455
0.056000	0.440429
0.056500	0.456474
0.057000	0.467997
0.057500	0.473244
0.058000	0.467820
0.058500	0.454559
0.059000	0.439335
0.059500	0.428021
0.060000	0.425414
0.060500	0.427812
0.061000	0.428407
0.061500	0.420328
0.062000	0.396977
0.062500	0.358723
0.063000	0.309123
0.063500	0.251717
0.064000	0.189983
0.064500	0.126461
0.065000	0.063048
0.065500	0.001665
0.066000	-0.057310
0.066500	-0.116182
0.067000	-0.175048
0.067500	-0.233886
0.068000	-0.291806
0.068500	-0.346701
0.069000	-0.402384
0.069500	-0.463169
0.070000	-0.536137
0.070500	-0.643657
0.071000	-0.774561
0.071500	-0.910181
0.072000	-1.034003
0.072500	-1.153819
0.073000	-1.273554
0.073500	-1.393306
0.074000	-1.513781
0.074500	-1.650865
0.075000	-1.799086
0.075500	-1.941030
0.076000	-2.058995
0.076500	-2.122564
0.077000	-2.136726
0.077500	-2.120311
0.078000	-2.092469
0.078500	-2.061570
0.079000	-2.021658
0.079500	-1.970803
0.080000	-1.907073
0.080500	-1.811639
0.081000	-1.686914
0.081500	-1.563703
0.082000	-1.472421
0.082500	-1.430288
0.083000	-1.414211
0.083500	-1.405778
0.084000	-1.387078
0.084500	-1.352461
0.085000	-1.313691
0.085500	-1.261677
0.086000	-1.186634
0.086500	-1.078148
0.087000	-0.933098
0.087500	-0.762395
0.088000	-0.577771
0.088500	-0.387321
0.089000	-0.173552
0.089500	0.047891
0.090000	0.252474
0.090500	0.418333
0.091000	0.556077
0.091500	0.677003
0.092000	0.788225
0.092500	0.897016
0.093000	1.007900
0.093500	1.111413
0.094000	1.194906
0.094500	1.245874
0.095000	1.262064
0.095500	1.251844
0.096000	1.223166
0.096500	1.183946
0.097000	1.139061
0.097500	1.090894
0.098000	1.043627
0.098500	1.001414
0.099000	0.965043
0.099500	0.932019
0.100000	0.901490
0.100500	0.872651
0.101000	0.857555
0.101500	0.867807
0.102000	0.877559
0.102500	0.859953
0.103000	0.797366
0.103500	0.706277
0.104000	0.604824
0.104500	0.510983
0.105000	0.436293
0.105500	0.365579
0.106000	0.297857
0.106500	0.234465
0.107000	0.178525
0.107500	0.142237
0.108000	0.115100
0.108500	0.081676
0.109000	0.026722
0.109500	-0.053400
0.110000	-0.145256
0.110500	-0.234079
0.111000	-0.305518
0.111500	-0.362617
0.112000	-0.411220
0.112500	-0.451968
0.113000	-0.485346
0.113500	-0.507040
0.114000	-0.516149
0.114500	-0.514459
0.115000	-0.503789
0.115500	-0.485780
0.116000	-0.452129
0.116500	-0.389622
0.117000	-0.284999
0.117500	-0.153250
0.118000	-0.018791
0.118500	0.117329
0.119000	0.254083
0.119500	0.391859
0.120000	0.531888
0.120500	0.671837
0.121000	0.809307
0.121500	0.925437
0.122000	0.991597
0.122500	1.018232
0.123000	1.016961
0.123500	0.998920
0.124000	0.968938
0.124500	0.927095
0.125000	0.873294
0.125500	0.803948
0.126000	0.713068
0.126500	0.618954
0.127000	0.542011
0.127500	0.499315
0.128000	0.471715
0.128500	0.447961
0.129000	0.422791
0.129500	0.391457
0.130000	0.355906
0.130500	0.319535
0.131000	0.285079
0.131500	0.255419
0.132000	0.234755
0.132500	0.219949
0.133000	0.205224
0.133500	0.184833
0.134000	0.157103
0.134500	0.126195
0.135000	0.095090
0.135500	0.066760
0.136000	0.039897
0.136500	0.014268
0.137000	-0.005527
0.137500	-0.014888
0.138000	-0.014468
0.138500	-0.013195
0.139000	-0.011753
0.139500	-0.010533
0.140000	-0.009673
0.140500	-0.008833
0.141000	-0.007999
0.141500	-0.007170
0.142000	-0.006530
0.142500	-0.006603
0.143000	-0.006929
0.143500	-0.006951
0.144000	-0.003582
0.144500	0.012947
0.145000	0.041595
0.145500	0.080123
0.146000	0.126900
0.146500	0.183932
0.147000	0.246407
0.147500	0.307900
0.148000	0.361266
0.148500	0.399809
0.149000	0.433284
0.149500	0.474161
0.150000	0.535091
0.150500	0.628207
0.151000	0.741843
0.151500	0.857635
0.152000	0.957801
0.152500	1.046428
0.153000	1.130468
0.153500	1.210130
0.154000	1.285657
0.154500	1.359027
0.155000	1.419828
0.155500	1.449601
0.156000	1.429918
0.156500	1.376745
0.157000	1.319453
0.157500	1.259682
0.158000	1.199074
0.158500	1.132608
0.159000	1.056100
0.159500	0.985466
0.160000	0.937137
0.160500	0.920448
0.161000	0.914059
0.161500	0.911549
0.162000	0.909086
0.162500	0.903743
0.163000	0.897354
0.163500	0.890917
0.164000	0.885155
0.164500	0.885445
0.165000	0.926145
0.165500	0.992531
0.166000	1.057918
0.166500	1.099021
0.167000	1.129373
0.167500	1.155364
0.168000	1.177396
0.168500	1.195887
0.169000	1.211643
0.169500	1.216841
0.170000	1.201086
0.170500	1.154238
0.171000	1.080336
0.171500	0.992917
0.172000	0.903405
0.172500	0.823244
0.173000	0.751515
0.173500	0.681284
0.174000	0.614914
0.174500	0.554757
0.175000	0.503194
0.175500	0.462107
0.176000	0.433187
0.176500	0.418140
0.177000	0.413891
0.177500	0.411445
0.178000	0.410544
0.178500	0.411171
0.179000	0.413151
0.179500	0.415710
0.180000	0.418365
0.180500	0.420586
0.181000	0.421857
0.181500	0.421294
0.182000	0.417914
0.182500	0.410753
0.183000	0.397138
0.183500	0.372595
0.184000	0.342951
0.184500	0.314965
0.185000	0.294478
0.185500	0.277531
0.186000	0.262677
0.186500	0.250205
0.187000	0.240533
0.187500	0.235318
0.188000	0.234481
0.188500	0.237459
0.189000	0.244009
0.189500	0.261293
0.190000	0.285900
0.190500	0.308785
0.191000	0.320951
0.191500	0.320195
0.192000	0.312969
0.192500	0.305936
0.193000	0.305791
0.193500	0.318682
0.194000	0.339539
0.194500	0.358095
0.195000	0.364066
0.195500	0.358674
0.196000	0.350580
0.196500	0.340569
0.197000	0.329497
0.197500	0.316075
0.198000	0.299016
0.198500	0.283100
0.199000	0.273283
0.199500	0.272591
0.200000	0.278046
0.200500	0.287381
0.201000	0.298388
0.201500	0.309300
0.202000	0.320662
0.202500	0.332458
0.203000	0.344593
0.203500	0.357017
0.204000	0.370857
0.204500	0.387482
0.205000	0.408097
0.205500	0.436052
0.206000	0.487116
0.206500	0.552311
0.207000	0.616862
0.207500	0.667846
0.208000	0.711411
0.208500	0.749294
0.209000	0.779985
0.209500	0.801775
0.210000	0.808180
0.210500	0.797221
0.211000	0.769846
0.211500	0.726973
0.212000	0.669471
0.212500	0.604582
0.213000	0.541383
0.213500	0.488645
0.214000	0.442602
0.214500	0.400067
0.215000	0.362263
0.215500	0.330431
0.216000	0.307385
0.216500	0.293657
0.217000	0.287155
0.217500	0.285771
0.218000	0.297037
0.218500	0.328354
0.219000	0.359238
0.219500	0.368459
0.220000	0.349855
0.220500	0.325248
0.221000	0.296103
0.221500	0.263144
0.222000	0.227545
0.222500	0.191705
0.223000	0.155767
0.223500	0.119611
0.224000	0.082976
0.224500	0.045514
0.225000	0.008006
0.225500	-0.028669
0.226000	-0.063389
0.226500	-0.093871
0.227000	-0.121203
0.227500	-0.147171
0.228000	-0.173359
0.228500	-0.199156
0.229000	-0.224439
0.229500	-0.249545
0.230000	-0.274763
0.230500	-0.300931
0.231000	-0.325200
0.231500	-0.343514
0.232000	-0.351111
0.232500	-0.325361
0.233000	-0.268085
0.233500	-0.194457
0.234000	-0.119664
0.234500	-0.045432
0.235000	0.032769
0.235500	0.109168
0.236000	0.178010
0.236500	0.238231
0.237000	0.293593
0.237500	0.345526
0.238000	0.395432
0.238500	0.443761
0.239000	0.487953
0.239500	0.525885
0.240000	0.555401
0.240500	0.572733
0.241000	0.575067
0.241500	0.565105
0.242000	0.545712
0.242500	0.520204
0.243000	0.491606
0.243500	0.459275
0.244000	0.422244
0.244500	0.379161
0.245000	0.329738
0.245500	0.278320
0.246000	0.229573
0.246500	0.187714
0.247000	0.151814
0.247500	0.120796
0.248000	0.094240
0.248500	0.072007
0.249000	0.055996
0.249500	0.045749
0.250000	0.040152
0.250500	0.037944
0.251000	0.038616
0.251500	0.046240
0.252000	0.065558
0.252500	0.101039
0.253000	0.146553
0.253500	0.195326
0.254000	0.244089
0.254500	0.289682
0.255000	0.333842
0.255500	0.377472
0.256000	0.419572
0.256500	0.459146
0.257000	0.492588
0.257500	0.518949
0.258000	0.541190
0.258500	0.562305
0.259000	0.576612
0.259500	0.583033
0.260000	0.591402
0.260500	0.611535
0.261000	0.647841
0.261500	0.691986
0.262000	0.740701
0.262500	0.790993
0.263000	0.842041
0.263500	0.895841
0.264000	0.950382
0.264500	1.003523
0.265000	1.054088
0.265500	1.099938
0.266000	1.130291
0.266500	1.133638
0.267000	1.105619
0.267500	1.069988
0.268000	1.032024
0.268500	0.994237
0.269000	0.959137
0.269500	0.927368
0.270000	0.896163
0.270500	0.862431
0.271000	0.819832
0.271500	0.741409
0.272000	0.634049
0.272500	0.512995
0.273000	0.392825
0.273500	0.266025
0.274000	0.132470
0.274500	0.001880
0.275000	-0.116111
0.275500	-0.216730
0.276000	-0.302074
0.276500	-0.374478
0.277000	-0.436325
0.277500	-0.485925
0.278000	-0.519818
0.278500	-0.537682
0.279000	-0.539211
0.279500	-0.525419
0.280000	-0.498028
0.280500	-0.457891
0.281000	-0.405780
0.281500	-0.336964
0.282000	-0.248901
0.282500	-0.157053
0.283000	-0.077324
0.283500	-0.014024
0.284000	0.040641
0.284500	0.071147
0.285000	0.061242
0.285500	0.014563
0.286000	-0.035026
0.286500	-0.085739
0.287000	-0.136913
0.287500	-0.188857
0.288000	-0.243542
0.288500	-0.297761
0.289000	-0.347779
0.289500	-0.380288
0.290000	-0.363245
0.290500	-0.314112
0.291000	-0.255242
0.291500	-0.205465
0.292000	-0.150197
0.292500	-0.092373
0.293000	-0.042245
0.293500	-0.009632
0.294000	0.004051
0.294500	0.003695
0.295000	-0.005853
0.295500	-0.019816
0.296000	-0.037013
0.296500	-0.058839
0.297000	-0.086203
0.297500	-0.120028
0.298000	-0.161852
0.298500	-0.212787
0.299000	-0.273637
0.299500	-0.345188
0.300000	-0.432527
0.300500	-0.532886
0.301000	-0.635176
0.301500	-0.728325
0.302000	-0.809420
0.302500	-0.882934
0.303000	-0.948837
0.303500	-1.007111
0.304000	-1.056438
0.304500	-1.089091
0.305000	-1.095883
0.305500	-1.067591
0.306000	-1.009719
0.306500	-0.948515
0.307000	-0.885268
0.307500	-0.820363
0.308000	-0.754364
0.308500	-0.688059
0.309000	-0.621416
0.309500	-0.554371
0.310000	-0.482948
0.310500	-0.397218
0.311000	-0.308753
0.311500	-0.231231
0.312000	-0.177221
0.312500	-0.143444
0.313000	-0.121853
0.313500	-0.105658
0.314000	-0.088390
0.314500	-0.069609
0.315000	-0.052899
0.315500	-0.041738
0.316000	-0.039897
0.316500	-0.050348
0.317000	-0.067834
0.317500	-0.085821
0.318000	-0.098062
0.318500	-0.107770
0.319000	-0.114191
0.319500	-0.112160
0.320000	-0.096417
0.320500	-0.061657
0.321000	-0.012165
0.321500	0.044983
0.322000	0.102695
0.322500	0.165441
0.323000	0.235849
0.323500	0.304102
0.324000	0.360413
0.324500	0.395335
0.325000	0.408114
0.325500	0.401982
0.326000	0.380191
0.326500	0.348986
0.327000	0.315383
0.327500	0.278159
0.328000	0.235865
0.328500	0.189291
0.329000	0.142243
0.329500	0.094769
0.330000	0.046792
0.330500	-0.002283
0.331000	-0.053760
0.331500	-0.105874
0.332000	-0.156578
0.332500	-0.202488
0.333000	-0.237732
0.333500	-0.263562
0.334000	-0.281925
0.334500	-0.294719
0.335000	-0.302959
0.335500	-0.307272
0.336000	-0.308302
0.336500	-0.306194
0.337000	-0.298099
0.337500	-0.286946
0.338000	-0.276984
0.338500	-0.272253
0.339000	-0.271689
0.339500	-0.279028
0.340000	-0.301108
0.340500	-0.344255
0.341000	-0.395979
0.341500	-0.448283
0.342000	-0.500908
0.342500	-0.553614
0.343000	-0.606417
0.343500	-0.659364
0.344000	-0.712408
0.344500	-0.765549
0.345000	-0.837245
0.345500	-0.929219
0.346000	-1.016301
0.346500	-1.073320
0.347000	-1.092584
0.347500	-1.088576
0.348000	-1.069522
0.348500	-1.043595
0.349000	-1.017910
0.349500	-0.991758
0.350000	-0.960988
0.350500	-0.921430
0.351000	-0.869834
0.351500	-0.809854
0.352000	-0.748281
0.352500	-0.691905
0.353000	-0.645138
0.353500	-0.601444
0.354000	-0.558217
0.354500	-0.513654
0.355000	-0.466388
0.355500	-0.417609
0.356000	-0.368314
0.356500	-0.319423
0.357000	-0.270676
0.357500	-0.220400
0.358000	-0.174002
0.358500	-0.137543
0.359000	-0.115750
0.359500	-0.099778
0.360000	-0.085464
0.360500	-0.071199
0.361000	-0.055526
0.361500	-0.038990
0.362000	-0.022349
0.362500	-0.006139
0.363000	0.008984
0.363500	0.019537
0.364000	0.026442
0.364500	0.032876
0.365000	0.041968
0.365500	0.054201
0.366000	0.067951
0.366500	0.081906
0.367000	0.094755
0.367500	0.106727
0.368000	0.115792
0.368500	0.117250
0.369000	0.106395
0.369500	0.081576
0.370000	0.048321
0.370500	0.012692
0.371000	-0.019246
0.371500	-0.045384
0.372000	-0.071001
0.372500	-0.096168
0.373000	-0.120744
0.373500	-0.144229
0.374000	-0.165795
0.374500	-0.185380
0.375000	-0.202922
0.375500	-0.216006
0.376000	-0.220480
0.376500	-0.217680
0.377000	-0.209118
0.377500	-0.194908
0.378000	-0.172811
0.378500	-0.147990
0.379000	-0.126345
0.379500	-0.111904
0.380000	-0.100824
0.380500	-0.093516
0.381000	-0.091095
0.381500	-0.095441
0.382000	-0.111397
0.382500	-0.132183
0.383000	-0.148692
0.383500	-0.153287
0.384000	-0.153699
0.384500	-0.153451
0.385000	-0.153359
0.385500	-0.154199
0.386000	-0.155451
0.386500	-0.157215
0.387000	-0.160220
0.387500	-0.165473
0.388000	-0.181196
0.388500	-0.205256
0.389000	-0.230088
0.389500	-0.248338
0.390000	-0.262017
0.390500	-0.273524
0.391000	-0.282198
0.391500	-0.287316
0.392000	-0.285417
0.392500	-0.277274
0.393000	-0.268567
0.393500	-0.265059
0.394000	-0.267199
0.394500	-0.272172
0.395000	-0.280782
0.395500	-0.293818
0.396000	-0.312856
0.396500	-0.337608
0.397000	-0.363696
0.397500	-0.386661
0.398000	-0.405088
0.398500	-0.422147
0.399000	-0.436036
0.399500	-0.444774
0.400000	-0.446867
0.400500	-0.444275
0.401000	-0.440043
0.401500	-0.437146
0.402000	-0.437259
0.402500	-0.437420
0.403000	-0.438981
0.403500	-0.443873
0.404000	-0.452451
0.404500	-0.462091
0.405000	-0.472133
0.405500	-0.481950
0.406000	-0.491284
0.406500	-0.500345
0.407000	-0.508923
0.407500	-0.516793
0.408000	-0.519464
0.408500	-0.510194
0.409000	-0.492813
0.409500	-0.471441
0.410000	-0.449297
0.410500	-0.424770
0.411000	-0.396494
0.411500	-0.363326
0.412000	-0.323639
0.412500	-0.276775
0.413000	-0.227030
0.413500	-0.179088
0.414000	-0.137100
0.414500	-0.099535
0.415000	-0.065280
0.415500	-0.034034
0.416000	-0.005613
0.416500	0.018438
0.417000	0.035816
0.417500	0.044321
0.418000	0.041756
0.418500	0.029873
0.419000	0.012852
0.419500	-0.007853
0.420000	-0.030795
0.420500	-0.056467
0.421000	-0.086027
0.421500	-0.115557
0.422000	-0.141007
0.422500	-0.158879
0.423000	-0.168965
0.423500	-0.172200
0.424000	-0.169544
0.424500	-0.161079
0.425000	-0.145947
0.425500	-0.128659
0.426000	-0.114218
0.426500	-0.105901
0.427000	-0.100074
0.427500	-0.097475
0.428000	-0.099514
0.428500	-0.107881
0.429000	-0.124420
0.429500	-0.144854
0.430000	-0.163879
0.430500	-0.176851
0.431000	-0.186571
0.431500	-0.193942
0.432000	-0.198577
0.432500	-0.199285
0.433000	-0.190224
0.433500	-0.176465
0.434000	-0.165489
0.434500	-0.164588
0.435000	-0.173342
0.435500	-0.185767
0.436000	-0.197000
0.436500	-0.202327
0.437000	-0.204306
0.437500	-0.205819
0.438000	-0.207316
0.438500	-0.209311
0.439000	-0.212627
0.439500	-0.217084
0.440000	-0.221478
0.440500	-0.224648
0.441000	-0.222524
0.441500	-0.212079
0.442000	-0.193636
0.442500	-0.167533
0.443000	-0.135288
0.443500	-0.099927
0.444000	-0.062475
0.444500	-0.023875
0.445000	0.017416
0.445500	0.063143
0.446000	0.107981
0.446500	0.146420
0.447000	0.172184
0.447500	0.185380
0.448000	0.193636
0.448500	0.204741
0.449000	0.224423
0.449500	0.247807
0.450000	0.271995
0.450500	0.294784
0.451000	0.313919
0.451500	0.328226
0.452000	0.337673
0.452500	0.342291
0.453000	0.341841
0.453500	0.333440
0.454000	0.315769
0.454500	0.288089
0.455000	0.250301
0.455500	0.208491
0.456000	0.164829
0.456500	0.120084
0.457000	0.074802
0.457500	0.023867
0.458000	-0.029897
0.458500	-0.079410
0.459000	-0.117196
0.459500	-0.128144
0.460000	-0.116814
0.460500	-0.096108
0.461000	-0.078365
0.461500	-0.056391
0.462000	-0.029128
0.462500	-0.004037
0.463000	0.011420
0.463500	-0.010520
0.464000	-0.070146
0.464500	-0.133741
0.465000	-0.167581
0.465500	-0.170526
0.466000	-0.164057
0.466500	-0.148452
0.467000	-0.123965
0.467500	-0.079815
0.468000	-0.019507
0.468500	0.035295
0.469000	0.062919
0.469500	0.060363
0.470000	0.056242
0.470500	0.051752
0.471000	0.047077
0.471500	0.042598
0.472000	0.038426
0.472500	0.033869
0.473000	0.028205
0.473500	0.016959
0.474000	-0.011282
0.474500	-0.048007
0.475000	-0.082723
0.475500	-0.108285
0.476000	-0.132346
0.476500	-0.156024
0.477000	-0.179233
0.477500	-0.201796
0.478000	-0.222926
0.478500	-0.242850
0.479000	-0.261969
0.479500	-0.280235
0.480000	-0.293110
0.480500	-0.299402
0.481000	-0.299032
0.481500	-0.291436
0.482000	-0.264174
0.482500	-0.223522
0.483000	-0.185332
0.483500	-0.164861
0.484000	-0.155624
0.484500	-0.148975
0.485000	-0.143150
0.485500	-0.137507
0.486000	-0.157352
0.486500	-0.181711
0.487000	-0.167195
0.487500	-0.070435
0.488000	2042901.250000
0.488500	6998715.000000
0.489000	13106337.000000
0.489500	18605626.000000
0.490000	23147194.000000
0.490500	27560016.000000
0.491000	31860184.000000
0.491500	36058960.000000
0.492000	30159106.000000
0.492500	2399049.000000
0.493000	-31546362.000000
0.493500	-55264872.000000
0.494000	-59463652.000000
0.494500	-51851456.000000
0.495000	-33834848.000000
