XYDATA, head_z_accel
0.0 -0.0
1e-05 -0.01899843473561308
3.8e-05 -0.13710451581324917
8e-05 -0.16190340228314462
0.000134 -0.12409150933295265
0.000197 -0.05800186608066975
0.000268 0.023145620573794313
0.000344 0.08620629878704757
0.000425 0.09999296395813045
0.00051 0.06552380272570144
0.000598 0.01316800334466918
0.000689 -0.022606598583614183
0.000781 -0.0310878842418155
0.000875 -0.01978249453177181
0.00097 -0.005256841021143816
0.001066 0.0011862358705572239
0.001163 -0.000472536493093972
0.00126 -0.0035504479103465507
0.001358 -0.0024217240342012817
0.001456 0.003079135076708152
0.001555 0.008951578775626743
0.001654 0.012343052928370036
0.001753 0.009840465398479605
0.001853 0.0017073108553889455
0.001952 -0.0029574829324998855
0.002052 -0.0030017386161431277
0.002151 -2.6818536401319514e-05
0.002251 0.0026331112051516067
0.002351 0.0021905543687191858
0.002451 -0.0013931362901704457
0.002551 -0.0053130273844789
0.00265 -0.00629848113270077
0.00275 -0.003257687385600588
0.00285 0.002103674547373466
0.00295 0.0065511668102767
0.00305 0.007351542065843077
0.00315 0.003765506059663596
0.00325 -0.0025633626161839164
0.00335 -0.008206370167182474
0.00345 -0.009925611702263262
0.00355 -0.006881146976796358
0.00365 -0.0009519050848148961
0.00375 0.005042700616418452
0.00385 0.00893189825271627
0.00395 0.009737779975832726
0.00405 0.007559870088154466
0.00415 0.003303472643563297
0.00425 -0.001600648539511454
0.00435 -0.005677881845482403
0.00445 -0.007943793242340657
0.00455 -0.008210347060413088
0.00465 -0.00700024983047218
0.00475 -0.005163027129549847
0.00485 -0.0034444993958181445
0.00495 -0.0022235931740196705
0.00505 -0.0014871541250070107
0.00515 -0.0009678126577373516
0.00525 -0.00022127841821621046
0.00535 0.001166963234131941
0.00545 0.0030491554200466012
0.00555 0.004520707886995049
0.00565 0.004520503943752454
0.00575 0.0027620033344720163
0.00585 -1.437799860298879e-05
0.00595 -0.002542764348681762
0.00605 -0.003767851406953445
0.00615 -0.0033583333758215087
0.00625 -0.0017676780551972387
0.00635 7.719251732242917e-05
0.00645 0.0012238633988161096
0.00655 0.0010943594397679127
0.00665 -0.0003033655733609337
0.00675 -0.0024269245868874696
0.00685 -0.004433522150785437
0.00695 -0.005472103113703457
0.00705 -0.005000076478715974
0.00715 -0.00300163664452183
0.00725 -3.2936833679187084e-05
0.00735 0.0029628874284286684
0.00745 0.005062992969056712
0.00755 0.005691749985978902
0.00765 0.004746880943033554
0.00775 0.0025661158499589564
0.00785 -0.00014602336169843933
0.00795 -0.0025336888743862584
0.00805 -0.003913466882166694
0.00815 -0.004040115635818552
0.00825 -0.0031567354805157725
0.00835 -0.0017981675699652788
0.00845 -0.0004884440660164277
0.00855 0.0004778390174014572
0.00865 0.0010601989466331521
0.00875 0.0013661138105265304
0.00885 0.0014419806967720884
0.00895 0.001223149597467025
0.00905 0.0006252899817980657
0.00915 -0.0003230460962714077
0.00925 -0.0014381057751627721
0.00935 -0.0024642462002824614
0.00945 -0.0032031325682062685
0.00955 -0.00357961179403772
0.00965 -0.00361652552094752
0.00975 -0.0033755665798208363
0.00985 -0.0029333156582523087
0.00995 -0.002390724661326753
0.01005 -0.001874748257559921
0.01015 -0.00149918677632015
0.01025 -0.0012889212932041014
0.01035 -0.0011503418598604008
0.01045 -0.000924372747064492
0.01055 -0.0004929308173535305
0.01065 0.00014010900766316735
0.01075 0.000833821947352052
0.01085 0.0013650940943135525
0.01095 0.0015230481357038337
0.01105 0.0011988803515981504
0.01115 0.0004160442148949948
0.01125 -0.000690551819428653
0.01135 -0.0019145171898660603
0.01145 -0.0030410996619640754
0.01155 -0.0039021480322026384
0.01165 -0.004395384764420062
0.01175 -0.004480327124961123
0.01185 -0.004159116517873076
0.01195 -0.0034672390673675516
0.01205 -0.0024703644975603294
0.01215 -0.0012714841459621788
0.01225 2.090418236604753e-05
0.01235 0.0014107773806549637
0.01245 0.0029561573014230138
0.01255 0.004590252532720144
0.01265 0.006131349645393688
0.01275 0.007560277974639658
0.01285 0.009115957029158786
0.01295 0.010928910484212243
0.01305 0.012586357216786569
0.01315 0.01312599103669449
0.01325 0.011682990623709423
0.01335 0.008151815349788155
0.01345 0.0034064639810740672
0.01355 -0.0011091453248560925
0.01365 -0.0041968460177532595
0.01375 -0.005486481112306445
0.01385 -0.0054328440395038065
0.01395 -0.00484681313190539
0.01405 -0.004367342568563169
0.01415 -0.004209898385279377
0.01425 -0.004243549020307649
0.01435 -0.004227845390627788
0.01445 -0.0040038137386365375
0.01455 -0.0035383132874121136
0.01465 -0.002862649324692938
0.01475 -0.002003742358501629
0.01485 -0.0009798453090504912
0.01495 0.00017641090484518158
0.01505 0.0013846726456027288
0.01515 0.0024992224663876045
0.01525 0.0033468105826148587
0.01535 0.0037908969933667463
0.01545 0.003792936425792702
0.01555 0.0034639759754860225
0.01565 0.0030466061295141567
0.01575 0.002791779047890972
0.01585 0.002785558778991807
0.01595 0.0028478634396047584
0.01605 0.0026000723998511215
0.01615 0.0017253598323586548
0.01625 0.00029204672339687866
0.01635 -0.0012719940040686677
0.01645 -0.002463940285418568
0.01655 -0.0029297466515068858
0.01665 -0.0024628185975842922
0.01675 -0.0005731824833148935
0.01685 0.00338555979870802
0.01695 0.009175916342481888
0.01705 0.015012669973946251
0.01715 0.018245680227192775
0.01725 0.016995916036567024
0.01735 0.011485777508119492
0.01745 0.004018293708860824
0.01755 -0.0023983725329240874
0.01765 -0.00568124690898523
0.01775 -0.005506263606838217
0.01785 -0.00302519208904162
0.01795 8.698179296701728e-05
0.01805 0.002526346917652817
0.01815 0.003755920727261603
0.01825 0.0038696190850086424
0.01835 0.0032258722397556765
0.01845 0.0021802552349681086
0.01855 0.0010353178710364906
0.01865 0.00011410624423223018
0.01875 -0.00019976240612237613
0.01885 0.00047467789714122563
0.01895 0.0023871556545813303
0.01905 0.005532776228375644
0.01915 0.009569526800691367
0.01925 0.013803490488597022
0.01935 0.017278275455940614
0.01945 0.019017605400417064
0.01955 0.018362845620063937
0.01965 0.015256280177226678
0.01975 0.010310248657798535
0.01985 0.004634508216363386
0.01995 -0.0004836513998154314
0.02005 -0.003923969959160366
0.02015 -0.005156602917408086
0.02025 -0.0043797831063615
0.02035 -0.002243375668551442
0.02045 0.0008178124028082984
0.02055 0.004783794669943355
0.02065 0.009595019706015817
0.02075 0.014607026864423634
0.02085 0.018617468758444524
0.02095 0.020353739554282043
0.02105 0.019100712271774768
0.02115 0.015130039310060012
0.02125 0.0096835310733023
0.02135 0.00442322301703436
0.02145 0.0008505452932448899
0.02155 -0.00047947056334222184
0.02165 0.00015978953057364136
0.02175 0.0019826342328929858
0.02185 0.004086920609994238
0.02195 0.005595182860609893
0.02205 0.005912110659603433
0.02215 0.0049940601530594035
0.02225 0.0033726094028032
0.02235 0.001938786435734935
0.02245 0.0017154685850927689
0.02255 0.0035847103751026088
0.02265 0.008059836947377545
0.02275 0.014938128718777567
0.02285 0.02285438962336782
0.02295 0.029316229293387654
0.02305 0.03165851743459795
0.02315 0.02847261807039101
0.02325 0.02053229186317448
0.02335 0.010263749598486742
0.02345 0.0007623398408222992
0.02355 -0.00547516226234239
0.02365 -0.007288625575502338
0.02375 -0.005230022484742497
0.02385 -0.0007650930745973396
0.02395 0.004508471292439315
0.02405 0.00975705261225801
0.02415 0.014720929165413265
0.02425 0.01918912166743995
0.02435 0.022703063737361893
0.02445 0.024593413652980376
0.02455 0.024311258176849385
0.02465 0.02177838507543351
0.02475 0.017527596070013717
0.02485 0.01256963387089373
0.02495 0.008054126536584869
0.02505 0.004946949264019823
0.02515 0.0038471853283231277
0.02525 0.0047042568053310765
0.02535 0.007211942916286397
0.02545 0.010799814411649239
0.02555 0.014644246506197325
0.02565 0.017983409217214853
0.02575 0.02031284893414163
0.02585 0.021479710196652273
0.02595 0.021685998786537708
0.02605 0.021375291256443333
0.02615 0.021054488535840476
0.02625 0.021109961097826476
0.02635 0.021678146971697777
0.02645 0.022603233520111354
0.02655 0.023573901383245045
0.02665 0.024350109364563843
0.02675 0.02472261169716468
0.02685 0.024253644210816133
0.02695 0.022279371650869566
0.02705 0.01827820917438677
0.02715 0.012827724044398444
0.02725 0.007626049670376735
0.02735 0.004646234952812633
0.02745 0.005359832358654586
0.02755 0.009902974002335151
0.02765 0.017110634110527042
0.02775 0.024954903050481054
0.02785 0.031378503362514215
0.02795 0.034563994840235965
0.02805 0.033378880657513016
0.02815 0.027884241815502746
0.02825 0.019746600521074985
0.02835 0.011440808023127165
0.02845 0.005507691209536386
0.02855 0.0037248193827657764
0.02865 0.006499977056385208
0.02875 0.012648559905778222
0.02885 0.019862644226111874
0.02895 0.02530711303044363
0.02905 0.026732574324565474
0.02915 0.023532806819862036
0.02925 0.017031810047263847
0.02935 0.00991969734822799
0.02945 0.005169961199798096
0.02955 0.005085630668984822
0.02965 0.009959976138640617
0.02975 0.0182490452906956
0.02985 0.027168910892098733
0.02995 0.03362116522971657
0.03005 0.03531623949054978
0.03015 0.03165107350624321
0.03025 0.023962515232010935
0.03035 0.01516338403022439
0.03045 0.007948993795026844
0.03055 0.004574242988176391
0.03065 0.006096985209016331
0.03075 0.012365078798570359
0.03085 0.022007719251732245
0.03095 0.03256973584251503
0.03105 0.041124746982914656
0.03115 0.045327711297945786
0.03125 0.04433634319568864
0.03135 0.039119577021714855
0.03145 0.03175712399239292
0.03155 0.02470282920263291
0.03165 0.019710910453620757
0.03175 0.01733996828682578
0.03185 0.017194862669719018
0.03195 0.01853273034114606
0.03205 0.02074011002737938
0.03215 0.02344980192012563
0.03225 0.026388012216200234
0.03235 0.029206099942386037
0.03245 0.0314761921757175
0.03255 0.03301545379920768
0.03265 0.03361412918784702
0.03275 0.033526025707045735
0.03285 0.03339254485476692
0.03295 0.033910152804474514
0.03305 0.03544798682526653
0.03315 0.03781831716233373
0.03325 0.04031560216791667
0.03335 0.042003538415259035
0.03345 0.04210275680278179
0.03355 0.04029765516256826
0.03365 0.0368443862073185
0.03375 0.032463277469880134
0.03385 0.028098790106713303
0.03395 0.02465836957574707
0.03405 0.022805035358659687
0.03415 0.022831955866682303
0.03425 0.02461778487047055
0.03435 0.02766418705674211
0.03445 0.031219529604910957
0.03455 0.034481091912120856
0.03465 0.03682317611008856
0.03475 0.037970764736173925
0.03485 0.038049384856194524
0.03495 0.03757847990904131
0.03505 0.03706291139175967
0.03515 0.036728342502281616
0.03525 0.036698464817241365
0.03535 0.03700835657436535
0.03545 0.03728133460457955
0.03555 0.03718466550758924
0.03565 0.03657783238924608
0.03575 0.03548602224001061
0.03585 0.03403914690541623
0.03595 0.03244359694696966
0.03605 0.031003757654244825
0.03615 0.030112321740859517
0.03625 0.02995814064945726
0.03635 0.03067591889177242
0.03645 0.032227315138197044
0.03655 0.03432262801262409
0.03665 0.036481265263877065
0.03675 0.03819173723952624
0.03685 0.03910020241366828
0.03695 0.039154553287820006
0.03705 0.0386511193934728
0.03715 0.038347345933626674
0.03725 0.03873524598104348
0.03735 0.0403558809583293
0.03745 0.04340473046351201
0.03755 0.047513269057221384
0.03765 0.051758245680227195
0.03775 0.05484686411771604
0.03785 0.05552120244935835
0.03795 0.053118037250233265
0.03805 0.047948993795026845
0.03815 0.04108477410736592
0.03825 0.034374531567864665
0.03835 0.029759601902790454
0.03845 0.02914634457230553
0.03855 0.032361407820203636
0.03865 0.038064272712903996
0.03875 0.044452590843968125
0.03885 0.04966344266390664
0.03895 0.05221783177741635
0.03905 0.05148180061488888
0.03915 0.04785171286830875
0.03925 0.04276608219932393
0.03935 0.038068759464241105
0.03945 0.03559961862613635
0.03955 0.03652511306103511
0.03965 0.040890212253929734
0.03975 0.047325335359169544
0.03985 0.053640335894520566
0.03995 0.05763741950615144
0.04005 0.05827994269194883
0.04015 0.05539608327002596
0.04025 0.04979406831078911
0.04035 0.04347050215924909
0.04045 0.03888738764001978
0.04055 0.03805234203321216
0.04065 0.04176767805519724
0.04075 0.0494666374348019
0.04085 0.06046886551472726
0.04095 0.07060871959333719
0.04105 0.0767527137197718
0.04115 0.07783606022443953
0.04125 0.07470461370600562
0.04135 0.0693648697567467
0.04145 0.06403267170746382
0.04155 0.06023728796275996
0.04165 0.0584431992576466
0.04175 0.05834816170659706
0.04185 0.058548331999204624
0.04195 0.05789438799182188
0.04205 0.0556617193435067
0.04215 0.051800257988201884
0.04225 0.04695385274278169
0.04235 0.04224306975368755
0.04245 0.03890778196427934
0.04255 0.03814829732885339
0.04265 0.04073633707739136
0.04275 0.046672615011242376
0.04285 0.05503857076575589
0.04295 0.06419796770558754
0.04305 0.07206416054412057
0.04315 0.0768540735113418
0.04325 0.07761682123864928
0.04335 0.07450016060530355
0.04345 0.06857275420250544
0.04355 0.06138946531180373
0.04365 0.05463394737244626
0.04375 0.04970565891512392
0.04385 0.04745004665201675
0.04395 0.04806330398250167
0.04405 0.051137034563281045
0.04415 0.055782249799880695
0.04425 0.060810572417696156
0.04435 0.06499038917469269
0.04445 0.06732064466458985
0.04455 0.06731544411190367
0.04465 0.06519137524027063
0.04475 0.06185639336572633
0.04485 0.05873942681751669
0.04495 0.05738636537451628
0.04505 0.05811301514788435
0.04515 0.06088409395665186
0.04525 0.06518709243217613
0.04535 0.07011191385437433
0.04545 0.07460733277928752
0.04555 0.0778426883798239
0.04565 0.079399387150556
0.04575 0.07926050180234841
0.04585 0.077675964779002
0.04595 0.07576256927697023
0.04605 0.07294335986295014
0.04615 0.06934243600006118
0.04625 0.06565391851447742
0.04635 0.06288029041517745
0.04645 0.0620695140542387
0.04655 0.06391948320782326
0.04665 0.06944930225918128
0.04675 0.07650063987192364
0.04685 0.08235829768575406
0.04695 0.08497774469365175
0.04705 0.08364120265330159
0.04715 0.0790900052515385
0.04725 0.0731489346514865
0.04735 0.06804097219743746
0.04745 0.06565616189014598
0.04755 0.06698138508053209
0.04765 0.07183268496377458
0.04775 0.07893674190472792
0.04785 0.08632754304477065
0.04795 0.09195872188769866
0.04805 0.09437514339759245
0.04815 0.09331168135907777
0.04825 0.09034838604416391
0.04835 0.08654270316570899
0.04845 0.08249657120423387
0.04855 0.07927120882258468
0.04865 0.07786807931352704
0.04875 0.07878001152279321
0.04885 0.0817605400417064
0.04895 0.08589141042047999
0.04905 0.08990429963341202
0.04915 0.0926828223705343
0.04925 0.0936574671268986
0.04935 0.09250253654407978
0.04945 0.09003431345056671
0.04955 0.08716279259482086
0.04965 0.08493022591812699
0.04975 0.08555245675128613
0.04985 0.08992601958874846
0.04995 0.09593388160075052
0.05005 0.10214650262831854
0.05015 0.10777890513070214
0.05025 0.11240352209979962
0.05035 0.11566324891782617
0.05045 0.11718741874136429
0.05055 0.1167382337495475
0.05065 0.11588789239954521
0.05075 0.11511923031820247
0.05085 0.11315444111903658
0.05095 0.110025849805999
0.05105 0.10656238368861946
0.05115 0.10374103287055214
0.05125 0.10219249182952383
0.05135 0.10194847373975824
0.05145 0.10253419873249275
0.05155 0.10329296956656964
0.05165 0.10374806891242166
0.05175 0.10381883721760236
0.05185 0.10380507104872716
0.05195 0.10419113560696058
0.05205 0.10540062100717372
0.05215 0.1076278851595601
0.05225 0.1108069524251401
0.05235 0.11468014051689415
0.05245 0.11895468891007634
0.05255 0.12334456720694632
0.05265 0.12759219509210587
0.05275 0.13140001937460805
0.05285 0.134401350104266
0.05295 0.13626151641998033
0.05305 0.13675281569139308
0.05315 0.13585097867263543
0.05325 0.13380879301290452
0.05335 0.1311173540403706
0.05345 0.1284176553665115
0.05355 0.12636445677168046
0.05365 0.1255163587973467
0.05375 0.1262281207140053
0.05385 0.12859121106596036
0.05395 0.13244369891859095
0.05405 0.13744336751082173
0.05415 0.143155103934575
0.05425 0.14916745269791418
0.05435 0.1550895565764048
0.05445 0.1605119995105362
0.05455 0.16491329862899157
0.05465 0.16812917764986005
0.05475 0.1701927773500635
0.05485 0.17137218112199376
0.05495 0.17213421504795215
0.05505 0.1729597772939791
0.05515 0.1741095073241117
0.05525 0.17545726624280464
0.05535 0.17650808380027838
0.05545 0.17661647963371796
0.05555 0.17530746993111818
0.05565 0.17278010329725238
0.05575 0.16993254577251152
0.05585 0.16715371712052537
0.05595 0.16514803730121907
0.05605 0.1646111567150862
0.05615 0.16598695782963602
0.05625 0.16935966920406054
0.05635 0.17454513009029587
0.05645 0.18117705842464044
0.05655 0.18876252338974064
0.05665 0.1967390495225179
0.05675 0.20453794109099438
0.05685 0.21165127744948584
0.05695 0.21768738560058734
0.05705 0.22239643507211942
0.05715 0.2256606486414831
0.05725 0.2274621812749512
0.05735 0.2278174504035527
0.05745 0.2268856337281335
0.05755 0.22493461069784282
0.05765 0.2226065985836142
0.05775 0.22043592868104808
0.05785 0.21886362825225741
0.05795 0.2186378630827041
0.05805 0.22048936181060813
0.05815 0.22479980421448714
0.05825 0.23158958461860066
0.05835 0.24051087782270195
0.05845 0.250789107391413
0.05855 0.2614436122427129
0.05865 0.2714263280529029
0.05875 0.2800702584470742
0.05885 0.286976898329195
0.05895 0.29185165168533594
0.05905 0.2945202490146992
0.05915 0.29500022943614795
0.05925 0.2935742582839196
0.05935 0.29091708177614173
0.05945 0.28793023101670806
0.05955 0.2855786634579597
0.05965 0.2846685667378769
0.05975 0.2861662239398775
0.05985 0.29020460605813403
0.05995 0.29597028546955384
0.06005 0.3028705011395329
0.06015 0.31062370942166795
0.06025 0.31922226244436175
0.06035 0.3287552834046285
0.06045 0.33918075999449354
0.06055 0.3502637495984868
0.06065 0.36141200104011056
0.06075 0.3716640239021481
0.06085 0.3799136300367608
0.06095 0.3852820280116044
0.06105 0.38749562796673687
0.06115 0.38707183390862326
0.06125 0.38524266696578346
0.06135 0.3836384494195266
0.06145 0.38381802144463195
0.06155 0.386823838925627
0.06165 0.3928955351725615
0.06175 0.40143932943461835
0.06185 0.411266436550708
0.06195 0.42109119831950775
0.06205 0.43000616928308855
0.06215 0.43786583593785855
0.06225 0.4453816542856124
0.06235 0.4537485277847176
0.06245 0.46400707683051806
0.06255 0.4764849362422438
0.06265 0.49062024238654384
0.06275 0.5057850540194664
0.06285 0.5194070350221534
0.06295 0.5284580361285455
0.06305 0.5316788097872363
0.06315 0.5299745580804862
0.06325 0.5258191125409799
0.06335 0.521992219565295
0.06345 0.5209314087889341
0.06355 0.5239013322592323
0.06365 0.5310119153839488
0.06375 0.5416932387716499
0.06385 0.555247816532659
0.06395 0.5711735404037057
0.06405 0.5890892404643788
0.06415 0.6084292801313395
0.06425 0.6281293815931026
0.06435 0.6465596304548444
0.06445 0.6622039126511092
0.06455 0.6749317045066359
0.06465 0.682876721408432
0.06475 0.6861715264641851
0.06485 0.6868105826148584
0.06495 0.6876612298797246
0.06505 0.691168849709126
0.06515 0.6983060474270011
0.06525 0.7082510337373109
0.06535 0.721604931347606
0.06545 0.7338708937302749
0.06555 0.7393783809965687
0.06565 0.7382785150892507
0.06575 0.7350514191900395
0.06585 0.7355603595519368
0.06595 0.7440305303034166
0.06605 0.7613331769768474
0.06615 0.7850782887122514
0.06625 0.8111083805376964
0.06635 0.8353483605512587
0.06645 0.8551371773235508
0.06655 0.8697613354203526
0.06665 0.8798400065261838
0.06675 0.8865766597156013
0.06685 0.8910506646000419
0.06695 0.8940485282945757
0.06705 0.8961826923567172
0.06715 0.8986565238894016
0.06725 0.9028738662030357
0.06735 0.910162491778538
0.06745 0.9213172694039249
0.06755 0.9370740262984812
0.06765 0.9572175003696473
0.06775 0.9801364380292965
0.06785 1.0034297135107302
0.06795 1.026320812917765
0.06805 1.049189988426221
0.06815 1.0727490019527566
0.06825 1.097240036097954
0.06835 1.122736612400769
0.06845 1.1498979773928917
0.06855 1.173843157449282
0.06865 1.1921233040844732
0.06875 1.2058653056854278
0.06885 1.2144926147053277
0.06895 1.2196529905727238
0.06905 1.2238040513325141
0.06915 1.228919763629782
0.06925 1.2357897956998567
0.06935 1.2444376010156373
0.06945 1.254875212228437
0.06955 1.2675666002151602
0.06965 1.2834628542876518
0.06975 1.3035758388440497
0.06985 1.3283333248356983
0.06995 1.357156827254975
0.07005 1.3884930123946506
0.07015 1.4202238277087487
0.07025 1.4502371350053282
0.07035 1.4769850050730882
0.07045 1.4999328007015649
0.07055 1.5194736224908607
0.07065 1.5366237196188302
0.07075 1.5527517551865315
0.07085 1.569207119658599
0.07095 1.587382949325203
0.07105 1.6082759148129075
0.07115 1.6331246654056175
0.07125 1.6629119016177798
0.07135 1.6982506768366366
0.07145 1.7399004756976135
0.07155 1.787411399407545
0.07165 1.8433024529273505
0.07175 1.9020657411042508
0.07185 1.959092554542071
0.07195 2.0116041665604465
0.07205 2.058110057970867
0.07215 2.0981163802113874
0.07225 2.132369055691801
0.07235 2.162587529890432
0.07245 2.190986014592139
0.07255 2.219807579550611
0.07265 2.2507085498105877
0.07275 2.2847215919809516
0.07285 2.324059694187108
0.07295 2.3639447721699054
0.07305 2.4016227763813336
0.07315 2.436774331703487
0.07325 2.4706584817445307
0.07335 2.5047991923847595
0.07345 2.539928721836713
0.07355 2.575922766694029
0.07365 2.61201144121591
0.07375 2.64718155537314
0.07385 2.6812190707326153
0.07395 2.7153499920971993
0.07405 2.7519865601403133
0.07415 2.794224939199421
0.07425 2.8446975266783254
0.07435 2.905918025013639
0.07445 2.9770270173810633
0.07455 3.0554424803577165
0.07465 3.138432696180653
0.07475 3.224232943971693
0.07485 3.3113954306516495
0.07495 3.3982624035730855
0.07505 3.4831577551967294
0.07515 3.5672547709972315
0.07525 3.6503638857306013
0.07535 3.727129243931414
0.07545 3.7973531226259736
0.07555 3.8636764848342704
0.07565 3.930885980431646
0.07575 4.0025938521309525
0.07585 4.080340483243513
0.07595 4.164956228681558
0.07605 4.255706076998772
0.07615 4.351862256733951
0.07625 4.451648830130575
0.07635 4.552435337245645
0.07645 4.651078400881035
0.07655 4.744629307663677
0.07665 4.832230272315215
0.07675 4.920952822829407
0.07685 5.00434348120918
0.07695 5.081055100365568
0.07705 5.1540264004527545
0.07715 5.227710278229569
0.07725 5.306260037831471
0.07735 5.3926953648799545
0.07745 5.487719659618729
0.07755 5.590509195290951
0.07765 5.699494016815121
0.07775 5.813192374562159
0.07785 5.930742302417237
0.07795 6.05271626906232
0.07805 6.180692489280234
0.07815 6.314604579545513
0.07825 6.455289318982528
0.07835 6.609132884318294
0.07845 6.765225127846921
0.07855 6.923327028088083
0.07865 7.086861466453886
0.07875 7.25783534642309
0.07885 7.435636634324667
0.07895 7.617254414096557
0.07905 7.7993155664778495
0.07915 7.980639464037159
0.07925 8.162269888290089
0.07935 8.344458811112867
0.07945 8.524478185720914
0.07955 8.696384392223644
0.07965 8.852554746014185
0.07975 8.988821259043608
0.07985 9.10600378314715
0.07995 9.207652562291916
0.08005 9.306464796847038
0.08015 9.400270428739683
0.08025 9.491993800125424
0.08035 9.593580274609577
0.08045 9.715848531353725
0.08055 9.862773934014164
0.08065 10.03626467754024
0.08075 10.238194082586817
0.08085 10.466798855878409
0.08095 10.7261993647168
0.08105 11.014595402099596
0.08115 11.318818250880781
0.08125 11.638869440634672
0.08135 11.975277286331215
0.08145 12.324563739911184
0.08155 12.681017166922446
0.08165 13.050315347238865
0.08175 13.418897074944043
0.08185 13.756651353928204
0.08195 14.041655713215013
0.08205 14.27189917046086
0.08215 14.462596299449865
0.08225 14.635802338209276
0.08235 14.812384963264723
0.08245 15.001419852854951
0.08255 15.190691010691724
0.08265 15.235178373858556
0.08275 15.397326406061195
0.08285 15.659882630663887
0.08295 15.92160758260976
0.08305 16.146061397113186
0.08315 16.37427266191819
0.08325 16.58339361555679
0.08335 16.799477089525986
0.08345 17.06920487628293
0.08355 17.420413800839228
0.08365 17.87233102027706
0.08375 18.411515247306674
0.08385 18.98752254847476
0.08395 19.5399669611947
0.08405 20.060651904574957
0.08415 20.550661438921548
0.08425 20.99284271387273
0.08435 21.369551069937238
0.08445 21.648069932137886
0.08455 21.806058847822655
0.08465 21.853950125680026
0.08475 21.760089021225394
0.08485 21.779822365435702
0.08495 21.80385095827831
0.08505 21.961988140700445
0.08515 22.14809705658915
0.08525 22.29771726328563
0.08535 22.42356227661842
0.08545 22.821593714469266
0.08555 23.24731656579974
0.08565 23.67526739508395
0.08575 24.161892593291288
0.08585 24.648387471766608
0.08595 25.01885985530227
0.08605 25.228327716396528
0.08615 25.293677147649813
0.08625 25.216284663978016
0.08635 25.030803893276502
0.08645 24.705644843040183
0.08655 24.332694549106986
0.08665 24.065128254806687
0.08675 23.83732273508283
0.08685 23.708579586301134
0.08695 23.520075051113277
0.08705 23.34109996787894
0.08715 23.27522283348544
0.08725 23.428186587672652
0.08735 23.604835800196806
0.08745 23.713614537074335
0.08755 23.815704751367694
0.08765 23.936115697001526
0.08775 23.968775473785648
0.08785 23.861495617769577
0.08795 23.588358715769402
0.08805 23.179076239082665
0.08815 22.687199502378487
0.08825 22.17594927931557
0.08835 21.56483600414005
0.08845 21.002954831670348
0.08855 20.521922165061465
0.08865 20.19169798045204
0.08875 19.85430009228432
0.08885 19.530352974767123
0.08895 19.303328761605645
0.08905 19.33140950273539
0.08915 19.325281212238636
0.08925 19.270584960205575
0.08935 19.244846507217044
0.08945 19.241465230226428
0.08955 19.22368576425181
0.08965 19.055272493665015
0.08975 18.70309014801181
0.08985 18.20670075917872
0.08995 17.6537015188673
0.09005 17.123850958278314
0.09015 16.470492879831546
0.09025 16.053278642553778
0.09035 15.606405143448578
0.09045 15.154337311926092
0.09055 14.816275078645614
0.09065 14.684663162241948
0.09075 14.676572733808182
0.09085 14.90606200894291
0.09095 14.807631250223064
0.09105 14.731424900450204
0.09115 14.71048084718023
0.09125 14.835259033411003
0.09135 14.880616826337231
0.09145 14.698375490101107
0.09155 14.331663004185936
0.09165 13.834372084248955
0.09175 13.267744540694324
0.09185 12.73636593536019
0.09195 12.367438115972325
0.09205 12.130184211733875
0.09215 11.527518163695044
0.09225 11.229922756496867
0.09235 11.131363105647699
0.09245 11.174757740920702
0.09255 11.378860365160376
0.09265 11.440167539373792
0.09275 11.282546231383806
0.09285 11.095065491273779
0.09295 11.079986131859505
0.09305 11.053569159702855
0.09315 10.91579795342956
0.09325 10.643334777931303
0.09335 10.23957630791351
0.09345 9.741400376275282
0.09355 9.117891328843184
0.09365 8.976185853476979
0.09375 9.039275185715816
0.09385 8.920978519677975
0.09395 8.832650599338205
0.09405 8.744426486108916
0.09415 8.85842678182662
0.09425 9.125180668220034
0.09435 9.560732768070647
0.09445 9.404074480072197
0.09455 9.013383163465608
0.09465 8.636680007953787
0.09475 8.315765322510746
0.09485 7.99948065853273
0.09495 7.652130034211479
0.09505 7.258555266069454
0.09515 6.856803801502043
0.09525 6.279921175936737
0.09535 6.506804362345959
0.09545 7.069476426710447
0.09555 7.431409808650253
0.09565 7.405077167024418
0.09575 7.4890745565509125
0.09585 7.730939107646343
0.09595 7.994274293464128
0.09605 8.42196509511403
0.09615 7.842436713862533
0.09625 7.142221859656458
0.09635 6.339842453845095
0.09645 5.6537990037372605
0.09655 5.1600060163256565
0.09665 4.768930572621639
0.09675 4.375588197804551
0.09685 4.022262342390113
0.09695 3.561804489810486
0.09705 4.08685473632688
0.09715 5.333473816236942
0.09725 5.823032839960639
0.09735 6.051605390219902
0.09745 6.330359195036022
0.09755 6.664327879551122
0.09765 6.896553971029863
0.09775 7.1694814233198905
0.09785 6.334063620094528
0.09795 5.094958013184931
0.09805 3.888566126047121
0.09815 3.0180691673507267
0.09825 2.5070948794950367
0.09835 2.2431604064588826
0.09845 2.1436098973655633
0.09855 2.1401879336980523
0.09865 2.3417563592052333
0.09875 3.1061244155751453
0.09885 4.303245654734288
0.09895 4.902865198615226
0.09905 5.160005914354036
0.09915 5.341364686207829
0.09925 5.5052196213793705
0.09935 5.709225066663947
0.09945 5.318276169741962
0.09955 4.2175508455996695
0.09965 2.7807584649192134
0.09975 1.4598409242707755
0.09985 0.5425819214512602
0.09995 0.06637536773515931
0.10005 -0.08714851656783917
0.10015 -0.007635227116293536
0.10025 0.30036261108533496
0.10035 0.9408251543595418
0.10045 1.8196847037469472
0.10055 3.0898622873254373
0.10065 3.746275537517909
0.10075 3.98330948896922
0.10085 4.1836184629817526
0.10095 4.294445503816288
0.10105 4.418510194612839
0.10115 3.943574207298109
0.10125 2.944094976368077
0.10135 1.4427360005710412
0.10145 0.08593903116762605
0.10155 -0.7742979508802701
0.10165 -1.1933668480061999
0.10175 -1.3121250376020355
0.10185 -1.2387137299689497
0.10195 -0.871140807513269
0.10205 -0.06575986702900584
0.10215 0.9472033773000975
0.10225 1.8387332065486175
0.10235 2.5746489372007773
0.10245 2.8430736286091585
0.10255 3.0730336047477986
0.10265 3.0446606129514158
0.10275 2.87654356992449
0.10285 2.917237894693907
0.10295 2.2329826189371498
0.10305 0.7797089729928162
0.10315 -0.7294405326997497
0.10325 -1.7636722020261761
0.10335 -2.3347207252221707
0.10345 -2.5495529054264203
0.10355 -2.5001558126373435
0.10365 -2.163711053213891
0.10375 -1.3308138864953885
0.10385 0.00561935013485747
0.10395 0.8962560099524304
0.10405 1.2812869838323995
0.10415 1.6454058215598601
0.10425 1.9681774102267342
0.10435 2.307068978703227
0.10445 2.317155501623898
0.10455 2.357926611024152
0.10465 1.9775816410293015
0.10475 1.1443167646443995
0.10485 -0.32148817384121997
0.10495 -1.560296839389598
0.10505 -2.3644377029872587
0.10515 -2.8151654234626506
0.10525 -2.936132318375796
0.10535 -2.8078554858182967
0.10545 -2.269523435627865
0.10555 -0.9100094323749701
0.10565 0.6998869134719808
0.10575 1.3895913487276492
0.10585 1.6930718441057857
0.10595 1.9634592852809063
0.10605 2.474339657273381
0.10615 2.7859874676877427
0.10625 2.5950261302279576
0.10635 2.301867304329205
0.10645 1.7051406953444856
0.10655 0.2373085610274661
0.10665 -1.2922205850111914
0.10675 -2.263835866478359
0.10685 -2.683850448420205
0.10695 -2.7295596355534255
0.10705 -2.5953026772649173
0.10715 -2.424225703986581
0.10725 -1.926014592139008
0.10735 -0.2725185460886235
0.10745 1.4198416380721246
0.10755 1.9736138232729832
0.10765 2.2985523088924356
0.10775 3.195512432889927
0.10785 3.735109848929043
0.10795 3.3471183329679355
0.10805 2.310878128616806
0.10815 1.7243897763252487
0.10825 1.2752429218948367
0.10835 0.29748680742149464
0.10845 -0.7939322806462962
0.10855 -1.5182790249473572
0.10865 -1.6093066439609858
0.10875 -1.024113535203153
0.10885 -0.30458168691653115
0.10895 0.4063566049568405
0.10905 1.3834863077605504
0.10915 2.7575832725752423
0.10925 3.536491360454386
0.10935 3.5077825761090695
0.10945 4.222329031830442
0.10955 5.462345653204713
0.10965 5.858646020812408
0.10975 4.797048227478293
0.10985 3.0407212452774397
0.10995 1.78024279443031
0.11005 0.8978289222109487
0.11015 0.4732876160564515
0.11025 0.5880056900164684
0.11035 1.0609013271606513
0.11045 1.855562500955984
0.11055 2.6693274461717307
0.11065 3.176389184889845
0.11075 3.654043735628375
0.11085 4.531061575563521
0.11095 5.684004323596744
0.11105 6.121789194067292
0.11115 6.5254185680125225
0.11125 7.536352679049421
0.11135 8.313155868721735
0.11145 7.922079099386642
0.11155 6.412417594183539
0.11165 4.652367730060725
0.11175 3.2602038412709744
0.11185 2.8022968087981117
0.11195 3.383962617203632
0.11205 4.684544365303136
0.11215 6.48763808232169
0.11225 7.79581284128627
0.11235 8.155761345617515
0.11245 7.920005200552686
0.11255 7.779776376234494
0.11265 8.17745886719726
0.11275 8.994654953526434
0.11285 9.892626330092336
0.11295 11.010062967476152
0.11305 12.11795149209975
0.11315 12.983110032477962
0.11325 13.241368459157817
0.11335 12.75784156669199
0.11345 11.598683444397425
0.11355 10.085531348625679
0.11365 8.364160850035436
0.11375 7.256313419975222
0.11385 7.428459259788001
0.11395 8.885510954301418
0.11405 10.558374368413272
0.11415 11.584459015056112
0.11425 12.104580055370592
0.11435 12.686641819581611
0.11445 13.779090005251538
0.11455 15.262424069381492
0.11465 16.678259242452825
0.11475 17.754468039544594
0.11485 18.243809353856822
0.11495 18.030130880575935
0.11505 17.14595830380405
0.11515 15.792820993917395
0.11525 13.985102150071635
0.11535 11.703729408105724
0.11545 10.041746875844453
0.11555 9.545364625024856
0.11565 10.10612308994407
0.11575 11.22760422774342
0.11585 12.119950033905566
0.11595 12.747484615031638
0.11605 13.426924077029364
0.11615 14.483289604503069
0.11625 15.487996104684067
0.11635 16.18935375485003
0.11645 16.450734450602397
0.11655 16.162960949967626
0.11665 15.325177813014639
0.11675 14.067810414361682
0.11685 12.176095710563752
0.11695 10.250719052887582
0.11705 8.876130482886614
0.11715 8.214586326625302
0.11725 8.196477594285511
0.11735 8.449484788383394
0.11745 8.777552069259125
0.11755 9.171746926830265
0.11765 9.64061590859264
0.11775 10.161783075770012
0.11785 10.630005149566875
0.11795 10.952373950329624
0.11805 10.93579489428092
0.11815 10.513268037505163
0.11825 9.77949707596376
0.11835 8.911431120719104
0.11845 8.071944445860717
0.11855 7.309294611309673
0.11865 6.596657778140344
0.11875 5.929447466769998
0.11885 5.356737825863062
0.11895 4.931108788424182
0.11905 4.675545471695227
0.11915 4.542828896718044
0.11925 4.5008325982878965
0.11935 4.569377820152652
0.11945 4.83761294631704
0.11955 5.365550621262103
0.11965 6.124152386390868
0.11975 6.872900225867141
0.11985 7.495308693590574
0.11995 7.9389202225020785
0.12005 8.136135989354164
0.12015 7.884558641330118
0.12025 7.026694232994958
0.12035 5.57255117700744
0.12045 3.7873879459346464
0.12055 2.00161308907731
0.12065 0.35532888397159074
0.12075 -1.506030091825445
0.12085 -2.159183309285026
0.12095 -1.954836259069101
0.12105 -1.135195403119312
0.12115 0.044525092666710855
0.12125 1.3980922129371398
0.12135 2.745931791182514
0.12145 3.7157303462446407
0.12155 4.441756563148476
0.12165 4.681938990378978
0.12175 4.483658231914059
0.12185 3.7896364201842627
0.12195 2.8465676862129268
0.12205 1.8629926631418476
0.12215 1.0779347687538559
0.12225 0.4776757608357594
0.12235 0.13863031718272806
0.12245 0.09473683673833572
0.12255 0.2787381011864398
0.12265 0.5499571209332443
0.12275 0.833437412368138
0.12285 1.0899682358399658
0.12295 1.2426261771349034
0.12305 1.2823606430330439
0.12315 1.1104945113774838
0.12325 0.7740442454864811
0.12335 0.4118331948218811
0.12345 0.1814056787995901
0.12355 0.11355631127857119
0.12365 0.27562806870847845
0.12375 0.5429386181825598
0.12385 0.8052864127913202
0.12395 0.9515454309065788
0.12405 0.9876253358690277
0.12415 1.013516440374644
0.12425 1.1598885450179215
0.12435 1.467035837926305
0.12445 1.8411345362585592
0.12455 2.143373221232531
0.12465 2.211862256733951
0.12475 2.0891912120856766
0.12485 1.67163037326712
0.12495 1.1233560900001531
0.12505 0.3867415478272397
0.12515 -0.4472101074271031
0.12525 -1.418657645577236
0.12535 -2.076887010345021
0.12545 -2.285084305037908
0.12555 -2.2823599292316947
0.12565 -2.1288038218963665
0.12575 -1.9242997353836426
0.12585 -1.7356665120097077
0.12595 -1.51940519953297
0.12605 -1.1659046667312487
0.12615 -0.747023091473643
0.12625 -0.3096979090719053
0.12635 0.10635609509873402
0.12645 0.40054320282665334
0.12655 0.6000674032416778
0.12665 0.5850624831109503
0.12675 0.4230805626794064
0.12685 0.1279928415921849
0.12695 -0.24785079512371708
0.12705 -0.6282988584276996
0.12715 -0.9649474591221263
0.12725 -1.3343909489988937
0.12735 -1.7151472725140595
0.12745 -2.1417767535294927
0.12755 -2.29294805055753
0.12765 -2.482639025559187
0.12775 -2.497063013363381
0.12785 -2.3388699504927777
0.12795 -2.0856877730927486
0.12805 -1.714732757873484
0.12815 -1.3142193307602497
0.12825 -0.9694795878307068
0.12835 -0.7324318702105205
0.12845 -0.6704826826694131
0.12855 -0.8442860711863888
0.12865 -1.3040957921410472
0.12875 -2.005958507747294
0.12885 -2.8871985846338966
0.12895 -3.8582275292786017
0.12905 -4.707369591042813
0.12915 -5.321618493573239
0.12925 -5.611754778645103
0.12935 -5.583550141995483
0.12945 -5.334608148552259
0.12955 -4.908648111230645
0.12965 -4.37927712317662
0.12975 -3.811552466948448
0.12985 -3.318517638541194
0.12995 -2.910778910229283
0.13005 -2.601932464195215
0.13015 -2.2327885669418204
0.13025 -1.976698974675348
0.13035 -1.841007377646801
0.13045 -1.6903903983521387
0.13055 -1.7475340712679661
0.13065 -1.8840011624764827
0.13075 -2.0462463736342174
0.13085 -2.2418414035373955
0.13095 -2.482406938149113
0.13105 -2.693695502541643
0.13115 -2.910093558962541
0.13125 -3.168868369932648
0.13135 -3.418202648203005
0.13145 -3.7286722785048925
0.13155 -4.137811383092086
0.13165 -4.572053249580642
0.13175 -4.997932423406566
0.13185 -5.398400779063187
0.13195 -5.707541107309836
0.13205 -5.499023723697695
0.13215 -5.135637144182774
0.13225 -4.795047646240051
0.13235 -4.528359327599129
0.13245 -4.143142255510292
0.13255 -3.671635471848185
0.13265 -3.2883447456572843
0.13275 -3.1616943604594843
0.13285 -3.4232744107314934
0.13295 -3.884573121300342
0.13305 -4.571543289502531
0.13315 -5.4820947010447
0.13325 -6.441614822594873
0.13335 -7.299423350481562
0.13345 -7.9194973818786245
0.13355 -8.217652103419619
0.13365 -8.386529038968455
0.13375 -8.288432951109707
0.13385 -7.925650859365839
0.13395 -7.613799207680503
0.13405 -7.425443856974605
0.13415 -7.376933917290818
0.13425 -7.504660103093309
0.13435 -7.7682988584277
0.13445 -8.154057909683736
0.13455 -8.726775912263617
0.13465 -9.44425700927432
0.13475 -10.429860349864633
0.13485 -11.722351465587128
0.13495 -13.097576338504993
0.13505 -14.12703216694794
0.13515 -15.062821146874825
0.13525 -15.476619436810736
0.13535 -15.552668240428691
0.13545 -15.325034848801579
0.13555 -15.025144468294473
0.13565 -14.930530915246287
0.13575 -15.03574350058379
0.13585 -15.33638000744393
0.13595 -15.773283843106466
0.13605 -16.289572789892574
0.13615 -16.92526510072247
0.13625 -17.679975118924403
0.13635 -18.58109905013435
0.13645 -19.46792951721536
0.13655 -20.259134158963562
0.13665 -20.339901087527345
0.13675 -20.372057532388737
0.13685 -20.22397026507523
0.13695 -20.961590145462516
0.13705 -21.123147863949466
0.13715 -20.797230552737176
0.13725 -20.720658736673585
0.13735 -20.475556280687087
0.137432 -20.626736041359692
0.137517 -21.64501812545569
0.137606 -22.713371946587266
0.137696 -24.46619161487358
0.137789 -26.189985469043968
0.137883 -27.69307826831793
0.137978 -29.07381521722505
0.138074 -30.042495959374506
0.138171 -30.5543737157949
0.138269 -30.626268603447663
0.138367 -30.178023178149523
0.138465 -29.319496362162415
0.138564 -28.509832817526885
0.138663 -29.0220238307679
0.138762 -28.041997624061228
0.138862 -27.42779256932796
0.138952 -28.529789173672967
0.139036 -29.811056375010835
0.139123 -31.7941807854874
0.139213 -33.04768254194858
0.139305 -33.498156047172074
0.139398 -33.59875604819179
0.139493 -33.58012022454152
0.139589 -33.72191614873581
0.139685 -34.01944374480583
0.139783 -34.55513942069922
0.139881 -35.13208333120893
0.139979 -35.281032564637265
0.140077 -35.06638250574865
0.140176 -34.99230807666226
0.140275 -35.373755971713074
0.140375 -36.14862190452398
0.140474 -37.0488953924123
0.140574 -37.912246179888136
0.140673 -38.531369529859845
0.140773 -38.94668077274095
0.140873 -39.43062738040004
0.140973 -40.00412719940041
0.141072 -40.62464929410146
0.141172 -41.38969719527056
0.141272 -42.25040324677643
0.141372 -43.01904330224899
0.141472 -43.6828645867855
0.141572 -44.180737764680096
0.141672 -44.44492186424518
0.141772 -44.32419643813127
0.141872 -43.827474213926266
0.141972 -43.17989578500304
0.142072 -42.537731029454505
0.142172 -41.95826301540282
0.142272 -41.38923567171256
0.142372 -40.9343344567207
0.142472 -40.563199665533084
0.142572 -40.35473806039779
0.142672 -39.873333503286034
0.142772 -38.95959772195398
0.142872 -41.27711420311727
0.142972 -42.252900735725255
0.143072 -42.056940341502965
0.143172 -41.11414234218617
0.143272 -42.014295503561364
0.143372 -42.378271071160896
0.143472 -41.9822909964157
0.143572 -41.64962591710727
0.143672 -41.44143280325086
0.143772 -41.204167376219196
0.143872 -40.948410109466536
0.143972 -40.77226789984348
0.144072 -40.73485797902444
0.144172 -40.81791090739448
0.144272 -41.13256494317631
0.144372 -41.24940902346877
0.144472 -41.728836350843565
0.144572 -42.49684112311544
0.144672 -43.29280580014582
0.144772 -43.895461039192796
0.144872 -44.29723922032498
0.144972 -44.44699117435618
0.145072 -44.26618335517226
0.145172 -43.60690358073348
0.145272 -44.32404215506825
0.145372 -44.33546603580224
0.145472 -43.80606333457399
0.145572 -43.16165010477584
0.145672 -42.721582191676056
0.145726 -42.927921257514036
0.14579 -43.47228441924612
0.145861 -43.8038700269715
0.145938 -44.17238792044174
0.146019 -44.856030040839634
0.146104 -45.76556571306206
0.146192 -46.35125562755886
0.146283 -47.107311671161916
0.146375 -47.990312390061845
0.146469 -48.162820738988344
0.146564 -47.73518020934774
0.14666 -47.123011221976924
0.146757 -46.58387288217689
0.146855 -46.09997032625821
0.146953 -45.76804515303392
0.147051 -45.46820035384153
0.14715 -45.26761524067852
0.147249 -45.29716518892792
0.147348 -45.71157153564163
0.147447 -46.21132588600592
0.147547 -46.83329485604157
0.147646 -47.3736057675149
0.147746 -47.97990944920029
0.147846 -48.57293091932516
0.147945 -48.978098433206036
0.148045 -49.146483355682115
0.148145 -48.986859019134975
0.148245 -48.630442607822246
0.148345 -48.001302177603975
0.148445 -47.10671340365976
0.148545 -46.19416314439692
0.148645 -45.33460631306308
0.148745 -44.58630939209618
0.148845 -44.05218214170996
0.148945 -43.70874478032764
0.149045 -43.55009865754361
0.149145 -43.417252578607375
0.149245 -43.39828106437978
0.149345 -43.51397449689752
0.149445 -43.66179347687539
0.149545 -43.76703012751551
0.149645 -43.860772435031336
0.149745 -43.7018840276751
0.149845 -43.32438641126175
0.149945 -42.649651410012595
0.150045 -41.74576486363845
0.150145 -40.808194439487494
0.150245 -39.93289930812255
0.150345 -39.30508032814468
0.150445 -38.90422621384469
0.150545 -38.77509924388043
0.150645 -38.8322632091489
0.150745 -39.02052393019023
0.150845 -39.34530782683179
0.150945 -39.74344093038908
0.151045 -40.079833888228904
0.151145 -40.19335185817787
0.151245 -40.05432048660858
0.151345 -39.70375439115294
0.151445 -39.09509934585205
0.151545 -38.26573060117369
0.151645 -37.317766719521956
0.151745 -36.22843182942188
0.151845 -35.18048405928631
0.151945 -34.102392662122135
0.152045 -33.04235095572902
0.152145 -32.20756333712328
0.152245 -31.6868782917714
0.152345 -31.341072639484434
0.152445 -31.12989624387533
0.152545 -30.958407305246954
0.152645 -30.734527387028194
0.152745 -30.497331606613884
0.152845 -30.48808023127164
0.152945 -30.386380568287848
0.153045 -30.33319482188107
0.153145 -30.647323295926746
0.153245 -30.360253603422166
0.153345 -29.93316055941632
0.153445 -29.30886276149348
0.153545 -28.517880417879706
0.153645 -27.817239322296604
0.153745 -26.846511499849594
0.153845 -25.789907256810434
0.153945 -24.95258105469248
0.154045 -24.321311558993134
0.154145 -23.82342645041885
0.154245 -23.495167360923457
0.154345 -23.20441190416707
0.154445 -22.938726578393236
0.154545 -22.495084763910207
0.154645 -21.966948040360368
0.154745 -21.432810082953914
0.154845 -20.850997027527242
0.154945 -20.169315107605556
0.155045 -19.34628665242463
0.155145 -18.50913104882911
0.155245 -17.99808905181688
0.155345 -17.889094339045446
0.155445 -18.21496657880112
0.155536 -18.698564647458614
0.15562 -19.023923460101056
0.155707 -17.78290323402997
0.155797 -16.80266186720236
0.155889 -15.66669362116523
0.155983 -15.045965339845921
0.156078 -14.329207731488328
0.156173 -13.16336118858122
0.15627 -11.42628736622598
0.156368 -10.331406953444857
0.156465 -10.768316601489806
0.156564 -10.824578729739514
0.156662 -11.145776896289764
0.156761 -11.787243146232404
0.15686 -12.276653291389007
0.15696 -12.358523348951987
0.157059 -12.068962489739107
0.157159 -11.576330551207601
0.157258 -11.027744438722705
0.157358 -10.585079308428465
0.157458 -10.351343425124789
0.157558 -10.250114463144907
0.157658 -10.196600368117553
0.157757 -10.072356717125624
0.157857 -9.887629618677122
0.157957 -9.564244058878415
0.158057 -9.2096409069356
0.158157 -8.87890615041834
0.158257 -8.536016580585624
0.158357 -8.184572407498994
0.158457 -7.938193062870604
0.158557 -7.967548551238192
0.158657 -8.191880815569027
0.158757 -8.483387701202755
0.158857 -8.910913206854532
0.158957 -9.172834454171406
0.159057 -9.153411817491193
0.159157 -9.111526056298533
0.159257 -9.114037311416233
0.159357 -9.020541877195576
0.159457 -8.841192864025942
0.159557 -8.48821014311717
0.159657 -8.075525995115559
0.159757 -7.552654780174678
0.159857 -7.077773653592206
0.159957 -6.565867039202991
0.160057 -6.058504076315562
0.160157 -5.6355929904707525
0.160257 -5.325013026874621
0.160357 -5.166283695247613
0.160457 -5.094359337796291
0.160557 -5.196581911254099
0.160657 -5.218543641304625
0.160757 -5.261370702533485
0.160857 -5.3182531241555475
0.160957 -5.414643328761605
0.161057 -5.576305160273896
0.161157 -5.702007821223353
0.161257 -5.822687054192818
0.161357 -5.9770427210107435
0.161457 -6.110691010691725
0.161557 -6.145526861874341
0.161657 -6.078105877134394
0.161757 -6.066505585495557
0.161857 -6.070589956815018
0.161957 -6.054778645103068
0.162057 -6.0273575583915004
0.162157 -5.965392055390985
0.162257 -5.818957034257367
0.162357 -5.616130380914992
0.162457 -5.370107121188174
0.162557 -5.134478032763482
0.162657 -4.860702788413985
0.162757 -4.49214033334523
0.162857 -4.1958032559538685
0.162957 -3.9267201337867674
0.163057 -3.8573442510949203
0.163157 -3.8951197401763094
0.163257 -3.933920553909847
0.163357 -4.002846741751771
0.163457 -4.066709222823289
0.163557 -4.1404720266349875
0.163657 -4.1868047702324445
0.163757 -4.245964116186466
0.163857 -4.299669408003753
0.163957 -4.393160559416315
0.164057 -4.462234198222635
0.164157 -4.522105510036557
0.164257 -4.645296406010208
0.164357 -4.7296315255464405
0.164457 -4.816981130151479
0.164557 -4.78064741782362
0.164657 -4.664863434506177
0.164757 -4.585578867401202
0.164857 -4.617528003956499
0.164957 -4.4128074316917605
0.165057 -4.23898007984378
0.165157 -4.085227881080695
0.165257 -3.9658570459841034
0.165357 -3.8678749623979645
0.165457 -3.7310591282446097
0.165557 -3.5705245930057665
0.165657 -3.4393990812356923
0.165757 -3.435149413918107
0.165857 -3.4532836391632213
0.165957 -3.4807466362111428
0.166057 -3.4316803393615563
0.166157 -3.312220585011192
0.166257 -3.3339979503704122
0.166357 -3.3164211020073115
0.166457 -3.0493657875013387
0.166557 -2.77779598537727
0.166657 -2.4759060433481364
0.166757 -2.2123054254001113
0.166857 -1.9128136519606593
0.166957 -1.6160149490396822
0.167057 -1.3059223078217332
0.167157 -1.0490355014199548
0.167257 -0.7858514375449313
0.167357 -0.5759319441399459
0.167457 -0.40970739243268606
0.167557 -0.23555138604926248
0.167657 -0.09960587968368403
0.167757 0.01842831140093712
0.167857 0.136761687222446
0.167957 0.1961890145972376
0.168057 0.2415026538114443
0.168157 0.2559305165372477
0.168257 0.23441583007449027
0.168357 0.1774909882579678
0.168457 0.0971040059551427
0.168557 -0.0071602433042884175
0.168657 -0.12089449506202425
0.168757 -0.24270459331168137
0.168857 -0.3633747508068505
0.168957 -0.4601703945791887
0.169057 -0.5346998210398046
0.169157 -0.5815548632815488
0.169257 -0.6338734430208073
0.169357 -0.6630313103863196
0.169457 -0.6617794047916465
0.169557 -0.6250513682042288
0.169657 -0.5584136274874703
0.169757 -0.47884945419689706
0.169857 -0.37161303809149915
0.169957 -0.25131354743974754
0.170057 -0.114734185476182
0.170157 0.04714759882324749
0.170257 0.2408883767647464
0.170357 0.4369671600393611
0.170457 0.621431987477885
0.170557 0.8252249239036776
0.170657 0.9913623918463493
0.170757 1.1597775998939497
0.170857 1.269759703874412
0.170957 1.3301712613379697
0.171057 1.3790219901801328
0.171157 1.388823910305762
0.171257 1.3502764960511489
0.171357 1.3010252226805281
0.171457 1.2561012170313002
0.171557 1.2268322005985735
0.171657 1.223239944323495
0.171757 1.2541447895050808
0.171857 1.3228680538206217
0.171957 1.4221986101268018
0.172057 1.5399940856459648
0.172157 1.6617666583389845
0.172257 1.7739303431854916
0.172357 1.866729209261063
0.172457 1.9329272483467852
0.172557 1.9745063808742027
0.172657 1.995668959328619
0.172757 2.0037527596070017
0.172857 1.9924406397699521
0.172957 1.9721555271168036
0.173057 1.9399647178190311
0.173157 1.894547067551101
0.173257 1.8412274324055617
0.173357 1.7896497784666527
0.173457 1.7613361341538651
0.173557 1.7392951721535896
0.173657 1.748232576873856
0.173757 1.780973828983394
0.173857 1.8289032442271318
0.173957 1.8878813866101063
0.174057 1.956576710701412
0.174157 2.0348122957380963
0.174257 2.121348064833557
0.174357 2.211967083560645
0.174457 2.299722841133313
0.174557 2.373917902647693
0.174657 2.4241885863164283
0.174757 2.4456107845186685
0.174857 2.4397105025671357
0.174957 2.4137715733711307
0.175057 2.378205911294887
0.175157 2.343445723055274
0.175257 2.317799860298879
0.175357 2.3057659853262837
0.175457 2.303682399188306
0.175557 2.3108871021194806
0.175657 2.3278472261169716
0.175757 2.3480267981420773
0.175857 2.374546149806509
0.175957 2.406974552981905
0.176057 2.443070467488898
0.176157 2.479636879056559
0.176257 2.5135573309947845
0.176357 2.5429460621109143
0.176457 2.5684811836865804
0.176557 2.591180066587469
0.176657 2.613543972712394
0.176757 2.6389400049966096
0.176857 2.670011267864153
0.176957 2.7081292796214815
0.177057 2.752005322918632
0.177157 2.7977587657354963
0.177257 2.839296803699531
0.177357 2.8696968893556924
0.177457 2.8832777757949963
0.177557 2.8779663799564585
0.177657 2.8565585597528207
0.177757 2.825995523445825
0.177857 2.663434914063416
0.177957 2.6688825439880084
0.178057 2.743239332493767
0.178157 2.807609326324484
0.178257 2.8338528447533053
0.178357 2.732557397276338
0.178457 2.67939184125058
0.178557 2.7015472154099514
0.178657 2.7439370223266866
0.178757 2.7647890971942513
0.178857 2.7540934977795684
0.178957 2.6423050684994367
0.179057 2.590482886612656
0.179157 2.609544747696716
0.179257 2.633858861078962
0.179357 2.6376243671386255
0.179457 2.621424747492773
0.179557 2.5661891675546697
0.179657 2.537878990277006
0.179757 2.5558533240199255
0.179857 2.610126801711084
0.179957 2.6540053942987667
0.180057 2.674424497662301
0.180157 2.6672437580621313
0.180257 2.6283807416396017
0.180357 2.588717757847991
0.180457 2.569724727608307
0.180557 2.550649712185099
0.180657 2.5359401018696497
0.180757 2.5177473449139107
0.180857 2.495503561358874
0.180957 2.4753701824782164
0.181057 2.476623005817481
0.181157 2.478861384876589
0.181257 2.502627808680844
0.181357 2.5317875115355397
0.181457 2.5510110996109785
0.181557 2.554342410507156
0.181657 2.544605854190779
0.181757 2.531682072879118
0.181857 2.5245539506355383
0.181957 2.526814763451332
0.182057 2.533833266202016
0.182157 2.5347435668653415
0.182257 2.5200579198808972
0.182357 2.486887163302453
0.182457 2.424270673471573
0.182557 2.3783376586296034
0.182657 2.3558813662157823
0.182757 2.3514423375974465
0.182857 2.3542826551370757
0.182957 2.353593225005481
0.183057 2.342547455043262
0.183157 2.320449592878302
0.183257 2.2911566131145706
0.183357 2.259056660531374
0.183457 2.2264226825674416
0.183557 2.1931757531878877
0.183657 2.157842076550096
0.183757 2.12208062896096
0.183857 2.0881350920038955
0.183957 2.0679801971111442
0.184057 2.064640728485263
0.184157 2.075021133618514
0.184257 2.091725716733033
0.184357 2.108342808196479
0.184457 2.119761590349406
0.184557 2.1272660898471956
0.184657 2.1344499905676253
0.184757 2.1361229369866366
0.184857 2.138527223873596
0.184957 2.150194408896004
0.185057 2.1690547740563804
0.185157 2.1838839970836115
0.185257 2.18323719108972
0.185357 2.161053366848006
0.185457 2.12414942921385
0.185557 2.082950242947388
0.185657 2.0473335950604947
0.185757 2.024642258059582
0.185857 2.015981604319518
0.185957 2.0286077304686105
0.186057 2.0586523430529287
0.186157 2.093491049440941
0.186257 2.120916622903846
0.186357 2.136655840679539
0.186457 2.1402410609127482
0.186557 2.135653051755696
0.186657 2.126703920298981
0.186757 2.123365471389312
0.186857 2.1149181422810033
0.186957 2.1010257325386346
0.187057 2.079678279534806
0.187157 2.049502939331984
0.187257 2.0092726874110935
0.187357 1.9684254052097303
0.187457 1.9311804744739538
0.187557 1.9077227187673673
0.187657 1.9058692825786585
0.187757 1.9263953541729337
0.187857 1.9664348171903758
0.187957 2.0200039768932307
0.188057 2.084325330260589
0.188157 2.158080690143933
0.188257 2.2339459448435504
0.188357 2.3116716717737456
0.188457 2.3893136800028554
0.188557 2.461405984714454
0.188657 2.516447308713985
0.188757 2.541542830630236
0.188857 2.5380568287845495
0.188957 2.494549208955148
0.189057 2.431723167442501
0.189157 2.3627173397643437
0.189257 2.3651834214538097
0.189357 2.2772723611019052
0.189457 2.2516336363590015
0.189557 2.3223143479169748
0.189657 2.424505820030286
0.189757 2.490880371992475
0.189857 2.502312308484549
0.189957 2.497626814457537
0.190057 2.5436637383816088
0.190157 2.6781178078140853
0.190257 2.8386878291771405
0.190357 3.090518882594974
0.190457 3.1680836983067615
0.190557 3.2819870190126093
0.190657 3.207159937389425
0.190757 3.2242912717390753
0.190857 3.2317608969423812
0.190957 3.154834117665054
0.191057 3.1387350420378013
0.191157 3.2415368143045793
0.191257 3.4808251543595414
0.191357 3.4852930409467047
0.191457 3.2994819841638074
0.191557 3.096038504484202
0.191657 2.957259818592486
0.191757 3.0296663998409246
0.191857 3.306683729917964
0.191957 3.6717327527749033
0.192057 3.9988665854292753
0.192157 4.27113927793895
0.192257 4.464511734384321
0.192357 4.614062702349936
0.192457 4.666604701911458
0.192557 4.5963612446656095
0.192657 4.474345061769309
0.192757 4.520981170940128
0.192857 4.427702324443108
0.192957 4.373795128815651
0.193057 4.332912258518455
0.193157 4.378179908531456
0.193257 4.53046514355055
0.193357 4.822465775774602
0.193457 4.893311579387457
0.193557 4.607809394645471
0.193657 4.369649370580167
0.193757 4.316752815691394
0.193857 4.629495291460387
0.193957 5.2511725206874935
0.194057 6.003405240321619
0.194157 6.6748268776799415
0.194257 7.121176650538155
0.194357 7.27145365644741
0.194457 7.139234193124055
0.194557 6.880006322240521
0.194657 6.493661851906615
0.194757 6.168660959654928
0.194857 6.026377305195965
0.194957 6.1433392646826395
0.195057 6.238361519988987
0.195157 6.281688344133828
0.195257 6.36148898961419
0.195357 6.482834505157215
0.195457 6.783026619691739
0.195557 6.6678658869236695
0.195657 6.570579147823162
0.195757 6.5322579066245865
0.195857 6.911442949427175
0.195957 7.756394079527667
0.196057 8.887770543457757
0.196157 9.999448945358507
0.196257 10.868892435235274
0.196357 11.25475998429637
0.196457 11.117366276965122
0.196557 10.527275573207977
0.196657 9.834611003757654
0.196757 8.96525745285087
0.196857 8.524932265350554
0.196957 8.355334186495899
0.197057 8.370005863368224
0.197157 8.435882283960375
0.197257 8.460831680543306
0.197357 8.563491814228101
0.197457 8.902648712863211
0.197557 9.206714627319219
0.197657 9.43118016855909
0.197757 9.760358532220483
0.197857 10.36596758322159
0.197957 11.485347799707341
0.198057 12.934380955780007
0.198157 14.304509083122168
0.198257 15.177932423406567
0.198357 15.370086930807156
0.198457 14.93775896967874
0.198557 14.103919687151068
0.198657 13.075785818806628
0.198757 12.186552288498111
0.198857 11.541213768208308
0.198957 11.349678126577375
0.199057 11.689671396450368
0.199157 12.10398902785355
0.199257 12.148417451423269
0.199357 11.815248836248873
0.199457 11.636222971147129
0.199557 11.961054692479085
0.199657 12.468292332243937
0.199757 13.198576476166684
0.199857 14.388991143764692
0.199957 15.615802338209278
0.200057 16.727753616168624
0.200157 17.576945949942132
0.200257 17.97133669499778
0.200357 17.845138961826926
0.200457 17.29119342486986
0.200557 16.483197320185795
0.200657 15.372845773021368
0.200757 14.513357874503525
0.200857 14.118185007112523
0.200957 14.125598445952493
0.201057 14.39391443561257
0.201157 14.671310896177594
0.201257 14.61520611013955
0.201357 14.167905145997869
0.201457 13.760429606440528
0.201557 14.01192802842969
0.201657 14.429275746559734
0.201757 14.841706495082422
0.201857 15.313579560808227
0.201957 15.914473036154039
0.202057 16.524518668454572
0.202157 17.03287422310371
0.202257 17.35904279239088
0.202357 17.50120683413806
0.202457 17.42310513784014
0.202557 17.10451153044108
0.202657 16.507797973823887
0.202757 15.896458015734222
0.202857 15.571597436433441
0.202957 15.451497198329704
0.203057 15.30156026777748
0.203157 15.128127953990406
0.203257 14.981231817185277
0.203357 14.730984281074576
0.203457 14.365872749613784
0.203557 13.916905365236854
0.203657 13.481270464429748
0.203757 13.294314164368055
0.203857 13.389713816644827
0.203957 13.589580233820929
0.204057 13.847948687880164
0.204157 14.167881386610109
0.204257 14.583526790494208
0.204357 15.175059067061639
0.204457 15.851954337107983
0.204557 16.371622623423903
0.204657 16.475456450469835
0.204757 16.038802751194343
0.204857 15.168221767881999
0.204957 13.9446073837651
0.205057 13.017825659119067
0.205157 12.732402502383588
0.205257 12.990090091927417
0.205357 13.284835086395457
0.205457 13.252858315530787
0.205557 12.9747433629221
0.205657 12.662810439854589
0.205757 12.205355651522183
0.205857 11.706086074245539
0.205957 11.448674113994075
0.206057 11.383537803429306
0.206157 11.380647519795241
0.206257 11.318854756721205
0.206357 11.260549627038795
0.206457 11.193565182809625
0.206557 11.199436402849088
0.206657 11.47830757700132
0.206757 11.807949299709891
0.206857 12.097600607750863
0.206957 12.263062309759194
0.207057 12.22680528009055
0.207157 11.957353938398944
0.207257 11.498371615179497
0.207357 11.004003915710259
0.207457 10.58551340162033
0.207557 10.415283404628493
0.207657 10.577495984867411
0.207757 10.855296966854125
0.207857 10.933132007362351
0.207957 10.704789709023979
0.208057 10.15803164179409
0.208157 9.495364472067424
0.208257 8.874625687671122
0.208357 8.519130284041951
0.208457 8.547729448894373
0.208557 8.88137100844835
0.208657 9.302532567186553
0.208757 9.605526453987856
0.208857 9.716178205605381
0.208957 9.639578653260799
0.209057 9.324019211453454
0.209157 8.845657385549602
0.209257 8.68518505299975
0.209357 8.796637893674191
0.209457 9.05917097071885
0.209557 9.52355850366843
0.209657 9.745858575558422
0.209757 9.70104969586964
0.209857 9.523166830671025
0.209957 9.335737076371647
0.210057 9.2192708009361
0.210157 9.222474749277277
0.210257 9.364104867615344
0.210357 9.501629710451581
0.210457 9.486483559625357
0.210557 9.25745723565132
0.210657 8.8636536431911
0.210757 8.405673599037389
0.210857 7.990967251813821
0.210957 7.734953322490352
0.211057 7.692587376933
0.211157 7.845589064563333
0.211257 8.110479521549154
0.211357 8.399484839369205
0.211457 8.590882921283008
0.211557 8.650202260710843
0.211657 8.637767433323306
0.211757 8.820982394599584
0.211857 9.022355034593874
0.211957 9.231130508379518
0.212057 9.431346688216669
0.212157 9.539364920742557
0.212257 9.525008030265179
0.212357 9.42641156766072
0.212457 9.315384254561955
0.212557 9.267639305981145
0.212657 9.325919962474444
0.212757 9.470946959461184
0.212857 9.60720042012308
0.212957 9.657291225851846
0.213057 9.580273080001836
0.213157 9.397620900103501
0.213257 9.134989012557806
0.213357 8.85020980661082
0.213457 8.64384218871888
0.213557 8.57125093686427
0.213657 8.64119429162864
0.213757 8.720303773459847
0.213857 9.000692591251855
0.213957 9.483736648090836
0.214057 10.037463048033732
0.214157 10.548858580657004
0.214257 10.999224913706517
0.214357 11.340243814146524
0.214457 11.533620349456747
0.214557 11.497715325824824
0.214657 11.252054167325234
0.214757 10.940148470680612
0.214857 10.732876058592893
0.214957 10.734630480337323
0.215057 10.968117246970168
0.215157 11.377688813203285
0.215257 11.83578061825394
0.215357 12.189299811862359
0.215457 12.341335522324139
0.215557 12.30234147236824
0.215657 12.171329353041049
0.215757 12.082957788847365
0.215857 12.146739100508329
0.215957 12.437859309754096
0.216057 12.953383673323716
0.216157 13.57976281400886
0.216257 14.259478517128684
0.216357 14.935594214130207
0.216457 15.494520656901186
0.216557 15.794282043307348
0.216657 15.754815048971873
0.216757 15.42462624851504
0.216857 14.97376606690358
0.216957 14.616553461171758
0.217057 14.52307291480781
0.217157 14.743653541219478
0.217257 15.205169553313313
0.217357 15.770888937608666
0.217457 16.284303916220118
0.217557 16.621602993886803
0.217657 16.764954189249135
0.217757 16.804428627512966
0.217857 16.880623862379103
0.217957 17.095799890890365
0.218057 17.448357594081568
0.218157 17.834414912329898
0.218257 18.122976755568924
0.218357 18.241464414453457
0.218457 18.20589059464751
0.218557 18.080977703905003
0.218657 17.92745157622634
0.218757 17.79073077962403
0.218857 17.70836167294642
0.218957 17.71149577072701
0.219057 17.82058847822651
0.219157 18.038815089760522
0.219257 18.347890869970886
0.219357 18.71045902525327
0.219457 19.085683388313033
0.219557 19.441566793961243
0.219657 19.750523777232797
0.219757 19.981758398637663
0.219857 20.10709885638827
0.219957 20.12173627079584
0.220057 20.05554302437632
0.220157 19.958321139226953
0.220257 19.87814554409508
0.220357 19.84139762304151
0.220457 19.84234769263714
0.220557 19.860200986065582
0.220657 19.892171332718103
0.220757 19.96801772266778
0.220857 20.12898461758093
0.220957 20.387973161069276
0.221057 20.701645618024504
0.221157 20.97690648692469
0.221257 21.111801277704416
0.221357 21.043333554271847
0.221457 20.773968072685374
0.221557 20.369726053239383
0.221657 19.929992301142594
0.221757 19.54918285041273
0.221857 19.28707366939781
0.221957 19.15601148200456
0.222057 19.12501119138544
0.222157 19.136225622409285
0.222257 19.130610759025764
0.222357 19.075044689063034
0.222457 18.976845507895153
0.222557 18.87656845100009
0.222657 18.81949513850296
0.222757 18.829998827326357
0.222857 18.89566834749889
0.222957 18.970411506477745
0.223057 18.991474458658157
0.223157 18.909217112877485
0.223257 18.688520544732402
0.223357 18.331516980824237
0.223457 17.884991204947664
0.223557 17.42313103863195
0.223657 17.0118677632015
0.223757 16.71331168135908
0.223857 16.56178593097541
0.223957 16.528328226254633
0.224057 16.571822691744888
0.224157 16.638870256407643
0.224257 16.654705735393843
0.224357 16.553848765888457
0.224457 16.318837319573966
0.224557 15.988015683235355
0.224657 15.651526770099883
0.224757 15.392297777528515
0.224857 15.238658971208313
0.224957 15.20607903820367
0.225057 15.285626794063212
0.225157 15.4063391678096
0.225257 15.475264539878554
0.225357 15.447538761962548
0.225457 15.318609820886847
0.225557 15.105640662203708
0.225657 14.832443291032106
0.225757 14.519341365298038
0.225857 14.21019328720817
0.225957 13.991642711833297
0.226057 13.804708335670183
0.226157 13.592891864194197
0.226257 13.339478109242199
0.226357 13.055686396475862
0.226457 12.766900827499708
0.226557 12.500002957177017
0.226657 12.297511178638985
0.226757 12.173223577878277
0.226857 12.129484278525288
0.226957 12.161666012348764
0.227057 12.223169889819664
0.227157 12.279264376723958
0.227257 12.301947861910032
0.227357 12.269786522410813
0.227457 12.17479608225031
0.227557 12.00773383367409
0.227657 11.82322536238165
0.227757 11.671721229981697
0.227857 11.49409829044577
0.227957 11.306833220314786
0.228057 11.144951436015358
0.228157 10.993317187826628
0.228257 10.85357660363121
0.228357 10.736547036959614
0.228457 10.644585153951656
0.228557 10.628349538323485
0.228657 10.651291827484412
0.228757 10.697421137697381
0.228857 10.754690439650645
0.228957 10.800759892521912
0.229057 10.819547551916303
0.229157 10.80100564412924
0.229257 10.729121259553466
0.229357 10.598249453177182
0.229457 10.353334013144144
0.229557 10.072271774765083
0.229657 9.764529885332912
0.229757 9.467600046906947
0.229857 9.228152223236274
0.229957 9.059894255428715
0.230057 8.979511861848849
0.230157 8.934782621996298
0.230257 8.925242463022542
0.230357 9.022440078926035
0.230457 9.160685657181608
0.230557 9.22251513003931
0.230657 9.189748996854176
0.230757 9.064089877787012
0.230857 8.86017753259268
0.230957 8.600464786649875
0.231057 8.31883313873749
0.231157 8.04218117297956
0.231257 7.792910219086028
0.231357 7.589503755104954
0.231457 7.3845774041084375
0.231557 7.277320287763916
0.231657 7.208250727822448
0.231757 7.115597579193711
0.231857 7.00247505519214
0.231957 6.8492166030193795
0.232057 6.673489417895
0.232157 6.48974777319472
0.232257 6.339759856831844
0.232357 6.23786828325677
0.232457 6.192865759459143
0.232557 6.224204289946108
0.232657 6.3087618095883915
0.232757 6.435138095068143
0.232857 6.560867676525623
0.232957 6.640054860732258
0.233057 6.641859248571123
0.233157 6.552350394885104
0.233257 6.30212692407703
0.233357 6.019023417782832
0.233457 5.818589834449073
0.233557 5.55136086227203
0.233657 5.3772228028939555
0.233757 5.287407422514314
0.233857 5.273387446273702
0.233957 5.331436525215033
0.234057 5.448581829676802
0.234157 5.684454732248016
0.234257 5.883852997710737
0.234357 5.992804270571501
0.234457 6.012399545206569
0.234557 5.949512626636007
0.234657 5.801942559385724
0.234757 5.602430697536875
0.234857 5.363504050822657
0.234957 5.091136218790311
0.235057 4.742437427663882
0.235157 4.50658991602637
0.235257 4.438926748685842
0.235357 4.470423233214197
0.235457 4.510558141669174
0.235557 4.529360586948652
0.235657 4.493744856806351
0.235757 4.4294874396455475
0.235857 4.376344827234581
0.235957 4.430399779741299
0.236057 4.452540571958824
0.236157 4.420044357655264
0.236257 4.427291888667384
0.236357 4.467954602234198
0.236457 4.567978157678718
0.236557 4.687146171220549
0.236657 4.770791452738703
0.236757 4.771929659975629
0.236857 4.7169849031014675
0.236957 4.61943354764369
0.237057 4.387408952088634
0.237157 4.137487113336359
0.237257 3.9047272004201234
0.237357 3.6562422437835553
0.237457 3.4286580024779107
0.237557 3.2791513921675604
0.237657 3.2974732451958624
0.237757 3.3890324422713163
0.237857 3.5332010421499698
0.237957 3.587373771879286
0.238057 3.6567694370656647
0.238157 3.7767096816955843
0.238257 3.8703307449536797
0.238357 3.9427612895331237
0.238457 3.9678168385738255
0.238557 3.923805682878455
0.238657 3.774881228554094
0.238757 3.610271703384948
0.238857 3.4568737540342527
0.238957 3.3014206686279213
0.239057 3.1367440461319616
0.239157 3.080725528085534
0.239257 3.1268348518607274
0.239357 3.2126443790693053
0.239457 3.3135818041838956
0.239557 3.4500624576180448
0.239657 3.790450765551947
0.239757 4.114924056635038
0.239857 4.285839098978754
0.239957 4.3906465510648385
0.240057 4.465758745341172
0.240157 4.473792273610254
0.240257 4.448369320818017
0.240357 4.385669418200915
0.240457 4.250039615974875
0.240557 4.061369478874029
0.240657 3.878635517735414
0.240757 3.6980942523695655
0.240857 3.474975960190279
0.240957 3.301754421744429
0.241057 3.208780062508604
0.241157 3.1299770053993976
0.241257 3.0528088592944584
0.241357 2.992039279468524
0.241457 3.1601449016738643
0.241557 3.2122383280732976
0.241657 3.1974147134852373
0.241757 3.215395675383541
0.241857 3.3290021566997905
0.241957 3.4860552788159054
0.242057 3.6669112286050796
0.242157 3.8239899455981403
0.242257 3.934818210092131
0.242357 3.9834756007403143
0.242457 3.945103475702712
0.242557 3.793484115370693
0.242657 3.54346897258493
0.242757 3.2916639219305264
0.242857 3.145448445697563
0.242957 3.1766055686702392
0.243057 3.323674139486981
0.243157 3.51305573258962
0.243257 3.6487596681843444
0.243357 3.6822442934131434
0.243457 3.6662914450908315
0.243557 3.7295814574803834
0.243657 3.7720665058914102
0.243757 3.8622082974308247
0.243857 4.08170109058649
0.243957 4.398615021439533
0.244057 4.682924342155578
0.244157 4.847865173122321
0.244257 4.869820580932327
0.244357 4.760701564754529
0.244457 4.565361565876216
0.244557 4.335633473204408
0.244657 4.137620798131881
0.244757 4.081732293902607
0.244857 4.168273671437239
0.244957 4.2749594407876295
0.245057 4.276761585250824
0.245157 4.154606211091454
0.245257 3.9990509501205813
0.245357 3.894296115391087
0.245457 3.8853011986764083
0.245557 4.172199170970719
0.245657 4.654572458484804
0.245757 5.1312515486939985
0.245857 5.436697241157786
0.245957 5.484975501317983
0.246057 5.2991407871189455
0.246157 4.991105015474194
0.246257 4.744518872397812
0.246357 4.701999561522029
0.246457 4.907628293046045
0.246557 5.318362233790336
0.246657 5.834004782469039
0.246757 6.3257223414723684
0.246857 6.666814049649983
0.246957 6.774728984923497
0.247057 6.653901281273423
0.247157 6.40426098616755
0.247257 6.177805162823187
0.247357 6.105971152228335
0.247457 6.2402271927722515
0.247557 6.543869007255282
0.247657 6.929518439018421
0.247757 7.296392244038485
0.247857 7.571994513926774
0.247957 7.735209679146294
0.248057 7.802626075163283
0.248157 7.805598955810599
0.248257 7.7770079486878805
0.248357 7.746184578831712
0.248457 7.733817766515579
0.248557 7.74379742317713
0.248657 7.767899537558697
0.248757 7.796588233494618
0.248857 7.8312841796128145
0.248957 7.884227743419007
0.249057 7.964755548530844
0.249157 8.077821172367731
0.249257 8.213226025197189
0.249357 8.352470517454993
0.249457 8.471767627069388
0.249557 8.554614368821158
0.249657 8.599379604656026
0.249757 8.61869649676495
0.249857 8.631540434297136
0.249957 8.655714744586582
0.25 8.680634977285822
ENDATA
