XYDATA, head_x_accel
0.0 0.0
0.0 -0.010082851942304457
1e-06 -0.02319201766148481
3e-06 -0.027581997929976086
1.6e-05 0.0033637378717502925
7.8e-05 0.02170394579188612
0.000328 0.019018727088251343
0.000728 0.004257723075668042
0.001248 -0.004832944991408891
0.001864 -0.003369244339300373
0.002557 -0.0008910280269001136
0.003311 -0.0014120010401105373
0.004115 -0.003338041023183248
0.004957 -0.005220743067204397
0.005831 -0.007033900465500452
0.006731 -0.009223027231521469
0.00765 -0.011880917540648439
0.008586 -0.014895402609453792
0.009534 -0.018247923602861326
0.010493 -0.021910540296635448
0.01146 -0.025720302039942286
0.012434 -0.028801068662591207
0.013413 -0.03215715866274416
0.014396 -0.035892277179261016
0.015382 -0.04026267889646312
0.016371 -0.04443576552645399
0.017363 -0.050070717319370024
0.018356 -0.05549887066429413
0.01935 -0.06186975164811633
0.020346 -0.06740762645755687
0.021342 -0.07408217892960389
0.022339 -0.07972396282114688
0.023337 -0.08520758872805699
0.024335 -0.08949080470904948
0.025334 -0.09305287738422398
0.026333 -0.09740217097581744
0.027332 -0.10179806559834399
0.028331 -0.10582553675312162
0.02933 -0.10880790076121814
0.03033 -0.11005552354779664
0.03133 -0.11190936762299053
0.032329 -0.11235110868645257
0.033329 -0.11348850015040816
0.034329 -0.11454298868624863
0.035329 -0.11460763869415143
0.036329 -0.11458224776044826
0.037328 -0.11583374546863609
0.038328 -0.11620838920528419
0.039328 -0.11404363365675334
0.040328 -0.120490687441685
0.041328 -0.12831935472358044
0.042328 -0.13298914512091287
0.043328 -0.1353951655254343
0.044328 -0.1387520712985576
0.045328 -0.14080526989338868
0.046328 -0.14322464858030012
0.047328 -0.14478420255642854
0.048328 -0.14597716855399143
0.049328 -0.14598920120530456
0.050328 -0.14336547138931235
0.051328 -0.13995564234473545
0.052328 -0.13441399458530692
0.053328 -0.1305245930057665
0.054328 -0.1278861792763074
0.055328 -0.12885837671376055
0.056328 -0.1305437636705705
0.057328 -0.13154114809848422
0.058328 -0.12867890666027645
0.059328 -0.12243406260037833
0.060328 -0.11019481678248945
0.061328 -0.09398143096776168
0.062328 -0.07898089561674985
0.063328 -0.05997022428658105
0.064328 -0.041511321399254585
0.065328 -0.01995105362177706
0.066328 -3.6301897182014245e-05
0.067328 0.008925576012195806
0.068328 0.03194791289584109
0.069328 0.06460371278673147
0.070328 0.11862073185032607
0.071328 0.18301315943772847
0.072328 0.2729418302886307
0.073328 0.3967078462064008
0.074328 0.5550795633575176
0.075328 0.7454788332407092
0.076328 0.9693066439609858
0.077328 1.241245073496046
0.078328 1.5849276766275946
0.079328 2.034663825057487
0.080328 2.641828555113112
0.081328 3.5010452091183026
0.082328 4.902392254235647
0.083328 7.045048411027212
0.084328 10.642181274951183
0.085328 16.530875681297896
0.086328 25.130207155348668
0.087328 35.161803674037515
0.088328 41.88772373848359
0.089328 42.47002340248709
0.090328 37.96963458469508
0.091328 31.271749374149177
0.092328 24.36681384570674
0.093328 18.38144106295218
0.094328 13.695815594520045
0.095328 10.341831512290131
0.096328 7.974732044072135
0.097328 6.269448486486211
0.098328 4.989776427220305
0.099328 3.916551319767709
0.100328 3.0421950411200567
0.101328 2.344453202673696
0.102328 1.8094218718930524
0.103328 1.450412730137203
0.104328 1.4132656921578726
0.105328 1.6217204651945363
0.106328 2.1355311956682455
0.107328 3.168829722688176
0.108328 4.805850213885476
0.109328 7.357033237649963
0.110328 11.531555730040331
0.111328 19.100944461156462
0.112328 31.98042267237028
0.113328 51.51848878057237
0.114328 72.42614297441023
0.115328 83.59169063849531
0.116328 79.13564683148681
0.117328 63.20806605721628
0.118328 46.105231042200955
0.119328 33.19656029327039
0.119614 24.16505595692719
0.120042 17.963474071165997
0.120534 14.023124818363051
0.120731 11.724159014546252
0.120936 9.941525189539751
0.1213 7.930479929435638
0.121533 6.384400993203592
0.121791 5.1359733446181925
0.122198 3.885436515017871
0.122698 2.5436271305695626
0.122898 1.4878923995452067
0.123087 0.6421801532633469
0.123437 -0.33053978677733986
0.123918 -1.9877454584389167
0.124503 -3.8303842800548606
0.12498 -5.570151478843439
0.125561 -7.4502887326457055
0.126226 -9.549101069172451
0.126784 -11.536783713092648
0.127246 -12.167314220452448
0.127761 -12.099031371569293
0.128373 -11.217548398280758
0.129063 -9.625126521289125
0.129814 -7.707353785441512
0.130616 -4.529313985917719
0.131417 0.32507053886903275
0.132177 7.375085477711553
0.132986 19.266356910871707
0.133833 37.47212830069392
0.13471 60.97179495546389
0.135612 82.59702212274324
0.136534 91.99200032630918
0.137382 85.58091560318763
0.138093 69.34927900965162
0.138789 49.03535101181342
0.139509 29.13392626432064
0.140249 10.87074566748074
0.140852 -2.9359101222129884
0.141437 -14.867323907756472
0.142073 -25.88729984245385
0.142782 -33.98729780302142
0.143476 -39.93967756573346
0.144015 -42.65072180612136
0.144587 -42.44787934717768
0.145244 -39.34879280896127
0.14597 -33.50997853497372
0.14675 -24.232075581365706
0.147575 -9.982440180897656
0.148434 8.838671921604218
0.149322 32.63469064359389
0.150232 58.673435067020854
0.15116 82.57782474137449
0.152103 89.75237027935125
0.153057 79.47603391576125
0.15402 60.37768952700464
0.15499 40.54436418144831
0.155641 26.054274803322237
0.156053 16.601768799743034
0.156583 10.068068504535189
0.157206 5.088114391764772
0.157905 1.31822345041375
0.158628 -1.0926685463435526
0.159406 -2.391394818821922
0.160229 -3.0547170542438042
0.161087 -3.0553469329485603
0.161256 -2.8678533444142498
0.161591 -2.667420372910219
0.162015 -2.1175285138146056
0.162477 -1.667226218943268
0.163019 -0.6622058501119139
0.163653 0.6975260664956943
0.16436 2.2330315653153727
0.16487 3.5077811485063712
0.165479 4.9046862078283615
0.166165 6.6744147083866565
0.166915 8.92608383086987
0.167714 11.57914751724595
0.168554 14.365273462395418
0.169426 17.930951854099003
0.170323 22.296270489922655
0.171241 27.483615607776358
0.172175 33.24414035373955
0.173122 38.91222170669903
0.17408 42.89349624999363
0.175047 43.7421320226581
0.17602 40.90634895708524
0.176998 35.642747013506145
0.177981 29.421778487047057
0.178967 23.48046662213906
0.179956 18.184432808349438
0.180947 13.521616148225949
0.18194 9.738744933285068
0.182935 6.8786384749124325
0.18393 4.8074656483100755
0.184927 3.31648463032738
0.185924 2.263410542845926
0.186921 1.5300142250411712
0.18792 1.0371435709442063
0.188918 0.7345048512998833
0.189917 0.5883908368301102
0.190916 0.5625278764919723
0.191915 0.6253487174519332
0.192915 0.7613452096281605
0.193914 1.0327625641783893
0.194914 1.4685066765919046
0.195913 2.320048844406602
0.196913 3.9585710716707543
0.197913 6.991153757909174
0.198913 12.30711150086931
0.199913 19.904399463629275
0.200913 25.89717385651573
0.201913 27.783680767642366
0.202912 24.857701865570814
0.203912 18.665923837396054
0.204912 12.858354381975497
0.205912 7.883760203535356
0.206912 4.373283741134842
0.207912 2.2993090402940863
0.208912 1.1424685290083771
0.209912 0.44348671564703546
0.210912 -0.0005446304293515115
0.211912 -0.27841536100503234
0.212912 -0.44287559972059776
0.213912 -0.5570427210107428
0.214912 -0.6514535544757895
0.215912 -0.717892348559396
0.216912 -0.768581115875452
0.217912 -0.7888481795516309
0.218912 -0.7950894546047835
0.219912 -0.7995875247918505
0.220912 -0.8093571199135281
0.221912 -0.8354818414035374
0.222912 -0.8994393600261048
0.223912 -1.0027856607506132
0.224912 -1.1137060056186365
0.225912 -1.1873915149413918
0.226912 -1.1977041089464802
0.227912 -1.1416492890028707
0.228912 -1.058630623097592
0.229912 -1.0311558993132213
0.230912 -1.1269010314429495
0.231912 -1.3847961332361205
0.232912 -1.8464318600133582
0.233912 -2.5496714984219895
0.234912 -3.7481027669999443
0.235912 -5.47519132425446
0.236912 -7.531431732548832
0.237912 -9.809676495031432
0.238912 -12.025355753493804
0.239912 -13.484675500808127
0.240912 -13.722479643915099
0.241912 -12.787201337867673
0.242912 -11.186208440191095
0.243912 -9.397230858652039
0.244912 -7.726664865168025
0.245912 -6.362188514936293
0.246912 -5.312788872856684
0.247912 -4.515598394966681
0.248912 -3.923540964549566
0.249912 -3.4888540939056663
0.25 -3.265760376887113
ENDATA
