XYDATA, head_z_accel
0.0 -0.0
0.0 0.14038198569338153
1e-06 0.3197085651063309
3e-06 0.36474667699979096
1.6e-05 -0.024882401227738323
7.8e-05 -0.1273050430065313
0.000328 -0.054731126327543046
0.000728 0.0028604059490243867
0.001248 0.007565580498947143
0.001864 0.0021973864673461374
0.002557 0.0051273370620956195
0.003311 0.012397403802521759
0.004115 0.0224257009274319
0.004957 0.035431977280722775
0.005831 0.051564193684897494
0.006731 0.07073281905645659
0.00765 0.09297486909393117
0.008586 0.1181750138936334
0.009534 0.14591618952445534
0.010493 0.17567936043399124
0.01146 0.20707264968159364
0.012434 0.239626070064701
0.013413 0.27405362687564055
0.014396 0.30763798035006856
0.015382 0.34047947056334227
0.016371 0.3727394166203546
0.017363 0.40647275063349875
0.018356 0.43727919320053227
0.01935 0.4666414116951253
0.020346 0.4927219794731127
0.021342 0.5191906512417594
0.022339 0.5416350129758889
0.023337 0.5638428005486074
0.024335 0.5857360056696221
0.025334 0.6042866830161167
0.026333 0.6214494246251269
0.027332 0.6360639973895265
0.028331 0.6486213946658645
0.02933 0.660295513758521
0.03033 0.6697523619176783
0.03133 0.6791826974552982
0.032329 0.6841656427016362
0.033329 0.6884218362029848
0.034329 0.692082107549469
0.035329 0.6956651863786308
0.036329 0.6994027522140589
0.037328 0.701693646658135
0.038328 0.7033065317922023
0.039328 0.7018931031493936
0.040328 0.6887315240168661
0.041328 0.6778459514717055
0.042328 0.6673091218713832
0.043328 0.654194551656274
0.044328 0.641369682817272
0.045328 0.6258772363651196
0.046328 0.6100494052505189
0.047328 0.5924270775443194
0.048328 0.5731449577582559
0.049328 0.5512254439589462
0.050328 0.5259195545879582
0.051328 0.497525964524073
0.052328 0.4668326084850587
0.053328 0.43939153533571607
0.054328 0.415840883482127
0.055328 0.3985829003788246
0.056328 0.3829510587203581
0.057328 0.36600266145931587
0.058328 0.34596370829998013
0.059328 0.3267945730703145
0.060328 0.31361535284730263
0.061328 0.3053625855924297
0.062328 0.29813544890456983
0.063328 0.2918640922231343
0.064328 0.28546302763940795
0.065328 0.2712241183278694
0.066328 0.250023096572224
0.067328 0.23692106886653447
0.068328 0.23084508981150548
0.069328 0.24531985948310586
0.070328 0.2549693320348947
0.071328 0.28378681812851486
0.072328 0.32261516419980324
0.073328 0.38456751286117075
0.074328 0.47734506686789063
0.075328 0.599979095817634
0.076328 0.7553717120525358
0.077328 0.9558858529671194
0.078328 1.2219377667195221
0.079328 1.5690063375362637
0.080328 2.015198564239572
0.081328 2.6102180663121453
0.082328 3.5502540622944636
0.083328 5.279430998353159
0.084328 8.521512850973574
0.085328 13.864794705633422
0.086328 21.560979641365808
0.087328 30.235486328154874
0.088328 35.46832883808436
0.089328 34.723612038769616
0.090328 29.265002829712493
0.091328 22.306528733053593
0.092328 15.806125537262982
0.093328 10.552616540816691
0.094328 6.657450199609449
0.095328 3.9582668903244227
0.096328 2.105111021602688
0.097328 0.8724761258941637
0.098328 0.055305022612207023
0.099328 -0.43779731100834646
0.100328 -0.8191435403527199
0.101328 -1.116498600439498
0.102328 -1.2082693886291445
0.103328 -1.196668179245716
0.104328 -0.9661895754411548
0.105328 -0.567516226234239
0.106328 -0.051385743347626356
0.107328 0.6247536110700392
0.108328 1.4707764629103721
0.109328 2.684369585944232
0.110328 4.672805698174199
0.111328 7.896781469716978
0.112328 13.770971738565159
0.113328 23.168989920105236
0.114328 32.447190528875815
0.115328 35.94191298761555
0.116328 32.537074128270106
0.117328 24.904023902148033
0.118328 17.352806106060687
0.119328 11.42611676770355
0.119614 6.444034303253405
0.120042 3.290477482116727
0.120534 1.4301604523461122
0.120731 0.3978243334879903
0.120936 -0.34318396190340233
0.1213 -1.196670218678142
0.121533 -1.724518872397812
0.121791 -2.1426576863658844
0.122198 -2.720602958196734
0.122698 -3.799823895010019
0.122898 -4.6642484436581295
0.123087 -5.138706999841944
0.123437 -5.313223169991792
0.123918 -5.593389791620992
0.124503 -6.185496474331194
0.12498 -7.47579244696201
0.125561 -8.422353708962795
0.126226 -8.960249830472181
0.126784 -8.541152993122015
0.127246 -9.132549035603393
0.127761 -10.197508323433588
0.128373 -11.126140221176447
0.129063 -11.802186067617383
0.129814 -12.386974552981906
0.130616 -13.550807258340004
0.131417 -15.632333773510833
0.132177 -18.38364008096547
0.132986 -22.220114820045584
0.133833 -28.287518571581533
0.13471 -36.253486358746365
0.135612 -44.08907476049416
0.136534 -48.62730086217006
0.137382 -48.05314087889341
0.138093 -44.045185256943
0.138789 -38.707894948835744
0.139509 -33.268888050455566
0.140249 -29.231650155761653
0.140852 -26.607812249850866
0.141437 -24.30670147298007
0.142073 -22.160031815145846
0.142782 -20.646417583986377
0.143476 -19.06108752734114
0.144015 -18.518993132211307
0.144587 -18.64719226239338
0.145244 -18.974199956152205
0.14597 -19.20949794272254
0.14675 -19.633754646081996
0.147575 -21.48537665767617
0.148434 -23.906225775366718
0.149322 -26.895912773475143
0.150232 -29.589135229665587
0.15116 -31.87577429601342
0.152103 -31.308285806060177
0.153057 -28.224452692815593
0.15402 -24.15155970693356
0.15499 -20.439513187479925
0.155641 -18.222848781184197
0.156053 -17.146905416222666
0.156583 -16.120734807503073
0.157206 -15.394159881305033
0.157905 -14.863436953495844
0.158628 -14.09178516618825
0.159406 -12.799288442026585
0.160229 -11.10432461645924
0.161087 -9.849697297242178
0.161256 -9.020126240867167
0.161591 -8.560244833862738
0.162015 -8.0890060316214
0.162477 -7.323813840608159
0.163019 -6.972368545833695
0.163653 -7.054054850535096
0.16436 -6.894056584052659
0.16487 -6.240369647127205
0.165479 -5.883554526775199
0.166165 -4.900867064695896
0.166915 -4.177047513676944
0.167714 -3.541978657339663
0.168554 -2.9387715478782255
0.169426 -2.310441894020894
0.170323 -1.4274602438141466
0.171241 -0.191744479511352
0.172175 1.3144317376474128
0.173122 3.0584314725211974
0.17408 4.7080573896284665
0.175047 5.868410517353021
0.17602 6.215296762910882
0.176998 5.829550254164267
0.177981 4.929810077855333
0.178967 3.989357629771635
0.179956 3.046486108915889
0.180947 2.216450673777488
0.18194 1.528868471904269
0.182935 0.98578454416136
0.18393 0.581762783417375
0.184927 0.2869352939077055
0.185924 0.09764537329261268
0.186921 0.02878832220992898
0.18792 0.027925132435643162
0.188918 0.09650329113407739
0.189917 0.22439956560089327
0.190916 0.37609846379752515
0.191915 0.569038968455079
0.192915 0.8221970805524822
0.193914 1.1943105953613111
0.194914 1.875251181596162
0.195913 3.1240510265992976
0.196913 5.494839828075847
0.197913 9.87601709044373
0.198913 17.514247984785836
0.199913 29.044122406734207
0.200913 40.23103078013389
0.201913 45.91337551559401
0.202912 43.46729443795792
0.203912 34.6870745871424
0.204912 25.013188805555416
0.205912 16.44377213421505
0.206912 10.241279030045938
0.207912 6.265854394721949
0.208912 3.791989925203816
0.209912 2.263379339529809
0.210912 1.350463817919473
0.211912 0.7680909382918734
0.212912 0.37153350022688686
0.213912 0.06744209286555553
0.214912 -0.17838568726323464
0.215912 -0.36504881891369634
0.216912 -0.5410079894765287
0.217912 -0.6300242182600583
0.218912 -0.6705002217882764
0.219912 -0.6745089301647351
0.220912 -0.6438659481066419
0.221912 -0.5954596115900945
0.222912 -0.5296075622154355
0.223912 -0.45620206696476373
0.224912 -0.38908230639413055
0.225912 -0.3241219988477207
0.226912 -0.2342026074143566
0.227912 -0.05961719853364809
0.228912 0.193338805810343
0.229912 0.5587370814702269
0.230912 1.1202148542060746
0.231912 1.8989815074464778
0.232912 2.9846933458418525
0.233912 5.07481025630567
0.234912 8.697612538430556
0.235912 14.081868833903524
0.236912 20.561504693243872
0.237912 28.240320598777362
0.238912 34.2809839241739
0.239912 37.01753585577134
0.240912 35.86526275537518
0.241912 31.492128402665543
0.242912 25.903953949615826
0.243912 20.29361208975542
0.244912 15.234354137243605
0.245912 11.198987625743756
0.246912 8.273786971085947
0.247912 6.240561557718487
0.248912 4.8091872351924465
0.249912 3.7528153854782214
0.25 3.2000699525322105
ENDATA
