XYDATA, head_x_accel
0.0 0.0
1e-06 -0.009773470043286953
6e-06 -0.00936803087700693
3e-05 0.011266742465571833
6.9e-05 0.02046254327420679
0.000121 0.02222043205375944
0.000182 0.02241672742475769
0.000251 0.018634599990822554
0.000326 0.012222012613889556
0.000406 0.006758984974481601
0.00049 0.0019074811479965128
0.000577 -0.005227677137452647
0.000667 -0.015037551049542911
0.000759 -0.02421224373256923
0.000852 -0.026784273936563456
0.000947 -0.019803296742516557
0.001043 -0.005365848684311157
0.001139 0.010349813646862079
0.001237 0.020453671743153882
0.001335 0.020824236614950063
0.001433 0.01190712424732197
0.001531 -0.0017548296309137167
0.00163 -0.013910560690959708
0.00173 -0.019381338173586293
0.001829 -0.016864882503199362
0.001928 -0.007742603233520111
0.002028 0.003979850407631556
0.002127 0.013838976612808656
0.002227 0.018589222619345036
0.002327 0.01714397883069142
0.002427 0.010574253185338521
0.002527 0.0013425583660067405
0.002626 -0.007767484309116774
0.002726 -0.014487720067505216
0.002826 -0.017503734710630034
0.002926 -0.016593637990547232
0.003026 -0.012476023922542358
0.003126 -0.006441343374138978
0.003226 5.098581064889642e-05
0.003326 0.0056893026670677554
0.003426 0.009471430101002891
0.003526 0.010789515277898162
0.003626 0.009578398331744276
0.003726 0.006408712455323684
0.003826 0.0022329745631790676
0.003926 -0.0018485415508863884
0.004026 -0.004793074087481454
0.004126 -0.00586326625300179
0.004226 -0.004881687426389236
0.004326 -0.002331581120974033
0.004426 0.0007827341650818577
0.004526 0.0032848118368658005
0.004626 0.004234677489254741
0.004726 0.003244533046453172
0.004826 0.0006041818561894225
0.004926 -0.0028100319681032774
0.005026 -0.005841750240907956
0.005126 -0.007454737346596443
0.005226 -0.007076422631581631
0.005326 -0.004793380002345348
0.005426 -0.0013381735862909353
0.005526 0.002181478894423682
0.005626 0.004700585826964356
0.005726 0.005550621262102757
0.005826 0.004609933055630618
0.005926 0.002307209903483861
0.006026 -0.0005340253807365411
0.006126 -0.002986748787812352
0.006226 -0.004332978132185813
0.006326 -0.0042759759958803465
0.006426 -0.00298083443377708
0.006526 -0.0009529248010278739
0.006626 0.0011548286111975037
0.006726 0.0027587402425904876
0.006826 0.00349548520646704
0.006926 0.003274002845008234
0.007026 0.002243069753687549
0.007126 0.0007106402288243182
0.007226 -0.0009535366307556608
0.007326 -0.002401839568048212
0.007426 -0.0033794415014301517
0.007526 -0.003760305506977408
0.007626 -0.003560135214369841
0.007726 -0.0029209770920752757
0.007826 -0.0020670667353275586
0.007926 -0.001243747864969179
0.008026 -0.00067036143841169
0.008126 -0.0004877302646673431
0.008226 -0.000721551192303182
0.008326 -0.0012788261026956199
0.008426 -0.001976719878857714
0.008526 -0.002592526499875085
0.008626 -0.002920365262347489
0.008726 -0.0028253277112979458
0.008826 -0.0022800854522186478
0.008926 -0.001383143071283262
0.009026 -0.000332223542188209
0.009126 0.0006188657696563046
0.009226 0.0012311033839282528
0.009326 0.0013573442510949204
0.009426 0.0009932035914405023
0.009526 0.0002847047666634376
0.009626 -0.0005144468294473649
0.009726 -0.0011207700896840411
0.009826 -0.0013081939296293841
0.009926 -0.0009798453090504912
0.010026 -0.00019660128586214458
0.010126 0.0008409599608428976
0.010226 0.0018516006995253223
0.010326 0.0025551029148587947
0.010426 0.0027492568818097926
0.010526 0.0023638041533041356
0.010626 0.0014721642966762352
0.010726 0.0002654321302381547
0.010826 -0.001005032299511046
0.010926 -0.0020936813284862825
0.011026 -0.0028188015275348874
0.011126 -0.003098407713133435
0.011226 -0.0029573809608785875
0.011326 -0.0025075841393340233
0.011426 -0.001910234381771553
0.011526 -0.0013322592322556634
0.011626 -0.00090367250794104
0.011726 -0.0006849433802572744
0.011826 -0.0006569011844003813
0.011926 -0.0007295049787644099
0.012026 -0.0007695798259344425
0.012126 -0.0006444606466020507
0.012226 -0.00027134648427342675
0.012326 0.00034762125700417575
0.012426 0.0011200562883349565
0.012526 0.0018711792508144987
0.012626 0.002391030576190646
0.012726 0.002525327201439839
0.012826 0.002249697909071905
0.012926 0.0016834494960052619
0.013026 0.00104551503316627
0.013126 0.0005831757022020772
0.013226 0.0004937465903239129
0.013326 0.0008529926121560369
0.013426 0.0015755635206721969
0.013526 0.0024554766408508514
0.013626 0.0032146553614129185
0.013726 0.0035867498075285646
0.013826 0.00339524710273131
0.013926 0.002597217194454783
0.014026 0.0012932041012986087
0.014126 -0.00028847771665145593
0.014226 -0.0018363049563306533
0.014326 -0.0030332478471241458
0.014426 -0.003645587433017391
0.014526 -0.0036056145574686568
0.014626 -0.003021113224189708
0.014726 -0.002147930231016708
0.014826 -0.0012735235783881346
0.014926 -0.0005955142683791101
0.015026 -0.00014347407116599453
0.015126 0.00021179505743551568
0.015226 0.0006883084437601016
0.015326 0.0014896014439181576
0.015426 0.002704185425196168
0.015526 0.004254459983786513
0.015626 0.005914150092029388
0.015726 0.007379380318457374
0.015826 0.008350048181591064
0.015926 0.008597737249723403
0.016026 0.00800456832863414
0.016126 0.006583287870985506
0.016226 0.004482060642523186
0.016326 0.00195010528569899
0.016426 -0.000696466173463925
0.016526 -0.0031086048752632144
0.016626 -0.004959389801818154
0.016726 -0.0060087797565937405
0.016826 -0.0061139124981517655
0.016926 -0.005384101604523461
0.017026 -0.004150652873305359
0.017126 -0.002786986381689976
0.017226 -0.0015622052382821862
0.017326 -0.0005804224684270368
0.017426 0.00023545247357660364
0.017526 0.0011034349140634162
0.017626 0.002271621807650931
0.017726 0.0038498365904768707
0.017826 0.005662993988772925
0.017926 0.007241514686462757
0.018026 0.007991515961108024
0.018126 0.007476967160039361
0.018226 0.005655957946903377
0.018326 0.0029418812744413233
0.018426 5.322918631744786e-05
0.018526 -0.0022679508292842102
0.018626 -0.003526586550962867
0.018726 -0.003608469762864995
0.018826 -0.0027290665007928296
0.018926 -0.0012520075662943004
0.019026 0.0005137330280982803
0.019126 0.002424783182840216
0.019226 0.00448236655738708
0.019326 0.006714423375974467
0.019426 0.00904549463884201
0.019526 0.011233397745407454
0.019626 0.012907567823874616
0.019726 0.013689792130849986
0.019826 0.013333605257656797
0.019926 0.011818816823278082
0.020026 0.009375270862119072
0.020126 0.00636037790682853
0.020226 0.003146130431900802
0.020326 5.465678901561696e-05
0.020426 -0.0026281145957080146
0.020526 -0.00462094599073078
0.020626 -0.0056753325549499575
0.020726 -0.00560038341329608
0.020826 -0.004309218744423427
0.020926 -0.0019111521263632334
0.021026 0.0012475208149571974
0.021126 0.004666323362208298
0.021226 0.007841719649421566
0.021326 0.010428535738503974
0.021426 0.012306954974430618
0.021526 0.013457296834291019
0.021626 0.014148562455068757
0.021726 0.01444122100819342
0.021826 0.014169058750949612
0.021926 0.012933570587305553
0.022026 0.010583736546119216
0.022126 0.007155858524572612
0.022226 0.002969413612191727
0.022326 -0.0013852844753305155
0.022426 -0.005135698735042038
0.022526 -0.007520101155848327
0.022626 -0.008003650584042461
0.022726 -0.006447359699795548
0.022826 -0.0032336220829743086
0.022926 0.0008412658757067909
0.023026 0.004876078987217858
0.023126 0.008144269449812117
0.023226 0.010280676887622176
0.023326 0.011207598925219112
0.023426 0.011498218045917821
0.023526 0.011751617524842837
0.023626 0.012238939903024989
0.023726 0.012772353454033743
0.023826 0.012679763221895348
0.023926 0.011548795970081526
0.024026 0.009207119658599012
0.024126 0.005946271152738193
0.024226 0.0025262449460315196
0.024326 -8.514630378365702e-05
0.024426 -0.0010830405898038576
0.024526 -0.00014184252522522983
0.024626 0.0024725059016075827
0.024726 0.0060333549173265085
0.024826 0.009651308040972197
0.024926 0.012592781428928331
0.025026 0.014480684025635666
0.025126 0.015313792171638634
0.025226 0.01533520621211117
0.025326 0.014838400473148324
0.025426 0.01401487765954735
0.025526 0.012902571214431025
0.025626 0.011441623796097547
0.025726 0.00957962199119985
0.025826 0.007378462573865694
0.025926 0.0050555490407019725
0.026026 0.002951364635222018
0.026126 0.0014435102710915553
0.026226 0.000847588116227254
0.026326 0.001339295274125211
0.026426 0.0029194475177558086
0.026526 0.005434271642201976
0.026626 0.008566839848470172
0.026726 0.011862664620436133
0.026826 0.014648835229155728
0.026926 0.016573447609530268
0.027026 0.017402578862302624
0.027126 0.01721005644129239
0.027226 0.016274364844263842
0.027326 0.01479557239220325
0.027426 0.012972829661505203
0.027526 0.01107789102292832
0.027626 0.009370172281054183
0.027726 0.008244609525169146
0.027826 0.00778706286040595
0.027926 0.00784059796158729
0.028026 0.008147328598451051
0.028126 0.008499436606792329
0.028226 0.008665446406265136
0.028326 0.008754161716794216
0.028426 0.009003074444382128
0.028526 0.009937746325197698
0.028626 0.011738769100559316
0.028726 0.01429336215731162
0.028826 0.01704690184721592
0.028926 0.01921155542412547
0.029026 0.02013082959012507
0.029126 0.019541535590645125
0.029226 0.017640274711547776
0.029326 0.015003288584786856
0.029426 0.012392815079563359
0.029526 0.01037887555893195
0.029626 0.009413918106590936
0.029726 0.009561471042608842
0.029826 0.010488698995069674
0.029926 0.011652807023805277
0.030026 0.012543325192598901
0.030126 0.012885847868538188
0.030226 0.012716676948805149
0.030326 0.012231903861155441
0.030426 0.012024493583435731
0.030526 0.012573100906017856
0.030626 0.014048630266196918
0.030726 0.01628741721178996
0.030826 0.018744015540475088
0.030926 0.020637730519596397
0.031026 0.021264855990577824
0.031126 0.020301326140934977
0.031226 0.017936094384932672
0.031326 0.01473653082347183
0.031426 0.011651889279213597
0.031526 0.009539955030515008
0.031626 0.008829824659797179
0.031726 0.009427990190330032
0.031826 0.010822554083198647
0.031926 0.012332447879755066
0.032026 0.013400804556092041
0.032126 0.013816440884501844
0.032226 0.01377187928599471
0.032326 0.013746080465806368
0.032426 0.014275721066827105
0.032526 0.015595641732905733
0.032626 0.017805468738050202
0.032726 0.020709008682883553
0.032826 0.02389878296869981
0.032926 0.026897360464582708
0.033026 0.02928023331106953
0.033126 0.030749134515864234
0.033226 0.0311528401645822
0.033326 0.030476666343756533
0.033426 0.028823196504412823
0.033526 0.026398005435087416
0.033626 0.023498544355105976
0.033726 0.02049364461870262
0.033826 0.01778048569083224
0.033926 0.015718007678463083
0.034026 0.014551248387573738
0.034126 0.01435067020848098
0.034226 0.014994722968597841
0.034326 0.016207165545828597
0.034426 0.017643537803429307
0.034526 0.019002411628843693
0.034626 0.020119918626646208
0.034726 0.02101319002921487
0.034826 0.021855577592755936
0.034926 0.022844396404480636
0.035026 0.024162991439482393
0.035126 0.02592108416227764
0.035226 0.027998857917841468
0.035326 0.030070819290991316
0.035426 0.031744479511351995
0.035526 0.032612359980217505
0.035626 0.03239036776065221
0.035726 0.030976633202979616
0.035826 0.028475371304166053
0.035926 0.02517679329842505
0.036026 0.021490111302024648
0.036126 0.017848704705480466
0.036226 0.014687074587142399
0.036326 0.012314398902785356
0.036426 0.010870582716829908
0.036526 0.010325136514508013
0.036626 0.01051653724768397
0.036726 0.01121555271168034
0.036826 0.012201006459902209
0.036926 0.013329322449562288
0.037026 0.01457521171857872
0.037126 0.01597283476008627
0.037226 0.017684122508705827
0.037326 0.019821039804622374
0.037426 0.02240938546802425
0.037526 0.025317412164194707
0.037626 0.028235534050873642
0.037726 0.030744545792905836
0.037826 0.032437886536176984
0.037926 0.03306480806391582
0.038026 0.03272116370014225
0.038126 0.031593357568588665
0.038226 0.03000504759525424
0.038326 0.02837788643420536
0.038426 0.027304533148424796
0.038526 0.02680629980676378
0.038626 0.026668332203147866
0.038726 0.02654800569001647
0.038826 0.026141342864280874
0.038926 0.025353000260027635
0.039026 0.024307689170103963
0.039126 0.02333049512320721
0.039226 0.02282420602346367
0.039326 0.02323362208297431
0.039426 0.024837533714367293
0.039526 0.027623194464980398
0.039626 0.03121647045627202
0.039726 0.035087313200736235
0.039826 0.03851906614389216
0.039926 0.04083015096898533
0.040026 0.041693034828407256
0.040126 0.04123191915689864
0.040226 0.039543880937934976
0.040326 0.03700142250411711
0.040426 0.034172423814452436
0.040526 0.031682480765602934
0.040626 0.030055625519417945
0.040726 0.029489275134730004
0.040826 0.03073914129697705
0.040926 0.0327560379946261
0.041026 0.03422483722779951
0.041126 0.034217393299444766
0.041226 0.03249794782112138
0.041326 0.029533836733237142
0.041426 0.02623515675587484
0.041526 0.02360082189126766
0.041626 0.02238990888835637
0.041726 0.022835932759912917
0.041826 0.024555480209857598
0.041926 0.02702992357226984
0.042026 0.029680777839527262
0.042126 0.032002059826750216
0.042226 0.03370590364701504
0.042326 0.03475876063691474
0.042426 0.03534550534586225
0.042526 0.03577664136070932
0.042626 0.036376948295289424
0.042726 0.03737881947454024
0.042826 0.03884914828203311
0.042926 0.040669341722198715
0.043026 0.04257927018910637
0.043126 0.044263127571596825
0.043226 0.04544314317325489
0.043326 0.0459508598756966
0.043426 0.04575568619253262
0.043526 0.044941952654576234
0.043626 0.04366169894918244
0.043726 0.042069106167753514
0.043826 0.04037882457312131
0.043926 0.03868262862445382
0.044026 0.03708401951736832
0.044126 0.03566294300296228
0.044226 0.034485068805351474
0.044326 0.03360831680543305
0.044426 0.03308224521115773
0.044526 0.03294499140889091
0.044626 0.03321960098504586
0.044726 0.03390964294636803
0.044826 0.0349504672849546
0.044926 0.03599373894245232
0.045026 0.03727460447757389
0.045126 0.03881855679564378
0.045226 0.04049629588085636
0.045326 0.04209837202306598
0.045426 0.04338739528789138
0.045526 0.04416441904218057
0.045626 0.04433267221732192
0.045726 0.04392947642671045
0.045826 0.043110032477961385
0.045926 0.04261720363222916
0.046026 0.04216373583231787
0.046126 0.0416079904962449
0.046226 0.04094527692943054
0.046326 0.04028358307882916
0.046426 0.03976587315750027
0.046526 0.039631270617387186
0.046626 0.04071573880988921
0.046726 0.04231883466831181
0.046826 0.043707994065251644
0.046926 0.04430340636200946
0.047026 0.043874003864724447
0.047126 0.0425732538634498
0.047226 0.04086247597293673
0.047326 0.0393672660898472
0.047426 0.038702513090606884
0.047526 0.03929139920360164
0.047626 0.04123559013526536
0.047726 0.04427923908776188
0.047826 0.04787781760336099
0.047926 0.05136239184634916
0.048026 0.054146523022642806
0.048126 0.05585791274288366
0.048226 0.05661158499589565
0.048326 0.05721107615750537
0.048426 0.057395236905569184
0.048526 0.05707229278091907
0.048626 0.056237859003839236
0.048726 0.0549413918106591
0.048826 0.05327150454028644
0.048926 0.051319257850540194
0.049026 0.04917224536411517
0.049126 0.04694426741037969
0.049226 0.04481224475228544
0.049326 0.04301275155124329
0.049426 0.041805203611834825
0.049526 0.04143555648463033
0.049626 0.04242763838823656
0.049726 0.045995217530961134
0.049826 0.05107972651211168
0.049926 0.05667419557137249
0.050026 0.06187342262648305
0.050126 0.06595453085406332
0.050226 0.06842000071380135
0.050326 0.06902153130783703
0.050426 0.06777258289018168
0.050526 0.06497621511933228
0.050626 0.06292281258125863
0.050726 0.06144565167513881
0.050826 0.060248810755966616
0.050926 0.05926967924826521
0.051026 0.05860665976658696
0.051126 0.0584110781969378
0.051226 0.05880081373353796
0.051326 0.0597920798641738
0.051426 0.06128606608780776
0.051526 0.06311441725767719
0.051626 0.06510265992974155
0.051726 0.0671199645138758
0.051826 0.06909444101706495
0.051926 0.07100477737045781
0.052026 0.07285994707672855
0.052126 0.07467850897095339
0.052226 0.07647004838553431
0.052326 0.07822334844212857
0.052426 0.07990047569761337
0.052526 0.08142831649951819
0.052626 0.08269704741170532
0.052726 0.08358940106968231
0.052826 0.08395660087797566
0.052926 0.08363987702222472
0.053026 0.0825318533852029
0.053126 0.08063018461962036
0.053226 0.07805825638724743
0.053326 0.07505223496300979
0.053426 0.07192731462833894
0.053526 0.06903305410104368
0.053626 0.06669871974629461
0.053726 0.0652070788699505
0.053826 0.0647765546848312
0.053926 0.06553838466754702
0.054026 0.06752224255989558
0.054126 0.07087364186546885
0.054226 0.07528615786226693
0.054326 0.08016702951568579
0.054426 0.08499956662060949
0.054526 0.08996803189672314
0.054626 0.09479271718680692
0.054726 0.09914639555811618
0.054826 0.10275629292367934
0.054926 0.10543569924490015
0.055026 0.10708794542478828
0.055126 0.10768284786343962
0.055226 0.10723182738243947
0.055326 0.10578393233163211
0.055426 0.10344715065797189
0.055526 0.10041706393110798
0.055626 0.09702314245945354
0.055726 0.0936703155511821
0.055826 0.09078564035628885
0.055926 0.08877292449511302
0.056026 0.0879785655652032
0.056126 0.08865514727251407
0.056226 0.09092432176125384
0.056326 0.09471521875462059
0.056426 0.09975995880346501
0.056526 0.10564718838747178
0.056626 0.11189468370952366
0.056726 0.1180097178955097
0.056826 0.12353566202525837
0.056926 0.12809838222022812
0.057026 0.1314219432731871
0.057126 0.13333951961169208
0.057226 0.13380634569399338
0.057326 0.1329079757103598
0.057426 0.13088740803434404
0.057526 0.1280571856852238
0.057626 0.1247454533403354
0.057726 0.12131563785798413
0.057826 0.11816807982338516
0.057926 0.11569169900016825
0.058026 0.11421096908730302
0.058126 0.11391310998149215
0.058226 0.1149041721688854
0.058326 0.11718415564948276
0.058426 0.12064180938444832
0.058526 0.1251008244405582
0.058626 0.1303133078064375
0.058726 0.13597507813575482
0.058826 0.14176176370116197
0.058926 0.14734287447803276
0.059026 0.1524514487618096
0.059126 0.1569000627125471
0.059226 0.16059918524674585
0.059326 0.16355595437789663
0.059426 0.1658484803679136
0.059526 0.16759586607047258
0.059626 0.16893200022433758
0.059726 0.17006612859641163
0.059826 0.17104984882707144
0.059926 0.171901311864908
0.060026 0.17266446747870068
0.060126 0.17344679375729738
0.060226 0.17440818220289295
0.060326 0.17571413275685377
0.060426 0.1775247408646174
0.060526 0.17990149541382636
0.060626 0.18276149347636556
0.060726 0.18590711405015986
0.060826 0.1890918917265325
0.060926 0.1920907751372793
0.061026 0.1947420372910219
0.061126 0.1969973436392652
0.061226 0.19895315933575686
0.061326 0.20083086477033443
0.061426 0.20291638836911688
0.061526 0.20548138253124157
0.061626 0.2087081725155889
0.061726 0.21265376045846443
0.061826 0.21724003609795395
0.061926 0.22230822961969682
0.062026 0.22771833398765123
0.062126 0.23334869705760886
0.062226 0.23912926432573817
0.062326 0.24506268705419282
0.062426 0.2511244920538614
0.062526 0.2571968001305237
0.062626 0.2632032345398276
0.062726 0.268847567721903
0.062826 0.27361780016621373
0.062926 0.27711063411052705
0.063026 0.2791701549458786
0.063126 0.2799768524419654
0.063226 0.2799399387150556
0.063326 0.27962454049038155
0.063426 0.27959598843641814
0.063526 0.2803371181800105
0.063626 0.28222104388348723
0.063726 0.2855039182595484
0.063826 0.2903178965293959
0.063926 0.2966559426511602
0.064026 0.30435510597400744
0.064126 0.3130423743072303
0.064226 0.3221398744729342
0.064326 0.33093472286662623
0.064426 0.3389259329128704
0.064526 0.34550952669871976
0.064626 0.350243967103955
0.064726 0.3530560385044842
0.064826 0.35422861017778756
0.064926 0.3542680731952298
0.065026 0.35371548897941707
0.065126 0.35301382225326694
0.065226 0.351071262867544
0.065326 0.3475692514773139
0.065426 0.3451341691607226
0.065526 0.34536360530864263
0.065626 0.34920334670861103
0.065726 0.3571198115564439
0.065826 0.3691056578954077
0.065926 0.3846665273054509
0.066026 0.4028975236191768
0.066126 0.4226171016606079
0.066226 0.442503811189346
0.066326 0.46121631749884007
0.066426 0.47749496515119844
0.066526 0.49039580284806744
0.066626 0.4993753218479297
0.066726 0.5043907960414618
0.066826 0.5058639800543508
0.066926 0.5045740390449338
0.067026 0.5015986091070855
0.067126 0.4981106698005945
0.067226 0.49507375097510364
0.067326 0.4930724559355132
0.067426 0.49296691530747
0.067526 0.4956237859003839
0.067626 0.5008763441134333
0.067726 0.5084489606542499
0.067826 0.518048874998088
0.067926 0.5293993361647453
0.068026 0.5421746467957967
0.068126 0.5559048196886807
0.068226 0.5699303023968431
0.068326 0.5817196494215661
0.068426 0.590773709676597
0.068526 0.5972881667032065
0.068626 0.602048711843494
0.068726 0.6058498059989905
0.068826 0.6092375072017459
0.068926 0.6128868675847512
0.069026 0.6175419740686168
0.069126 0.6239340651496689
0.069226 0.6327160651190774
0.069326 0.6444305649737678
0.069426 0.6593989792640709
0.069526 0.6775942855103425
0.069626 0.698686095659578
0.069726 0.7221259043608164
0.069826 0.7472216302203097
0.069926 0.7732130748012829
0.070026 0.7993515624601674
0.070126 0.8249910010044206
0.070226 0.849591654642513
0.070326 0.8726647733935647
0.070426 0.8938132797642416
0.070526 0.9127061738718115
0.070626 0.92910504606568
0.070726 0.9428240020802212
0.070826 0.9538128718777565
0.070926 0.9621927977443878
0.071026 0.9683920604895658
0.071126 0.973152197743368
0.071226 0.9773028506166733
0.071326 0.9820110843152351
0.071426 0.9883358741262307
0.071526 0.998530283022235
0.071626 1.0126623260746535
0.071726 1.0302228589783464
0.071826 1.0504259864479715
0.071926 1.0721516521951941
0.072026 1.094073919228279
0.072126 1.114845436515018
0.072226 1.133409370172281
0.072326 1.149289308785365
0.072426 1.1628093181667543
0.072526 1.175135137891125
0.072626 1.1880697281946435
0.072726 1.2044849158479196
0.072826 1.2263524241203674
0.072926 1.254041390281085
0.073026 1.2873351246348141
0.073126 1.3253824700585828
0.073226 1.3667867212554747
0.073326 1.4097211586015614
0.073426 1.4522499528381252
0.073526 1.492647438217944
0.073626 1.5296773108044033
0.073726 1.5628716228273671
0.073826 1.5925372068953212
0.073926 1.6196228069728196
0.074026 1.6453588126424417
0.074126 1.6709727582813705
0.074226 1.6971595804887503
0.074326 1.724493991322215
0.074426 1.7531564805514628
0.074526 1.7827554771507093
0.074626 1.812755324193277
0.074726 1.8429058852921232
0.074826 1.873165454054137
0.074926 1.904326859834908
0.075026 1.9395894622526553
0.075126 1.9813233877012029
0.075226 2.028943013159438
0.075326 2.081423115946832
0.075426 2.137467330841827
0.075526 2.1954459473928405
0.075626 2.253780444902184
0.075726 2.311366878597686
0.075826 2.3679238068045665
0.075926 2.424056329123605
0.076026 2.4811558483274108
0.076126 2.5405764455751965
0.076226 2.603072914807809
0.076326 2.6681559961862615
0.076426 2.734288263576247
0.076526 2.799413969092402
0.076626 2.865008132236799
0.076726 2.9280495378136266
0.076826 2.9866019486776834
0.076926 3.0400679130997843
0.077026 3.089579010161472
0.077126 3.138650609535367
0.077226 3.1913680002855207
0.077326 3.2523410134959443
0.077426 3.3251330474728884
0.077526 3.4116155873820317
0.077626 3.5115853018105065
0.077726 3.6228709090260183
0.077826 3.7418830079588856
0.077926 3.863511902637496
0.078026 3.9824356941463193
0.078126 4.096170251818919
0.078226 4.208090938291873
0.078326 4.312040299184737
0.078426 4.405844503474683
0.078526 4.489033360015908
0.078626 4.563286647326049
0.078726 4.632052943665778
0.078826 4.699483207823263
0.078926 4.769437881437596
0.079026 4.845657079634738
0.079126 4.930582003028557
0.079226 5.02438121070906
0.079326 5.125592735541699
0.079426 5.231203316117124
0.079526 5.337410736592006
0.079626 5.440295513758521
0.079726 5.537784156669199
0.079826 5.630628604059491
0.079926 5.727227646545967
0.080026 5.8322781989772245
0.080126 5.945022000377295
0.080226 6.067182982975838
0.080326 6.201674679936574
0.080426 6.351720516180347
0.080526 6.51860370258957
0.080626 6.701382021383449
0.080726 6.896458219677464
0.080826 7.100604079884569
0.080926 7.315524975399346
0.081026 7.531237068723775
0.081126 7.745747528462829
0.081226 7.961290042981038
0.081326 8.186149500593984
0.081426 8.425285698989972
0.081526 8.688566431961986
0.081626 8.976679702038922
0.081726 9.276165663095961
0.081826 9.565537466922956
0.081926 9.821788174351079
0.082026 10.027417925591308
0.082126 10.174824940219137
0.082226 10.268967894235034
0.082326 10.326966191308959
0.082426 10.3615934085544
0.082526 10.325297833612906
0.082626 10.296526336720492
0.082726 10.32457995339897
0.082826 10.409235875655806
0.082926 10.577131028434788
0.083026 10.864120673216645
0.083126 11.187024926962827
0.083226 11.525497901933893
0.083326 11.897230654708794
0.083426 12.330149745325876
0.083526 12.82745891818307
0.083626 13.384509185093789
0.083726 13.947782372165829
0.083826 14.45334023341304
0.083926 14.876169130131084
0.084026 15.21764761666828
0.084126 15.480637526576356
0.084226 15.702531139583854
0.084326 15.914576639321277
0.084426 16.111238598298094
0.084526 16.27138462165979
0.084626 16.370097841770637
0.084726 16.318912982516967
0.084826 16.25197768860926
0.084926 16.179688374725316
0.085026 16.369880948132135
0.085126 16.72573518989665
0.085226 17.05228809022449
0.085326 17.418488984515612
0.085426 17.746198039085723
0.085526 18.041570362967988
0.085626 18.418589324590968
0.085726 18.91242921894837
0.085826 19.434183742664416
0.085926 19.86075193873545
0.086026 20.12208154670555
0.086126 20.219268557560433
0.086226 20.19701641233245
0.086326 20.111396246424622
0.086426 19.95650828774352
0.086526 19.781438105775166
0.086626 19.612832924597086
0.086726 19.52025227779109
0.086826 19.523956396934736
0.086926 19.589055589829353
0.087026 19.741540485282947
0.087126 20.0533917290818
0.087226 20.561595244043584
0.087326 21.01739962168529
0.087426 21.332673339009755
0.087526 21.541380083922647
0.087626 21.68110812560864
0.087726 21.734087889340397
0.087826 21.664557723585528
0.087926 21.42753029831798
0.088026 21.01147303105546
0.088126 20.45356324534882
0.088226 19.779835417803227
0.088326 19.1003298781949
0.088426 18.513059199624745
0.088526 18.14822961969684
0.088626 17.913810424558847
0.088726 17.782236747513167
0.088826 17.777752239551734
0.088926 18.029274828815144
0.089026 18.419014240336917
0.089126 18.838269949473062
0.089226 19.22506921323796
0.089326 19.54774015591461
0.089426 19.854464980395957
0.089526 20.083744907792163
0.089626 20.169328567859566
0.089726 20.04554878577292
0.089826 19.69470165652899
0.089926 19.16414698189494
0.090026 18.43898548433971
0.090126 17.78259038509583
0.090226 17.181190518678655
0.090326 16.658831099305065
0.090426 16.278765327609328
0.090526 16.094876945746
0.090626 16.114852268613646
0.090726 16.390666435530992
0.090826 16.797326610004436
0.090926 17.064346132471332
0.091026 17.2743818735246
0.091126 17.413442612920825
0.091226 17.56542692968547
0.091326 17.689032748186182
0.091426 17.709823538109344
0.091526 17.533245093890372
0.091626 17.090063885220744
0.091726 16.37809700560334
0.091826 15.540025288962083
0.091926 14.877723075668042
0.092026 14.157771512188157
0.092126 13.847962046162555
0.092226 13.838155945200452
0.092326 14.03515267700999
0.092426 14.387734037617331
0.092526 14.992918682730597
0.092626 15.611737443469485
0.092726 15.946543009080575
0.092826 16.2435483065063
0.092926 16.563326416258356
0.093026 16.85701029403517
0.093126 17.067022173729054
0.093226 17.066796408559497
0.093326 16.750084279545003
0.093426 16.004941850682954
0.093526 15.016287009325305
0.093626 14.026020098606558
0.093726 13.250592098219066
0.093826 13.00505381552314
0.093926 13.03943344567207
0.094026 13.229002564586278
0.094126 13.529938460126546
0.094226 14.089496923006328
0.094326 14.560130625646883
0.094426 15.01565345964218
0.094526 15.270398046223738
0.094626 15.460803026517722
0.094726 15.579365634543906
0.094826 15.591258482764246
0.094926 15.419009753585579
0.095026 15.019720699729268
0.095126 14.27543972712394
0.095226 13.162634538807849
0.095326 12.392531802399393
0.095426 11.882977775285138
0.095526 11.65678554858183
0.095626 11.864228559191977
0.095726 12.250635946016224
0.095826 12.682544089979759
0.095926 13.328002222981347
0.096026 13.946665171082888
0.096126 14.249585230430371
0.096226 14.56099473316576
0.096326 14.802389704945115
0.096426 15.022005169961202
0.096526 15.172068035465731
0.096626 15.119905064420573
0.096726 14.77741318391092
0.096826 13.89617983715132
0.096926 12.854230751581836
0.097026 11.740978519677975
0.097126 11.092234453151688
0.097226 11.168328736112741
0.097326 11.681995788572042
0.097426 12.23242473219703
0.097526 12.65585760682802
0.097626 13.380783244023188
0.097726 13.541300750001275
0.097826 13.418654688400219
0.097926 13.22707774826266
0.098026 13.134790779726004
0.098126 13.204331856444353
0.098226 13.31501124237125
0.098326 13.284166356502986
0.098426 13.062063089842097
0.098526 12.299502276516446
0.098626 11.267176762706939
0.098726 10.504948682781583
0.098826 10.123789367419047
0.098926 10.314209643456227
0.099026 10.836220727771462
0.099126 11.32370136590987
0.099226 11.645115202439161
0.099326 12.31967766770508
0.099426 12.484427403853507
0.099526 12.337827494608252
0.099626 12.201874646285939
0.099726 12.232737173244686
0.099826 12.45736230007189
0.099926 12.721067234988503
0.100026 12.80460279504214
0.100126 12.60409436453835
0.100226 11.92527448211163
0.100326 10.816750368372483
0.100426 9.835355396593128
0.100526 9.303278999454452
0.100626 9.32831843697899
0.100726 9.914637822294056
0.100826 10.476132318375797
0.100926 11.00902561017269
0.101026 11.352621843340998
0.101126 11.258373144753817
0.101226 10.794508318335007
0.101326 10.500464480735012
0.101426 10.675284322373084
0.101526 11.116422529610011
0.101626 11.51887861808059
0.101726 11.610387135260257
0.101826 11.476444249565347
0.101926 11.047850591180476
0.102026 10.230554266747566
0.102126 9.045403578184192
0.102226 7.919142826551371
0.102326 7.412557295304718
0.102426 7.902274477013047
0.102526 8.525048512998833
0.102626 8.985980533617495
0.102726 9.859830727108646
0.102826 10.250159330658278
0.102926 9.912693733334013
0.103026 9.482451907634106
0.103126 9.607635329087914
0.103226 10.236799824608811
0.103326 11.074282757108698
0.103426 11.731850020139396
0.103526 12.083491508313237
0.103626 12.044740048844407
0.103726 11.563447252629594
0.103826 10.336823482024952
0.103926 8.539077666685362
0.104026 6.922084197967706
0.104126 6.296332284725161
0.104226 6.901829472857703
0.104326 7.831404506125945
0.104426 9.084765541749732
0.104526 10.216346152865658
0.104626 10.589207323601842
0.104726 9.993477793130172
0.104826 9.479432731870721
0.104926 9.753576093773104
0.105026 10.65127591991149
0.105126 11.739882222777402
0.105226 12.539678687421292
0.105326 12.898711384621661
0.105426 12.749600322230323
0.105526 12.11594489453585
0.105626 10.435295743194668
0.105726 7.803171215450741
0.105826 6.227657558901358
0.105926 6.147629822620366
0.106026 6.922303844839982
0.106126 8.008359123655886
0.106226 10.098204075805704
0.106326 11.531548490055219
0.106426 11.859400304895148
0.106526 11.068097362504016
0.106626 10.616806962622302
0.106726 11.23603116252747
0.106826 12.777247887912795
0.106926 14.580114820045582
0.107026 15.870874355666817
0.107126 16.254732349987
0.107226 15.647813065623838
0.107326 14.117556046152357
0.107426 11.314201077840037
0.107526 8.568660143881958
0.107626 7.710290262220024
0.107726 8.049856984801131
0.107826 8.90487709870343
0.107926 10.028224521115774
0.108026 12.835747987335125
0.108126 14.484720878179605
0.108226 14.362479949829963
0.108326 13.596849484788383
0.108426 13.688174045163231
0.108526 15.342331377177732
0.108626 18.03037846767245
0.108726 20.3119883956295
0.108826 21.251837987488084
0.108926 20.770072552808553
0.109026 19.314633539485964
0.109126 17.0056367872821
0.109226 13.746317039967778
0.109326 11.433550906782642
0.109426 11.059371548897943
0.109526 11.681142795959886
0.109626 12.597605196473822
0.109726 14.408267145253475
0.109826 17.104303814248496
0.109926 18.92522390418747
0.110026 19.21198084972952
0.110126 19.478113728949232
0.110226 21.24678468182305
0.110326 24.62499385620982
0.110426 28.152826296441706
0.110526 30.140575425858987
0.110626 29.996214711445806
0.110726 28.193116303732673
0.110826 25.6711213309336
0.110926 22.57738738509073
0.111026 19.520028450082343
0.111126 18.092335507028395
0.111226 18.907360413596898
0.111326 20.16025431722352
0.111426 21.84596258661215
0.111526 23.528718981507446
0.111626 24.81502541642661
0.111726 25.65130895871679
0.111826 27.273882722438344
0.111926 30.90014592139008
0.112026 36.134622526550864
0.112126 40.795662433144855
0.112226 42.52354178032254
0.112326 41.32361652552095
0.112426 38.49979646464389
0.112526 35.39717813932383
0.112626 33.02297706148379
0.112726 31.75640407274656
0.112826 31.345732028776393
0.112926 31.358736877526987
0.113026 31.530631255321644
0.113126 31.90337821784198
0.113226 32.858767978871484
0.113326 34.96697332932245
0.113426 38.433525617820564
0.113526 42.90536646051404
0.113626 47.41306970270174
0.113726 51.648637812096894
0.113826 55.19849918167775
0.113926 56.74687043995657
0.114026 55.69645669010315
0.114126 52.812729423401464
0.114226 49.36299113356753
0.114326 46.283402691031085
0.114426 44.38186210377652
0.114526 43.53520427465037
0.114626 43.165896305058304
0.114726 43.13457551763345
0.114826 43.70369422789638
0.114926 45.13005083285322
0.115026 47.34606088725508
0.115126 50.26423335185818
0.115226 54.23279315566479
0.115326 58.27529217418793
0.115426 61.375510495429126
0.115526 63.1647701304727
0.115626 63.45267762181785
0.115726 62.03536131094716
0.115826 59.107704465847156
0.115926 55.49196902102146
0.116026 51.885762518291166
0.116126 48.90291169767454
0.116226 46.8472378437081
0.116326 45.373665624856606
0.116426 44.35883599394289
0.116526 43.92333600159076
0.116626 44.25815829054774
0.116726 45.52844998037047
0.116826 48.09825628527581
0.116926 50.78359480556561
0.117026 52.799479842759766
0.117126 53.79042333518583
0.117226 53.58195102303029
0.117326 52.14597206997293
0.117426 49.74791095838028
0.117526 46.873694788740295
0.117626 44.00660133684796
0.117726 41.5002216863047
0.117826 39.56879760162747
0.117926 38.111089209872894
0.118026 37.12711914874091
0.118126 36.658830487475335
0.118226 36.66118072940301
0.118326 37.1775802134266
0.118426 38.11370804505106
0.118526 39.13028944644706
0.118626 39.70213548969322
0.118726 39.39769860247893
0.118826 38.0913171164465
0.118926 36.01269230573131
0.119026 33.55855699958701
0.119126 31.172339483921625
0.119226 29.2120400952415
0.119326 27.85490702737428
0.119426 27.14228079925357
0.119526 26.90546302763941
0.119626 26.932172760320807
0.119726 27.0607560176003
0.119826 27.306120030795434
0.119926 27.77978218861691
0.120026 28.442548270816232
0.120126 29.057670254368208
0.120226 29.256363386069662
0.120326 28.869824353882315
0.120426 28.014570928910484
0.120526 26.891935676301287
0.120626 25.66703767341549
0.120717 22.658230792370485
0.12081 20.575589319492387
0.120904 19.377294590915348
0.120999 18.83966981589024
0.121095 18.453979901393442
0.121192 18.091000392590743
0.12129 17.746859223078218
0.121388 17.465215848429384
0.121487 17.214812703624585
0.121585 17.068659022194126
0.121684 17.03589706984546
0.121784 17.052421775020015
0.121883 17.017056793094483
0.121983 16.940063936206556
0.122082 16.896630245802594
0.122182 16.916695507640224
0.122282 17.03261429744102
0.122381 17.254054034762124
0.122481 17.57390485028017
0.122581 17.985893653796147
0.122681 18.462054218311046
0.122781 18.838290445768944
0.122881 18.92431890604845
0.122981 18.538461962035967
0.123081 17.72084605854191
0.123181 16.540566962214417
0.123281 15.228474555531196
0.123381 14.02621425257351
0.123481 13.14118389052327
0.123581 12.653584659389292
0.123681 12.517432354575723
0.123781 12.61512055594928
0.123881 12.795065899160264
0.123981 12.897520763971388
0.124081 12.818591873881498
0.124181 12.508558580147145
0.124281 11.996068280197623
0.124381 11.403576450673778
0.124481 10.954477522905377
0.124581 10.711600903468566
0.124681 10.348701646331827
0.124781 10.468797601627466
0.124881 10.757916821748509
0.124981 10.99908225540832
0.125081 10.958574538705879
0.125181 10.726436346764695
0.125281 10.471035878714954
0.125381 10.355959986335805
0.125481 10.379060841367847
0.125581 10.53458071818613
0.125681 10.744028490870992
0.125781 10.929005317820051
0.125881 10.939892725854396
0.125981 10.754149174284796
0.126081 10.336854277454584
0.126181 9.830816843672407
0.126281 9.325200756629432
0.126381 8.956441190416708
0.126481 8.55119893133741
0.126581 8.066681486542295
0.126681 7.561462782907517
0.126781 7.078419949727992
0.126881 6.720349864632673
0.126981 6.452080068117043
0.127081 6.362687666022546
0.127181 6.260652108518199
0.127281 6.247577103292154
0.127381 6.160254113280274
0.127481 6.0415498666721055
0.127581 5.8944633488500155
0.127681 5.758216516343502
0.127781 5.638824777064543
0.127881 5.619624132603897
0.127981 5.723580325595387
0.128081 5.9277202714484565
0.128181 6.131092778879638
0.128281 6.315395981298405
0.128381 6.439687864867207
0.128481 6.435161038682935
0.128581 6.256245302932195
0.128681 5.960949049879419
0.128781 5.583413296079701
0.128881 5.177659547347973
0.128981 4.8247358680079335
0.129081 4.418922465877746
0.129181 4.073656549382307
0.129281 3.771555016238981
0.129381 3.3844943992087
0.129481 2.923440624474209
0.129581 2.6213257330484927
0.129681 2.33867763201501
0.129781 2.145553272524257
0.129881 2.069710451581325
0.129981 2.2311807803888177
0.130081 2.176062059928722
0.130181 2.3415154002641065
0.130281 2.6437068723774173
0.130381 3.0939371752841187
0.130481 3.7639537456725796
0.130581 4.64696078681303
0.130681 5.126225061565367
0.130781 5.613973885067786
0.130881 6.136823380053332
0.130981 6.618992418409956
0.131081 7.175029291348218
0.131181 7.814952914603866
0.131281 8.320430830099983
0.131381 8.63857392687615
0.131481 8.728566329990365
0.131581 8.581859554485987
0.131681 8.380406050996008
0.131781 8.158439732222522
0.131881 7.917558289528024
0.131981 7.652002671656479
0.132081 7.630910249677514
0.132181 7.871505967889138
0.132281 8.282285184033285
0.132381 8.854906313572933
0.132481 9.598635007877308
0.132581 10.489781117914886
0.132681 11.494663009284517
0.132781 12.581085181993851
0.132881 13.798719134464879
0.132981 14.77846135020624
0.133081 15.67482983485696
0.133181 16.599945547154228
0.133281 17.661127092330208
0.133381 18.76508970953384
0.133481 19.954162328623944
0.133581 21.16230894342105
0.133681 22.377507303717376
0.133781 23.366655483778867
0.133881 24.26508603855547
0.133981 25.071189855863114
0.134081 25.797139288136115
0.134181 26.534118276883543
0.134281 27.48095557606318
0.134381 28.657032625820236
0.134481 30.008478430452808
0.134581 31.567533663381482
0.134681 33.31654948427853
0.134781 35.21253771675343
0.134881 37.37286739100509
0.134981 39.56187270882514
0.135081 41.70452804984373
0.135181 43.68624035730856
0.135281 45.556743434302234
0.135381 47.312458076917196
0.135481 48.901577195066615
0.135581 50.34038759413256
0.135681 51.696763114825146
0.135781 52.95659934840134
0.135881 54.30692122182398
0.135981 55.71979207986417
0.136081 57.18834433777081
0.136181 58.50705052183977
0.136281 59.71285229920513
0.136381 60.775122391438465
0.136481 61.67736219810027
0.136581 62.27750230710793
0.136681 62.6393425889575
0.136781 62.63394003048951
0.136881 62.30708090938292
0.136981 62.34357277969542
0.137081 61.057574808930674
0.137181 61.15078360092387
0.137281 60.025524414555434
0.137381 59.476888335976106
0.137481 59.29825791682175
0.137581 58.4476654107162
0.137681 56.82691020888887
0.137781 55.17707086517822
0.137881 53.90795623378015
0.137981 52.51494903968226
0.138081 50.742436611890916
0.138181 49.048001407208375
0.138281 47.015995982318124
0.138381 44.708555724941746
0.138481 42.571677586127784
0.138581 40.32951038326034
0.138681 38.075948871429084
0.138781 35.99812831089108
0.138881 34.1981829676801
0.138981 32.824888417553396
0.139081 31.531336389082924
0.139181 29.410143015198873
0.139281 28.58406173361954
0.139344 27.60108548790872
0.139402 26.599822671350562
0.139469 25.738703838721687
0.139542 24.72118807135974
0.13962 23.759774132858826
0.139703 22.989063645587436
0.139789 22.33631178842928
0.139878 21.450650222043205
0.139969 20.119678075591565
0.140062 18.928612829049676
0.140157 16.88544426486109
0.140252 15.007939306491004
0.140349 13.053492069157155
0.140446 11.103617035379054
0.140543 9.135977117568181
0.140642 7.129844034405225
0.14074 4.9050962357176
0.140839 2.718046121764313
0.140938 0.6620686982812684
0.141037 -0.8819828381761357
0.141137 -2.1414018038779807
0.141236 -3.1018608801170635
0.141336 -4.084422611187306
0.141436 -5.253360321822437
0.141535 -6.5769618575150535
0.141635 -8.04917183747763
0.141735 -9.618557713388364
0.141835 -11.425407657049044
0.141935 -12.642998169609397
0.142035 -13.717877256759445
0.142135 -15.019549897263593
0.142234 -16.035051113275177
0.142334 -15.807129855761143
0.142434 -14.740866860752654
0.142534 -11.553079084090898
0.142634 -10.205045759765058
0.142734 -10.415431263479375
0.142834 -10.918841704353678
0.142898 -11.946954362600888
0.142969 -8.295963555342547
0.143046 -5.825734680038545
0.143127 -5.277784360612442
0.143212 -5.244118633784218
0.1433 -5.273564876894761
0.143391 -5.30278300948846
0.143483 -5.017323142969311
0.143577 -4.9087702732329594
0.143672 -4.72646336924434
0.143768 -4.561263020501395
0.143865 -4.551299781270872
0.143962 -4.737401253231226
0.14406 -4.769632239347789
0.144159 -4.678368148144372
0.144258 -4.582893750669189
0.144357 -4.480916826847088
0.144456 -4.344036750572316
0.144555 -4.376994692377111
0.144655 -4.460623250549372
0.144754 -4.4408459565702865
0.144854 -4.488206166223939
0.144954 -4.257446222716219
0.145053 -3.8683676892720755
0.145153 -3.094400330388053
0.145253 -2.007917178649182
0.145353 -0.7193187275981096
0.145453 0.5989999643099326
0.145553 1.6623557483952216
0.145653 2.6270713240505166
0.145753 3.559037999724677
0.145853 4.806725334339453
0.145953 6.336818995273616
0.146053 7.477754788842265
0.146153 8.353399173010152
0.146253 8.484869246888593
0.146353 8.711837375658355
0.146453 9.297179566926525
0.146552 10.046646102389706
0.146652 10.465070334925791
0.146752 10.886798346020303
0.146852 11.23947657966788
0.146952 11.574875824058166
0.147052 11.880006016325657
0.147152 12.152038565667176
0.147252 12.240945480872675
0.147352 12.266903376790241
0.147452 12.246806911636492
0.147552 12.171956274568787
0.147652 12.087654703695963
0.147752 12.072782346672922
0.147852 12.189676698974676
0.147952 12.536240918152478
0.148052 13.103655478680283
0.148152 13.751386151234112
0.148252 14.598476951864296
0.148352 15.506033864775436
0.148452 16.46665568772211
0.148552 17.494826571765078
0.148652 18.523398000336506
0.148752 19.517242483416865
0.148852 20.386914491696963
0.148952 21.11541137901322
0.149052 21.542776789219563
0.149152 21.773466168365346
0.149252 21.874938638576886
0.149352 21.816824909627652
0.149452 21.444369789887475
0.149552 20.835512228946683
0.149652 20.287754024055108
0.149752 19.884461564346644
0.149852 19.51928160992796
0.149952 19.184276281910748
0.150052 18.96522125292531
0.150152 18.71164842224409
0.150252 18.682847149638256
0.150352 18.854748257559923
0.150452 19.07527616464338
0.150552 19.54645847460652
0.150652 19.899084294840748
0.150752 19.794534627013306
0.150852 19.762965640662205
0.150952 19.519194832078234
0.151025 18.54817700234025
0.151103 16.77505927100488
0.151186 15.060919580080865
0.151272 14.240531272146962
0.151361 14.014602642084709
0.151452 14.080071889993016
0.151545 14.429103108604876
0.151639 14.899782902418256
0.151734 15.518542621588411
0.151831 16.375830176461893
0.151928 17.377753259267944
0.152025 18.427467993657366
0.152124 19.351593051653726
0.152222 20.01343353744653
0.152321 20.282594158045818
0.15242 20.130773811648222
0.152519 19.76417053733946
0.152619 19.072645602728763
0.152718 18.20590466673125
0.152818 17.22806401778385
0.152917 16.325840628553077
0.153017 15.617831573473103
0.153117 15.25747130773506
0.153217 14.968266227508884
0.153317 15.046419521447183
0.153417 15.38119429162864
0.153516 16.060016825317515
0.153616 17.379130386013575
0.153716 18.83947515206518
0.153816 20.714990338188883
0.153916 22.221572606343656
0.154016 23.085950451989213
0.154116 23.47018472159198
0.154216 23.212748594066273
0.154316 22.661641743102898
0.154416 22.24227131589279
0.154516 22.049360179062166
0.154616 21.795527014831773
0.154716 21.649199573758626
0.154816 21.437069029689038
0.154916 21.001918494083096
0.155016 20.664178695069165
0.155116 20.47934942105612
0.155216 20.352498967537336
0.155316 20.199265702355035
0.155416 20.165174957809242
0.155516 20.235981298404653
0.155616 20.384541408126122
0.155716 20.6749712694957
0.155816 20.988924046437877
0.155916 21.41434577557066
0.156016 21.922364517954655
0.156116 22.645261735658966
0.156216 23.35892409742369
0.156316 24.022555714744588
0.156416 24.541215093839384
0.156516 25.02771802807279
0.156616 25.438567910550496
0.156716 25.824383454084728
0.156816 26.17457602749155
0.156916 26.62466234646898
0.157016 26.929076901898203
0.157116 27.138809175406486
0.157216 27.213753218479297
0.157316 27.13657548704196
0.157416 26.939655233948393
0.157516 26.68536024024514
0.157616 26.437406555755533
0.157716 26.241331851345773
0.157816 26.062871928742233
0.157916 25.942585388486386
0.158016 25.836472291761204
0.158116 25.75988212080578
0.158216 25.743121657242792
0.158316 25.765930261608197
0.158416 25.773906787740973
0.158516 25.875316647377034
0.158589 25.947608510551515
0.158667 26.35189162456089
0.15875 26.80510786048243
0.158836 26.840637220661495
0.158924 26.54502709895836
0.159015 26.246243824343686
0.159108 25.954988298756458
0.159203 25.845535937348636
0.159298 25.76352311951584
0.159394 25.765442837258394
0.159491 25.739991128468947
0.159589 25.525781790927585
0.159687 25.46905793517664
0.159786 25.38714005292327
0.159885 25.32632744107315
0.159984 25.43979157000607
0.160083 25.604460442658812
0.160182 25.83591807599945
0.160282 26.025444570775957
0.160381 26.061179301800312
0.160481 25.99315087211229
0.160581 25.942697557269813
0.160681 25.643600515976406
0.16078 25.33947015545574
0.16088 24.927541209281458
0.16098 24.556433134658626
0.16108 24.191123880224133
0.16118 23.99858239052072
0.16128 23.919090311166403
0.16138 23.87740053942988
0.16148 23.852086186414322
0.16158 23.820685963096473
0.16168 23.713576705602833
0.16178 23.46875528340463
0.16188 23.354579596498297
0.16198 23.2764387430978
0.16208 23.14844671727858
0.16218 23.16910820718594
0.16228 23.197371375546187
0.16238 23.19438758393539
0.16248 23.260540857479363
0.16258 23.324818566992807
0.16268 23.21107238455538
0.16278 23.115276368586624
0.16288 23.004462788006098
0.16298 22.8998539766383
0.16308 22.61428428668302
0.16318 22.246584715473684
0.16328 21.99072659878756
0.16338 21.782652077926713
0.16348 21.503935696695613
0.16358 21.041743102894465
0.16368 20.62249677514748
0.16378 20.229437065664627
0.16388 19.8443402181173
0.16398 19.4916585174346
0.16408 19.27730478807748
0.16418 19.123892358756557
0.16428 19.014220452448082
0.16438 18.953079491977384
0.16448 18.938005333115797
0.16458 18.879949116160976
0.16468 18.787550488698997
0.16478 18.687798585653614
0.16488 18.562273355325214
0.16498 18.40771751821468
0.16508 18.262365537670867
0.16518 18.172704134439385
0.16528 18.06766704226214
0.16538 18.029867793792988
0.16548 17.926240255336943
0.16558 17.906832914399924
0.16568 17.845006194775994
0.16578 17.81607970101921
0.16588 17.76942227977954
0.16598 17.762944430564975
0.16608 17.67698510704471
0.16618 17.57642426312757
0.16628 17.464588315071918
0.16638 17.35331239516043
0.16648 17.271362901704457
0.16658 17.23762528488322
0.16668 17.243447864459323
0.16678 17.282627910652465
0.16688 17.35787440155405
0.16698 17.458766449297162
0.16708 17.55764109048452
0.16718 17.66332896554889
0.16728 17.69083601433721
0.16738 17.7193445264183
0.16748 17.699792793665523
0.16758 17.6718849964055
0.16768 17.573767800421145
0.16778 17.448892333263654
0.16788 17.306942941779305
0.16798 17.185742327910145
0.16808 17.06079986539746
0.16818 16.956800028552053
0.16828 16.85119556627391
0.16838 16.73727276898839
0.16848 16.633186154293263
0.16858 16.521963463568092
0.16868 16.440496295880855
0.16878 16.41743469992301
0.16888 16.440627125470982
0.16898 16.515637042211154
0.16908 16.634981976515935
0.16918 16.758512437988507
0.16928 16.892597064237023
0.16938 16.98642737326202
0.16948 17.0758058052444
0.16958 17.19031106443077
0.16968 17.2776161074373
0.16978 17.354084524276892
0.16988 17.3989643762141
0.16998 17.405498717706866
0.17008 17.369763986682507
0.17018 17.27493027690394
0.17028 17.046022341982226
0.17038 16.89604309320716
0.17048 16.83824924923394
0.17058 16.795951318747996
0.17068 16.758693335644693
0.17078 16.716585582232465
0.17088 16.681343883997084
0.17098 16.650523777232795
0.17108 16.588784039401833
0.17118 16.57559982256938
0.17128 16.54071788021394
0.17138 16.483786104327166
0.17148 16.417029464699976
0.17158 16.2820961286474
0.17168 16.123376994182518
0.17178 15.962156495847205
0.17188 15.808633223373935
0.17198 15.644919416926271
0.17208 15.292436051046995
0.17218 15.005062483110951
0.17228 14.850508583461222
0.17238 14.72383974139997
0.17248 14.703276552135542
0.17258 14.82863189774286
0.17268 15.039133955020318
0.17278 15.317149995156347
0.17288 15.657515665390322
0.17298 15.95846695864541
0.17308 16.138299011385133
0.17318 16.18761136575691
0.17328 16.16189289920615
0.17338 16.08430320241877
0.17348 15.973036357981574
0.17358 15.856496051148968
0.17368 15.757798330724562
0.17378 15.670370309942744
0.17388 15.595375179087661
0.17398 15.533668276118757
0.17408 15.507046341003301
0.17418 15.494981262714587
0.17428 15.490963682807076
0.17438 15.497214543192632
0.17448 15.514082280901226
0.17458 15.543747457082697
0.17468 15.591015280447454
0.17478 15.660145921390077
0.17488 15.751481494700027
0.17498 15.858208052698934
0.17508 15.967447599333106
0.17518 16.06114218413016
0.17528 16.132987207660108
0.17538 16.18108416227764
0.17548 16.21172449307358
0.17558 16.235951624662857
0.17568 16.26386411261746
0.17578 16.305260715942755
0.17588 16.35907909428806
0.17598 16.42059469849541
0.17608 16.481104250687036
0.17618 16.534733675618078
0.17628 16.576442312104543
0.17638 16.60307281283619
0.17648 16.61387272921946
0.17658 16.609994544518262
0.17668 16.59788215139727
0.17678 16.584805208710417
0.17688 16.579652378742995
0.17698 16.586411771603963
0.17708 16.611002330051548
0.17718 16.654050465755383
0.17728 16.710773097846868
0.17738 16.770248657798536
0.17748 16.823835560563495
0.17758 16.864671319971652
0.17768 16.888222481683346
0.17778 16.89806794369127
0.17788 16.894428474555532
0.17798 16.893194923852693
0.17808 16.898942656258765
0.17818 16.915730550187885
0.17828 16.934115931536255
0.17838 16.95154543090658
0.17848 16.964630429351512
0.17858 16.96797591430305
0.17868 16.970698148705218
0.17878 16.969220375969368
0.17888 16.96756649824354
0.17898 16.96803556770151
0.17908 16.973938500915196
0.17918 16.980251054131635
0.17928 16.987175233132618
0.17938 16.993834183946607
0.17948 16.99987967348687
0.17958 17.002894974328647
0.17968 16.9940376173311
0.17978 16.9752149816706
0.17988 16.952128810552026
0.17998 16.92885572545161
0.18008 16.904640932428507
0.18018 16.883705342803097
0.18028 16.870897707168098
0.18038 16.86787995900741
0.18048 16.871237986468365
0.18058 16.872668750286795
0.18068 16.867239271310794
0.18078 16.849047432099646
0.18088 16.81728439375322
0.18098 16.776015866784274
0.18108 16.73416650946042
0.18118 16.701070803995247
0.18128 16.68402369820479
0.18138 16.685919860502825
0.18148 16.706576761687224
0.18158 16.745404801843648
0.18168 16.79696919947179
0.18178 16.858806422172712
0.18188 16.927347055314506
0.18198 16.995615832113923
0.18208 17.06059551426838
0.18218 17.11778425864082
0.18228 17.16264371625377
0.18238 17.195161140654555
0.18248 17.225471185369113
0.18258 17.240649559227666
0.18268 17.227372548219833
0.18278 17.193755155940103
0.18288 17.13027415070386
0.18298 17.03851417150607
0.18308 16.931974833403864
0.18318 16.821380389837508
0.18328 16.716127015851487
0.18338 16.619378686911435
0.18348 16.527012282481785
0.18358 16.43756563148476
0.18368 16.34945858167672
0.18378 16.262379405811366
0.18388 16.175921543034573
0.18398 16.098065904258846
0.18408 16.030430881085795
0.18418 15.974045061259453
0.18428 15.929756746697395
0.18438 15.898485823395351
0.18448 15.880586540765705
0.18458 15.875172561476143
0.18468 15.87908133766373
0.18478 15.886471934860529
0.18488 15.891307225199228
0.18498 15.888667689781935
0.18508 15.873765964931959
0.18518 15.845973293632383
0.18528 15.805021286575947
0.18538 15.752316744250075
0.18548 15.689367419047281
0.18558 15.616729770104982
0.18568 15.534300908057288
0.18578 15.440723182738244
0.18588 15.337084529375474
0.18598 15.226426251574187
0.18608 15.108910790127108
0.18618 14.988396037382797
0.18628 14.869814870521536
0.18638 14.756251727144337
0.18648 14.652931021296775
0.18658 14.5653255698939
0.18668 14.498286876762197
0.18678 14.444423936818383
0.18688 14.406711976057062
0.18698 14.369727990700188
0.18708 14.319813086018161
0.18718 14.244170537339459
0.18728 14.132101482157516
0.18738 13.987898517842487
0.18748 13.820206900419615
0.18758 13.642043511290808
0.18768 13.46850555490407
0.18778 13.309747161364994
0.18788 13.178689970581187
0.18798 13.093683979748437
0.18808 13.051576634222696
0.18818 13.037964850382139
0.18828 13.035294111648728
0.18838 13.033980819138035
0.18848 13.02843560237186
0.18858 13.018202036373278
0.18868 13.016222053402538
0.18878 13.025368194031602
0.18888 13.042459963392188
0.18898 13.059941774204239
0.18908 13.068595595845677
0.18918 13.060271856342382
0.18928 13.025574890507972
0.18938 12.962810745769453
0.18948 12.870048283562685
0.18958 12.744074072185711
0.18968 12.582292424018396
0.18978 12.388709498146666
0.18988 12.169108920987291
0.18998 11.939031575512535
0.19008 11.719624948376868
0.19018 11.526871051786289
0.19028 11.374485272748595
0.19038 11.276001896672156
0.19048 11.227675301963464
0.19058 11.219549387405486
0.19068 11.22826653342375
0.19078 11.240921211626805
0.19088 11.245366970372146
0.19098 11.241922980834435
0.19108 11.226287264254358
0.19118 11.205721219784534
0.19128 11.176943502623221
0.19138 11.140412067321666
0.19148 11.090806442567034
0.19158 11.030150663070467
0.19168 10.952706581758298
0.19178 10.840070054503832
0.19188 10.68494144279647
0.19198 10.501798779399694
0.19208 10.300005812382414
0.19218 10.11423656396425
0.19228 9.978035924602183
0.19238 9.906822207379687
0.19248 9.907620135316341
0.19258 9.973834795776336
0.19268 10.098783784472783
0.19278 10.227196953087956
0.19288 10.335739931577043
0.19298 10.4052408314766
0.19308 10.429876257437556
0.19318 10.435054784253543
0.19328 10.44135061412409
0.19338 10.455957233102028
0.19348 10.471123064451163
0.19358 10.476097342109693
0.19368 10.45296140883992
0.19378 10.373249988528194
0.19388 10.203918565463233
0.19398 9.921956019639735
0.19408 9.435623276042277
0.19418 9.021633279458326
0.19428 8.632762972064874
0.19438 8.296201251191793
0.19448 8.096213283843108
0.19458 8.116930552227316
0.19468 8.315922460779165
0.19478 8.622252451142847
0.19488 8.928642094904989
0.19498 9.254184252522522
0.19508 9.278969984653271
0.19518 9.279284363161732
0.19528 9.130882105510036
0.19538 8.975229767555689
0.19548 8.899860502822065
0.19558 8.93672579321175
0.19568 9.0767595458184
0.19578 9.284679375729736
0.19588 9.478032151652195
0.19598 9.537747956743639
0.19608 9.42062539195342
0.19618 8.96103389026834
0.19628 8.47547725268058
0.19638 7.942758434327727
0.19648 7.448517995441868
0.19658 7.187646036108151
0.19668 7.216939219815125
0.19678 7.521585454767939
0.19688 8.02018467060617
0.19698 8.581774306210582
0.19708 9.212048660857684
0.19718 9.484004323596743
0.19728 9.378375388129484
0.19738 9.041416079904963
0.19748 8.681282802995927
0.19758 8.433146385360955
0.19768 8.384350007392943
0.19778 8.559471277143572
0.19788 8.89449893694585
0.19798 9.258862302621182
0.19808 9.44390265789031
0.19818 9.24201628486792
0.19828 8.600063018461961
0.19838 7.807413132925107
0.19848 6.641217439186675
0.19858 5.879924744943482
0.19868 5.556245302932194
0.19878 5.830492675888301
0.19888 6.569369968337813
0.19898 7.581304522951263
0.19908 8.76268878771038
0.19918 9.41795169604299
0.19928 9.415072017457542
0.19938 9.018853940948235
0.19948 8.391637919167097
0.19958 7.75515114743567
0.19968 7.322606088725509
0.19978 7.158203362004355
0.19988 7.264726588590396
0.19998 7.638122396537044
0.20008 8.145967175335104
0.20018 8.643938449929385
0.20028 8.91550478501833
0.20038 8.767316973686224
0.20048 8.136776473107535
0.20058 7.32820218933071
0.20068 6.427049094237074
0.20078 5.676159850713547
0.20088 5.301585658711181
0.20098 5.490090805728766
0.20108 6.509857698602479
0.20118 8.031245838283207
0.20128 9.404260374337822
0.20138 10.149821906563405
0.20148 10.169330199405506
0.20158 9.69019410298114
0.20168 8.939041670703045
0.20178 8.129188560823524
0.20188 7.478645510954301
0.20198 7.141392014602336
0.20208 7.114483131344547
0.20218 7.368075642548679
0.20228 7.807430977958835
0.20238 8.219722229303585
0.20248 8.314104816629532
0.20258 7.981645618024505
0.20268 7.2446296135785415
0.20278 6.00662601398031
0.20288 5.074941289839038
0.20298 4.362995314404002
0.20308 4.368737438370902
0.20318 5.200143576042787
0.20328 6.854504137498535
0.20338 8.782104694263586
0.20348 10.510859059923625
0.20358 11.00888183018666
0.20368 10.481014923546779
0.20378 9.447805009865755
0.20388 8.167680910402636
0.20398 6.938866585429276
0.20408 6.075261072843428
0.20418 5.5736668485160585
0.20428 5.329411878674166
0.20438 5.565418975899008
0.20448 6.082437835550366
0.20458 6.6061851906614395
0.20468 6.827557524740865
0.20478 6.73129172551279
0.20488 6.354739691943733
0.20498 5.795395267497056
0.20508 5.205286208848078
0.20518 5.042143239536437
0.20528 5.427469625203306
0.20538 6.337302340758567
0.20548 7.822392050292404
0.20558 9.517416854889285
0.20568 10.76058847822651
0.20578 11.055261480729914
0.20588 10.401683347524385
0.20598 9.137554312634794
0.20608 7.542217474876742
0.20618 5.998045713877828
0.20628 4.738151764363978
0.20638 4.190723947525404
0.20648 4.3486795184900044
0.20658 4.97234927319727
0.20668 5.718565361259961
0.20678 6.283641508568166
0.20688 6.578708835331128
0.20698 6.744131176293638
0.20708 6.600551666471221
0.20718 6.097325794231465
0.20728 5.6854810766163775
0.20738 5.546625096235718
0.20748 5.806928767723942
0.20758 6.522633315148394
0.20768 7.699312711272453
0.20778 8.939465872647643
0.20788 9.401065093584457
0.20798 8.88203249835571
0.20808 7.598823961291573
0.20818 5.881085793823579
0.20828 4.144907180331714
0.20838 2.8289168064527646
0.20848 2.2446273702028727
0.20858 2.407566498243539
0.20868 3.20040146227305
0.20878 4.359039223384133
0.20888 5.840490381526821
0.20898 7.21359781372844
0.20908 7.543909795903801
0.20918 7.124936038300541
0.20928 6.554884593617596
0.20938 6.053632789994545
0.20948 5.802542458433818
0.20958 5.8852914094007645
0.20968 6.2674613655019815
0.20978 6.543708809838223
0.20988 6.408906099432528
0.20998 5.849062523899599
0.21008 5.042187801134944
0.21018 4.205309050491249
0.21028 3.4931190569664463
0.21038 2.97721138207237
0.21048 2.7831268577954758
0.21058 3.1613018716891093
0.21068 3.9037869201001363
0.21078 4.676195948667486
0.21088 5.248987064899838
0.21098 5.55728133460458
0.21108 5.717995645811771
0.21118 6.062314857775082
0.21128 6.333787378972432
0.21138 6.383833827045934
0.21148 6.161733721505306
0.21158 5.696005873565388
0.21168 5.317168859906288
0.21178 4.8945474754375855
0.21188 4.381455033064299
0.21198 3.7363980564208985
0.21208 2.98488566431962
0.21218 2.153927793894959
0.21228 1.4161457786298075
0.21238 1.0293303013771269
0.21248 1.090436693468208
0.21258 1.6531964534270114
0.21268 2.7217502409079555
0.21278 4.573617290308108
0.21288 6.18386023769585
0.21298 6.918058154415626
0.21308 6.836974501996095
0.21318 6.237691464465439
0.21328 5.5097528717757855
0.21338 4.96349885026997
0.21348 4.634427862725803
0.21358 4.43153921063768
0.21368 4.213825414387177
0.21378 3.775975689965483
0.21388 3.0123979136606285
0.21398 2.1839904554562466
0.21408 1.5623084335629396
0.21418 1.2307594336496155
0.21428 1.1317570220207716
0.21438 1.2854212192746761
0.21448 1.7154802098575967
0.21458 2.527562725293551
0.21468 3.2835499380522406
0.21478 3.9263502827163204
0.21488 4.458713526025707
0.21498 4.896295982827979
0.21508 5.245269179587321
0.21518 5.484387227034716
0.21528 5.586312349273197
0.21538 5.299908123569211
0.21548 4.522887224485426
0.21558 3.4611944955718825
0.21568 2.2899695614710427
0.21578 1.318580249116671
0.21588 0.6442671044648275
0.21598 0.29703374750806855
0.21608 0.26805616596901083
0.21618 0.5048527274859407
0.21628 1.08624025533694
0.21638 1.8664340014174057
0.21648 2.985915169808243
0.21658 3.6283614690031767
0.21668 3.6428432747166464
0.21678 3.2279322704491342
0.21688 2.800524134133471
0.21698 2.5654890304028393
0.21708 2.6127892807431694
0.21718 3.090579453738025
0.21728 3.522091132037954
0.21738 3.394807503071895
0.21748 2.6589289920615093
0.21758 1.6276385921797965
0.21768 0.5514599786879312
0.21778 -0.31945383999632904
0.21788 -0.8479071854302949
0.21798 -0.9673435882793818
0.21808 -0.6632559538680385
0.21818 0.12891405321898916
0.21828 1.359371956784427
0.21838 2.4905934238501426
0.21848 3.160161217133272
0.21858 3.3642355952338465
0.21868 3.2796936772496212
0.21878 3.168010686625912
0.21888 3.1854358012165216
0.21898 3.1018109140226278
0.21908 2.7894457332524363
0.21918 2.218289324081108
0.21928 1.3095885954938742
0.21938 0.43854945368703896
0.21948 -0.1811729795597885
0.21958 -0.511419190039412
0.21968 -0.6383626416768214
0.21978 -0.6396679804010544
0.21988 -0.5316344521319717
0.21998 -0.3162589671294479
0.22008 0.005367174315388028
0.22018 0.4951104607587709
0.22028 1.0305959731406749
0.22038 1.4628716228273673
0.22048 1.8154240234942618
0.22058 2.086810480643237
0.22068 2.250831527585873
0.22078 2.2771549917657916
0.22088 2.125355753493803
0.22098 1.7914668107865581
0.22108 1.2727975404444944
0.22118 0.7105020572774597
0.22128 0.040933040334874805
0.22138 -0.6396965324550178
0.22148 -1.2419472500803028
0.22158 -1.6115754105632405
0.22168 -1.7021365094094316
0.22178 -1.5633446691785677
0.22188 -0.8613538772159709
0.22198 0.3210439854588468
0.22208 1.3169605318839768
0.22218 1.6983123696675217
0.22228 1.4837596936772497
0.22238 0.8900268695222121
0.22248 0.2322759556015561
0.22258 -0.1341003298781949
0.22268 -0.13361678045000078
0.22278 0.004081618085686753
0.22288 0.040667506233015356
0.22298 -0.12434552064160545
0.22308 -0.4820833821947353
0.22318 -0.8667302289772757
0.22328 -1.1697873381837836
0.22338 -1.354448257050063
0.22348 -1.3911816981334095
0.22358 -1.2817842994294688
0.22368 -1.0326193960220873
0.22378 -0.7090542641982737
0.22388 -0.3601802858264545
0.22398 -0.010443219651970858
0.22408 0.5248722040656085
0.22418 1.0877077289390364
0.22428 1.3257642518087216
0.22438 1.0767118230996313
0.22448 0.2895885954938741
0.22458 -0.7151278979060128
0.22468 -1.6415506824450758
0.22478 -2.290045734272152
0.22488 -2.6449163577776305
0.22498 -2.7758871785981962
0.22508 -2.7273133027078567
0.22518 -2.514452335914915
0.22528 -2.075715662331173
0.22538 -1.4360222909964158
0.22548 -0.78052250258753
0.22558 -0.29754452335914916
0.22568 -0.08931714703797933
0.22578 -0.13640162542764347
0.22588 -0.30792706989644786
0.22598 -0.5431804948682782
0.22608 -0.8382254898461758
0.22618 -1.2098284327471664
0.22628 -1.643419414376979
0.22638 -2.0169715448190773
0.22648 -2.2919622908944444
0.22658 -2.385579377259309
0.22668 -2.3847315851998387
0.22678 -2.359842453845095
0.22688 -2.351853181259656
0.22698 -2.3567682134062093
0.22708 -2.334239725084509
0.22718 -2.2579999286198653
0.22728 -2.1337560736846934
0.22738 -1.9865027302901606
0.22748 -1.8636692448491585
0.22758 -1.812618274334253
0.22768 -1.8443777436739357
0.22778 -1.9397563897967196
0.22788 -2.0780329674251656
0.22798 -2.2291707157897958
0.22808 -2.366971697776509
0.22818 -2.476237043230869
0.22828 -2.5590797061177875
0.22838 -2.635176538369372
0.22848 -2.7245400824950416
0.22858 -2.836980824236615
0.22868 -2.939010977245033
0.22878 -3.0060053127214696
0.22888 -3.058008392264433
0.22898 -3.1365954734797308
0.22908 -3.25383275634391
0.22918 -3.387530094374736
0.22928 -3.4919956356146087
0.22938 -3.5221882090214294
0.22948 -3.4607096205126116
0.22958 -3.3277925693279564
0.22968 -3.17907205824619
0.22978 -3.101106698005945
0.22988 -3.15013200226377
0.22998 -3.3594747441786956
0.23008 -3.7290180642727133
0.23018 -4.220778757271852
0.23028 -4.769092503556261
0.23038 -5.296465051776091
0.23048 -5.727234376672972
0.23058 -5.996617499349931
0.23068 -6.060035588095833
0.23078 -5.911258686707489
0.23088 -5.579155063145927
0.23098 -5.121555984969383
0.23108 -4.6191779047890975
0.23118 -4.1592326635497345
0.23128 -3.8167600556765056
0.23138 -3.6424569042435495
0.23148 -3.651835132282686
0.23158 -3.8303476722428154
0.23168 -4.147247836926984
0.23178 -4.551188428260415
0.23188 -4.980636200945277
0.23198 -5.378053055834561
0.23208 -5.6991039753636565
0.23218 -5.917027629210791
0.23228 -6.0268734991052
0.23238 -6.048054228508207
0.23248 -6.012882992663142
0.23258 -5.958869236691429
0.23268 -5.921523659965432
0.23278 -5.927092738090989
0.23288 -5.986550656952171
0.23298 -6.100645684306058
0.23308 -6.259969816400096
0.23318 -6.448938628379722
0.23328 -6.645324958064171
0.23338 -6.824060713903322
0.23348 -6.965665951165791
0.23358 -7.056424365099193
0.23368 -7.0914687482473635
0.23378 -7.0718411486083435
0.23388 -7.007596885786686
0.23398 -6.917901627976935
0.23408 -6.829129213339927
0.23418 -6.767080297553191
0.23428 -6.750277209852498
0.23438 -6.786458474606518
0.23448 -6.87706372716473
0.23458 -7.016061448098994
0.23468 -7.1944013501042665
0.23478 -7.408908342808197
0.23488 -7.656156281706801
0.23498 -7.928050761473083
0.23508 -8.208530130064803
0.23518 -8.475106687808783
0.23528 -8.702511663004186
0.23538 -8.865517888371667
0.23548 -8.949040803944262
0.23558 -8.946342634844722
0.23568 -8.865495148700118
0.23578 -8.728232168987372
0.23588 -8.561948371768137
0.23598 -8.3996543162038
0.23608 -8.275039896396834
0.23618 -8.216799824608811
0.23628 -8.23990730779624
0.23638 -8.340531374118584
0.23648 -8.494888264595964
0.23658 -8.667911978096496
0.23668 -8.824491340060062
0.23678 -8.938458495000843
0.23688 -8.998111587545187
0.23698 -9.00560782734165
0.23708 -8.972349069254028
0.23718 -8.916438539154553
0.23728 -8.862957686875744
0.23738 -8.838907170134553
0.23748 -8.862467611263787
0.23758 -8.934664640830457
0.23768 -9.053518275863826
0.23778 -9.211309264631653
0.23788 -9.391687069488562
0.23798 -9.568044949090668
0.23808 -9.72024350823166
0.23818 -9.825389302157209
0.23828 -9.870572417696154
0.23838 -9.855416987452392
0.23848 -9.788567757593063
0.23858 -9.686230975919402
0.23868 -9.571795567293623
0.23878 -9.46816058490922
0.23888 -9.39422402145483
0.23898 -9.362483110950222
0.23908 -9.375962331683093
0.23918 -9.435182044836923
0.23928 -9.53474101757481
0.23938 -9.660860232597269
0.23948 -9.795471950156273
0.23958 -9.920424405887841
0.23968 -10.021785421117304
0.23978 -10.091145804122712
0.23988 -10.13011945975435
0.23998 -10.144976928920682
0.24008 -10.1431020786915
0.24018 -10.135217734904376
0.24028 -10.132722795246083
0.24038 -10.143174172627758
0.24048 -10.170804912992715
0.24058 -10.215599006796408
0.24068 -10.272725548479858
0.24078 -10.334656789015616
0.24088 -10.393916577016617
0.24098 -10.442976755568926
0.24108 -10.478390275986195
0.24118 -10.497898874743159
0.24128 -10.499107952256887
0.24138 -10.500651802603336
0.24148 -10.49764190625749
0.24158 -10.486364150856817
0.24168 -10.467955112092305
0.24178 -10.450844172066914
0.24188 -10.439887117415225
0.24198 -10.435997613864062
0.24208 -10.43865101742185
0.24218 -10.443759897620492
0.24228 -10.4508163338143
0.24238 -10.451227381419752
0.24248 -10.443130630745465
0.24258 -10.425078492655494
0.24268 -10.395193363686888
0.24278 -10.358001662137427
0.24288 -10.3171698796225
0.24298 -10.277527188183528
0.24308 -10.243029576868757
0.24318 -10.216579769850052
0.24328 -10.199654622118665
0.24338 -10.19475845472205
0.24348 -10.204329613068683
0.24358 -10.231681563021013
0.24368 -10.279636063283588
0.24378 -10.346763165810955
0.24388 -10.429596243365472
0.24398 -10.52318457373313
0.24408 -10.62164541408126
0.24418 -10.7191309978433
0.24428 -10.810868849199268
0.24438 -10.892932142984607
0.24448 -10.962246944675298
0.24458 -11.015657334563791
0.24468 -11.050306577679432
0.24478 -11.065278968862966
0.24488 -11.060772537002954
0.24498 -11.037925081449833
0.24508 -10.998537115120863
0.24518 -10.94497132048151
0.24528 -10.880566758271174
0.24538 -10.811796281094972
0.24548 -10.740140924780635
0.24558 -10.67240902856735
0.24568 -10.607133730682753
0.24578 -10.559154859202685
0.24588 -10.52302509011742
0.24598 -10.495811719598438
0.24608 -10.479115600128484
0.24618 -10.473510322077367
0.24628 -10.479238985790255
0.24638 -10.496679804010544
0.24648 -10.526815987110787
0.24658 -10.585270301275155
0.24668 -10.65927549163068
0.24678 -10.718562302111323
0.24688 -10.764592393936768
0.24698 -10.79840016723346
0.24708 -10.813401212442578
0.24718 -10.804080088511368
0.24728 -10.771322011084315
0.24738 -10.723646097291125
0.24748 -10.670425578561488
0.24758 -10.615591562868055
0.24768 -10.561645006194777
0.24778 -10.506625504122205
0.24788 -10.446277780893578
0.24798 -10.377772531904371
0.24808 -10.30178909209567
0.24818 -10.223148169864327
0.24828 -10.151713378166857
0.24838 -10.098788781082225
0.24848 -10.070661744836412
0.24858 -10.079970632173067
0.24868 -10.125865305685428
0.24878 -10.20225255311447
0.24888 -10.303468462726823
0.24898 -10.419918320731341
0.24908 -10.540497927426797
0.24918 -10.653562225632607
0.24928 -10.747735159305165
0.24938 -10.814854817904179
0.24948 -10.851329556984291
0.24958 -10.858242417135312
0.24968 -10.840838410670312
0.24978 -10.809057323346913
0.24988 -10.7733840812102
0.24998 -10.745839608836862
0.25 -10.73012965691648
ENDATA
