XYDATA, head_z_accel
0.0 -0.0
0.0 0.14038198569338153
1e-06 0.3197085651063309
3e-06 0.3647503479781577
1.6e-05 -0.02485507283323051
4.6e-05 -0.18841327058679572
9e-05 -0.1652821299832257
0.000145 -0.09774397985040764
0.000209 -0.015420760402380019
0.00028 0.062476584766459495
0.000357 0.10188453753320452
0.000439 0.08659470869257085
0.000524 0.035787348380945584
0.000613 -0.013133129050185334
0.000703 -0.03401569343251773
0.000796 -0.027287911774153253
0.00089 -0.009512014806279414
0.000985 0.002383076789729418
0.001081 0.0029737983919075326
0.001178 -0.0022977265427031658
0.001275 -0.00510928808512591
0.001373 -0.0017294386972105664
0.001472 0.005172510490330541
0.001571 0.010193491151412562
0.00167 0.0101640213528575
0.001769 0.005316392447981727
0.001868 -3.4058521513462804e-05
0.001968 -0.0024815813759030865
0.002067 -0.0012502740487322379
0.002167 0.001507650420887867
0.002267 0.0025660138783376585
0.002366 0.00025380736541020637
0.002466 -0.004047559564173291
0.002566 -0.00699515124940729
0.002666 -0.006042634334864607
0.002766 -0.0013610152294616408
0.002866 0.004366730738835383
0.002966 0.007728633121402314
0.003066 0.006593892919600475
0.003166 0.0012593495230277414
0.003266 -0.00566503342119888
0.003366 -0.010547740563801094
0.003466 -0.010900664345112755
0.003566 -0.006906231995635614
0.003666 -0.0007920135826199569
0.003766 0.004962958808563577
0.003866 0.008629756338810909
0.003966 0.009415753595774297
0.004066 0.0073395094145299366
0.004166 0.003175702202077162
0.004266 -0.00167753514196999
0.004366 -0.005668398484701707
0.004466 -0.007730468610585675
0.004566 -0.0076857030688359425
0.004666 -0.006170914634457231
0.004766 -0.004182875905635462
0.004866 -0.0025577541770125376
0.004966 -0.0016589763068937914
0.005066 -0.0013645842362070637
0.005166 -0.0012712802027195834
0.005266 -0.0008975542106631726
0.005366 3.997287554873479e-05
0.005466 0.0013282823390250494
0.005566 0.0022574477522905377
0.005666 0.002185353816032998
0.005766 0.0010476564372135235
0.005866 -0.0006220268899165363
0.005966 -0.0020660470191145807
0.006066 -0.0027315138197039762
0.006166 -0.0024935120555949278
0.006266 -0.0016345031177823215
0.006366 -0.0006730127005654327
0.006466 -0.00013327690903621524
0.006566 -0.00033069396786874214
0.006666 -0.0012458892690164329
0.006766 -0.0025417446324687842
0.006866 -0.0037101354692988943
0.006966 -0.004267716294555225
0.007066 -0.0039317198023789985
0.007166 -0.002718971310284348
0.007266 -0.0009240668322005987
0.007366 0.0010346040696874062
0.007466 0.0027683255749924797
0.007566 0.003923460101053877
0.007666 0.00417512606241683
0.007766 0.0033407942569582886
0.007866 0.0015521100477737047
0.007966 -0.0006587366735837417
0.008066 -0.002565707963473765
0.008166 -0.0036045948412556784
0.008266 -0.003626008881728215
0.008366 -0.002887428428668302
0.008466 -0.001837018757679738
0.008566 -0.0008646173769839854
0.008666 -0.0001652959981237222
0.008766 0.00024167274247576903
0.008866 0.0004038076203392596
0.008966 0.00035210800834127863
0.009066 0.00010543865642191779
0.009166 -0.0003013261409349778
0.009266 -0.0008032304609627141
0.009366 -0.0013164536309545054
0.009466 -0.0017807304227233562
0.009566 -0.0021866794471098695
0.009666 -0.002556836432420857
0.009766 -0.002890997435413725
0.009866 -0.00313052877384224
0.009966 -0.0031834520452957943
0.010066 -0.002989094135102201
0.010166 -0.002567747395899721
0.010266 -0.00201618289629996
0.010366 -0.0014412668954230038
0.010466 -0.0009074454579290585
0.010566 -0.0004196132216404175
0.010666 3.303880530048488e-05
0.010766 0.00042950446890630337
0.010866 0.0007083968531557668
0.010966 0.0007916056961347657
0.011066 0.0006153987345321797
0.011166 0.0001524475738402003
0.011266 -0.0005703272779185553
0.011366 -0.001476141189906849
0.011466 -0.0024460952516914543
0.011566 -0.0033472184691000495
0.011666 -0.004066220370870787
0.011766 -0.00451979014240337
0.011866 -0.004657451831155389
0.011966 -0.004460442658808054
0.012066 -0.003937736128035568
0.012166 -0.003110236421203979
0.012266 -0.0019956866004191037
0.012366 -0.0006150928196682864
0.012466 0.001105984204595861
0.012566 0.003376280381169921
0.012666 0.006313980819138035
0.012766 0.009663136749042742
0.012866 0.01279244186342941
0.012966 0.014932826194470079
0.013066 0.015440338953669195
0.013166 0.013975822528590295
0.013266 0.01066714933234081
0.013366 0.006146849331830952
0.013466 0.0014624769926529447
0.013566 -0.00228599980625392
0.013666 -0.004443719312915216
0.013766 -0.0050678876068790055
0.013866 -0.004778900032121061
0.013966 -0.004330632784895963
0.014066 -0.004205513605563572
0.014166 -0.004460442658808054
0.014266 -0.004838451458958972
0.014366 -0.005004257315189184
0.014466 -0.00473964095792141
0.014566 -0.004018089765618229
0.014666 -0.0029597263081684367
0.014766 -0.0017376983985356877
0.014866 -0.000500068830844376
0.014966 0.0006958543437361383
0.015066 0.0018977938439732223
0.015166 0.0031237986468365857
0.015266 0.0042531343527096414
0.015366 0.005053203693412124
0.015466 0.005317208220952109
0.015566 0.004998342961153911
0.015666 0.004251808721632769
0.015766 0.0033538466244844066
0.015866 0.0025395012568002326
0.015966 0.0018599623724717411
0.016066 0.0011664533760254521
0.016166 0.0002970433328404705
0.016266 -0.0007382745381960201
0.016366 -0.0017583986376591395
0.016466 -0.002538991398693744
0.016566 -0.002892832924597085
0.016666 -0.002630765857861757
0.016766 -0.0011973507772786835
0.016866 0.0023260746534239526
0.016966 0.008046070778502343
0.017066 0.014327318707203785
0.017166 0.018340309891757126
0.017266 0.017833205019043202
0.017366 0.01271983806906538
0.017466 0.005239607817144489
0.017566 -0.0014420826683933861
0.017666 -0.00500854012328369
0.017766 -0.004964386411261746
0.017866 -0.0024215200909586863
0.017966 0.0008758342553267425
0.018066 0.003487429448384515
0.018166 0.004726486618773996
0.018266 0.004583012547608001
0.018366 0.0034058521513462806
0.018466 0.001643476620456527
0.018566 -0.00024248851544615135
0.018666 -0.001751872453896081
0.018766 -0.002348508410109467
0.018866 -0.0015489489275134732
0.018966 0.0009209057119403671
0.019066 0.004963162751806173
0.019166 0.010008514630378367
0.019266 0.015051827076524603
0.019366 0.018872397811689007
0.019466 0.020411149577072702
0.019566 0.019157714408080232
0.019666 0.01535458082015775
0.019766 0.009907052867187063
0.019866 0.004069585434373614
0.019966 -0.0009001035011956173
0.020066 -0.004032875650706409
0.020166 -0.004973155970693356
0.020266 -0.004034099310161982
0.020366 -0.001888616398056421
0.020466 0.0010741690587509497
0.020566 0.0048692468885909055
0.020666 0.00943359862950141
0.020766 0.014123273492986902
0.020866 0.017769676698974675
0.020966 0.019183819143132465
0.021066 0.017783544839471175
0.021166 0.013953184828662184
0.021266 0.008922822778420766
0.021366 0.004263637429703314
0.021466 0.001292592271570822
0.021566 0.0005639030657767944
0.021666 0.0016310360826581962
0.021766 0.003574717156215425
0.021866 0.005417752239551733
0.021966 0.006358848332509063
0.022066 0.005972783774275619
0.022166 0.004422407244063977
0.022266 0.0024242733247337267
0.022366 0.0010044204697832594
0.022466 0.0012107090596686942
0.022566 0.0037918147379584267
0.022666 0.009050287305043007
0.022766 0.016469334584185223
0.022866 0.02437611212799478
0.022966 0.030172281054182622
0.023066 0.03140766724620538
0.023166 0.027108237777426544
0.023266 0.018438304619824306
0.023366 0.008080741129743593
0.023466 -0.0009857596630857633
0.023566 -0.0064615337551559415
0.023666 -0.007525301708534516
0.023766 -0.004904325126317346
0.023866 -3.099937287452902e-05
0.023966 0.0055260461013699885
0.024066 0.010916266003171318
0.024166 0.01581753198084973
0.024266 0.019988171291929455
0.024366 0.02301132394854512
0.024466 0.02434939556321476
0.024566 0.023625193108757835
0.024666 0.02089062014041492
0.024766 0.01670448114289793
0.024866 0.011988701544360205
0.024966 0.007757797005093483
0.025066 0.004854461003502726
0.025166 0.0037959955744316363
0.025266 0.004565473428744781
0.025366 0.006905926080771722
0.025466 0.01026476931469972
0.025566 0.013895774805871527
0.025666 0.01709962117542688
0.025766 0.019403567987029212
0.025866 0.020661387935737484
0.025966 0.02105020572774597
0.026066 0.0209748486996069
0.026166 0.020906017855230892
0.026266 0.021200919784024108
0.026366 0.021973252843733592
0.026466 0.023092901245583355
0.026566 0.024382332396893944
0.026666 0.025567242636374297
0.026766 0.026191512901959386
0.026866 0.02556061448098994
0.026966 0.022933519601494905
0.027066 0.018112097403292664
0.027166 0.01207160447247531
0.027266 0.006711262255714235
0.027366 0.0040091162629440225
0.027466 0.00520585521049492
0.027566 0.010142199425899771
0.027666 0.017516277220049663
0.027766 0.02532108314256143
0.027866 0.03148231047299537
0.027966 0.034220554419705
0.028066 0.03255892685065746
0.028166 0.026826898074265932
0.028266 0.018905946475095983
0.028366 0.01131028434786599
0.028466 0.006415646525571934
0.028566 0.00567665818602683
0.028666 0.009270647978667538
0.028766 0.015774805871525955
0.028866 0.022647897090239788
0.028966 0.027014423885832577
0.029066 0.026961398642757723
0.029166 0.022449256371951685
0.029266 0.015269842402859285
0.029366 0.008233086731962496
0.029466 0.004081210199201562
0.029566 0.00471057904585154
0.029666 0.009966196407539783
0.029766 0.018180418389562185
0.029866 0.026649059566722585
0.029966 0.03251467116701422
0.030066 0.033793905156195035
0.030166 0.030128331285403275
0.030266 0.02300082087155145
0.030366 0.015056313827861708
0.030466 0.008831252262495348
0.030566 0.0063581345311599785
0.030666 0.0086810480643237
0.030766 0.015589319492385269
0.030866 0.02544977132863924
0.030966 0.03548275914812908
0.031066 0.0426937843198238
0.031166 0.045078288712251384
0.031266 0.04235391290603825
0.031366 0.03593673680614685
0.031466 0.028190462594260016
0.031566 0.02138650813478609
0.031666 0.01694013755971713
0.031766 0.01513615760733788
0.031866 0.015485410410282818
0.031966 0.01729081796536024
0.032066 0.02000193746080466
0.032166 0.023289196616581607
0.032266 0.02681863837294081
0.032366 0.030122518902989302
0.032466 0.032772353454033745
0.032566 0.034338127699061353
0.032666 0.03468880810470446
0.032766 0.03420066995355193
0.032866 0.03360077090545701
0.032966 0.03362269480403604
0.033066 0.034649039172398324
0.033166 0.03651267252323679
0.033266 0.038551697062707446
0.033366 0.039884364181448306
0.033466 0.03977321511423371
0.033566 0.03791447640121754
0.033666 0.03454594586326626
0.033766 0.030358685177914988
0.033866 0.02627676117736434
0.033966 0.023199971447946038
0.034066 0.02178297379839191
0.034166 0.02229374964947255
0.034266 0.024562210336863254
0.034366 0.028024758709651106
0.034466 0.03186725334339453
0.034566 0.035245165270505224
0.034666 0.037521579744357145
0.034766 0.03843983419414378
0.034866 0.03816369504366935
0.034966 0.0373711716029429
0.035066 0.03638367842229508
0.035166 0.03556097138166448
0.035266 0.0352367016259375
0.035366 0.0352876874365864
0.035466 0.03538700779573045
0.035566 0.03527606267175845
0.035666 0.03481382531241556
0.035766 0.03396073072863822
0.035866 0.03276909036215221
0.035966 0.031408381047554466
0.036066 0.03025518398229773
0.036166 0.029612558824879037
0.036266 0.02970392539756186
0.036366 0.030664396098565774
0.036466 0.032391183533622595
0.036566 0.03453360729708922
0.036666 0.03658446054463043
0.036766 0.03805774652914094
0.036866 0.03866631316504617
0.036966 0.0384385085630669
0.037066 0.03781852110557632
0.037166 0.03745641987834786
0.037266 0.03787858239052072
0.037366 0.039581712409436455
0.037466 0.04263688415513963
0.037566 0.046642431411338225
0.037666 0.05068907323091983
0.037766 0.05354111750699781
0.037866 0.05401090076631673
0.037966 0.05143581141368357
0.038066 0.046217107778905135
0.038166 0.03952664773393565
0.038266 0.03322633111205152
0.038366 0.029600526173565896
0.038466 0.029563102588549606
0.038566 0.032857193842953505
0.038666 0.038302682363498236
0.038766 0.044244568736520634
0.038866 0.04890732309198351
0.038966 0.05090851615995269
0.039066 0.04969270851921911
0.039166 0.04578393233163211
0.039266 0.040552584215812745
0.039366 0.03589431661168697
0.039466 0.033655019807987435
0.039566 0.0350335741563123
0.039666 0.03974649854945369
0.039766 0.0463477334257876
0.039866 0.052685269689445424
0.039966 0.056642278453906285
0.040066 0.057316004955820794
0.040166 0.05448751612426263
0.040266 0.04907588218198875
0.040366 0.04309381899017504
0.040466 0.03893194923852692
0.040566 0.03848551748048518
0.040666 0.042520534535238845
0.040766 0.050919223180188954
0.040866 0.06199466688420612
0.040966 0.07155409849438903
0.041066 0.07679615363044466
0.041166 0.07691607225709085
0.041266 0.07295437279805031
0.041366 0.06708192909913172
0.041466 0.061576175350399984
0.041566 0.05790223980666181
0.041666 0.05651042914756823
0.041766 0.05650543253812464
0.041866 0.05658384871490264
0.041966 0.0557403394635273
0.042066 0.053430172383025804
0.042166 0.04970433328404705
0.042266 0.04521982532261272
0.042366 0.04099840414412669
0.042466 0.038211315790815416
0.042566 0.03797015290644614
0.042666 0.04093895468891008
0.042766 0.0470086115034186
0.042866 0.05517816991531257
0.042966 0.06376560803128489
0.043066 0.0707784003711767
0.043166 0.07456776779022399
0.043266 0.07437177833408963
0.043366 0.07056262842051057
0.043466 0.06431166606333458
0.043566 0.057265223088414495
0.043666 0.05108217383102283
0.043766 0.047032064976317095
0.043866 0.04577302136815325
0.043966 0.047316871714601826
0.044066 0.05111735404037057
0.044166 0.056211652297165696
0.044266 0.06141587596171986
0.044366 0.06554195367429244
0.044466 0.0676604141067541
0.044566 0.06736795949687202
0.044666 0.06495765628425611
0.044766 0.061389873198288925
0.044866 0.05832552400666895
0.044966 0.05681950513172184
0.045066 0.057248397770900364
0.045166 0.05965921084162278
0.045266 0.06364436377356182
0.045366 0.06840725426113914
0.045466 0.07296742516557643
0.045566 0.07643323663024582
0.045666 0.07822814110832955
0.045766 0.07818276373685204
0.045866 0.0766231077891023
0.045966 0.07432150632478982
0.046066 0.07098162981242322
0.046166 0.0669390668576935
0.046266 0.06305935258217638
0.046366 0.060351700121856096
0.046466 0.05983643751943834
0.046566 0.06317763966288183
0.046666 0.0690142913227249
0.046766 0.07524567512861172
0.046866 0.0797596528886011
0.046966 0.08110455660189769
0.047066 0.0789611131222181
0.047166 0.07419659108870003
0.047266 0.0685332911850632
0.047366 0.0639828075846492
0.047466 0.06222502077671784
0.047566 0.0640982394599583
0.047666 0.06933947882304356
0.047766 0.07663972916337383
0.047866 0.08402502383586648
0.047966 0.08952792237920187
0.048066 0.0918600133582824
0.048166 0.09081317269403925
0.048266 0.08758505707861503
0.048366 0.08378039391637308
0.048466 0.0801015637348126
0.048566 0.07754095435240373
0.048666 0.07687875064369587
0.048766 0.07833827045933117
0.048866 0.08147726287774114
0.048966 0.08533382959522365
0.049066 0.08874294483845147
0.049166 0.09071874697271749
0.049266 0.09079369611437138
0.049366 0.08911667083050788
0.049466 0.0863575227014322
0.049566 0.08349599506457353
0.049666 0.08324198375592073
0.049766 0.0855904921660302
0.049866 0.08950956748736827
0.049966 0.0943637225760071
0.050066 0.0997602647183289
0.050166 0.10528661673456277
0.050266 0.11031922216047275
0.050366 0.11404964998240989
0.050466 0.11576195744724245
0.050566 0.1161470022892629
0.050666 0.11609234550024729
0.050766 0.11403078523246982
0.050866 0.10989716161992118
0.050966 0.10471057904585156
0.051066 0.09992097199349421
0.051166 0.09670876395099245
0.051266 0.09554873478710875
0.051366 0.09613966033252946
0.051466 0.09767871801277705
0.051566 0.09930200425221662
0.051666 0.10046539847960313
0.051766 0.10110159942488006
0.051866 0.10153273543972713
0.051966 0.10223052724426793
0.052066 0.10357696053188399
0.052166 0.10573753524394162
0.052266 0.10865983796709375
0.052366 0.11220569715448192
0.052466 0.11621970805524823
0.052566 0.12055227830094886
0.052666 0.12501904320027737
0.052766 0.12933896896493705
0.052866 0.13304910443423598
0.052966 0.13553660016417432
0.053066 0.1362900684739437
0.053166 0.1351074016101319
0.053266 0.1322572947948586
0.053366 0.1284695589217521
0.053466 0.12473913109981494
0.053566 0.12204555072323373
0.053666 0.12110567828973197
0.053766 0.1222133960118899
0.053866 0.12525072272386598
0.053966 0.12982996232148594
0.054066 0.13546593383061495
0.054166 0.1420152651517083
0.054266 0.1484594637312436
0.054366 0.15409808650252635
0.054466 0.15896916888030063
0.054566 0.16289803347728327
0.054666 0.16565463231582653
0.054766 0.1672259130284042
0.054866 0.16788108069524252
0.054966 0.1681208159769136
0.055066 0.16846700963121963
0.055166 0.16919712643971183
0.055266 0.17017788949335402
0.055366 0.17089729928160993
0.055466 0.17070253348493117
0.055566 0.16936181060810776
0.055666 0.16714199038407612
0.055766 0.16414963315709238
0.055866 0.1611043526586551
0.055966 0.15897956998567297
0.056066 0.15862195550978164
0.056166 0.16051587443214554
0.056266 0.16471639142826552
0.056366 0.17087364186546883
0.056466 0.17836498702411122
0.056566 0.18647570781051634
0.056666 0.19455777457133683
0.056766 0.20211795057435517
0.056866 0.2088335976097852
0.056966 0.21452402196468726
0.057066 0.21904452590843967
0.057166 0.22222267542942803
0.057266 0.22387930638903195
0.057366 0.2240150306169793
0.057466 0.2230725069213238
0.057566 0.22109333972355494
0.057666 0.218465938929196
0.057766 0.21595937450607497
0.057866 0.21445600689328162
0.057966 0.2147520305099091
0.058066 0.2173905462109895
0.058166 0.22242998373552644
0.058266 0.22961602586000318
0.058366 0.2384188280401564
0.058466 0.24808859294458352
0.058566 0.2577925183421454
0.058666 0.2669859738034905
0.058766 0.27512779593439146
0.058866 0.2816102338719135
0.058966 0.28600939158632155
0.059066 0.28809624081618085
0.059166 0.28790300459382157
0.059266 0.28584725670845806
0.059366 0.28270143219142113
0.059466 0.2794531261949799
0.059566 0.27705658915123926
0.059666 0.2767071324050517
0.059766 0.2790008820545242
0.059866 0.2832113922695314
0.059966 0.2887880162950651
0.060066 0.2954411547266396
0.060166 0.30312012766846985
0.060266 0.3118666415136668
0.060366 0.32168987370814706
0.060466 0.33246562281717
0.060566 0.34375959170562836
0.060666 0.35476783611121027
0.060766 0.36445595590747093
0.060866 0.3718300337016209
0.060966 0.3762719175253527
0.061066 0.37777548908138864
0.061166 0.3770538359174642
0.061266 0.3753954714402982
0.061366 0.37432589110450565
0.061466 0.3751915281977026
0.061566 0.3787850081322368
0.061666 0.38513641253639114
0.061766 0.3935369366705246
0.061866 0.4028647907287402
0.061966 0.4119863561970704
0.062066 0.4202227060209144
0.062166 0.42766836789321533
0.062266 0.43509251375342245
0.062366 0.4435623785900384
0.062466 0.4539024029612559
0.062566 0.46655381807243046
0.062666 0.4821972844957249
0.062766 0.4974202199527872
0.062866 0.5093046045285597
0.062966 0.5159617198533648
0.063066 0.5174928237471512
0.063166 0.5152414942921386
0.063266 0.5115567497565428
0.063366 0.5087972957126032
0.063466 0.508675337653531
0.063566 0.5120493746590324
0.063666 0.5190593117935278
0.063766 0.5294581737902343
0.063866 0.5429173061137086
0.063966 0.5591169257595611
0.064066 0.5775980584603305
0.064166 0.5975424839267233
0.064266 0.6175828646887571
0.064366 0.6364786140017233
0.064466 0.6532204167580162
0.064566 0.665159662066047
0.064666 0.6714594688298248
0.064766 0.6732917968929247
0.064866 0.6732232719634126
0.064966 0.6741327568537676
0.065066 0.6780659042588448
0.065166 0.6854116339422739
0.065266 0.6994469059260808
0.065366 0.7120501904320029
0.065466 0.717840954862262
0.065566 0.7166082199323929
0.065666 0.7121850988869798
0.065766 0.7099947484615032
0.065866 0.7144107314934255
0.065966 0.7271246552084556
0.066066 0.7469759805846033
0.066166 0.7709687813881397
0.066266 0.7957031198217536
0.066366 0.8183783453065013
0.066466 0.8374460187729756
0.066566 0.852395058455232
0.066666 0.8634348120917948
0.066766 0.8708755793262735
0.066866 0.87502317305094
0.066966 0.8766787842943309
0.067066 0.8774745708269389
0.067166 0.8793653286290426
0.067266 0.8845938215394655
0.067366 0.8934191594479257
0.067466 0.9070676530721502
0.067566 0.9248797499655846
0.067666 0.9447310753417325
0.067766 0.9654994315082114
0.067866 0.98699535519265
0.067966 1.0096112331938023
0.068066 1.0338040003467035
0.068166 1.0595835478986197
0.068266 1.0871810455150333
0.068366 1.116900368627411
0.068466 1.1435176130482887
0.068566 1.164117614068005
0.068666 1.1802832771639653
0.068766 1.1908512081087832
0.068866 1.196903019889565
0.068966 1.2005046575538028
0.069066 1.2034581635930721
0.069166 1.2067627579244697
0.069266 1.2109867283934883
0.069366 1.2167220202617612
0.069466 1.2248951476804006
0.069566 1.236842856632999
0.069666 1.2538210296074603
0.069766 1.276392549953348
0.069866 1.3040995650910352
0.069966 1.3354637924265678
0.070066 1.368375337143673
0.070166 1.4006548617519745
0.070266 1.4305115406382405
0.070366 1.456878750643696
0.070466 1.4796411618646532
0.070566 1.4993177078818967
0.070666 1.5169121973354815
0.070766 1.53379115192242
0.070866 1.551693085814218
0.070966 1.5722302723152148
0.071066 1.5969187235192446
0.071166 1.6266557896937284
0.071266 1.6616572427893317
0.071366 1.702141200104011
0.071466 1.7497044352556685
0.071566 1.80337862572846
0.071666 1.8591772929593695
0.071766 1.9143279305369316
0.071866 1.9670661234978306
0.071966 2.0157801083958335
0.072066 2.0592550973064196
0.072166 2.0969669560961184
0.072266 2.1294034150295973
0.072366 2.157959139971346
0.072466 2.184753101211933
0.072566 2.2119176273243157
0.072666 2.241589227717926
0.072766 2.2778578821513973
0.072866 2.3161235488163645
0.072966 2.3534892139517574
0.073066 2.3889251681257107
0.073166 2.422590792982313
0.073266 2.4550395904819693
0.073366 2.487092636119368
0.073466 2.519727429856271
0.073566 2.55367877919575
0.073666 2.589404638689053
0.073766 2.6272289721770434
0.073866 2.66773311987274
0.073966 2.711812494582758
0.074066 2.760528314969944
0.074166 2.8150725273156483
0.074266 2.8774973104984887
0.074366 2.946097189152259
0.074466 3.0197060158157987
0.074566 3.0971061473591903
0.074666 3.177986366394233
0.074766 3.261488887642569
0.074866 3.3465886923669146
0.074966 3.431700223827709
0.075066 3.5228312420653336
0.075166 3.611204437804959
0.075266 3.6938526408100625
0.075366 3.77101201735557
0.075466 3.845310070207461
0.075566 3.9189176732115456
0.075666 3.9923099121514487
0.075766 4.06684056227152
0.075866 4.14405989813035
0.075966 4.227924928492401
0.076066 4.320940892149715
0.076166 4.422434266543621
0.076266 4.528637710125272
0.076366 4.6336928512794895
0.076466 4.7319403669958655
0.076566 4.822977775285138
0.076666 4.911272350904743
0.076766 4.9932250054809755
0.076866 5.070631357293266
0.076966 5.1483043648952505
0.077066 5.230131696348906
0.077166 5.316241631953828
0.077266 5.4051647606471125
0.077366 5.496008014969434
0.077466 5.589942233076535
0.077566 5.68967629108819
0.077666 5.798044898104858
0.077766 5.916984903101467
0.077866 6.04771109400254
0.077966 6.190175340202822
0.078066 6.342046468467825
0.078166 6.506702084809798
0.078266 6.672621537426135
0.078366 6.83159345954021
0.078466 6.986100044357656
0.078566 7.143201704965508
0.078666 7.309969765414285
0.078766 7.4899213288941695
0.078866 7.680238613593838
0.078966 7.875437789663137
0.079066 8.07018543539333
0.079166 8.258108528396548
0.079266 8.435363860237697
0.079366 8.600819647891992
0.079466 8.753306684749635
0.079566 8.893479628619357
0.079666 9.023249121769412
0.079766 9.143777946597464
0.079866 9.254552268103788
0.079966 9.36400636302917
0.080066 9.46359786471425
0.080166 9.557633034726436
0.080266 9.661090994376265
0.080366 9.787672956616175
0.080466 9.943400039768933
0.080566 10.128769865346475
0.080666 10.341524679681644
0.080766 10.576650742098476
0.080866 10.843595213452097
0.080966 11.128015479292113
0.081066 11.428124486955282
0.081166 11.743870944716086
0.081266 12.077373618921854
0.081366 12.424862414789965
0.081466 12.786586347019625
0.081566 13.1636412026533
0.081666 13.531711440706053
0.081766 13.859627905553884
0.081866 14.1297146324178
0.081966 14.344479817266855
0.082066 14.520265738045103
0.082166 14.684114758862608
0.082266 14.858914512091285
0.082366 15.051378299419273
0.082466 15.203956702849599
0.082566 15.30474412770926
0.082666 15.519867334920692
0.082766 15.762928115105566
0.082866 16.000534637210464
0.082966 16.24341533551213
0.083066 16.45377636603733
0.083166 16.63891165688589
0.083266 16.846732574324566
0.083366 17.12451775070998
0.083466 17.484381618595545
0.083566 17.92915531807498
0.083666 18.45854884185731
0.083766 19.0125040661184
0.083866 19.544739742929544
0.083966 20.044656228171704
0.084066 20.512477553496865
0.084166 20.935398530588937
0.084266 21.29207976220218
0.084366 21.552886153783405
0.084466 21.70210948692979
0.084566 21.751289074250636
0.084666 21.748491380848712
0.084766 21.69343037632627
0.084866 21.77723187836825
0.084966 21.846644674787008
0.085066 22.07019155369061
0.085166 22.239547449944684
0.085266 22.346576047885875
0.085366 22.52753427521121
0.085466 22.857188336485958
0.085566 23.31075198972126
0.085666 23.794849821294736
0.085766 24.346383219550003
0.085866 24.6819405199533
0.085966 24.891488734685137
0.086066 25.027608408579894
0.086166 25.06413596895984
0.086266 24.94382342594056
0.086366 24.68764369076086
0.086466 24.213478099045037
0.086566 23.90794583267477
0.086666 23.66672431462324
0.086766 23.494132348967284
0.086866 23.269352939077056
0.086966 23.038409140736135
0.087066 22.900133276909038
0.087166 22.883653031361373
0.087266 23.075693636460976
0.087366 23.252463787327986
0.087466 23.371145906094334
0.087566 23.50828152325208
0.087666 23.633329322449566
0.087766 23.641080593270893
0.087866 23.46212060183651
0.087966 23.125204223664557
0.088066 22.67815563928559
0.088166 22.172352740232395
0.088266 21.562867340019274
0.088366 20.970630643491916
0.088466 20.423917851661884
0.088566 20.031332616132932
0.088666 19.636872938261284
0.088766 19.261928385330364
0.088866 18.989528738152174
0.088966 18.930478195918077
0.089066 18.98311778232118
0.089166 18.9894536870389
0.089266 18.98218188678091
0.089366 18.992274629970478
0.089466 19.038541805815445
0.089566 18.990814906211604
0.089666 18.751069631321606
0.089766 18.351613445977986
0.089866 17.855419434771303
0.089966 17.324925229308683
0.090066 16.81646658135041
0.090166 16.163054967802463
0.090266 15.76683199665533
0.090366 15.375859748232068
0.090466 15.000031203316118
0.090566 14.747823976587316
0.090666 14.635399958191638
0.090766 14.742789127785738
0.090866 14.821180627431389
0.090966 14.841367133526742
0.091066 14.752953353081839
0.091166 14.816645541545789
0.091266 14.944464929410147
0.091366 14.897106147359192
0.091466 14.640302753743635
0.091566 14.222976551625683
0.091666 13.702239500746941
0.091766 13.208148246343042
0.091866 12.687505825128868
0.091966 12.406923669142877
0.092066 11.885181993851113
0.092166 11.607546613777387
0.092266 11.390184823563603
0.092366 11.271674119092657
0.092466 11.281932260251972
0.092566 11.552852401176754
0.092666 11.631138972024086
0.092766 11.482567849367522
0.092866 11.43537426134307
0.092966 11.468075540577058
0.093066 11.402867543962516
0.093166 11.2158608699199
0.093266 10.88792951721536
0.093366 10.432735949585231
0.093466 9.91990180132869
0.093566 9.358179194730107
0.093666 9.214918040309382
0.093766 9.200752040707071
0.093866 9.170670106509359
0.093966 8.952535167462896
0.094066 8.834310187474827
0.094166 8.994408488117758
0.094266 9.293003931006002
0.094366 9.686446441955205
0.094466 9.509410043184982
0.094566 9.318266788352803
0.094666 9.130511744581483
0.094766 8.897762742628727
0.094866 8.595117496800642
0.094966 8.218292791116232
0.095066 7.790664192155324
0.095166 7.330716401625428
0.095266 6.740767030535403
0.095366 6.814708182712752
0.095466 7.2267478700677605
0.095566 7.383057823007857
0.095666 7.409430131594378
0.095766 7.3711719088577645
0.095866 7.487387843963026
0.095966 7.738381506426761
0.096066 8.142561221212137
0.096166 7.982402451397776
0.096266 7.617949962525429
0.096366 7.089878806728088
0.096466 6.607376627084682
0.096566 6.171629251579286
0.096666 5.718779195749823
0.096766 5.240179775968349
0.096866 4.740462849189071
0.096966 4.012904916561721
0.097066 4.531152024391612
0.097166 5.411346892159912
0.097266 5.7134538297991675
0.097366 5.751362595789592
0.097466 5.9850762492798255
0.097566 6.327784513569873
0.097666 6.605652796826644
0.097766 7.022764042766898
0.097866 6.568474453559575
0.097966 5.851435403527199
0.098066 5.057902953608012
0.098166 4.352467560277975
0.098266 3.7863080664651028
0.098366 3.361869139818389
0.098466 3.0439027598619304
0.098566 2.638404653984796
0.098666 2.4526776218178483
0.098766 3.299438646224756
0.098866 4.132623984745046
0.098966 4.300493542647081
0.099066 4.541409451749578
0.099166 4.804275466137774
0.099266 5.055544044092529
0.099366 5.231188122345552
0.099466 5.557453054814846
0.099566 5.049088322719788
0.099666 4.028357288166703
0.099766 2.964378763390149
0.099866 2.1178767469013375
0.099966 1.5235642140792218
0.100066 1.1594946286448482
0.100166 0.9562368392876264
0.100266 0.6686805382062172
0.100366 0.9793263754697068
0.100466 2.088265411735914
0.100566 2.935048563984643
0.100666 3.3199051663921932
0.100766 3.448913237446019
0.100866 3.6713864571489756
0.100966 3.9668904263943343
0.101066 4.401686712587887
0.101166 4.3604888519525025
0.101266 3.558477155807539
0.101366 2.4177966991786186
0.101466 1.3244183283792121
0.101566 0.46483212921843853
0.101666 -0.10575894928441416
0.101766 -0.39815451759775256
0.101866 -0.412728607628497
0.101966 -0.3716935956723244
0.102066 0.14486323056293435
0.102166 1.0955947239883141
0.102266 1.979538374470385
0.102366 2.540596839899456
0.102466 2.6623819551018952
0.102566 2.7494400228416436
0.102666 2.914843702997456
0.102766 3.2307564764725982
0.102866 3.2685879479740785
0.102966 2.474136631775377
0.103066 1.2210350119561728
0.103166 0.08283970570990094
0.103266 -0.7222343001942559
0.103366 -1.1697465495352644
0.103466 -1.3438177155297681
0.103566 -1.2684035832827725
0.103666 -1.0071705424380397
0.103766 -0.5298248637404211
0.103866 0.26778798060499764
0.103966 1.2572033263142868
0.104066 1.821277296528376
0.104166 2.1381828657084734
0.104266 2.2198695782963602
0.104366 2.2286401574441834
0.104466 2.2436450775749113
0.104566 2.5551461508262254
0.104666 2.1987241310743224
0.104766 1.1109221803572067
0.104866 -0.13595988436418144
0.104966 -0.9989649880438275
0.105066 -1.4462301601464314
0.105166 -1.5935155226300521
0.105266 -1.5551534927829584
0.105366 -1.3028261434842685
0.105466 -0.8211054743464894
0.105566 -0.0030723029780812
0.105666 0.776202168936385
0.105766 1.3192766133185136
0.105866 1.9482014755293602
0.105966 2.337887861808059
0.106066 2.2922021281477365
0.106166 2.076786262383179
0.106266 2.0820659450474936
0.106366 2.0506350282716324
0.106466 1.48475758796327
0.106566 0.532789178771548
0.106666 -0.3554366679753025
0.106766 -1.0085521559350035
0.106866 -1.3352064160544121
0.106966 -1.5001775325926794
0.107066 -1.4493339723554934
0.107166 -1.09014536054616
0.107266 -0.2744159320461116
0.107366 0.6939987661433823
0.107466 1.47225739676648
0.107566 2.19149209974864
0.107666 2.6211979626070065
0.107766 2.7529809873912092
0.107866 2.659927396205636
0.107966 2.47589615210087
0.108066 2.469460009279418
0.108166 2.3195908898553537
0.108266 1.5676652067729553
0.108366 0.728743454696558
0.108466 0.1818392621333483
0.108566 -0.04864372645092871
0.108666 -0.1893929119526036
0.108766 -0.3094916204820199
0.108866 -0.23684560986677408
0.108966 0.37827362045142837
0.109066 1.6553269465107863
0.109166 2.727614220962306
0.109266 3.3645582334436326
0.109366 3.9000134602540113
0.109466 4.313134862567748
0.109566 4.481075902576314
0.109666 4.1936176981945925
0.109766 3.6438058868216974
0.109866 3.3256416819199224
0.109966 2.76692305731315
0.110066 2.2463113295569843
0.110166 2.064993958181438
0.110266 2.0815284526316327
0.110366 2.021665094604172
0.110466 1.8317654856653394
0.110566 1.6732461136065835
0.110666 1.9276256417838915
0.110766 3.0701153808894985
0.110866 4.508647397429296
0.110966 5.328103888687778
0.111066 5.680227294743873
0.111166 6.296063079644935
0.111266 6.904296982149868
0.111366 7.0140359857851555
0.111466 6.41424370197774
0.111566 5.441449220681885
0.111666 4.464878118419644
0.111766 4.058480214956178
0.111866 4.158414647203683
0.111966 4.518277597344659
0.112066 4.884866595626437
0.112166 5.096239286606537
0.112266 5.246762859896092
0.112366 5.44631887545696
0.112466 6.105364625024856
0.112566 6.986134612737275
0.112666 7.734967088659226
0.112766 8.269588391550633
0.112866 8.980120836371238
0.112966 9.843164485323735
0.113066 10.640875426368842
0.113166 11.07717915904004
0.113266 10.89636053086426
0.113366 10.060092488260517
0.113466 8.795113010049304
0.113566 7.326949569934687
0.113666 6.0886751337102885
0.113766 5.616019333819398
0.113866 6.131665859391332
0.113966 7.833918208562558
0.114066 9.116053596284155
0.114166 9.753557127051542
0.114266 10.088763033247847
0.114366 10.639292520891438
0.114466 11.617784666527307
0.114566 12.893588534310902
0.114666 13.95708096036873
0.114766 14.587514288773434
0.114866 14.828642808706338
0.114966 14.730190737917638
0.115066 14.307949911539618
0.115166 13.571561032564636
0.115266 12.554212702604865
0.115366 11.134039962678388
0.115466 9.603229033360016
0.115566 8.587209189682511
0.115666 8.379454961684162
0.115766 8.879443336919335
0.115866 9.785762416319539
0.115966 10.890604334813622
0.116066 11.831203112173883
0.116166 12.611731427143827
0.116266 13.342245109186115
0.116366 13.907014015999346
0.116466 14.247217245440597
0.116566 14.277744591680136
0.116666 13.952092814569708
0.116766 13.306227406912658
0.116866 12.434871541250072
0.116966 11.467598925219113
0.117066 10.533536018925933
0.117166 9.73546226285225
0.117266 9.13641692117084
0.117366 8.76724834678509
0.117466 8.63479536844896
0.117566 8.719452616336874
0.117666 8.97709034175789
0.117766 9.335863011323948
0.117866 9.778919100814244
0.117966 10.13433710798285
0.118066 10.304816323617139
0.118166 10.235389455114642
0.118266 9.954031091147336
0.118366 9.506598583614181
0.118466 8.948341686508645
0.118566 8.334057297854008
0.118666 7.713006990154641
0.118766 7.123745111735404
0.118866 6.60162879270699
0.118966 6.1816322597421145
0.119066 5.891917831267558
0.119166 5.741555984969383
0.119266 5.717669642538482
0.119366 5.781663972916338
0.119466 5.885629445325367
0.119566 6.024957656284257
0.119666 6.128585398683547
0.119766 6.167369693014435
0.119866 6.152653862430086
0.119966 6.077373313006991
0.120066 5.933530104571898
0.120166 5.708810144136887
0.120266 5.392525174244009
0.120366 4.986516700402278
0.120466 4.531105423360679
0.120566 4.087939306491004
0.120666 3.690684280564719
0.120766 3.3685195250161883
0.120866 3.159574064537839
0.120957 2.8167952358858535
0.121049 2.3344368362284778
0.121143 2.0374230751581837
0.121239 1.8787434037107473
0.121335 1.9856480041604423
0.121432 2.012722795246083
0.12153 2.186245557861247
0.121628 2.3622400106050487
0.121726 2.421999765465271
0.121825 2.3689046718298297
0.121924 2.158626238317876
0.122023 1.872400564922782
0.122123 1.4758687217347413
0.122222 1.0972043460304999
0.122322 0.7259486165000281
0.122421 0.43109512422692764
0.122521 0.23179648503821385
0.122621 0.05790856204718227
0.122721 0.03917066480398505
0.122821 0.17244706398209378
0.122921 0.43701529064461364
0.12302 0.7371528503617444
0.12312 1.0628390938801733
0.12322 1.3291394105020573
0.12332 1.5253573850397435
0.12342 1.653628813101314
0.12352 1.7203945282028015
0.12362 1.7123900618457883
0.12372 1.6546751439074507
0.12382 1.5615244757384021
0.12392 1.403223934778951
0.12402 1.204630225408269
0.12412 1.0119250712526704
0.12422 0.8470860079639837
0.12432 0.7394302845518093
0.12442 0.6640283888993693
0.12452 0.5682069819969102
0.12462 0.4284105173530207
0.12472 0.20083524955005025
0.12482 0.01512738804790627
0.12492 -0.09566804158402717
0.12502 -0.21971917015494588
0.12512 -0.3186609086691174
0.12522 -0.3981811321909113
0.12532 -0.4569586963947933
0.12542 -0.4972817424910647
0.12552 -0.4425226759392861
0.12562 -0.28959399998980284
0.12572 -0.16841255678544662
0.12582 -0.07834673410389889
0.12592 -0.02736948907119149
0.12602 0.00906262587122004
0.12612 0.006606435429020104
0.12622 0.05504948172923475
0.12632 0.07546114116441395
0.12642 0.08765898650405593
0.12652 0.06673797882049426
0.12662 -0.003092085472612972
0.12672 -0.10840541877195577
0.12682 -0.2877330179011181
0.12692 -0.4881762885388996
0.12702 -0.7061313496453937
0.12712 -0.8684046029989855
0.12722 -0.9783295008998996
0.12732 -1.0414187311671161
0.12742 -1.0403770910555594
0.12752 -0.9908967894235035
0.12762 -0.924296064405276
0.12772 -0.868469151035267
0.12782 -0.834874600398709
0.12792 -0.8450484110272112
0.12802 -0.9317237792722286
0.12812 -1.079094899889361
0.12822 -1.304331652501109
0.12832 -1.4449460315194282
0.12842 -1.5904251706750012
0.12852 -1.7951017931709605
0.12862 -2.0087541617167943
0.12872 -2.2144333691933538
0.12882 -2.4060736337077393
0.12892 -2.635830584348376
0.12902 -2.7738605945965236
0.12912 -2.9151311609978943
0.12922 -3.050609943252793
0.12932 -3.200138579433344
0.12942 -3.3759808905181687
0.12952 -3.657956080822707
0.12962 -3.97428143147762
0.12972 -4.3221478282593955
0.12982 -4.58850239378381
0.12992 -4.790125068193522
0.13002 -4.805415712807126
0.13012 -4.556755059067061
0.13022 -4.239888952904407
0.13032 -3.9229384142393173
0.13042 -3.6764889131354748
0.13052 -3.5054093905666055
0.13062 -3.4672862802282127
0.13072 -3.5143606634273685
0.13082 -3.4890238766551276
0.13092 -3.497126439711829
0.13102 -3.547290868951171
0.13112 -3.6554622628522484
0.13122 -3.8150395904819687
0.13132 -4.038786129820072
0.13142 -4.277149689241485
0.13152 -4.4693458010635645
0.13162 -4.6382044836921885
0.13172 -4.886526591649544
0.13182 -4.80890538563118
0.13192 -4.821597589390873
0.13202 -4.841549254842378
0.13212 -4.858686809460927
0.13222 -4.966858815191733
0.13232 -5.368379925866631
0.13242 -5.705224821932057
0.13252 -6.02516690205116
0.13262 -6.347950523369346
0.13272 -6.665551539006695
0.13282 -6.812008789953757
0.13292 -7.080183344975094
0.13302 -7.313271606511908
0.13312 -7.617485685733661
0.13322 -7.928462013021777
0.13332 -8.086059153737516
0.13342 -8.083236783203235
0.13352 -8.122789331728981
0.13362 -8.300060163256566
0.13372 -8.570235911345874
0.13382 -8.840601836508899
0.13392 -9.01776620966385
0.13402 -9.12947663065369
0.13412 -9.218546496510022
0.13422 -9.365574890507972
0.13432 -9.630966028154365
0.13442 -9.920554317733375
0.13452 -10.287725981859248
0.13462 -10.68413617290308
0.13472 -11.158006658746872
0.13482 -11.856396016988473
0.13492 -12.651289890023607
0.13502 -13.512193460559928
0.13512 -14.215492038565667
0.13522 -14.715106687808785
0.13532 -15.014648733257534
0.13542 -14.905309560349355
0.13552 -14.899451188734174
0.13562 -15.083128387369797
0.13572 -15.439753228676462
0.13582 -15.864376010156374
0.13592 -16.367971019665227
0.13602 -16.977682388991145
0.13612 -17.614886021220293
0.13622 -18.267970917693606
0.13632 -18.928240530660318
0.13642 -19.58202087359088
0.13652 -20.313947066531387
0.13662 -21.15811026191411
0.13672 -22.042081750648798
0.13682 -22.899820937833002
0.13692 -23.668155384356535
0.13702 -24.38579912610321
0.13712 -25.092321434944658
0.13722 -25.756493297915192
0.13732 -26.25868222073797
0.13742 -26.89868609565958
0.13752 -27.678829263815885
0.13762 -28.50960603264112
0.13772 -29.22791615893297
0.13782 -29.89960791911611
0.13792 -30.475320420327023
0.13802 -30.91741573320145
0.13812 -31.149219152309914
0.13822 -31.509406270234994
0.13832 -31.778895647341344
0.13842 -32.1940912544039
0.13852 -32.57756379599557
0.13862 -32.71637032013991
0.13872 -33.5254515048462
0.13882 -34.3483979748436
0.13892 -34.70338270459332
0.13902 -34.64910402634947
0.13912 -34.669546175299416
0.139202 -35.954746931928845
0.139287 -36.90596962265402
0.139376 -37.635334594382385
0.139466 -37.726927544064495
0.139559 -37.32702278555878
0.139653 -37.00976979906493
0.139748 -36.88324076009647
0.139844 -37.300480184364694
0.139941 -38.42809124420674
0.140039 -39.35729214359644
0.140137 -39.85561001973151
0.140235 -39.98023178149521
0.140334 -40.2320310197672
0.140433 -40.53686049772349
0.140532 -40.75660556867024
0.140632 -41.0453360729709
0.140731 -41.26399422840623
0.140831 -41.332703522609656
0.140931 -42.103767341548846
0.14103 -42.636584970402744
0.14113 -42.46367668877752
0.14123 -42.169830778094465
0.14133 -42.297612946317045
0.14143 -41.74077590206645
0.14153 -40.448707764629106
0.14162 -39.92200119306798
0.141713 -40.00652026940903
0.141807 -40.11512606241683
0.141903 -40.12320649763171
0.141999 -39.88710874763553
0.142096 -39.55577827290665
0.142193 -39.608283256769646
0.142291 -39.48957452341014
0.14239 -39.078251696552854
0.142489 -38.437264407315446
0.142588 -37.85427011262765
0.142687 -36.83909408411639
0.142786 -36.32940096771069
0.142886 -37.31711083805377
0.142985 -37.63651573167188
0.143085 -37.914150805830744
0.143185 -38.25561991097877
0.143285 -38.33626549331321
0.143384 -38.46848067382847
0.143484 -38.42573569975476
0.143584 -38.39045015372223
0.143684 -38.01671865519826
0.143784 -37.38438437182932
0.143884 -36.83887494710223
0.143984 -34.37796709375781
0.144084 -35.827727613405195
0.144184 -36.74489229247501
0.144284 -36.52884257111246
0.144384 -35.919121310539275
0.144484 -35.566714321404355
0.144584 -35.52383984337159
0.144684 -35.58260873998766
0.144784 -35.70153446895729
0.144884 -35.85189713102844
0.144984 -35.98820667608205
0.145084 -36.30079507273126
0.145184 -36.7235104750348
0.145284 -37.15765353102232
0.145384 -37.573735781332054
0.145484 -37.91071395430652
0.145584 -38.12631316504617
0.145684 -38.26908485568467
0.145784 -38.45895734017223
0.145884 -38.67772664467479
0.145984 -38.92390408549301
0.146084 -39.15007601984368
0.146184 -39.343717579397655
0.146284 -39.46706347223568
0.146384 -39.53883130324831
0.146484 -39.62052393019023
0.146584 -39.79160804148206
0.146684 -40.107513371028844
0.146784 -40.54214956177696
0.146884 -41.09351837783545
0.146984 -41.443984031244106
0.147084 -41.72329052224766
0.147184 -42.0707234376673
0.147284 -42.467976730076025
0.147384 -42.8174896626269
0.147484 -43.17444244466765
0.147584 -43.51659965431621
0.147684 -43.814989216501054
0.147784 -44.09489540260945
0.147884 -44.326008167926865
0.147984 -44.52000785181484
0.148084 -44.6829594203933
0.148184 -44.802601601974175
0.148284 -44.89806019384805
0.148384 -44.987828259395414
0.148484 -45.05859116008015
0.148584 -45.11094073919229
0.148684 -45.125796270897816
0.148784 -45.10570490432513
0.148884 -45.06203749496515
0.148984 -44.918245272340705
0.149084 -44.727776967669904
0.149184 -44.556968791585305
0.149284 -44.359052173780036
0.149384 -44.18006332437683
0.149484 -44.173244176145786
0.149584 -44.31974496897514
0.149684 -44.348055452167664
0.149784 -44.23881661933484
0.149884 -44.0926912860151
0.149984 -43.889525475060296
0.150084 -43.6474533097439
0.150184 -43.3762616183916
0.150284 -43.07765189947638
0.150384 -42.729497126949575
0.150484 -42.30484304018192
0.150584 -41.978239154043436
0.150684 -41.795208557458466
0.150784 -41.69068142535932
0.150884 -41.61331208924556
0.150984 -41.48907812555766
0.151084 -41.30807023805276
0.151184 -41.14775280039565
0.151284 -40.96366006740325
0.151384 -40.743973018309006
0.151484 -40.42264351231052
0.151584 -40.01165199125084
0.151684 -39.54735592684556
0.151784 -39.05557585923838
0.151884 -38.513695604513266
0.151984 -37.990851208108786
0.152084 -37.500875120453976
0.152184 -36.96910310860488
0.152284 -36.42945521661322
0.152384 -35.88260150000255
0.152484 -35.3087972957126
0.152584 -34.724209286555556
0.152684 -34.155769095460734
0.152784 -33.62476289048758
0.152884 -33.14940249728501
0.152984 -32.716560395242006
0.153084 -32.25761886067108
0.153184 -31.738212539450274
0.153284 -31.147721087221427
0.153384 -30.488574691663313
0.153484 -29.713037887555892
0.153584 -28.802692356717127
0.153684 -27.790815416069712
0.153784 -26.890235299516146
0.153884 -26.08162705918943
0.153984 -25.406927238149624
0.154084 -24.94138834362397
0.154184 -24.605169859228177
0.154284 -24.61794690337679
0.154384 -24.635724227947364
0.154484 -24.51999969408514
0.154584 -24.553669499778213
0.154684 -24.565931587239273
0.154784 -24.345948616500028
0.154884 -23.95547296987249
0.154984 -23.389179179434365
0.155084 -22.77543962515232
0.155184 -22.23405434067699
0.155284 -21.766605211769566
0.155384 -21.21274686054871
0.155484 -20.64362111424391
0.155584 -20.128512794889183
0.155684 -19.488647601372538
0.155784 -18.82571765077779
0.155884 -18.185623734914575
0.155984 -17.59306654158148
0.156084 -16.957939051561954
0.156184 -16.345040151325886
0.156284 -15.71555026436143
0.156384 -15.135532623270944
0.156484 -14.597143978830692
0.156584 -14.042598032967426
0.156684 -13.591965452014707
0.156784 -13.269529044067037
0.156884 -13.02531537273177
0.156984 -12.864249259431102
0.157084 -12.768260619069714
0.157184 -12.635974772220893
0.157284 -12.56007056436194
0.157384 -12.439999592113516
0.157484 -12.207645220335182
0.157584 -11.990791656681946
0.157684 -11.822680120122572
0.157784 -11.680548811265826
0.157884 -11.551578061825396
0.157984 -11.422633315148396
0.158084 -11.281489091585813
0.158184 -11.131073506243213
0.158284 -10.963030596584971
0.158384 -10.784320027736282
0.158484 -10.586647326049162
0.158584 -10.400682088174863
0.158684 -10.232677519846227
0.158784 -10.06944206227407
0.158884 -9.913289349574015
0.158984 -9.773046351200462
0.159084 -9.65381542116829
0.159184 -9.560590517658936
0.159284 -9.48621353877216
0.159384 -9.436678988237574
0.159484 -9.416160258600032
0.159584 -9.40854960664447
0.159684 -9.345606501710574
0.159784 -9.233155256892008
0.159884 -9.049507935941428
0.159984 -8.8864885562348
0.160084 -8.698200506798958
0.160184 -8.50788403787226
0.160284 -8.37739605267854
0.160384 -8.194856857336603
0.160475 -8.05760356492788
0.160567 -8.127091004573428
0.160662 -8.066694844824685
0.160757 -7.894733777589697
0.160853 -7.761604115574636
0.16095 -7.788520748675643
0.161048 -7.889044984780736
0.161146 -7.989241891981463
0.161244 -7.977809139716417
0.161343 -7.819899354009779
0.161442 -7.575173071334248
0.161541 -7.3531652501108935
0.161641 -7.235019706015817
0.16174 -7.332223032330103
0.16184 -7.349836080618764
0.16194 -7.341193475855669
0.162039 -7.147131793221948
0.162139 -6.92617346392499
0.162239 -6.595397612844346
0.162339 -6.335531909469595
0.162439 -6.266036618009208
0.162539 -6.232727587912284
0.162639 -6.228222685626591
0.162739 -6.154450500425732
0.162839 -6.047251405933729
0.162938 -5.950439446701983
0.163038 -5.842592424528254
0.163138 -5.626857081674171
0.163238 -5.370394477216991
0.163338 -5.0974119602514625
0.163438 -4.887544472373339
0.163538 -4.705662178215803
0.163638 -4.517411960251462
0.163738 -4.3458134021301875
0.163838 -4.345869282578659
0.163938 -4.303341610029929
0.164038 -4.268803210066639
0.164138 -4.329751240229844
0.164238 -4.171948218810705
0.164338 -3.966006332437683
0.164438 -3.6751698082423663
0.164538 -3.2043920197009177
0.164638 -3.007588014255633
0.164738 -2.820244018089766
0.164838 -2.7456511652807025
0.164938 -2.7547376525113063
0.165038 -2.7266422274680955
0.165138 -2.651645159152208
0.165238 -2.5348621598609107
0.165338 -2.400240653026263
0.165438 -2.2387423839945346
0.165538 -2.069171123676281
0.165638 -1.8535372425853887
0.165738 -1.689744714046081
0.165838 -1.5319481168390838
0.165938 -1.4097685754054647
0.166038 -1.2215325314964844
0.166138 -1.1507450556510124
0.166238 -1.1257534428168643
0.166338 -1.120975562500956
0.166438 -1.1174772220890927
0.166538 -1.129037948738866
0.166638 -1.156881809792335
0.166738 -1.3263151025069724
0.166838 -1.516968485670438
0.166938 -1.6456327084172477
0.167038 -1.5587701202755273
0.167138 -1.323423493241831
0.167238 -1.0493133740879914
0.167338 -0.7465675842413056
0.167438 -0.5406327339101529
0.167538 -0.36182590385095825
0.167638 -0.20658175829666606
0.167738 -0.035908184752183464
0.167838 0.09675923990353484
0.167938 0.2433314128677989
0.168038 0.38531588258987526
0.168138 0.48262505544706913
0.168238 0.5812841286270032
0.168338 0.6906814253593225
0.168438 0.7785193720587561
0.168538 0.9612215180515263
0.168638 1.1081853640131951
0.168738 1.2767615852508247
0.168838 1.3947935329597774
0.168938 1.507985703578694
0.169038 1.6249977311314263
0.169138 1.6734383301127298
0.169238 1.7464774413280784
0.169338 1.7937441430050016
0.169438 1.8232671707463814
0.169538 1.8366203545553272
0.169638 1.8040059551426841
0.169738 1.742313328200762
0.169838 1.6675808762421418
0.169938 1.6000405847052768
0.170038 1.541104964488383
0.170138 1.517962199119985
0.170238 1.5276384902081752
0.170338 1.594223919483208
0.170438 1.595375586974145
0.170538 1.6027162180765093
0.170638 1.6011342303436955
0.170738 1.649232408620681
0.170838 1.8119696328511778
0.170938 1.9044030326360175
0.171038 1.9737708595697816
0.171138 2.034914165387773
0.171238 2.086247495322052
0.171338 2.128096546731045
0.171438 2.156032998016652
0.171538 2.169218642451806
0.171638 2.1700882564382336
0.171738 2.1615983031922217
0.171838 2.1452994651588466
0.171938 2.1207613201246094
0.172038 2.0764303814248493
0.172138 1.9697183033961647
0.172238 1.8393544176655636
0.172338 1.7203610815110155
0.172438 1.6369894918244254
0.172538 1.5958821819887525
0.172638 1.6115838742078081
0.172738 1.6788398688644952
0.172838 1.8060163256565698
0.172938 1.970922282328828
0.173038 2.069765516256826
0.173138 2.1153191966675675
0.173238 2.1330441078247926
0.173338 2.1459599353499925
0.173438 2.1464907996104685
0.173538 2.1514500874406655
0.173638 2.147191854506891
0.173738 2.1504365914965864
0.173838 2.154592750837442
0.173938 2.1545923429509566
0.174038 2.150050119051868
0.174138 2.125890084789403
0.174238 2.119325457725115
0.174338 2.1220850137406764
0.174438 2.125993993871506
0.174538 2.128720613053387
0.174638 2.1301445447731897
0.174738 2.1298823757348333
0.174838 2.126887775132181
0.174938 2.121504489300628
0.175038 2.114919365940459
0.175138 2.1102580391876944
0.175238 2.1100225867141176
0.175338 2.1139755166137264
0.175438 2.1188767825914048
0.175538 2.1223125124277913
0.175638 2.1212048966772548
0.175738 2.016560293270383
0.175838 2.0136594045877034
0.175938 2.0558057032727794
0.176038 2.0896143943140624
0.176138 2.0987390189310315
0.176238 2.0914288773434353
0.176338 2.0800392590741996
0.176438 2.0808698179296705
0.176538 2.094421846400147
0.176638 2.1079801971111443
0.176738 2.1186023769584925
0.176838 2.1287173499615055
0.176938 2.13905553884354
0.177038 2.162314042002111
0.177138 2.1893309132068546
0.177238 2.2157341191946283
0.177338 2.2398528549504673
0.177438 2.2639466076590886
0.177538 2.2844443311426432
0.177638 2.300967710686116
0.177738 2.3153584557417672
0.177838 2.3281710879862136
0.177938 2.3404261394054036
0.178038 2.3524671523914895
0.178138 2.363696777186909
0.178238 2.373634421540485
0.178338 2.381936950946552
0.178438 2.3885668398484703
0.178538 2.3936745983592767
0.178638 2.3975768483631006
0.178738 2.4009608785874894
0.178838 2.405165474448461
0.178938 2.4117990343287463
0.179038 2.419275083744194
0.179138 2.427627171358211
0.179238 2.436505228594882
0.179338 2.4454806687298927
0.179438 2.4541217439186678
0.179538 2.462331071262868
0.179638 2.4695955295641223
0.179738 2.476908628328736
0.179838 2.48576802475871
0.179938 2.4985450689073234
0.180038 2.5163159692657535
0.180138 2.539267741787461
0.180238 2.564278219371549
0.180338 2.587796342277944
0.180438 2.6068866534443464
0.180538 2.6193863347830297
0.180638 2.6266630296788405
0.180738 2.631432548321802
0.180838 2.637766515578715
0.180938 2.6469292775820494
0.181038 2.6614616612196826
0.181138 2.680997486399535
0.181238 2.704529375474806
0.181338 2.729987916362876
0.181438 2.754861548031183
0.181538 2.7779756593739964
0.181638 2.7990608413678477
0.181738 2.8183065572851076
0.181838 2.836056961347657
0.181938 2.852439925968603
0.182038 2.8673292102807793
0.182138 2.88278698638169
0.182238 2.8989389852803966
0.182338 2.9156899654826063
0.182438 2.932967221222334
0.182538 2.9503272779185554
0.182638 2.9668489239444664
0.182738 2.9834046284918907
0.182838 3.0011092472964775
0.182938 3.021759520325493
0.183038 3.047578428923231
0.183138 3.0775664472577287
0.183238 3.1095054886225166
0.183338 3.1414456516751392
0.183438 3.170248351883671
0.183538 3.1943242595585652
0.183638 3.2148042399800136
0.183738 3.233554883675873
0.183838 3.2527211637001425
0.183938 3.275470930440059
0.184038 3.301217235243432
0.184138 3.3304757485991647
0.184238 3.3624820912340097
0.184338 3.3957990751173948
0.184438 3.4288761197758664
0.184538 3.460357818419134
0.184638 3.4890978060805677
0.184738 3.516645031687682
0.184838 3.545060341706903
0.184938 3.5761495515797956
0.185038 3.61132160319783
0.185138 3.65052877384224
0.185238 3.692145126011431
0.185338 3.734353423442256
0.185438 3.7751921400274306
0.185538 3.8133152503658234
0.185638 3.850714362193002
0.185738 3.887187163812311
0.185838 3.9225000382393582
0.185938 3.957090137814647
0.186038 3.990604436785243
0.186138 4.021241096602816
0.186238 4.051957600199865
0.186338 4.085950859875697
0.186438 4.126287978055708
0.186538 4.176767397633239
0.186638 4.236896391734181
0.186738 4.300905304053882
0.186838 4.363625091137137
0.186938 4.417687997430315
0.187038 4.459597008152632
0.187138 4.491706240153365
0.187238 4.519180963937737
0.187338 4.548838798162472
0.187438 4.587907083458673
0.187538 4.638758699453942
0.187638 4.699768422448034
0.187738 4.767244981721587
0.187838 4.8358254857673115
0.187938 4.899214716544386
0.188038 4.956586194062193
0.188138 5.007484105173531
0.188238 5.053787888830539
0.188338 5.098460636404889
0.188438 5.144812754610392
0.188538 5.1947708952598495
0.188638 5.247975710359807
0.188738 5.3058209480301635
0.188838 5.3654723070569466
0.188938 5.4260909688833605
0.189038 5.490421499696635
0.189138 5.557369744000245
0.189238 5.624861802960236
0.189338 5.691261134026401
0.189438 5.754858896769029
0.189538 5.814990848046989
0.189638 5.87328904365915
0.189738 5.930757088302326
0.189838 5.988546343552589
0.189938 6.048133154543091
0.190038 6.109672110251718
0.190138 6.17255668347499
0.190238 6.237421341640622
0.190338 6.304948988696446
0.190438 6.375088027002086
0.190538 6.448208817486094
0.190638 6.525070742812276
0.190738 6.603058434837585
0.190838 6.679654724090287
0.190938 6.753200736235106
0.191038 6.818754314674226
0.191138 6.876802475870965
0.191238 6.931164872815896
0.191338 6.985947800727058
0.191438 7.0456460666996374
0.191538 7.113915149413919
0.191638 7.189020613563246
0.191738 7.269928262964418
0.191838 7.3547924112719425
0.191938 7.4396358593403455
0.192038 7.521410981323898
0.192138 7.601365298037557
0.192238 7.6781756257233615
0.192338 7.751676566411568
0.192438 7.822123966900012
0.192538 7.888115513452607
0.192638 7.950429657426338
0.192738 8.010709773470044
0.192838 8.070993458520494
0.192938 8.135490916877833
0.193038 8.20610585674007
0.193138 8.28357267772379
0.193238 8.365920676275794
0.193338 8.452181733823476
0.193438 8.537333034216578
0.193538 8.617031708075643
0.193638 8.690171261337971
0.193738 8.757053020144493
0.193838 8.819494424701606
0.193938 8.87988925881927
0.194038 8.93916158932969
0.194138 8.997955774907844
0.194238 9.055462058909006
0.194338 9.114005598242011
0.194438 9.174520860844428
0.194538 9.248389919085518
0.194638 9.310922282328828
0.194738 9.375858524572612
0.194838 9.447012180510164
0.194938 9.523165912926434
0.195038 9.600383107381218
0.195138 9.678047855281875
0.195238 9.751821875971919
0.195338 9.82365272544651
0.195438 9.893915455328782
0.195538 9.960680150714056
0.195638 10.022757822497999
0.195738 10.07919615770931
0.195838 10.130435061922267
0.195938 10.178946735123617
0.196038 10.227645628221666
0.196138 10.278430962663093
0.196238 10.33103078013389
0.196338 10.3843718293199
0.196438 10.437955876879466
0.196538 10.491566437060566
0.196638 10.545282843784575
0.196738 10.599357374842581
0.196838 10.652675480413802
0.196938 10.705000892251688
0.197038 10.755105464149327
0.197138 10.803887260175493
0.197238 10.850205115916241
0.197338 10.893391627110177
0.197438 10.934884287702733
0.197538 10.971004777370458
0.197638 11.001296671136423
0.197738 11.02705888351272
0.197838 11.05030718950916
0.197938 11.074188229415755
0.198038 11.098911248999404
0.198138 11.126745626692092
0.198238 11.156694589895633
0.198338 11.189285841750241
0.198438 11.221366623668635
0.198538 11.249382306903989
0.198638 11.271989823232195
0.198738 11.288557560430933
0.198838 11.300875324397222
0.198938 11.311251242779136
0.199038 11.320666078630317
0.199138 11.331382174340883
0.199238 11.343232806310004
0.199338 11.354368209327346
0.199438 11.362412648559907
0.199538 11.365653102741508
0.199638 11.361108431523506
0.199738 11.351692779899356
0.199838 11.338332356105296
0.199938 11.323015096898533
0.200038 11.309402191370141
0.200138 11.300431441929712
0.200238 11.295103118802038
0.200338 11.295298394456823
0.200438 11.297985040763155
0.200538 11.297784156669199
0.200638 11.290292709538935
0.200738 11.273151687885262
0.200838 11.245637705026692
0.200938 11.21392544854767
0.201038 11.182892017151627
0.201138 11.155487959700816
0.201238 11.13247979687253
0.201338 11.11349013169635
0.201438 11.096403155001964
0.201538 11.078700779573046
0.201638 11.058487964799397
0.201738 11.035145538996497
0.201838 11.00943492426058
0.201938 10.981488377784464
0.202038 10.9527257524231
0.202138 10.92503250345429
0.202238 10.89863816899757
0.202338 10.873093666032744
0.202438 10.847471154777626
0.202538 10.820310809501716
0.202638 10.790286591241658
0.202738 10.756981334094723
0.202838 10.72127831624459
0.202938 10.684666629277073
0.203038 10.64682404286887
0.203138 10.610418644491238
0.203238 10.576868553481566
0.203338 10.544804392937445
0.203438 10.516675011344343
0.203538 10.488661673456278
0.203638 10.457915292174189
0.203738 10.421884741476449
0.203838 10.381033074495368
0.203938 10.336889967522039
0.204038 10.293211137340478
0.204138 10.251701141572301
0.204238 10.213857331504643
0.204338 10.180108701748305
0.204438 10.149696991327314
0.204538 10.121496127627681
0.204638 10.09461997726033
0.204738 10.067846614287244
0.204838 10.040329368336792
0.204938 10.012078844457587
0.205038 9.98190238256693
0.205138 9.950786048242774
0.205238 9.91914190880678
0.205338 9.887546613777387
0.205438 9.856043297150404
0.205538 9.825981349390466
0.205638 9.795508965854802
0.205738 9.765328323127674
0.205838 9.735332860864823
0.205938 9.705218907578022
0.206038 9.676619028924252
0.206138 9.649484278525287
0.206238 9.624419348095426
0.206338 9.600873081021552
0.206438 9.578873009641418
0.206538 9.557724911157226
0.206638 9.536849688731627
0.206738 9.514582757618555
0.206838 9.490664600041809
0.206938 9.466096985209017
0.207038 9.440614684933184
0.207138 9.415451555832012
0.207238 9.390132920008362
0.207338 9.367179515940714
0.207438 9.348405010885472
0.207538 9.333931362901705
0.207638 9.32332131767729
0.207738 9.315857810771263
0.207838 9.310460860742456
0.207938 9.306722887020543
0.208038 9.303133078064375
0.208138 9.2997376270184
0.208238 9.296630449745836
0.208338 9.294017121035218
0.208438 9.291989313374089
0.208538 9.290798794695435
0.208638 9.290796551319769
0.208738 9.291224016356248
0.208838 9.292988431319564
0.208938 9.295632453488194
0.209038 9.29973517969949
0.209138 9.305639336572632
0.209238 9.312297879500136
0.209338 9.32080363834745
0.209438 9.33173958487353
0.209538 9.34506717380553
0.209638 9.361281273421607
0.209738 9.378287692535167
0.209838 9.396374399004758
0.209938 9.415615832113923
0.210038 9.435022051363106
0.210138 9.453850601377637
0.210238 9.469829656406622
0.210338 9.483515471644242
0.210438 9.496910871704404
0.210538 9.512771435709443
0.210638 9.532820280116045
0.210738 9.559352786119623
0.210838 9.593676943706567
0.210938 9.635115763283078
0.211038 9.680794053015047
0.211138 9.727690495735038
0.211238 9.772392203249836
0.211338 9.813387140358838
0.211438 9.85046126862894
0.211538 9.883778762370433
0.211638 9.916191257972907
0.211738 9.949819867130978
0.211838 9.986563505376454
0.211938 10.027564866697599
0.212038 10.072280544324515
0.212138 10.120443984439131
0.212238 10.17096327492059
0.212338 10.222302009350798
0.212438 10.274515354376877
0.212538 10.327779720903674
0.212638 10.38160901021246
0.212738 10.436401421484401
0.212838 10.490894240132972
0.212938 10.546072512019906
0.213038 10.602703471623848
0.213138 10.66005343312956
0.213238 10.718118827530299
0.213338 10.777373414978612
0.213438 10.837276949824865
0.213538 10.898113117119506
0.213638 10.958972839858667
0.213738 11.020318763288177
0.213838 11.082985321185115
0.213938 11.145811056782897
0.214038 11.20855032044582
0.214138 11.269973436392652
0.214238 11.33004634610188
0.214338 11.388052494990646
0.214438 11.445276623515676
0.214538 11.504072542611391
0.214638 11.56686014082281
0.214738 11.634752336424773
0.214838 11.705951981563532
0.214938 11.779440073827455
0.215038 11.853133842851536
0.215138 11.923440216587725
0.215238 11.98771507089577
0.215338 12.046457760805168
0.215438 12.102069106167754
0.215538 12.159213594856553
0.215638 12.221698235381094
0.215738 12.292513141592694
0.215838 12.372195601963973
0.215938 12.456486261873321
0.216038 12.540479776478207
0.216138 12.619252548015888
0.216238 12.689844748206575
0.216338 12.752711884282604
0.216438 12.812283399529912
0.216538 12.873105494740814
0.216638 12.938835280141538
0.216738 13.011399407544882
0.216838 13.08819046259426
0.216938 13.165870302294872
0.217038 13.242251635369875
0.217138 13.3131183431651
0.217238 13.378647346443486
0.217338 13.440957411552366
0.217438 13.501029607460243
0.217538 13.560868084412109
0.217638 13.619871107870681
0.217738 13.67940989022755
0.217838 13.738735144009421
0.217938 13.795671508619153
0.218038 13.850018405877645
0.218138 13.911143254832183
0.218238 13.97591817797107
0.218338 14.039918014816477
0.218438 14.099035348462525
0.218538 14.155316443433794
0.218638 14.208932306139202
0.218738 14.260355778986709
0.218838 14.30712883604493
0.218938 14.356585684204086
0.219038 14.40406469079655
0.219138 14.44620334161003
0.219238 14.482665640152346
0.219338 14.514010492879832
0.219438 14.539891196280077
0.219538 14.559903024988147
0.219638 14.5745499227565
0.219738 14.585254699617098
0.219838 14.593599343302758
0.219938 14.603551161711698
0.220038 14.615247102731312
0.220138 14.63065144570266
0.220238 14.646727679686744
0.220338 14.662279881508978
0.220438 14.673211035368858
0.220538 14.680091468544303
0.220638 14.684233045943314
0.220738 14.686541989364361
0.220838 14.688918947856811
0.220938 14.691109604197154
0.221038 14.69174978203566
0.221138 14.688189952736153
0.221238 14.67840495989966
0.221338 14.662491676566415
0.221438 14.642612308994408
0.221538 14.621211932719126
0.221638 14.60021199900068
0.221738 14.58074072185711
0.221838 14.563230460962716
0.221938 14.57929037948739
0.222038 14.559404485731623
0.222138 14.521981206630196
0.222238 14.489987610448015
0.222338 14.466758271173132
0.222438 14.44622608128158
0.222538 14.423004695793162
0.222638 14.394801588717861
0.222738 14.361908194949347
0.222838 14.326544436683271
0.222938 14.29333309539955
0.223038 14.265736923414215
0.223138 14.245425094196285
0.223238 14.229569934687177
0.223338 14.213043495995064
0.223438 14.19169563510475
0.223538 14.162928624963673
0.223638 14.127161670906988
0.223738 14.086854838298503
0.223838 14.070859467810108
0.223938 14.040585215134628
0.224038 14.006136142311595
0.224138 13.978282288039239
0.224238 13.960380150204198
0.224338 13.946146237502104
0.224438 13.928134786089034
0.224538 13.904319823793038
0.224638 13.876091223812413
0.224738 13.8457483442358
0.224838 13.818084667037164
0.224938 13.796755874840034
0.225038 13.78239082663295
0.225138 13.772752876874367
0.225238 13.763693921981513
0.225338 13.750918611350462
0.225438 13.733550192981292
0.225538 13.706251370243661
0.225638 13.67332442781174
0.225738 13.639180861966116
0.225838 13.609503857076575
0.225938 13.58763186205279
0.226038 13.573329526392806
0.226138 13.566568807900763
0.226238 13.56046101369989
0.226338 13.551357089322043
0.226438 13.532056410700902
0.226538 13.506795388843285
0.226638 13.479008631897743
0.226738 13.452165520335692
0.226838 13.428899573248767
0.226938 13.408925372068953
0.227038 13.390039514003254
0.227138 13.372213752912565
0.227238 13.350387135260258
0.227338 13.323202826653343
0.227438 13.292172148491074
0.227538 13.260540959450985
0.227638 13.228346683118088
0.227738 13.193062258773383
0.227838 13.154797713796249
0.227938 13.115446763165812
0.228038 13.07759632494277
0.228138 13.04326146033559
0.228238 13.013104271081358
0.228338 12.985390525816666
0.228438 12.956662672778167
0.228538 12.923723187836826
0.228638 12.885442837258392
0.228738 12.84371411236253
0.228838 12.803022336883647
0.228938 12.768083188448657
0.229038 12.741254148970343
0.229138 12.721382531241558
0.229238 12.704140251767935
0.229338 12.683995044179206
0.229438 12.656840715228952
0.229538 12.621900343134506
0.229638 12.58171995533643
0.229738 12.54090122518903
0.229838 12.503911631392985
0.229938 12.473196045540528
0.230038 12.448642094904988
0.230138 12.428114799651258
0.230238 12.408314460085759
0.230338 12.38615786226693
0.230438 12.359950645735292
0.230538 12.329879724472681
0.230638 12.297461110572929
0.230738 12.26453212870858
0.230838 12.23263520162339
0.230938 12.20265493313211
0.231038 12.174614572764401
0.231138 12.147893929119526
0.231238 12.121758806524145
0.231338 12.095456960327942
0.231438 12.068283256769641
0.231538 12.039789326630398
0.231638 12.010061030015347
0.231738 11.97994656687044
0.231838 11.950891996757303
0.231938 11.92422325666767
0.232038 11.900243508231659
0.232138 11.877888473637787
0.232238 11.855003594499651
0.232338 11.829558921752076
0.232438 11.800851870924323
0.232538 11.769697807100284
0.232638 11.737622633621065
0.232738 11.705894163654255
0.232838 11.674968924148411
0.232938 11.644847832848118
0.233038 11.614963009794375
0.233138 11.584086920609995
0.233238 11.551075953562124
0.233338 11.515286667720373
0.233438 11.476614134286429
0.233538 11.436134561751466
0.233638 11.394705021592491
0.233738 11.352977112469599
0.233838 11.312016641768595
0.233938 11.27308713984898
0.234038 11.236650130268746
0.234138 11.201737698398537
0.234238 11.166253919534196
0.234338 11.127638592179798
0.234438 11.084044500415535
0.234538 11.035111378503363
0.234638 10.982234912023983
0.234738 10.927970101920636
0.234838 10.875408829722689
0.234938 10.827314526367312
0.235038 10.785367888116738
0.235138 10.748652903896845
0.235238 10.713799411623745
0.235338 10.676504514793534
0.235438 10.633661240076886
0.235538 10.584734236461992
0.235638 10.531789245053103
0.235738 10.47867905961771
0.235838 10.429637337928854
0.235938 10.387444132297983
0.236038 10.352486221084671
0.236138 10.322910066128596
0.236238 10.295456552441456
0.236338 10.266582981956121
0.236438 10.233670621466047
0.236538 10.19584740966589
0.236638 10.154074938944493
0.236738 10.110818373246726
0.236838 10.069097602137326
0.236938 10.031330270785642
0.237038 9.998700167743317
0.237138 9.969644679885588
0.237238 9.941625121728624
0.237338 9.911811168951681
0.237438 9.878465836957576
0.237538 9.841138921038276
0.237638 9.800502108263272
0.237738 9.757628038116993
0.237838 9.713702130697028
0.237938 9.669694442036782
0.238038 9.625954428882443
0.238138 9.582614756313319
0.238238 9.539956356146085
0.238338 9.498154619569375
0.238438 9.457262367883018
0.238538 9.416739355437382
0.238638 9.375621644496336
0.238738 9.332800905507998
0.238838 9.287741991403793
0.238938 9.240717982185558
0.239038 9.192452876364507
0.239138 9.143963331004983
0.239238 9.095713520927127
0.239338 9.048585602626789
0.239438 9.002618223348444
0.239538 8.95761366011839
0.239638 8.913695502541644
0.239738 8.871455389964973
0.239838 8.831754880616725
0.239938 8.795157367704569
0.240038 8.761496433542545
0.240138 8.729734312940709
0.240238 8.69830043898783
0.240338 8.665831043220672
0.240438 8.630559875186737
0.240538 8.593017697174876
0.240638 8.554394721948881
0.240738 8.516452101380187
0.240838 8.480984128117147
0.240938 8.449404026859325
0.241038 8.421628384820506
0.241138 8.396466173463926
0.241238 8.371878164306873
0.241338 8.345713877827801
0.241438 8.31678085788725
0.241538 8.285445284577301
0.241638 8.252114942411527
0.241738 8.217767331351686
0.241838 8.183427572106684
0.241938 8.149721056629941
0.242038 8.11699295885955
0.242138 8.085469145936687
0.242238 8.054625483727879
0.242338 8.023864928390429
0.242438 7.992652434827388
0.242538 7.961305032809371
0.242638 7.929353754850025
0.242738 7.897650573845299
0.242838 7.867617178139324
0.242938 7.839885587840905
0.243038 7.8143775907165045
0.243138 7.790373776977868
0.243238 7.766980263392699
0.243338 7.743628354229019
0.243438 7.720233820927636
0.243538 7.696995916036568
0.243638 7.673971641692118
0.243738 7.650759943507722
0.243838 7.6271561644394374
0.243938 7.603202724681721
0.244038 7.578732594718891
0.244138 7.553336052576569
0.244238 7.527085600077499
0.244338 7.500657513014129
0.244438 7.474900501190518
0.244538 7.4507818674063016
0.244638 7.428547669183666
0.244738 7.407765036990206
0.244838 7.387372854134695
0.244938 7.366659256728853
0.245038 7.34521176956453
0.245138 7.323131038631949
0.245238 7.301141164413943
0.245338 7.280369749098827
0.245438 7.2620770599542155
0.245538 7.247480536166785
0.245638 7.236022800854523
0.245738 7.2259647280161925
0.245838 7.215101895142582
0.245938 7.201891165688589
0.246038 7.186098412811715
0.246138 7.168867044301572
0.246238 7.152322862547353
0.246338 7.138776748430912
0.246438 7.129580131849307
0.246538 7.1252724426792025
0.246638 7.124729545767414
0.246738 7.125196269878094
0.246838 7.123096470252329
0.246938 7.115473989588699
0.247038 7.101426786925199
0.247138 7.082761085589881
0.247238 7.063488755079462
0.247338 7.04834994620997
0.247438 7.0407910958380295
0.247538 7.041328282339025
0.247638 7.047084886276149
0.247738 7.05292367934004
0.247838 7.05300546058032
0.247938 7.0433742409487445
0.248038 7.023386069656815
0.248138 6.995931638225081
0.248238 6.966145319757512
0.248338 6.939381236201965
0.248438 6.919194526163369
0.248538 6.906508338729331
0.248638 6.899801665196576
0.248738 6.896301183380665
0.248838 6.893414264810104
0.248938 6.8896123548816375
0.249038 6.8844529987304535
0.249138 6.877851355967634
0.249238 6.869422891609266
0.249338 6.858471343425125
0.249438 6.844240591843291
0.249538 6.8272812836187695
0.249638 6.8096207165545835
0.249738 6.794406142770468
0.249838 6.784721897895816
0.249938 6.782507380196092
0.25 6.78557234121744
ENDATA
