XYDATA, head_y_rot_accel
0.0 -0.0
0.0 5.43959
1e-06 12.460739
3e-06 14.33169
1.6e-05 -1.085108
3.8e-05 -9.537092
6.7e-05 -8.549371
0.000103 -6.516362
0.000143 -5.204076
0.000188 -3.302563
0.000235 -0.552969
0.000285 2.037543
0.000337 3.352902
0.000391 3.03974
0.000446 1.642461
0.000502 0.146818
0.000559 -0.628328
0.000616 -0.462553
0.000674 0.51269
0.000732 1.781897
0.000791 2.762752
0.00085 3.153647
0.000909 2.85207
0.000968 1.924378
0.001028 0.587358
0.001087 -0.804204
0.001147 -1.817342
0.001207 -2.223968
0.001266 -1.868993
0.001326 -0.839112
0.001386 0.480217
0.001446 1.62794
0.001506 2.276042
0.001566 2.293158
0.001626 1.702096
0.001686 0.773428
0.001746 -0.145427
0.001806 -0.748588
0.001866 -0.926577
0.001926 -0.849105
0.001986 -0.697134
0.002046 -0.597532
0.002106 -0.612265
0.002166 -0.748091
0.002226 -0.95759
0.002286 -1.134212
0.002346 -1.120557
0.002406 -0.765735
0.002466 -0.015549
0.002526 1.031987
0.002586 2.148205
0.002646 3.063031
0.002706 3.572355
0.002766 3.603984
0.002826 3.218173
0.002886 2.558455
0.002946 1.791596
0.003006 1.056825
0.003066 0.441197
0.003126 -0.02107
0.003186 -0.336172
0.003246 -0.528801
0.003306 -0.621885
0.003366 -0.627413
0.003426 -0.546563
0.003486 -0.371795
0.003546 -0.091331
0.003606 0.300893
0.003666 0.789136
0.003726 1.322169
0.003786 1.814184
0.003846 2.166518
0.003906 2.300227
0.003966 2.184555
0.004026 1.850684
0.004086 1.385602
0.004146 0.908123
0.004206 0.536041
0.004266 0.35474
0.004326 0.398617
0.004386 0.648869
0.004446 1.04774
0.004506 1.52139
0.004566 2.001825
0.004626 2.441225
0.004686 2.816626
0.004746 3.124237
0.004806 3.36476
0.004866 3.528826
0.004926 3.592302
0.004986 3.522969
0.005046 3.300585
0.005106 2.933782
0.005166 2.466544
0.005226 1.971863
0.005286 1.536577
0.005346 1.242431
0.005406 1.147277
0.005466 1.27165
0.005526 1.594432
0.005586 2.05728
0.005646 2.580002
0.005706 3.084817
0.005766 3.516477
0.005826 3.847886
0.005886 4.072174
0.005946 4.191454
0.006006 4.209884
0.006066 4.133205
0.006126 3.972165
0.006186 3.745502
0.006246 3.480083
0.006306 3.208652
0.006366 2.966848
0.006426 2.790019
0.006486 2.709777
0.006546 2.748635
0.006606 2.914402
0.006666 3.194799
0.006726 3.556367
0.006786 3.949934
0.006846 4.321176
0.006906 4.622421
0.006966 4.821447
0.007026 4.90516
0.007086 4.879057
0.007146 4.763106
0.007206 4.588058
0.007266 4.39113
0.007326 4.209484
0.007386 4.073755
0.007446 4.004784
0.007506 4.015828
0.007566 4.11559
0.007626 4.310966
0.007686 4.606825
0.007746 4.998368
0.007806 5.463253
0.007866 5.959361
0.007926 6.43079
0.007986 6.820092
0.008046 7.081284
0.008106 7.190443
0.008166 7.148768
0.008226 6.979392
0.008286 6.719951
0.008346 6.414329
0.008406 6.105163
0.008466 5.828729
0.008526 5.612788
0.008586 5.475664
0.008646 5.425479
0.008706 5.45979
0.008766 5.566874
0.008826 5.729653
0.008886 5.930053
0.008946 6.152326
0.009006 6.382517
0.009066 6.605582
0.009126 6.803635
0.009186 6.957926
0.009246 7.053846
0.009306 7.08738
0.009366 7.068873
0.009426 7.020966
0.009486 6.973454
0.009546 6.956812
0.009606 6.995947
0.009666 7.105585
0.009726 7.288378
0.009786 7.535769
0.009846 7.829391
0.009906 8.144636
0.009966 8.454546
0.010026 8.73331
0.010086 8.958553
0.010146 9.113587
0.010206 9.188044
0.010266 9.178846
0.010326 9.090022
0.010386 8.933436
0.010446 8.728091
0.010506 8.499621
0.010566 8.278288
0.010626 8.095667
0.010686 7.989883
0.010746 7.97453
0.010806 8.046509
0.010866 8.212848
0.010926 8.466074
0.010986 8.79532
0.011046 9.171573
0.011106 9.564871
0.011166 9.935678
0.011226 10.253805
0.011286 10.499244
0.011346 10.661824
0.011406 10.741381
0.011466 10.746246
0.011526 10.689974
0.011586 10.588225
0.011646 10.475374
0.011706 10.380243
0.011766 10.324366
0.011826 10.322564
0.011886 10.383428
0.011946 10.508298
0.012006 10.692203
0.012066 10.912461
0.012126 11.138113
0.012186 11.347318
0.012246 11.521519
0.012306 11.650076
0.012366 11.720452
0.012426 11.729149
0.012486 11.684481
0.012546 11.607447
0.012606 11.523212
0.012666 11.457971
0.012726 11.416878
0.012786 11.412436
0.012846 11.450383
0.012906 11.535354
0.012966 11.668472
0.013026 11.846639
0.013086 12.061496
0.013146 12.304241
0.013206 12.55577
0.013266 12.799951
0.013326 13.022614
0.013386 13.199633
0.013446 13.317697
0.013506 13.373336
0.013566 13.379416
0.013626 13.357232
0.013686 13.319672
0.013746 13.273872
0.013806 13.230505
0.013866 13.202132
0.013926 13.199931
0.013986 13.23181
0.014046 13.302183
0.014106 13.411582
0.014166 13.557738
0.014226 13.735785
0.014286 13.93683
0.014346 14.149002
0.014406 14.364956
0.014466 14.567242
0.014526 14.741053
0.014586 14.880441
0.014646 14.981166
0.014706 15.044562
0.014766 15.079108
0.014826 15.094875
0.014886 15.097515
0.014946 15.093088
0.015006 15.096062
0.015066 15.120339
0.015126 15.163851
0.015186 15.218655
0.015246 15.283456
0.015306 15.356403
0.015366 15.43553
0.015426 15.524852
0.015486 15.615683
0.015546 15.694481
0.015606 15.759198
0.015666 15.822506
0.015726 15.892123
0.015786 15.971964
0.015846 16.064672
0.015906 16.174005
0.015966 16.305754
0.016026 16.464215
0.016086 16.624166
0.016146 16.774974
0.016206 16.915489
0.016266 17.045766
0.016326 17.169016
0.016386 17.282844
0.016446 17.385372
0.016506 17.476354
0.016566 17.573109
0.016626 17.686195
0.016686 17.810927
0.016746 17.943723
0.016806 18.081147
0.016866 18.219758
0.016926 18.35631
0.016986 18.488011
0.017046 18.612642
0.017106 18.728747
0.017166 18.835703
0.017226 18.933691
0.017286 19.023529
0.017346 19.10637
0.017406 19.183501
0.017466 19.256242
0.017526 19.328418
0.017586 19.417045
0.017646 19.510105
0.017706 19.597487
0.017766 19.674895
0.017826 19.740799
0.017886 19.794919
0.017946 19.83737
0.018006 19.868579
0.018066 19.878259
0.018126 19.884529
0.018186 19.91143
0.018246 19.969764
0.018306 20.063768
0.018366 20.194316
0.018426 20.360712
0.018486 20.561877
0.018546 20.786097
0.018606 20.995217
0.018666 21.180211
0.018726 21.3377
0.018786 21.466581
0.018846 21.567224
0.018906 21.640919
0.018966 21.689487
0.019026 21.720649
0.019086 21.781034
0.019146 21.857245
0.019206 21.932031
0.019266 21.996187
0.019326 22.0444
0.019386 22.07315
0.019446 22.079772
0.019506 22.061989
0.019566 22.006427
0.019626 21.935647
0.019686 21.887672
0.019746 21.872026
0.019806 21.893491
0.019866 21.955772
0.019926 22.062242
0.019986 22.21618
0.020046 22.415374
0.020106 22.622473
0.020166 22.826671
0.020226 23.023571
0.020286 23.210681
0.020346 23.386037
0.020406 23.547511
0.020466 23.69251
0.020526 23.821344
0.020586 23.96134
0.020646 24.110264
0.020706 24.261756
0.020766 24.408936
0.020826 24.546479
0.020886 24.670465
0.020946 24.778138
0.021006 24.867978
0.021066 24.955598
0.021126 25.036486
0.021186 25.094919
0.021246 25.124625
0.021306 25.124385
0.021366 25.095729
0.021426 25.041687
0.021486 24.965942
0.021546 24.865279
0.021606 24.748645
0.021666 24.654732
0.021726 24.604969
0.021786 24.610531
0.021846 24.67686
0.021906 24.805948
0.021966 24.997617
0.022026 25.246638
0.022086 25.510006
0.022146 25.764419
0.022206 26.0005
0.022266 26.211537
0.022326 26.392439
0.022386 26.538734
0.022446 26.647317
0.022506 26.717034
0.022566 26.78852
0.022626 26.87015
0.022686 26.938063
0.022746 26.981675
0.022806 26.996877
0.022866 26.982894
0.022926 26.940552
0.022986 26.872948
0.023046 26.7857
0.023106 26.677176
0.023166 26.583717
0.023226 26.525971
0.023286 26.515445
0.023346 26.559132
0.023406 26.661259
0.023466 26.825112
0.023526 27.047834
0.023586 27.286055
0.023646 27.518488
0.023706 27.739011
0.023766 27.943869
0.023826 28.130296
0.023886 28.300941
0.023946 28.471819
0.024006 28.625823
0.024066 28.796829
0.024126 28.986603
0.024186 29.162194
0.024246 29.305159
0.024306 29.404571
0.024366 29.453046
0.024426 29.448105
0.024486 29.388395
0.024546 29.264516
0.024606 29.084765
0.024666 28.895145
0.024726 28.723226
0.024786 28.586778
0.024846 28.517511
0.024906 28.523599
0.024966 28.599813
0.025026 28.745294
0.025086 28.935943
0.025146 29.129701
0.025206 29.303813
0.025266 29.44663
0.025326 29.551858
0.025386 29.615713
0.025446 29.634495
0.025506 29.598838
0.025566 29.5193
0.025626 29.443114
0.025686 29.400165
0.025746 29.398295
0.025806 29.445398
0.025866 29.545299
0.025926 29.699129
0.025986 29.913991
0.026046 30.179975
0.026106 30.447946
0.026166 30.67501
0.026226 30.840995
0.026286 30.935291
0.026346 30.963415
0.026406 30.926795
0.026466 30.822933
0.026526 30.653094
0.026586 30.447119
0.026646 30.258668
0.026706 30.130407
0.026766 30.063336
0.026826 30.058683
0.026886 30.117619
0.026946 30.240965
0.027006 30.429143
0.027066 30.668139
0.027126 30.907755
0.027186 31.113015
0.027246 31.26842
0.027306 31.366049
0.027366 31.401776
0.027426 31.373405
0.027486 31.27884
0.027546 31.12287
0.027606 30.96454
0.027666 30.834408
0.027726 30.748203
0.027786 30.714017
0.027846 30.736005
0.027906 30.816281
0.027966 30.955939
0.028026 31.159984
0.028086 31.400489
0.028146 31.629041
0.028206 31.820308
0.028266 31.96159
0.028326 32.050381
0.028386 32.102576
0.028446 32.103077
0.028506 32.044534
0.028566 31.935926
0.028626 31.821385
0.028686 31.732928
0.028746 31.693232
0.028806 31.708671
0.028866 31.780519
0.028926 31.909264
0.028986 32.094954
0.029046 32.330553
0.029106 32.576846
0.029166 32.794954
0.029226 32.965062
0.029286 33.077223
0.029346 33.126466
0.029406 33.110341
0.029466 33.027658
0.029526 32.882425
0.029586 32.725509
0.029646 32.582067
0.029706 32.459312
0.029766 32.360835
0.029826 32.289402
0.029886 32.247079
0.029946 32.2353
0.030006 32.254109
0.030066 32.25291
0.030126 32.221895
0.030186 32.19296
0.030246 32.181919
0.030306 32.197537
0.030366 32.244816
0.030426 32.326609
0.030486 32.444686
0.030546 32.60973
0.030606 32.815096
0.030666 33.012767
0.030726 33.177075
0.030786 33.294832
0.030846 33.358961
0.030906 33.365309
0.030966 33.311048
0.031026 33.19874
0.031086 33.080513
0.031146 32.98107
0.031206 32.905998
0.031266 32.857358
0.031326 32.835507
0.031386 32.840053
0.031446 32.870377
0.031506 32.92571
0.031566 32.974619
0.031626 32.99835
0.031686 33.004981
0.031746 32.998973
0.031806 32.982948
0.031866 32.958978
0.031926 32.929173
0.031986 32.895459
0.032046 32.85958
0.032106 32.823103
0.032166 32.787536
0.032226 32.754324
0.032286 32.724775
0.032346 32.700009
0.032406 32.680925
0.032466 32.668194
0.032526 32.662241
0.032586 32.663244
0.032646 32.671131
0.032706 32.685595
0.032766 32.706114
0.032826 32.731983
0.032886 32.762343
0.032946 32.796227
0.033006 32.832632
0.033066 32.870095
0.033126 32.906705
0.033186 32.941078
0.033246 32.973236
0.033306 33.003057
0.033366 33.029994
0.033426 33.053404
0.033486 33.071457
0.033546 33.083674
0.033606 33.090728
0.033666 33.093035
0.033726 33.09384
0.033786 33.093009
0.033846 33.089863
0.033906 33.08404
0.033966 33.075926
0.034026 33.066043
0.034086 33.054727
0.034146 33.042176
0.034206 33.028557
0.034266 33.014087
0.034326 32.999043
0.034386 32.983755
0.034446 32.968603
0.034506 32.954038
0.034566 32.940611
0.034626 32.928964
0.034686 32.919786
0.034746 32.913722
0.034806 32.911267
0.034866 32.912691
0.034926 32.91799
0.034986 32.926903
0.035046 32.938959
0.035106 32.95355
0.035166 32.970002
0.035226 32.987643
0.035286 33.005859
0.035346 33.02412
0.035406 33.042236
0.035466 33.060575
0.035526 33.079268
0.035586 33.098096
0.035646 33.116609
0.035706 33.134254
0.035766 33.150421
0.035826 33.164421
0.035886 33.171898
0.035946 33.172245
0.036006 33.167751
0.036066 33.183883
0.036126 33.214279
0.036186 33.233884
0.036246 33.239462
0.036306 33.266358
0.036366 33.281506
0.036426 33.267691
0.036486 33.216122
0.036546 33.112139
0.036606 32.961855
0.036666 32.817256
0.036726 32.70675
0.036786 32.645661
0.036846 32.657488
0.036906 32.753567
0.036966 32.924736
0.037026 33.165387
0.037086 33.441699
0.037146 33.699119
0.037206 33.908099
0.037266 34.053954
0.037326 34.133912
0.037386 34.160317
0.037446 34.118586
0.037506 34.001853
0.037566 33.822786
0.037626 33.636001
0.037686 33.478347
0.037746 33.368659
0.037806 33.316673
0.037866 33.327418
0.037926 33.403448
0.037986 33.546113
0.038046 33.750699
0.038106 33.969375
0.038166 34.155335
0.038226 34.285048
0.038286 34.347032
0.038346 34.336016
0.038406 34.332092
0.038466 34.280149
0.038526 34.139054
0.038586 33.926493
0.038646 33.696562
0.038706 33.483317
0.038766 33.307558
0.038826 33.183908
0.038886 33.124797
0.038946 33.142217
0.039006 33.247483
0.039066 33.432909
0.039126 33.645006
0.039186 33.846551
0.039246 34.016155
0.039306 34.147909
0.039366 34.258073
0.039426 34.306726
0.039486 34.275696
0.039546 34.178533
0.039606 34.091943
0.039666 34.029859
0.039726 33.995664
0.039786 33.991014
0.039846 34.017109
0.039906 34.075432
0.039966 34.167038
0.040026 34.28485
0.040086 34.382853
0.040146 34.453516
0.040206 34.497343
0.040266 34.511798
0.040326 34.493866
0.040386 34.441678
0.040446 34.356282
0.040506 34.240456
0.040566 34.07414
0.040626 33.870968
0.040686 33.662734
0.040746 33.471416
0.040806 33.313074
0.040866 33.199302
0.040926 33.161543
0.040986 33.21015
0.041046 33.333081
0.041106 33.51177
0.041166 33.688862
0.041226 33.833931
0.041286 33.930957
0.041346 33.970877
0.041406 33.948612
0.041466 33.861769
0.041526 33.714974
0.041586 33.566994
0.041646 33.44664
0.041706 33.361188
0.041766 33.313068
0.041826 33.302198
0.041886 33.359741
0.041946 33.458677
0.042006 33.58563
0.042066 33.703416
0.042126 33.792781
0.042186 33.864523
0.042246 33.92553
0.042306 33.980449
0.042366 34.032887
0.042426 34.085799
0.042486 34.14115
0.042546 34.212966
0.042606 34.315848
0.042666 34.416078
0.042726 34.492791
0.042786 34.533343
0.042846 34.529769
0.042906 34.477224
0.042966 34.373239
0.043026 34.213262
0.043086 33.986561
0.043146 33.748987
0.043206 33.559151
0.043266 33.490733
0.043326 33.503319
0.043386 33.577513
0.043446 33.706916
0.043506 33.891068
0.043566 34.089095
0.043626 34.253698
0.043686 34.37751
0.043746 34.460026
0.043806 34.504867
0.043866 34.517294
0.043926 34.502139
0.043986 34.462102
0.044046 34.427605
0.044106 34.453581
0.044166 34.496809
0.044226 34.531192
0.044286 34.543073
0.044346 34.52568
0.044406 34.476202
0.044466 34.394145
0.044526 34.276149
0.044586 34.114356
0.044646 33.973019
0.044706 33.884364
0.044766 33.864203
0.044826 33.919244
0.044886 34.051627
0.044946 34.260189
0.045006 34.54157
0.045066 34.874506
0.045126 35.194782
0.045186 35.458353
0.045246 35.641484
0.045306 35.731333
0.045366 35.7213
0.045426 35.608685
0.045486 35.393561
0.045546 35.090693
0.045606 34.760607
0.045666 34.447547
0.045726 34.176885
0.045786 33.964233
0.045846 33.81999
0.045906 33.751508
0.045966 33.764105
0.046026 33.860627
0.046086 34.012323
0.046146 34.167319
0.046206 34.295341
0.046266 34.382901
0.046326 34.421943
0.046386 34.406908
0.046446 34.33314
0.046506 34.19405
0.046566 34.027287
0.046626 33.877208
0.046686 33.751274
0.046746 33.652795
0.046806 33.583533
0.046866 33.544967
0.046926 33.538845
0.046986 33.567336
0.047046 33.617104
0.047106 33.651841
0.047166 33.681783
0.047226 33.71419
0.047286 33.752915
0.047346 33.79954
0.047406 33.853947
0.047466 33.914687
0.047526 33.979351
0.047586 34.044963
0.047646 34.10833
0.047706 34.166427
0.047766 34.216738
0.047826 34.257519
0.047886 34.287886
0.047946 34.308011
0.048006 34.318852
0.048066 34.322005
0.048126 34.319562
0.048186 34.313919
0.048246 34.307485
0.048306 34.301648
0.048366 34.296586
0.048426 34.291675
0.048486 34.285932
0.048546 34.291986
0.048606 34.324967
0.048666 34.3529
0.048726 34.358171
0.048786 34.33183
0.048846 34.269011
0.048906 34.16735
0.048966 34.02585
0.049026 33.844821
0.049086 33.641109
0.049146 33.443614
0.049206 33.268907
0.049266 33.126147
0.049326 33.020685
0.049386 32.955807
0.049446 32.933581
0.049506 32.955043
0.049566 32.986195
0.049626 33.006489
0.049686 33.024473
0.049746 33.043583
0.049806 33.065085
0.049866 33.088497
0.049926 33.112153
0.049986 33.133754
0.050046 33.150589
0.050106 33.158912
0.050166 33.152711
0.050226 33.114336
0.050286 33.05102
0.050346 32.967251
0.050406 32.864988
0.050466 32.744802
0.050526 32.610136
0.050586 32.463687
0.050646 32.307541
0.050706 32.14378
0.050766 31.974216
0.050826 31.800252
0.050886 31.623049
0.050946 31.44413
0.051006 31.265066
0.051066 31.113521
0.051126 30.984132
0.051186 30.852096
0.051246 30.704645
0.051306 30.536084
0.051366 30.344228
0.051426 30.128552
0.051486 29.889253
0.051546 29.629037
0.051606 29.372359
0.051666 29.142294
0.051726 28.950044
0.051786 28.800852
0.051846 28.696741
0.051906 28.637877
0.051966 28.623333
0.052026 28.646812
0.052086 28.663917
0.052146 28.670579
0.052206 28.67093
0.052266 28.666672
0.052326 28.657474
0.052386 28.642067
0.052446 28.619115
0.052506 28.58757
0.052566 28.571438
0.052626 28.562039
0.052686 28.532321
0.052746 28.469034
0.052806 28.366113
0.052866 28.221355
0.052926 28.034719
0.052986 27.807411
0.053046 27.543988
0.053106 27.270217
0.053166 27.011287
0.053226 26.781065
0.053286 26.587646
0.053346 26.436197
0.053406 26.330345
0.053466 26.272844
0.053526 26.265444
0.053586 26.294151
0.053646 26.333547
0.053706 26.370245
0.053766 26.397795
0.053826 26.412888
0.053886 26.413393
0.053946 26.397335
0.054006 26.362397
0.054066 26.313672
0.054126 26.275806
0.054186 26.263503
0.054246 26.281449
0.054306 26.330418
0.054366 26.409432
0.054426 26.515749
0.054486 26.646378
0.054546 26.782732
0.054606 26.883349
0.054666 26.954829
0.054726 27.00194
0.054786 27.027436
0.054846 27.03332
0.054906 27.01859
0.054966 26.981937
0.055026 26.931254
0.055086 26.897464
0.055146 26.858134
0.055206 26.794687
0.055266 26.699577
0.055326 26.570713
0.055386 26.408826
0.055446 26.218027
0.055506 26.008248
0.055566 25.807855
0.055626 25.634986
0.055686 25.480381
0.055746 25.339762
0.055806 25.211078
0.055866 25.093191
0.055926 24.985305
0.055986 24.886705
0.056046 24.781645
0.056106 24.654352
0.056166 24.536451
0.056226 24.444512
0.056286 24.385946
0.056346 24.363542
0.056406 24.377823
0.056466 24.428237
0.056526 24.513254
0.056586 24.615128
0.056646 24.704583
0.056706 24.765219
0.056766 24.786968
0.056826 24.765296
0.056886 24.697703
0.056946 24.582151
0.057006 24.417483
0.057066 24.237193
0.057126 24.060812
0.057186 23.878619
0.057246 23.685789
0.057306 23.480169
0.057366 23.259944
0.057426 23.027153
0.057486 22.784401
0.057546 22.520494
0.057606 22.222485
0.057666 21.927956
0.057726 21.659685
0.057786 21.430876
0.057846 21.249623
0.057906 21.121063
0.057966 21.045662
0.058026 21.023992
0.058086 21.038811
0.058146 21.066341
0.058206 21.094616
0.058266 21.111386
0.058326 21.107913
0.058386 21.07705
0.058446 21.01219
0.058506 20.907213
0.058566 20.792555
0.058626 20.684316
0.058686 20.568146
0.058746 20.435345
0.058806 20.283389
0.058866 20.110651
0.058926 19.913822
0.058986 19.688665
0.059046 19.438405
0.059106 19.167549
0.059166 18.880049
0.059226 18.579504
0.059286 18.271198
0.059346 17.97781
0.059406 17.686867
0.059466 17.395182
0.059526 17.099967
0.059586 16.776837
0.059646 16.455135
0.059706 16.160195
0.059766 15.906061
0.059826 15.701175
0.059886 15.547249
0.059946 15.44891
0.060006 15.410147
0.060066 15.450047
0.060126 15.531224
0.060186 15.605228
0.060246 15.645806
0.060306 15.637624
0.060366 15.570238
0.060426 15.436496
0.060486 15.230794
0.060546 14.953584
0.060606 14.659288
0.060666 14.384956
0.060726 14.14626
0.060786 13.951937
0.060846 13.806213
0.060906 13.711625
0.060966 13.670794
0.061026 13.685935
0.061086 13.730033
0.061146 13.752487
0.061206 13.727626
0.061266 13.647356
0.061326 13.509429
0.061386 13.312845
0.061446 13.056654
0.061506 12.769235
0.061566 12.514192
0.061626 12.284675
0.061686 12.080548
0.061746 11.899104
0.061806 11.738996
0.061866 11.598852
0.061926 11.477477
0.061986 11.386145
0.062046 11.318873
0.062106 11.226332
0.062166 11.149563
0.062226 11.101516
0.062286 11.039517
0.062346 10.936681
0.062406 10.775173
0.062466 10.54616
0.062526 10.255599
0.062586 9.969353
0.062646 9.664309
0.062706 9.314921
0.062766 8.911779
0.062826 8.45438
0.062886 8.012478
0.062946 7.680628
0.063006 7.365947
0.063066 7.006975
0.063126 6.625547
0.063186 6.274779
0.063246 5.971192
0.063306 5.724167
0.063366 5.540362
0.063426 5.425042
0.063486 5.381976
0.063546 5.408659
0.063606 5.465743
0.063666 5.516312
0.063726 5.531811
0.063786 5.496069
0.063846 5.403982
0.063906 5.253242
0.063966 5.038454
0.064026 4.756394
0.064086 4.431582
0.064146 4.117244
0.064206 3.829754
0.064266 3.577918
0.064326 3.367474
0.064386 3.203011
0.064446 3.089442
0.064506 3.030545
0.064566 3.017716
0.064626 3.010689
0.064686 2.984633
0.064746 2.924375
0.064806 2.844148
0.064866 2.740652
0.064926 2.596332
0.064986 2.398925
0.065046 2.131246
0.065106 1.840985
0.065166 1.550268
0.065226 1.269485
0.065286 1.004512
0.065346 0.759333
0.065406 0.537282
0.065466 0.34143
0.065526 0.171009
0.065586 -0.004772
0.065646 -0.18348
0.065706 -0.357609
0.065766 -0.524197
0.065826 -0.682
0.065886 -0.830987
0.065946 -0.971567
0.066006 -1.104362
0.066066 -0.968369
0.066126 -0.626052
0.066186 -0.26583
0.066246 0.024232
0.066306 0.376115
0.066366 0.714891
0.066426 0.866615
0.066486 0.788922
0.066546 0.518308
0.066606 0.12597
0.066666 -0.339965
0.066726 -0.833112
0.066786 -1.320319
0.066846 -1.787843
0.066906 -2.241006
0.066966 -2.699146
0.067026 -3.189978
0.067086 -3.730505
0.067146 -4.310956
0.067206 -4.968319
0.067266 -5.708228
0.067326 -6.513335
0.067386 -7.349242
0.067446 -8.172586
0.067506 -8.937469
0.067566 -9.609685
0.067626 -10.180438
0.067686 -10.643814
0.067746 -11.000441
0.067806 -11.263154
0.067866 -11.455504
0.067926 -11.597663
0.067986 -11.716117
0.068046 -11.835306
0.068106 -11.97845
0.068166 -12.172498
0.068226 -12.427955
0.068286 -12.746552
0.068346 -13.120847
0.068406 -13.544585
0.068466 -14.008593
0.068526 -14.49873
0.068586 -15.009296
0.068646 -15.543188
0.068706 -16.096724
0.068766 -16.662715
0.068826 -17.23317
0.068886 -17.801946
0.068946 -18.364975
0.069006 -18.920687
0.069066 -19.448984
0.069126 -19.939641
0.069186 -20.405268
0.069246 -20.858203
0.069306 -21.311717
0.069366 -21.780077
0.069426 -22.277685
0.069486 -22.805708
0.069546 -23.37745
0.069606 -24.002503
0.069666 -24.689367
0.069726 -25.444882
0.069786 -26.272024
0.069846 -27.1681
0.069906 -28.127906
0.069966 -29.144373
0.070026 -30.212929
0.070086 -31.34186
0.070146 -32.499562
0.070206 -33.658876
0.070266 -34.802997
0.070326 -35.915059
0.070386 -36.982008
0.070446 -37.982023
0.070506 -38.910449
0.070566 -39.763413
0.070626 -40.55708
0.070686 -41.326838
0.070746 -42.09545
0.070806 -42.874796
0.070866 -43.676371
0.070926 -44.511856
0.070986 -45.391614
0.071046 -46.312667
0.071106 -47.238734
0.071166 -48.168219
0.071226 -49.101232
0.071286 -50.038865
0.071346 -50.983712
0.071406 -51.939606
0.071466 -52.911452
0.071526 -53.897578
0.071586 -54.900846
0.071646 -55.947704
0.071706 -57.058127
0.071766 -58.247167
0.071826 -59.525887
0.071886 -60.902424
0.071946 -62.381241
0.072006 -63.961771
0.072066 -65.637249
0.072126 -67.384775
0.072186 -69.184276
0.072246 -71.018942
0.072306 -72.867575
0.072366 -74.714541
0.072426 -76.542276
0.072486 -78.331723
0.072546 -80.082763
0.072606 -81.805849
0.072666 -83.488067
0.072726 -85.122439
0.072786 -86.705012
0.072846 -88.229955
0.072906 -89.685867
0.072966 -91.061249
0.073026 -92.346706
0.073086 -93.53307
0.073146 -94.654078
0.073206 -95.740464
0.073266 -96.808526
0.073326 -97.859786
0.073386 -98.883442
0.073446 -99.862553
0.073506 -100.784132
0.073566 -101.628984
0.073626 -102.400115
0.073686 -103.129909
0.073746 -103.856845
0.073806 -104.60585
0.073866 -105.418773
0.073926 -106.337603
0.073986 -107.398445
0.074046 -108.620669
0.074106 -110.013487
0.074166 -111.601599
0.074226 -113.395039
0.074286 -115.39041
0.074346 -117.577505
0.074406 -119.952508
0.074466 -122.485123
0.074526 -125.139003
0.074586 -127.886172
0.074646 -130.670279
0.074706 -133.449351
0.074766 -136.187272
0.074826 -138.844478
0.074886 -141.394859
0.074946 -143.812788
0.075006 -146.068939
0.075066 -148.145537
0.075126 -150.052507
0.075186 -151.793532
0.075246 -153.354656
0.075306 -154.765497
0.075366 -156.063067
0.075426 -157.285575
0.075486 -158.471836
0.075546 -159.649561
0.075606 -160.827617
0.075666 -162.046474
0.075726 -163.331709
0.075786 -164.711124
0.075846 -166.188855
0.075906 -167.746689
0.075966 -169.396762
0.076026 -171.157486
0.076086 -173.075734
0.076146 -175.205924
0.076206 -177.592427
0.076266 -180.30511
0.076326 -183.427802
0.076386 -187.008913
0.076446 -191.065343
0.076506 -195.560862
0.076566 -200.348879
0.076626 -205.295786
0.076686 -210.257668
0.076746 -215.050188
0.076806 -219.489319
0.076866 -223.424653
0.076926 -226.720149
0.076986 -229.323059
0.077046 -231.295169
0.077106 -232.730576
0.077166 -233.792599
0.077226 -234.669148
0.077286 -235.550495
0.077346 -236.557955
0.077406 -237.859018
0.077466 -239.5518
0.077526 -241.724801
0.077586 -244.473687
0.077646 -247.824957
0.077706 -251.754288
0.077766 -256.191972
0.077826 -261.039968
0.077886 -266.191541
0.077946 -271.556299
0.078006 -277.07643
0.078066 -282.739177
0.078126 -288.521059
0.078186 -294.409266
0.078246 -300.395385
0.078306 -306.469406
0.078366 -312.587278
0.078426 -318.661653
0.078486 -324.620631
0.078546 -330.363842
0.078606 -335.768431
0.078666 -340.748468
0.078726 -345.228197
0.078786 -349.180875
0.078846 -352.633829
0.078906 -355.678716
0.078966 -358.537368
0.079026 -361.436112
0.079086 -364.668943
0.079146 -368.548299
0.079206 -373.249607
0.079266 -378.888858
0.079326 -385.503124
0.079386 -393.021668
0.079446 -401.229197
0.079506 -409.821183
0.079566 -418.480457
0.079626 -426.913134
0.079686 -434.909412
0.079746 -442.645744
0.079806 -449.91622
0.079866 -456.721539
0.079926 -463.125681
0.079986 -469.219698
0.080046 -475.087358
0.080106 -480.791701
0.080166 -486.363048
0.080226 -491.767455
0.080286 -496.972833
0.080346 -502.046766
0.080406 -507.081722
0.080466 -512.22179
0.080526 -517.757578
0.080586 -523.909861
0.080646 -530.882211
0.080706 -538.830534
0.080766 -547.824769
0.080826 -557.76353
0.080886 -568.402194
0.080946 -579.387934
0.081006 -589.639983
0.081066 -600.000362
0.081126 -609.981547
0.081186 -619.28831
0.081246 -627.794175
0.081306 -635.589872
0.081366 -642.925761
0.081426 -650.219959
0.081486 -661.106531
0.081546 -674.112971
0.081606 -687.809938
0.081666 -701.283485
0.081726 -714.082345
0.081786 -726.136285
0.081846 -737.724873
0.081906 -748.25775
0.081966 -760.564418
0.082026 -774.769599
0.082086 -790.617468
0.082146 -807.703208
0.082206 -825.498359
0.082266 -842.330499
0.082326 -859.063968
0.082386 -875.065617
0.082446 -890.078588
0.082506 -904.359826
0.082566 -918.542144
0.082626 -933.451493
0.082686 -949.85971
0.082746 -968.345222
0.082806 -989.305243
0.082866 -1010.855735
0.082926 -1037.445256
0.082986 -1066.298087
0.083046 -1094.162482
0.083106 -1117.851798
0.083166 -1136.889403
0.083226 -1152.624542
0.083286 -1167.896455
0.083346 -1185.067234
0.083406 -1205.587336
0.083466 -1230.538634
0.083526 -1259.410076
0.083586 -1291.024186
0.083646 -1323.826832
0.083706 -1356.487033
0.083766 -1388.139902
0.083826 -1417.280003
0.083886 -1446.518835
0.083946 -1476.476603
0.084006 -1507.560616
0.084066 -1538.109316
0.084126 -1570.427489
0.084186 -1602.856806
0.084246 -1635.358203
0.084306 -1668.838127
0.084366 -1703.278959
0.084426 -1744.120402
0.084486 -1789.819447
0.084546 -1843.871653
0.084606 -1903.64083
0.084666 -1965.678806
0.084726 -2028.102599
0.084786 -2086.641333
0.084846 -2141.844156
0.084906 -2195.12123
0.084966 -2248.600775
0.085026 -2308.763408
0.085086 -2376.577955
0.085146 -2445.967132
0.085206 -2516.159475
0.085266 -2584.56341
0.085326 -2650.855498
0.085386 -2716.606029
0.085446 -2783.809128
0.085506 -2855.423758
0.085566 -2930.740075
0.085626 -3007.620024
0.085686 -3086.622234
0.085746 -3165.823064
0.085806 -3247.172481
0.085866 -3326.907068
0.085926 -3404.115894
0.085986 -3479.507053
0.086046 -3556.185435
0.086106 -3640.96434
0.086166 -3730.114203
0.086226 -3818.747526
0.086286 -3903.259897
0.086346 -3981.216123
0.086406 -4051.697285
0.086466 -4119.2601
0.086526 -4184.366343
0.086586 -4248.465392
0.086646 -4312.327454
0.086706 -4369.681482
0.086766 -4424.684244
0.086826 -4479.833779
0.086886 -4535.402198
0.086946 -4589.254525
0.087006 -4641.775158
0.087066 -4694.386425
0.087126 -4746.810528
0.087186 -4803.031369
0.087246 -4860.929953
0.087306 -4917.994798
0.087366 -4975.049192
0.087426 -5027.569585
0.087486 -5079.579739
0.087546 -5127.623361
0.087606 -5173.036016
0.087666 -5215.842265
0.087726 -5254.839569
0.087786 -5286.573315
0.087846 -5312.5817
0.087906 -5330.900649
0.087966 -5337.989675
0.088026 -5338.765874
0.088086 -5332.768185
0.088146 -5319.875498
0.088206 -5300.055743
0.088266 -5273.804492
0.088326 -5241.900938
0.088386 -5205.489436
0.088446 -5165.078404
0.088506 -5121.104298
0.088566 -5074.050394
0.088626 -5025.602185
0.088686 -4978.436405
0.088746 -4930.784156
0.088806 -4878.279941
0.088866 -4820.021028
0.088926 -4757.840637
0.088986 -4691.157609
0.089046 -4621.201978
0.089106 -4549.488979
0.089166 -4476.708087
0.089226 -4397.948779
0.089286 -4318.169125
0.089346 -4232.558701
0.089406 -4143.854903
0.089466 -4053.755122
0.089526 -3969.51968
0.089586 -3889.716419
0.089646 -3820.986757
0.089706 -3757.477766
0.089766 -3694.663356
0.089826 -3628.686388
0.089886 -3563.196135
0.089946 -3498.175194
0.090006 -3438.007721
0.090066 -3382.140736
0.090126 -3331.244787
0.090186 -3282.889899
0.090246 -3233.491048
0.090306 -3181.958833
0.090366 -3128.344786
0.090426 -3073.694281
0.090486 -3018.447771
0.090546 -2962.210644
0.090606 -2903.078491
0.090666 -2842.158334
0.090726 -2777.976237
0.090786 -2710.383431
0.090846 -2638.959494
0.090906 -2571.250819
0.090966 -2508.781917
0.091026 -2444.640265
0.091086 -2377.095542
0.091146 -2307.790951
0.091206 -2238.142636
0.091266 -2172.187024
0.091326 -2113.576063
0.091386 -2065.790921
0.091446 -2030.67974
0.091506 -2004.131646
0.091566 -1981.629029
0.091626 -1949.907345
0.091686 -1925.484644
0.091746 -1912.776739
0.091806 -1907.43389
0.091866 -1903.1454
0.091926 -1894.858349
0.091986 -1875.345725
0.092046 -1841.524728
0.092106 -1792.329776
0.092166 -1733.157969
0.092226 -1670.310318
0.092286 -1603.996789
0.092346 -1541.17404
0.092406 -1477.08476
0.092466 -1419.957669
0.092526 -1375.35002
0.092586 -1343.552012
0.092646 -1322.843776
0.092706 -1312.048551
0.092766 -1307.180369
0.092826 -1303.942887
0.092886 -1296.377768
0.092946 -1283.577412
0.093006 -1255.398754
0.093066 -1228.398796
0.093126 -1242.32161
0.093186 -1290.228485
0.093246 -1370.201479
0.093306 -1457.648222
0.093366 -1528.779332
0.093426 -1562.35653
0.093486 -1551.220186
0.093546 -1494.804496
0.093606 -1408.228829
0.093666 -1312.58228
0.093726 -1226.630956
0.093786 -1170.263702
0.093846 -1141.910909
0.093906 -1145.702476
0.093966 -1161.78493
0.094026 -1156.270766
0.094086 -1136.221854
0.094146 -1097.998313
0.094206 -1058.7308
0.094266 -1020.204287
0.094326 -987.242947
0.094386 -964.910161
0.094446 -954.848667
0.094506 -949.405202
0.094566 -925.299996
0.094626 -888.783953
0.094686 -850.876311
0.094746 -838.778688
0.094806 -862.631155
0.094866 -930.989265
0.094926 -1042.10943
0.094986 -1148.292836
0.095046 -1211.758236
0.095106 -1219.410304
0.095166 -1171.08182
0.095226 -1082.04045
0.095286 -985.301004
0.095346 -903.564983
0.095406 -851.562331
0.095466 -823.796769
0.095526 -821.207938
0.095586 -844.679651
0.095646 -855.063214
0.095706 -837.691063
0.095766 -781.846052
0.095826 -716.79902
0.095886 -686.725595
0.095946 -682.235491
0.096006 -701.860597
0.096066 -743.036786
0.096126 -789.224037
0.096186 -814.273057
0.096246 -800.103686
0.096306 -745.107158
0.096366 -633.641412
0.096426 -494.896464
0.096486 -405.653188
0.096546 -385.905519
0.096606 -428.866902
0.096666 -564.081386
0.096726 -724.026884
0.096786 -846.923246
0.096846 -897.798295
0.096906 -867.782017
0.096966 -783.192068
0.097026 -682.668488
0.097086 -594.716988
0.097146 -535.847603
0.097206 -531.740201
0.097266 -578.733955
0.097326 -685.42463
0.097386 -789.588962
0.097446 -859.720832
0.097506 -878.969936
0.097566 -833.151142
0.097626 -709.503361
0.097686 -580.815452
0.097746 -499.817807
0.097806 -450.671839
0.097866 -444.24087
0.097926 -478.659699
0.097986 -562.011917
0.098046 -634.20842
0.098106 -677.469121
0.098166 -690.330792
0.098226 -658.739728
0.098286 -591.67496
0.098346 -477.381744
0.098406 -392.363295
0.098466 -360.976422
0.098526 -378.471016
0.098586 -421.530629
0.098646 -481.720799
0.098706 -518.229801
0.098766 -528.879651
0.098826 -523.681493
0.098886 -493.489055
0.098946 -459.824452
0.099006 -432.608015
0.099066 -414.434505
0.099126 -408.246743
0.099186 -423.107156
0.099246 -476.032742
0.099306 -556.177158
0.099366 -658.46144
0.099426 -759.225999
0.099486 -822.743224
0.099546 -825.740078
0.099606 -760.62568
0.099666 -620.385391
0.099726 -484.310124
0.099786 -378.947113
0.099846 -327.745041
0.099906 -330.081431
0.099966 -366.115064
0.100026 -459.794355
0.100086 -577.916978
0.100146 -651.854624
0.100206 -682.570895
0.100266 -658.090418
0.100326 -496.706912
0.100386 -323.095913
0.100446 -210.562876
0.100506 -148.313283
0.100566 -128.242112
0.100626 -155.424004
0.100686 -242.318803
0.100746 -338.044503
0.100806 -416.341781
0.100866 -448.920233
0.100926 -431.254705
0.100986 -364.3764
0.101046 -281.734517
0.101106 -206.839862
0.101166 -155.612808
0.101226 -133.759411
0.101286 -142.769867
0.101346 -196.008613
0.101406 -289.752639
0.101466 -407.714212
0.101526 -554.710921
0.101586 -714.511152
0.101646 -821.858032
0.101706 -844.778239
0.101766 -762.221149
0.101826 -508.059212
0.101886 -276.582421
0.101946 -142.473624
0.102006 -99.247704
0.102066 -130.642374
0.102126 -251.375693
0.102186 -422.035725
0.102246 -539.574905
0.102306 -603.428271
0.102366 -611.992647
0.102426 -500.247884
0.102486 -350.697611
0.102546 -239.333529
0.102606 -193.542794
0.102666 -192.38114
0.102726 -228.657942
0.102786 -278.578308
0.102846 -304.83012
0.102906 -302.206491
0.102966 -272.589848
0.103026 -223.289265
0.103086 -153.556384
0.103146 -75.895867
0.103206 -15.269289
0.103266 17.767271
0.103326 6.256581
0.103386 -46.968894
0.103446 -123.0949
0.103506 -207.992368
0.103566 -291.052269
0.103626 -422.393289
0.103686 -508.646215
0.103746 -535.85744
0.103806 -511.549874
0.103866 -430.618097
0.103926 -296.25946
0.103986 -103.328516
0.104046 75.349788
0.104106 142.598276
0.104166 102.376963
0.104226 -24.043147
0.104286 -399.299187
0.104346 -709.384202
0.104406 -906.798654
0.104466 -1012.174709
0.104526 -868.623985
0.104586 -579.582459
0.104646 -339.968817
0.104706 -189.752658
0.104766 -108.920459
0.104826 -112.841439
0.104886 -171.495423
0.104946 -235.850097
0.105006 -269.612749
0.105066 -268.739611
0.105126 -241.548755
0.105186 -178.540531
0.105246 -95.910945
0.105306 -53.844119
0.105366 -68.688108
0.105426 -135.946509
0.105486 -272.169173
0.105546 -419.055256
0.105606 -534.962973
0.105666 -572.378387
0.105726 -538.814907
0.105786 -442.983486
0.105846 -278.819638
0.105906 -133.759533
0.105966 -33.12374
0.106026 22.897055
0.106086 37.434478
0.106146 0.408532
0.106206 -86.998608
0.106266 -221.296359
0.106326 -389.212768
0.106386 -565.139669
0.106446 -758.329416
0.106506 -870.784248
0.106566 -820.81368
0.106626 -577.903141
0.106686 -343.407472
0.106746 -179.634637
0.106806 -77.840127
0.106866 -35.545465
0.106926 -27.593714
0.106986 -39.448295
0.107046 -68.275871
0.107106 -85.914417
0.107166 -95.532422
0.107226 -97.126919
0.107286 -89.792705
0.107346 -79.214387
0.107406 -92.369399
0.107466 -128.15895
0.107526 -190.281433
0.107586 -278.516647
0.107646 -372.531313
0.107706 -436.415242
0.107766 -464.469036
0.107826 -452.982477
0.107886 -401.049182
0.107946 -315.448193
0.108006 -213.831242
0.108066 -115.993475
0.108126 -41.381158
0.108186 -2.772628
0.108246 -3.914126
0.108306 -41.479184
0.108366 -111.700979
0.108426 -214.880431
0.108486 -342.49918
0.108546 -480.851559
0.108606 -608.364175
0.108666 -695.845223
0.108726 -716.942872
0.108786 -605.478841
0.108846 -434.930942
0.108906 -263.220581
0.108966 -127.559158
0.109026 -39.713407
0.109086 -0.403564
0.109146 -6.150453
0.109206 -53.047718
0.109266 -188.262471
0.109326 -357.704463
0.109386 -505.396976
0.109446 -616.125636
0.109506 -673.44407
0.109566 -668.700892
0.109626 -603.934518
0.109686 -502.912008
0.109746 -421.737043
0.109806 -363.179406
0.109866 -334.1904
0.109926 -359.439182
0.109986 -372.652707
0.110046 -330.14837
0.110106 -256.217086
0.110166 -184.513916
0.110226 -105.528045
0.110286 -37.588383
0.110346 -4.681778
0.110406 -4.082115
0.110466 -21.813146
0.110526 -53.463193
0.110586 -91.439092
0.110646 -149.339437
0.110706 -240.812284
0.110766 -326.214087
0.110826 -386.883331
0.110886 -409.399071
0.110946 -376.115954
0.111006 -316.095273
0.111066 -265.699452
0.111126 -247.866561
0.111186 -264.044858
0.111246 -301.837735
0.111306 -347.21508
0.111366 -384.652596
0.111426 -404.960403
0.111486 -393.320151
0.111546 -345.388459
0.111606 -276.92128
0.111666 -208.969024
0.111726 -154.35799
0.111786 -123.884738
0.111846 -124.610279
0.111906 -159.345291
0.111966 -211.854858
0.112026 -259.923491
0.112086 -281.152755
0.112146 -259.473088
0.112206 -191.289142
0.112266 -78.43629
0.112326 73.502262
0.112386 246.776294
0.112446 413.30729
0.112506 542.508061
0.112566 615.355543
0.112626 628.199232
0.112686 585.484955
0.112746 498.374913
0.112806 387.619327
0.112866 273.972978
0.112926 174.829715
0.112986 103.752479
0.113046 74.689092
0.113106 97.22047
0.113166 173.457565
0.113226 297.551549
0.113286 462.306591
0.113346 649.096314
0.113406 824.490803
0.113466 950.003654
0.113526 990.942254
0.113586 929.030877
0.113646 789.745309
0.113706 605.585078
0.113766 418.583282
0.113826 272.555652
0.113886 200.064393
0.113946 218.004561
0.114006 329.47081
0.114066 521.57456
0.114126 768.453348
0.114186 1033.096039
0.114246 1270.943387
0.114306 1440.839721
0.114366 1511.80212
0.114426 1489.597703
0.114486 1400.404959
0.114546 1278.377834
0.114606 1158.973898
0.114666 1069.646031
0.114726 1025.654265
0.114786 1029.988016
0.114846 1077.050667
0.114906 1156.980418
0.114966 1258.254173
0.115026 1361.852593
0.115086 1445.590136
0.115146 1491.473834
0.115206 1489.450976
0.115266 1432.763566
0.115326 1329.81219
0.115386 1200.207667
0.115446 1067.956368
0.115506 955.204262
0.115566 879.556687
0.115626 848.280054
0.115686 858.129646
0.115746 900.984463
0.115806 966.688844
0.115866 1045.79496
0.115926 1129.889912
0.115986 1209.283394
0.116046 1275.299621
0.116106 1320.958946
0.116166 1340.869478
0.116226 1332.564049
0.116286 1296.839034
0.116346 1238.236722
0.116406 1167.917674
0.116466 1092.312465
0.116526 1015.374237
0.116586 944.378026
0.116646 885.81648
0.116706 842.550821
0.116766 813.754416
0.116826 796.814656
0.116886 789.045106
0.116946 788.224637
0.117006 792.620975
0.117066 800.697544
0.117126 812.235761
0.117186 822.550153
0.117246 829.039302
0.117306 830.149433
0.117366 825.140236
0.117426 812.536326
0.117486 789.591415
0.117546 755.930169
0.117606 712.161952
0.117666 660.676031
0.117726 602.025818
0.117786 540.608293
0.117846 481.27126
0.117906 428.591048
0.117966 386.15129
0.118026 355.597028
0.118086 336.551891
0.118146 327.520447
0.118206 326.986167
0.118266 333.839923
0.118326 347.23985
0.118386 366.259177
0.118446 389.47988
0.118506 415.370292
0.118566 442.973494
0.118626 470.678234
0.118686 496.353477
0.118746 517.210488
0.118806 531.226207
0.118866 537.745809
0.118926 536.357544
0.118983 811.788043
0.11904 848.175458
0.119099 922.823598
0.119157 897.702361
0.119216 900.112593
0.119275 896.521067
0.119334 888.261705
0.119394 877.083285
0.119453 857.778406
0.119513 835.895939
0.119573 796.306494
0.119632 739.490332
0.119692 685.903692
0.119752 654.631346
0.119812 633.401891
0.119872 618.156614
0.119932 609.898677
0.119992 600.876141
0.120052 596.162647
0.120111 594.184832
0.120171 595.338767
0.120231 597.162689
0.120291 599.174185
0.120351 602.047563
0.120411 603.352391
0.120471 604.24556
0.120531 596.454794
0.120591 584.909409
0.120651 566.376121
0.120711 540.167
0.120771 512.354755
0.120831 483.84346
0.120891 461.468435
0.120951 445.903352
0.121011 437.89746
0.121071 437.006675
0.121131 439.292236
0.121191 442.207664
0.121251 443.376709
0.121311 442.159531
0.121371 436.489846
0.121431 427.552533
0.121491 415.626651
0.121551 403.152654
0.121611 390.839843
0.121671 378.898426
0.121731 368.04706
0.121791 359.728533
0.121851 354.799552
0.121911 354.908565
0.121971 362.559199
0.122031 377.836658
0.122091 401.574559
0.122151 435.034131
0.122211 491.317412
0.122271 568.517474
0.122331 640.378583
0.122391 709.77761
0.122451 756.882184
0.122511 830.311059
0.122571 923.977107
0.122631 976.576325
0.122691 1025.842368
0.122751 1057.743115
0.122811 1088.727557
0.122871 1122.624191
0.122931 1145.438074
0.122991 1157.335761
0.123051 1163.252706
0.123111 1163.080885
0.123171 1155.426551
0.123231 1142.243186
0.123291 1122.292315
0.123351 1092.176515
0.123411 1057.753863
0.123471 1021.838278
0.123531 987.817125
0.123591 960.991128
0.123651 938.769839
0.123711 924.352154
0.123771 929.939146
0.123831 938.702462
0.123891 957.579878
0.123951 1000.868965
0.124011 1048.537903
0.124071 1076.909415
0.124131 1097.993719
0.124191 1107.090935
0.124251 1104.99541
0.124311 1093.428064
0.124371 1076.600415
0.124431 1070.098937
0.124491 1066.659257
0.124551 1068.862944
0.124611 1075.767375
0.124671 1092.68869
0.124731 1113.298615
0.124791 1135.071119
0.124851 1154.319118
0.124911 1169.992677
0.124971 1181.266178
0.125031 1181.590348
0.125091 1175.054095
0.125151 1163.792132
0.125211 1145.758612
0.125271 1118.018184
0.125331 1097.485402
0.125391 1081.096747
0.125451 1074.383352
0.125511 1091.783987
0.125571 1132.260809
0.125631 1192.526869
0.125691 1263.548722
0.125751 1331.942301
0.125811 1384.726711
0.125871 1420.352428
0.125931 1439.147695
0.125991 1439.182252
0.126051 1430.675245
0.126111 1424.283092
0.126171 1418.171372
0.126231 1418.567693
0.126291 1416.190401
0.126351 1416.193331
0.126411 1426.034364
0.126471 1439.258556
0.126531 1446.695865
0.126591 1436.165587
0.126651 1408.237025
0.126711 1372.459545
0.126771 1324.716277
0.126831 1277.160916
0.126891 1240.28584
0.126951 1219.490906
0.127011 1213.609609
0.127071 1213.346461
0.127131 1226.962572
0.127191 1248.72699
0.127251 1275.639356
0.127311 1302.85388
0.127371 1327.421282
0.127431 1336.783868
0.127491 1330.778107
0.127551 1333.26569
0.127611 1347.668825
0.127671 1375.651967
0.127731 1412.167519
0.127791 1466.707857
0.127851 1524.744957
0.127911 1579.988507
0.127971 1631.882262
0.128031 1678.59862
0.128091 1714.198062
0.128151 1729.98741
0.128211 1722.344105
0.128271 1705.801547
0.128331 1681.519086
0.128391 1649.647841
0.128451 1606.352477
0.128511 1561.799425
0.128571 1525.823863
0.128631 1499.526921
0.128691 1489.28983
0.128751 1492.683148
0.128811 1511.030633
0.128871 1551.78177
0.128931 1585.54485
0.128991 1611.438792
0.129051 1636.713349
0.129111 1657.113677
0.129171 1671.287805
0.129231 1671.567723
0.129291 1665.773484
0.129351 1640.659652
0.129411 1617.614773
0.129471 1600.436714
0.129531 1594.164459
0.129591 1612.645251
0.129651 1645.917627
0.129711 1709.07524
0.129771 1780.78202
0.129831 1843.206117
0.129891 1881.307467
0.129951 1904.31725
0.130011 1918.326439
0.130071 1919.132626
0.130131 1913.504095
0.130191 1907.64306
0.130251 1904.657874
0.130311 1906.737867
0.130371 1889.985854
0.130431 1839.492218
0.130491 1788.543311
0.130551 1748.50059
0.130611 1717.966527
0.130671 1710.414041
0.130731 1737.562403
0.130791 1787.401801
0.130851 1844.592561
0.130911 1868.786642
0.130971 1869.095948
0.131031 1874.41974
0.131091 1883.55644
0.131151 1898.334069
0.131211 1902.161686
0.131271 1903.191099
0.131331 1913.20718
0.131391 1923.22131
0.131451 1920.286867
0.131511 1892.21166
0.131571 1846.649319
0.131631 1798.039244
0.131691 1751.892443
0.131751 1728.662817
0.131811 1729.703749
0.131871 1757.747075
0.131931 1801.935473
0.131991 1863.73195
0.132051 1944.86586
0.132111 2034.685382
0.132171 2114.494292
0.132231 2169.595918
0.132291 2201.116468
0.132351 2217.533688
0.132411 2233.58866
0.132471 2256.620536
0.132531 2273.22164
0.132591 2287.216998
0.132651 2322.641972
0.132711 2350.236888
0.132771 2385.993207
0.132831 2430.274778
0.132891 2486.847679
0.132951 2553.679414
0.133011 2631.115825
0.133071 2716.543829
0.133131 2803.108287
0.133191 2886.542374
0.133251 2968.233666
0.133311 3060.450128
0.133371 3162.48491
0.133431 3270.697217
0.133491 3392.78822
0.133551 3537.43898
0.133611 3704.855182
0.133671 3857.667956
0.133731 3972.891237
0.133791 4041.877189
0.133851 4073.949521
0.133911 4083.233882
0.133971 4084.349328
0.134031 4092.052165
0.134091 4116.061401
0.134151 4160.35746
0.134211 4225.398056
0.134271 4300.858445
0.134331 4367.280042
0.134391 4415.31335
0.134451 4473.56307
0.134511 4540.449666
0.134571 4617.901714
0.134631 4719.057676
0.134691 4843.734485
0.134751 4974.523912
0.134811 5084.869211
0.134871 5157.238958
0.134931 5179.355449
0.134991 5150.091486
0.135051 5075.62578
0.135111 4962.70654
0.135171 4824.880256
0.135231 4674.042309
0.135291 4520.404239
0.135351 4364.162032
0.135411 4201.95847
0.135471 4037.355607
0.135531 3876.6836
0.135591 3731.076101
0.135651 3616.442946
0.135711 3533.770639
0.135771 3472.361274
0.135831 3417.616866
0.135891 3354.923514
0.135951 3295.042685
0.136011 3218.675247
0.136071 3116.130295
0.136131 2986.947059
0.136191 2836.629069
0.136251 2674.507368
0.136311 2504.084037
0.136371 2327.987869
0.136431 2152.688811
0.136491 1984.018499
0.136551 1819.449886
0.136611 1665.522706
0.136671 1528.435604
0.136731 1402.432844
0.136791 1286.200418
0.136851 1181.000917
0.136911 1087.296834
0.136971 1004.022981
0.137031 933.348967
0.137091 866.219545
0.137151 793.43397
0.137211 723.354663
0.137271 660.282606
0.137331 623.723209
0.137391 604.028856
0.137451 590.450349
0.137511 569.836964
0.137571 541.932462
0.137631 502.113297
0.137691 440.67286
0.137751 374.148843
0.137811 309.01176
0.137871 239.684311
0.137931 185.445991
0.137991 142.612516
0.138051 112.929911
0.138111 81.675869
0.138171 58.149298
0.138231 38.818719
0.138291 20.438431
0.138351 3.517435
0.138411 -17.277055
0.138471 -49.31661
0.138531 -110.691964
0.138591 -158.270128
0.138651 -189.48016
0.138711 -213.060328
0.138771 -224.017303
0.138831 -224.120434
0.138891 -207.194798
0.138951 -174.157729
0.139011 -130.721441
0.139071 -92.356907
0.139131 -49.104896
0.139191 -7.784824
0.139251 25.194113
0.139311 43.19696
0.139371 42.87478
0.139431 51.541406
0.139491 52.177594
0.139551 38.845435
0.139611 30.766851
0.139671 58.136402
0.139731 98.585956
0.139791 137.67112
0.139851 197.859536
0.139911 265.423978
0.139971 287.492022
0.140031 265.164347
0.140091 182.021407
0.140151 97.928648
0.140211 18.699817
0.140271 -17.070609
0.140331 -0.489159
0.140391 26.19816
0.140451 60.365119
0.140511 60.41659
0.140571 -4.896372
0.140631 -147.600937
0.140691 -196.310683
0.140751 -159.610961
0.140811 -103.65709
0.140871 -49.671673
0.140931 18.325616
0.140991 120.460415
0.141051 357.813594
0.141111 517.118427
0.141171 526.268867
0.141231 418.310881
0.141291 291.733691
0.141351 224.050539
0.141411 203.596791
0.141471 200.320166
0.141531 206.81441
0.141591 216.946856
0.141651 237.825142
0.141711 238.145741
0.141771 226.436703
0.141831 187.387125
0.141891 137.446207
0.141951 84.078986
0.142011 31.790961
0.142071 -22.207391
0.142131 -66.848005
0.142191 -87.848343
0.142251 -82.411126
0.142311 -54.020281
0.142371 -23.722743
0.142431 -9.093285
0.142491 -16.439049
0.142551 -40.681616
0.142611 -61.343903
0.142671 -94.787494
0.142731 -127.121004
0.142791 -175.033445
0.142851 -247.548172
0.142911 -323.622901
0.142971 -397.437866
0.143031 -482.606327
0.143091 -547.405675
0.143151 -576.152227
0.143211 -531.993462
0.143271 -488.235671
0.143331 -468.292058
0.143391 -459.889237
0.143451 -430.261808
0.143511 -330.294187
0.143571 -241.022781
0.143631 -225.576473
0.143691 -254.448518
0.143751 -300.890184
0.143811 -363.011889
0.143871 -443.548359
0.143931 -515.40867
0.143991 -571.845719
0.144051 -628.636328
0.144111 -692.660231
0.144171 -726.559965
0.144231 -771.674251
0.144291 -814.241678
0.144351 -847.915937
0.144411 -866.263258
0.144471 -874.291041
0.144531 -899.884027
0.144591 -889.831228
0.144651 -910.193843
0.144711 -838.397471
0.144771 -638.02044
0.144831 -522.937634
0.144891 -469.042414
0.144951 -457.718585
0.145011 -480.276573
0.145071 -536.371215
0.145131 -612.958855
0.145191 -649.811953
0.145251 -668.668064
0.145311 -673.811306
0.145371 -640.047694
0.145431 -594.688557
0.145491 -555.103991
0.145551 -527.169566
0.145611 -506.187779
0.145671 -487.313487
0.145731 -459.409025
0.145791 -406.557791
0.145851 -351.226929
0.145911 -239.415856
0.145971 -115.501
0.146031 17.758226
0.146091 171.77367
0.146151 328.969164
0.146211 429.899153
0.146271 484.512331
0.146331 521.444619
0.146391 555.768887
0.146451 589.412783
0.146511 654.842942
0.146571 756.106131
0.146631 905.099704
0.146691 1099.566225
0.146751 1336.222357
0.146811 1587.082374
0.146871 1814.045921
0.146931 2033.641975
0.146991 2222.803666
0.147051 2374.994823
0.147111 2520.1297
0.147171 2675.082886
0.147231 2829.473332
0.147291 2987.771741
0.147351 3177.491571
0.147411 3385.177999
0.147471 3588.281412
0.147531 3761.44146
0.147591 3948.060003
0.147651 4152.965407
0.147711 4324.969679
0.147771 4493.376701
0.147831 4637.704688
0.147891 4725.624844
0.147951 4804.079548
0.148011 4864.783083
0.148071 4908.00549
0.148131 4944.612512
0.148191 5010.634319
0.148251 5071.833853
0.148311 5141.211559
0.148371 5202.253035
0.148431 5234.096047
0.148491 5245.094549
0.148551 5237.477326
0.148611 5199.278458
0.148671 5170.063965
0.148731 5125.024645
0.148791 5069.977118
0.148851 5008.330203
0.148911 4937.287257
0.148971 4852.607293
0.149031 4767.798228
0.149091 4693.647821
0.149151 4615.440641
0.149211 4531.472239
0.149271 4427.677235
0.149331 4310.146682
0.149391 4188.265538
0.149451 4052.497017
0.149511 3910.737532
0.149571 3779.245785
0.149631 3671.084533
0.149691 3555.126661
0.149751 3411.127504
0.149811 3256.538656
0.149871 3121.331803
0.149931 3015.6279
0.149991 2914.292065
0.150051 2817.987988
0.150111 2745.71188
0.150171 2686.919853
0.150231 2648.248875
0.150291 2617.254498
0.150351 2595.304218
0.150411 2572.828707
0.150471 2545.831261
0.150531 2505.80568
0.150591 2454.164449
0.150651 2394.763735
0.150711 2341.529287
0.150771 2268.577633
0.150831 2177.319712
0.150891 2087.592061
0.150951 2038.701368
0.151011 2023.689859
0.151071 2023.465874
0.151131 2030.20437
0.151191 2071.915387
0.151251 2148.773232
0.151311 2268.790037
0.151371 2409.366449
0.151431 2549.415064
0.151491 2652.528698
0.151551 2701.412374
0.151611 2786.245998
0.151671 2860.059067
0.151731 2910.971149
0.151791 2939.818684
0.151851 2987.499504
0.151911 3054.911521
0.151971 3140.83161
0.152031 3214.948193
0.152091 3269.038735
0.152151 3285.339084
0.152211 3251.388159
0.152271 3214.98308
0.152331 3224.64305
0.152391 3263.8952
0.152451 3310.326233
0.152511 3389.380397
0.152571 3502.991276
0.152631 3591.678415
0.152691 3559.138847
0.152751 3647.922422
0.152811 3722.42351
0.152871 3749.746774
0.152931 3758.779287
0.152991 3790.770034
0.153051 3816.938987
0.153111 3828.304032
0.153171 3838.98568
0.153231 3844.341354
0.153291 3840.967586
0.153351 3807.490736
0.153411 3753.86048
0.153471 3694.306318
0.153531 3670.428997
0.153591 3632.393623
0.153651 3631.389919
0.153711 3657.111571
0.153771 3649.850416
0.153831 3664.169812
0.153891 3709.117079
0.153951 3709.169004
0.154011 3715.298664
0.154071 3721.903457
0.154131 3746.102476
0.154191 3769.433083
0.154251 3784.856445
0.154311 3774.805475
0.154371 3783.187452
0.154431 3811.101863
0.154491 3819.372727
0.154551 3843.885116
0.154611 3870.464232
0.154651 26217.866909
0.154695 11335.920207
0.154743 6368.057924
0.154792 4718.984654
0.154844 4188.804612
0.154898 4007.058524
0.154952 3892.71354
0.155008 3856.979373
0.155065 3835.134703
0.155122 3805.983473
0.15518 3764.349211
0.155238 3700.277115
0.155297 3625.354149
0.155356 3560.705731
0.155415 3503.468903
0.155474 3443.765361
0.155534 3360.250961
0.155593 3289.20531
0.155653 3217.196002
0.155712 3120.219964
0.155772 3011.614312
0.155832 2883.962032
0.155892 2755.131857
0.155952 2661.744947
0.156012 2548.892958
0.156072 2470.114392
0.156132 2426.14719
0.156192 2359.271104
0.156251 2313.085102
0.156311 2275.53813
0.156371 2242.612453
0.156431 2213.64857
0.156491 2177.555798
0.156551 2134.093479
0.156611 2086.878536
0.156671 2041.720291
0.156731 2008.011401
0.156791 1984.926406
0.156851 1972.940842
0.156911 1967.960984
0.156971 1971.09624
0.157031 1971.365143
0.157091 1932.487661
0.157151 1892.157595
0.157211 1883.475999
0.157271 1876.731573
0.157331 1861.093226
0.157391 1838.182932
0.157451 1804.713236
0.157511 1781.773226
0.157571 1739.919089
0.157631 1700.368651
0.157691 1665.869255
0.157751 1649.745244
0.157811 1667.257047
0.157871 1741.097066
0.157931 1820.227255
0.157991 1864.090192
0.158051 1891.637923
0.158111 1905.176859
0.158171 1897.957917
0.158231 1889.749447
0.158291 1887.917693
0.158351 1881.089822
0.158411 1864.275705
0.158471 1848.816544
0.158531 1833.028458
0.158591 1793.317164
0.158651 1750.565706
0.158711 1718.895796
0.158771 1691.278286
0.158831 1659.395975
0.158891 1622.834437
0.158951 1588.608328
0.159011 1551.809416
0.159071 1531.708525
0.159131 1526.571864
0.159191 1534.49181
0.159251 1536.959836
0.159311 1526.109482
0.159371 1500.69719
0.159431 1498.627192
0.159491 1470.13278
0.159551 1432.872329
0.159611 1396.258247
0.159671 1362.80525
0.159731 1332.155731
0.159791 1317.432838
0.159851 1316.693355
0.159911 1320.508725
0.159971 1328.743564
0.160031 1356.340814
0.160091 1394.248123
0.160151 1438.486568
0.160211 1468.171588
0.160271 1479.860335
0.160331 1487.061898
0.160391 1509.532149
0.160451 1536.338883
0.160511 1548.884674
0.160571 1550.214268
0.160631 1557.692599
0.160691 1559.558473
0.160751 1557.52345
0.160811 1561.58111
0.160871 1558.659991
0.160931 1539.567959
0.160991 1514.657381
0.161051 1486.18416
0.161111 1458.595157
0.161171 1431.341504
0.161231 1417.704714
0.161291 1408.978909
0.161351 1395.032556
0.161411 1375.901425
0.161471 1354.10574
0.161531 1333.647594
0.161591 1321.722748
0.161651 1312.231133
0.161711 1307.426573
0.161771 1307.31084
0.161831 1307.878681
0.161891 1305.255866
0.161951 1303.903108
0.162011 1299.459482
0.162071 1303.949601
0.162131 1320.802364
0.162191 1344.24348
0.162251 1376.098278
0.162311 1413.787117
0.162371 1446.535122
0.162431 1480.567389
0.162491 1512.060968
0.162551 1546.478725
0.162611 1577.699199
0.162671 1610.450658
0.162731 1642.828611
0.162791 1672.53008
0.162851 1701.185328
0.162911 1722.524075
0.162971 1741.318822
0.163031 1754.553248
0.163091 1763.347102
0.163151 1768.342431
0.163211 1766.831008
0.163271 1762.402458
0.163331 1754.463056
0.163391 1741.359153
0.163451 1735.339726
0.163511 1718.23526
0.163571 1709.941235
0.163631 1695.315822
0.163691 1684.122899
0.163751 1672.314982
0.163811 1661.461907
0.163871 1651.986374
0.163931 1646.492035
0.163991 1646.149121
0.164051 1654.118878
0.164111 1664.349419
0.164171 1682.438289
0.164231 1700.001869
0.164291 1695.48503
0.164351 1698.002473
0.164411 1689.554663
0.164471 1668.890977
0.164531 1632.651589
0.164591 1583.212612
0.164651 1522.611652
0.164711 1452.914728
0.164771 1376.612804
0.164831 1296.5423
0.164891 1215.538973
0.164951 1135.791523
0.165011 1057.23426
0.165071 984.597222
0.165131 913.01634
0.165191 845.34445
0.165251 783.658514
0.165311 729.012923
0.165371 682.165451
0.165431 647.292129
0.165491 605.593729
0.165551 562.722347
0.165611 516.510264
0.165671 459.630853
0.165731 403.134584
0.165791 347.300349
0.165851 299.661302
0.165911 255.715084
0.165971 212.097453
0.166031 165.638154
0.166091 122.799843
0.166151 81.697388
0.166211 44.478829
0.166271 9.665341
0.166331 -22.692298
0.166391 -50.231341
0.166451 -73.388334
0.166511 -91.891512
0.166571 -106.550774
0.166631 -116.436345
0.166691 -124.632132
0.166751 -134.360603
0.166811 -147.049672
0.166871 -162.832982
0.166931 -182.722386
0.166991 -206.737101
0.167051 -233.821762
0.167111 -261.83501
0.167171 -290.471132
0.167231 -319.060141
0.167291 -346.109969
0.167351 -371.618985
0.167411 -396.50963
0.167471 -421.163678
0.167531 -445.38634
0.167591 -470.242309
0.167651 -496.069001
0.167711 -522.873124
0.167771 -550.534579
0.167831 -577.80989
0.167891 -602.799016
0.167951 -623.916437
0.168011 -639.26834
0.168071 -649.206314
0.168131 -651.844015
0.168191 -648.733313
0.168251 -643.00447
0.168311 -631.516084
0.168371 -620.591438
0.168431 -606.883896
0.168491 -592.962059
0.168551 -581.45411
0.168611 -571.551547
0.168671 -562.136247
0.168731 -552.22222
0.168791 -541.416324
0.168851 -530.021005
0.168911 -519.085415
0.168971 -512.281411
0.169031 -511.262465
0.169091 -528.943045
0.169151 -547.398851
0.169211 -563.483255
0.169271 -578.248324
0.169331 -592.325825
0.169391 -606.568911
0.169451 -618.722014
0.169511 -629.293076
0.169571 -638.625585
0.169631 -646.389134
0.169691 -652.208682
0.169751 -656.053699
0.169811 -658.20263
0.169871 -657.338379
0.169931 -654.865823
0.169991 -651.661359
0.170051 -647.489636
0.170111 -641.977567
0.170171 -636.161568
0.170231 -627.270122
0.170291 -614.338104
0.170351 -601.225369
0.170411 -590.667699
0.170471 -583.648149
0.170531 -579.818442
0.170591 -577.826865
0.170651 -576.927546
0.170711 -573.109381
0.170771 -564.625064
0.170831 -551.469752
0.170891 -533.813
0.170951 -512.740018
0.171011 -489.990336
0.171071 -467.785836
0.171131 -449.308438
0.171191 -434.795016
0.171251 -425.30116
0.171311 -420.897596
0.171371 -421.163869
0.171431 -425.399468
0.171491 -432.470806
0.171551 -440.925355
0.171611 -449.207321
0.171671 -455.834954
0.171731 -459.523578
0.171791 -458.692492
0.171851 -453.223698
0.171911 -443.449331
0.171971 -430.220925
0.172031 -415.4982
0.172091 -400.518018
0.172151 -386.470551
0.172211 -373.190803
0.172271 -360.327053
0.172331 -348.411689
0.172391 -338.292521
0.172451 -332.801071
0.172511 -335.390782
0.172571 -348.732169
0.172631 -374.627336
0.172691 -411.924592
0.172751 -458.365308
0.172811 -509.73209
0.172871 -559.850803
0.172931 -602.293613
0.172991 -637.948265
0.173051 -653.231255
0.173111 -646.582855
0.173171 -622.049474
0.173231 -587.025775
0.173291 -553.171618
0.173351 -529.97086
0.173411 -521.093135
0.173471 -527.316945
0.173531 -546.607398
0.173591 -572.321179
0.173651 -599.429998
0.173711 -621.271906
0.173771 -632.835426
0.173831 -632.605353
0.173891 -622.561319
0.173951 -606.469938
0.174011 -586.047926
0.174071 -562.273383
0.174131 -535.595705
0.174191 -505.357605
0.174251 -474.703764
0.174311 -444.308126
0.174371 -409.932708
0.174431 -373.643605
0.174491 -337.786657
0.174551 -306.925826
0.174611 -286.401695
0.174671 -279.741207
0.174731 -288.739057
0.174791 -314.582217
0.174851 -358.613531
0.174911 -418.019964
0.174971 -485.534716
0.175031 -549.88539
0.175091 -597.826836
0.175151 -617.938003
0.175211 -605.598665
0.175271 -563.104355
0.175331 -501.405099
0.175391 -440.386198
0.175451 -390.498377
0.175511 -361.435405
0.175571 -355.506161
0.175631 -369.192609
0.175691 -373.620401
0.175751 -368.200488
0.175811 -355.336057
0.175871 -338.727816
0.175931 -324.861984
0.175991 -316.361132
0.176051 -305.051675
0.176111 -292.621227
0.176171 -268.309259
0.176231 -247.45101
0.176291 -232.563293
0.176351 -230.002407
0.176411 -240.214642
0.176471 -259.955373
0.176531 -284.218895
0.176591 -307.414893
0.176651 -322.934708
0.176711 -324.446454
0.176771 -308.273078
0.176831 -273.434481
0.176891 -220.324595
0.176951 -166.890825
0.177011 -130.599488
0.177071 -121.476492
0.177131 -141.301499
0.177191 -176.289515
0.177251 -233.440776
0.177311 -291.565459
0.177371 -356.423716
0.177431 -427.584298
0.177491 -499.995148
0.177551 -543.454691
0.177611 -513.248095
0.177671 -396.762777
0.177731 -260.547343
0.177791 -169.018493
0.177851 -117.022976
0.177911 -116.255394
0.177971 -146.739157
0.178031 -172.313048
0.178091 -170.575385
0.178151 -158.891605
0.178211 -148.025698
0.178271 -145.416723
0.178331 -145.291612
0.178391 -149.818622
0.178451 -180.580721
0.178511 -242.391888
0.178571 -317.167839
0.178631 -401.972557
0.178691 -517.769603
0.178751 -597.739208
0.178811 -618.900549
0.178871 -551.994869
0.178931 -395.36549
0.178991 -242.742248
0.179051 -140.448608
0.179111 -88.39307
0.179171 -70.34446
0.179231 -78.257964
0.179291 -113.599665
0.179351 -160.502764
0.179411 -220.013308
0.179471 -288.992878
0.179531 -357.890642
0.179591 -433.24416
0.179651 -490.825732
0.179711 -514.379945
0.179771 -500.883512
0.179831 -458.086065
0.179891 -413.483653
0.179951 -374.458987
0.180011 -349.545607
0.180071 -344.643283
0.180131 -363.59858
0.180191 -424.115509
0.180251 -498.936566
0.180311 -549.804227
0.180371 -566.432163
0.180431 -513.725634
0.180491 -418.372166
0.180551 -284.132084
0.180611 -150.065236
0.180671 -55.643968
0.180731 -16.975192
0.180791 -16.965552
0.180851 -46.451462
0.180911 -155.55684
0.180971 -385.503897
0.181031 -741.068546
0.181091 -1045.760343
0.181151 -1179.639011
0.181211 -1063.346718
0.181271 -693.231626
0.181331 -356.31686
0.181391 -151.723678
0.181451 -51.533811
0.181511 -51.870917
0.181571 -51.834028
0.181631 -57.024813
0.181691 -85.999092
0.181751 -139.796374
0.181811 -218.529206
0.181871 -317.573222
0.181931 -438.022304
0.181991 -529.813461
0.182051 -572.352392
0.182111 -602.057505
0.182171 -636.220884
0.182231 -651.772102
0.182291 -639.499975
0.182351 -597.105282
0.182411 -566.58138
0.182471 -540.440439
0.182531 -515.908491
0.182591 -493.163854
0.182651 -468.14098
0.182711 -415.601863
0.182771 -324.556417
0.182831 -214.915513
0.182891 -108.943762
0.182951 -33.580768
0.183011 -12.214106
0.183071 -44.869419
0.183131 -125.819242
0.183191 -244.229259
0.183251 -379.646658
0.183311 -523.209701
0.183371 -628.034903
0.183431 -662.513443
0.183491 -633.481544
0.183551 -491.946441
0.183611 -321.344668
0.183671 -214.894094
0.183731 -172.779111
0.183791 -190.223531
0.183851 -344.448959
0.183911 -546.221043
0.183971 -677.879252
0.184031 -728.26679
0.184091 -693.178884
0.184151 -520.733002
0.184211 -344.092296
0.184271 -238.181838
0.184331 -204.016189
0.184391 -242.688965
0.184451 -292.625606
0.184511 -347.688734
0.184571 -416.754998
0.184631 -502.368507
0.184691 -705.525807
0.184751 -972.919469
0.184811 -1164.493805
0.184871 -1213.658296
0.184931 -1147.545772
0.184991 -1011.439458
0.185051 -870.047064
0.185111 -733.827852
0.185171 -607.248337
0.185231 -505.39803
0.185291 -433.712419
0.185351 -414.522749
0.185411 -448.593431
0.185468 -708209.637222
0.185526 -284803.69127
0.185584 -119409.424781
0.185643 -52096.411354
0.185702 -23554.666492
0.185761 -10991.881362
0.18582 -5288.07859
0.185879 -2640.298562
0.185939 -1398.53309
0.185999 -831.103508
0.186058 -591.204716
0.186118 -498.42713
0.186178 -467.505833
0.186238 -456.000169
0.186298 -440.730151
0.186357 -412.130631
0.186417 -355.072815
0.186477 -285.946878
0.186537 -214.631848
0.186597 -143.385838
0.186657 -76.870178
0.186717 -22.648935
0.186777 10.800283
0.186837 26.681445
0.186897 31.630822
0.186957 28.974671
0.187017 46.603382
0.187077 88.788825
0.187137 148.125228
0.187197 216.530816
0.187257 287.36367
0.187317 348.564803
0.187377 379.983113
0.187437 380.262775
0.187497 356.283555
0.187557 317.21928
0.187617 275.766034
0.187677 232.518767
0.187737 185.163778
0.187797 133.51831
0.187857 52.847953
0.187917 -29.093396
0.187977 -91.963105
0.188037 -127.990168
0.188097 -140.456544
0.188157 -132.84637
0.188217 -93.447961
0.188277 -44.16894
0.188337 -8.759669
0.188397 2.580889
0.188457 -1.464739
0.188517 -19.285091
0.188577 -50.269751
0.188637 -79.411994
0.188697 -100.920275
0.188757 -108.708044
0.188817 -101.245771
0.188877 -88.810783
0.188937 -88.027993
0.188997 -110.821657
0.189057 -154.778765
0.189117 -205.821553
0.189177 -274.188502
0.189237 -366.131638
0.189297 -470.981559
0.189357 -550.240499
0.189417 -590.459699
0.189477 -575.471565
0.189537 -479.156069
0.189597 -322.633995
0.189657 -130.840105
0.189717 44.727742
0.189777 156.978751
0.189837 177.289785
0.189897 90.45411
0.189957 -97.491038
0.190017 -264.167673
0.190077 -311.45852
0.190137 -186.692031
0.190197 -6.661533
0.190257 157.329355
0.190317 332.328686
0.190377 452.666501
0.190437 492.97036
0.190497 476.475386
0.190557 421.134946
0.190617 365.674272
0.190677 320.446355
0.190737 298.041145
0.190797 295.402041
0.190857 306.351713
0.190917 332.672852
0.190977 380.645905
0.191037 472.106264
0.191097 625.242654
0.191157 830.651291
0.191217 1029.136856
0.191277 1183.263858
0.191337 1297.876005
0.191397 1405.202295
0.191457 1541.861571
0.191517 1714.052002
0.191577 1886.205342
0.191637 2008.855202
0.191697 2063.139337
0.191757 2086.082991
0.191817 2151.708614
0.191877 2333.239189
0.191937 2639.805793
0.191997 2999.822952
0.192057 3347.240485
0.192117 3583.481429
0.192177 3662.515796
0.192237 3604.446745
0.192297 3466.529586
0.192357 3319.776086
0.192417 3224.962699
0.192477 3209.511582
0.192537 3284.697686
0.192597 3450.838611
0.192657 3697.687875
0.192717 4013.345948
0.192777 4408.980232
0.192837 4891.392193
0.192897 5458.420403
0.192957 6078.19876
0.193017 6728.0722
0.193077 7385.013595
0.193137 8025.980897
0.193197 8626.53347
0.193257 9137.879887
0.193317 9517.640484
0.193377 9780.530076
0.193437 9945.647388
0.193497 10045.116759
0.193557 10094.245726
0.193617 10098.128589
0.193677 10056.602649
0.193737 9953.414464
0.193797 9741.93561
0.193857 9435.081208
0.193917 9126.3636
0.193977 8912.491386
0.194037 8867.440142
0.194097 9020.200207
0.194157 9351.439315
0.194217 9822.330386
0.194277 10333.605403
0.194337 10769.136734
0.194397 11053.360263
0.194457 11176.341804
0.194517 11183.776652
0.194577 11139.727865
0.194637 11081.361961
0.194697 11002.927016
0.194757 10890.768416
0.194817 10738.739165
0.194877 10575.276514
0.194937 10411.550376
0.194997 10235.035565
0.195057 10028.827341
0.195117 9779.431514
0.195177 9486.785637
0.195237 9186.060917
0.195297 8922.235478
0.195357 8725.582804
0.195417 8592.195692
0.195477 8499.962907
0.195537 8416.104354
0.195597 8320.607298
0.195657 8184.573544
0.195717 7992.84873
0.195777 7739.476123
0.195837 7433.488131
0.195897 7097.914899
0.195957 6728.218551
0.196017 6341.054429
0.196077 5959.094448
0.196137 5623.207677
0.196197 5345.271189
0.196257 5122.376617
0.196317 4965.443116
0.196377 4869.073273
0.196437 4819.547181
0.196497 4803.298941
0.196557 4817.374673
0.196617 4854.096862
0.196677 4891.73173
0.196737 4892.726119
0.196797 4823.67517
0.196857 4712.696035
0.196917 4607.268483
0.196977 4528.773167
0.197037 4486.962645
0.197097 4439.103941
0.197157 4360.693194
0.197217 4260.371033
0.197277 4170.670914
0.197337 4059.852832
0.197397 3916.121525
0.197457 3741.800971
0.197517 3540.713646
0.197577 3320.600781
0.197637 3092.412418
0.197697 2862.303141
0.197757 2660.142744
0.197817 2472.770831
0.197877 2267.749556
0.197937 2064.74015
0.197997 1847.087089
0.198057 1661.069856
0.198117 1615.10636
0.198177 1680.739227
0.198237 1823.572547
0.198297 2021.64322
0.198357 2194.457182
0.198411 5647.322829
0.198467 3391.633983
0.198523 2603.982837
0.19858 2273.773043
0.198638 2072.068792
0.198696 1913.928957
0.198754 1755.813864
0.198813 1599.145525
0.198872 1447.59291
0.198932 1304.877814
0.198991 1190.451293
0.199039 -216406.907856
0.19909 -74051.829414
0.199142 -25089.872833
0.199196 -7823.912556
0.199251 -1496.724536
0.199307 863.720317
0.199364 1709.002502
0.199422 1960.140948
0.19948 1985.047121
0.199538 1914.953559
0.199597 1784.524237
0.199656 1611.726676
0.199715 1431.669362
0.199774 1289.135301
0.199834 1204.703093
0.199893 1168.90945
0.199953 1150.212241
0.200013 1067.298277
0.200073 937.826484
0.200132 802.018814
0.200192 692.198334
0.200252 635.429767
0.200312 647.726696
0.200372 738.48662
0.200432 903.846756
0.200492 1110.526759
0.200552 1296.341696
0.200612 1388.850218
0.200672 1296.15261
0.200732 1123.191357
0.200792 1041.251849
0.200852 1035.658713
0.200912 1085.395611
0.200972 1178.236782
0.201032 1294.228815
0.201092 1392.485549
0.201152 1549.204386
0.201212 1470.213397
0.201272 1313.826542
0.201332 1259.701237
0.201392 1296.950112
0.201452 1360.783305
0.201512 1354.004513
0.201572 1262.760799
0.201629 25312.772801
0.201687 10391.595421
0.201714 7147.276305
0.201749 1946.044086
0.201763 -12875.475048
0.201787 -4997.613604
0.201819 -2287.953158
0.201856 -1243.60476
0.201897 -379.038475
0.201936 1372.685575
0.201958 6860.091953
0.201973 4262.42013
0.201978 -5886.494125
0.201986 -1443.196447
0.201991 626.926231
0.201994 758.817213
0.201995 -1428.220817
0.201998 -654.775493
0.202001 793.992068
0.202004 -704.191359
0.202007 -687.927784
0.202011 383.05861
0.202013 1044.890005
0.202015 -1378.656864
0.202018 202.453935
0.202023 -2712.147947
0.202025 7549.929492
0.202029 -1534.195071
0.202031 2808.910408
0.202037 -905.371531
0.202041 1729.091157
0.202044 777.461034
0.202047 -1156.104393
0.20205 2270.210966
0.202054 -997.61988
0.202057 3141.114163
0.202059 85.183609
0.202062 -371.8396
0.202067 -7520.543375
0.202073 -690.878753
0.202079 4582.801994
0.202084 -2360.133997
0.202086 3493.325147
0.202089 -139.605029
0.202094 -1434.380389
0.202098 2476.777713
0.202101 -541.684798
0.202105 -3316.96317
0.202109 4338.746929
0.202113 -272.895157
0.202117 507.581641
0.20212 -679.947106
0.202122 3051.072717
0.202125 839.734737
0.202127 307.693082
0.202129 -594.323558
0.202133 441.750066
0.202136 -659.325125
0.202138 251.310924
0.202141 1630.344995
0.202144 649.120966
0.202146 -2778.620836
0.202148 326.790354
0.202151 502.220783
0.202153 -202.245448
0.202153 -1927.572219
0.202156 287.779057
0.202157 -779.621088
0.20216 270.979117
0.202163 327.776338
0.202166 263.884717
0.202168 -841.312875
0.202171 143.359229
0.202174 496.165164
0.202176 -2443.435527
0.202179 85.914065
0.202181 1582.946673
0.202184 1200.011259
0.202186 -3795.228831
0.202189 1613.663828
0.202192 -2038.213815
0.202194 -357.447808
0.202196 262.505555
0.202199 2369.737696
0.202201 -4456.258136
0.202203 -248.322303
0.202205 55.627402
0.202207 -564.201171
0.202208 243.809016
0.20221 -574.574501
0.202211 -130.222847
0.202212 -460.908807
0.202214 324.770276
0.202215 -1324.144526
0.202216 16.02235
0.202217 -981.329029
0.202219 60.477646
0.202221 -135.968792
0.202222 -644.260261
0.202222 -139.93371
0.202223 48.919538
0.202223 -548.212826
0.202224 25.019039
0.202225 149.534176
0.202226 -464.57581
0.202226 -81.009838
0.202227 30.336937
0.202228 -16.306066
0.202229 -105.879926
0.20223 -30.403705
0.202231 -39.814249
0.202232 -41.789665
0.202232 293.763738
0.202233 53.71112
0.202234 15.881
0.202235 -34.929922
0.202236 -44.824302
0.202237 37.952962
0.202237 42.035396
0.202239 -168.023527
0.20224 43.439653
0.20224 645.141094
0.202241 -48.908332
0.202242 -229.192807
0.202242 160.667417
0.202242 238.751919
0.202242 261.792826
0.202242 86.349394
0.202242 -153.093998
0.202243 -815.77559
ENDATA
