XYDATA, head_y_rot_accel
0.0 -0.0
0.0 5.43959
1e-06 12.460739
3e-06 14.33169
1.5e-05 -1.079865
3.5e-05 -10.132307
6e-05 -9.009131
9.1e-05 -6.74809
0.000125 -5.839903
0.000163 -4.674832
0.000203 -2.449387
0.000245 0.329757
0.000289 2.657985
0.000334 3.7302
0.000379 3.363011
0.000426 1.995603
0.000474 0.396488
0.000521 -0.701899
0.00057 -0.953102
0.000618 -0.413136
0.000667 0.690841
0.000717 1.95007
0.000766 2.912319
0.000815 3.436434
0.000865 3.467014
0.000915 2.980989
0.000964 1.997415
0.001014 0.630884
0.001064 -0.844743
0.001114 -1.997537
0.001164 -2.698811
0.001213 -2.760393
0.001263 -2.028412
0.001313 -0.688727
0.001363 0.837035
0.001413 2.115158
0.001463 2.839797
0.001513 2.969711
0.001563 2.472869
0.001613 1.532693
0.001663 0.44892
0.001713 -0.481101
0.001763 -1.06114
0.001813 -1.165735
0.001863 -0.899865
0.001913 -0.515135
0.001963 -0.210629
0.002013 -0.099055
0.002063 -0.21802
0.002113 -0.549799
0.002163 -1.035428
0.002213 -1.57297
0.002263 -2.012051
0.002313 -2.167754
0.002363 -1.875815
0.002413 -1.069947
0.002463 0.163358
0.002513 1.593602
0.002563 2.92294
0.002613 3.888928
0.002663 4.343272
0.002713 4.282014
0.002763 3.819509
0.002813 3.126656
0.002863 2.371221
0.002913 1.679475
0.002963 1.122323
0.003013 0.718233
0.003063 0.444109
0.003113 0.247525
0.003163 0.062941
0.003213 -0.164744
0.003263 -0.455424
0.003313 -0.780823
0.003363 -1.069991
0.003413 -1.232111
0.003463 -1.189187
0.003513 -0.903177
0.003563 -0.388081
0.003613 0.292546
0.003663 1.038598
0.003713 1.733415
0.003763 2.265718
0.003813 2.562678
0.003863 2.598624
0.003913 2.34179
0.003963 1.848521
0.004013 1.27246
0.004063 0.758784
0.004113 0.379982
0.004163 0.176217
0.004213 0.156501
0.004263 0.302921
0.004313 0.575904
0.004363 0.922665
0.004413 1.289789
0.004463 1.636853
0.004513 1.947067
0.004563 2.230622
0.004613 2.516989
0.004663 2.83735
0.004713 3.202503
0.004763 3.593546
0.004813 3.946365
0.004863 4.182901
0.004913 4.236952
0.004963 4.063398
0.005013 3.662963
0.005063 3.083821
0.005113 2.407017
0.005163 1.726293
0.005213 1.129056
0.005263 0.684076
0.005313 0.438821
0.005363 0.418492
0.005413 0.62229
0.005463 1.020142
0.005513 1.551894
0.005563 2.136508
0.005613 2.691238
0.005663 3.156966
0.005713 3.514838
0.005763 3.783611
0.005813 3.999798
0.005863 4.192517
0.005913 4.366316
0.005963 4.498916
0.006013 4.55316
0.006063 4.495643
0.006113 4.310548
0.006163 4.00689
0.006213 3.618143
0.006263 3.194539
0.006313 2.794151
0.006363 2.475052
0.006413 2.287517
0.006463 2.265369
0.006513 2.419643
0.006563 2.732492
0.006613 3.158879
0.006663 3.635649
0.006713 4.09624
0.006763 4.484842
0.006813 4.76625
0.006863 4.928196
0.006913 4.978422
0.006963 4.935824
0.007013 4.823697
0.007063 4.664303
0.007113 4.475983
0.007163 4.272391
0.007213 4.063275
0.007263 3.857525
0.007313 3.667575
0.007363 3.513477
0.007413 3.424428
0.007463 3.434754
0.007513 3.575704
0.007563 3.865134
0.007613 4.300921
0.007663 4.857844
0.007713 5.491018
0.007763 6.143207
0.007813 6.753367
0.007863 7.26486
0.007913 7.635416
0.007963 7.84154
0.008013 7.879118
0.008063 7.763256
0.008113 7.523486
0.008163 7.197106
0.008213 6.822179
0.008263 6.431848
0.008313 6.05139
0.008363 5.698554
0.008413 5.385838
0.008463 5.123525
0.008513 4.922279
0.008563 4.794262
0.008613 4.751856
0.008663 4.802989
0.008713 4.947942
0.008763 5.17553
0.008813 5.464404
0.008863 5.786996
0.008913 6.114099
0.008963 6.418551
0.009013 6.67764
0.009063 6.874637
0.009113 6.999908
0.009163 7.053255
0.009213 7.04327
0.009263 6.986493
0.009313 6.905169
0.009363 6.823601
0.009413 6.764644
0.009463 6.747095
0.009513 6.784266
0.009563 6.883585
0.009613 7.047766
0.009663 7.274539
0.009713 7.556916
0.009763 7.883192
0.009813 8.236917
0.009863 8.597146
0.009913 8.939304
0.009963 9.237674
0.010013 9.467518
0.010063 9.607359
0.010113 9.64265
0.010163 9.567617
0.010213 9.386473
0.010263 9.113919
0.010313 8.773312
0.010363 8.394932
0.010413 8.016003
0.010463 7.703095
0.010513 7.481604
0.010563 7.342722
0.010613 7.279246
0.010663 7.289472
0.010713 7.375762
0.010763 7.544437
0.010813 7.794324
0.010863 8.1541
0.010913 8.591144
0.010963 9.074104
0.011013 9.551201
0.011063 9.991359
0.011113 10.367078
0.011163 10.660122
0.011213 10.863043
0.011263 10.97692
0.011313 11.009996
0.011363 10.976049
0.011413 10.892188
0.011463 10.776062
0.011513 10.643408
0.011563 10.504662
0.011613 10.381299
0.011663 10.290113
0.011713 10.241415
0.011763 10.24221
0.011813 10.296861
0.011863 10.407847
0.011913 10.574493
0.011963 10.789278
0.012013 11.03649
0.012063 11.282134
0.012113 11.493733
0.012163 11.655815
0.012213 11.749792
0.012263 11.767526
0.012313 11.712883
0.012363 11.603115
0.012413 11.444572
0.012463 11.25904
0.012513 11.08211
0.012563 10.932487
0.012613 10.816897
0.012663 10.742278
0.012713 10.717328
0.012763 10.749213
0.012813 10.84101
0.012863 10.99339
0.012913 11.202889
0.012963 11.462063
0.013013 11.763763
0.013063 12.098708
0.013113 12.451591
0.013163 12.815273
0.013213 13.152719
0.013263 13.428756
0.013313 13.61744
0.013363 13.710602
0.013413 13.717023
0.013463 13.655869
0.013513 13.540584
0.013563 13.415669
0.013613 13.297974
0.013663 13.185702
0.013713 13.083316
0.013763 12.99835
0.013813 12.938583
0.013863 12.911324
0.013913 12.923262
0.013963 12.97706
0.014013 13.074881
0.014063 13.215713
0.014113 13.39646
0.014163 13.612014
0.014213 13.861472
0.014263 14.120947
0.014313 14.36978
0.014363 14.585936
0.014413 14.757403
0.014463 14.881209
0.014513 14.959329
0.014563 14.99674
0.014613 15.00174
0.014663 14.982625
0.014713 14.949023
0.014763 14.908018
0.014813 14.866489
0.014863 14.836078
0.014913 14.823673
0.014963 14.837127
0.015013 14.863608
0.015063 14.91113
0.015113 14.977917
0.015163 15.061766
0.015213 15.16379
0.015263 15.283115
0.015313 15.41592
0.015363 15.557342
0.015413 15.714438
0.015463 15.869992
0.015513 16.007237
0.015563 16.100012
0.015613 16.155144
0.015663 16.187222
0.015713 16.205145
0.015763 16.216733
0.015813 16.227567
0.015863 16.245819
0.015913 16.279977
0.015963 16.336103
0.016013 16.418657
0.016063 16.510651
0.016113 16.600451
0.016163 16.687482
0.016213 16.766983
0.016263 16.837164
0.016313 16.900147
0.016363 16.959448
0.016413 17.018454
0.016463 17.081047
0.016513 17.151212
0.016563 17.247397
0.016613 17.372802
0.016663 17.520949
0.016713 17.686654
0.016763 17.864321
0.016813 18.047985
0.016863 18.234022
0.016913 18.417675
0.016963 18.591481
0.017013 18.750712
0.017063 18.894134
0.017113 19.022226
0.017163 19.136304
0.017213 19.237849
0.017263 19.327776
0.017313 19.406316
0.017363 19.475959
0.017413 19.535824
0.017463 19.584658
0.017513 19.622918
0.017563 19.66493
0.017613 19.705083
0.017663 19.735567
0.017713 19.754875
0.017763 19.764708
0.017813 19.768075
0.017863 19.767993
0.017913 19.766802
0.017963 19.765752
0.018013 19.764084
0.018063 19.751177
0.018113 19.74407
0.018163 19.758087
0.018213 19.79974
0.018263 19.872589
0.018313 19.977058
0.018363 20.111442
0.018413 20.274469
0.018463 20.465484
0.018513 20.683095
0.018563 20.901954
0.018613 21.105813
0.018663 21.291273
0.018713 21.455647
0.018763 21.596647
0.018813 21.712548
0.018863 21.802415
0.018913 21.866131
0.018963 21.904323
0.019013 21.92
0.019063 21.95081
0.019113 21.994046
0.019163 22.034502
0.019213 22.065059
0.019263 22.082473
0.019313 22.085365
0.019363 22.073065
0.019413 22.044983
0.019463 22.000505
0.019513 21.938135
0.019563 21.846725
0.019613 21.747807
0.019663 21.66804
0.019713 21.615971
0.019763 21.594855
0.019813 21.607599
0.019863 21.656887
0.019913 21.745198
0.019963 21.882332
0.020013 22.065993
0.020063 22.27227
0.020113 22.479173
0.020163 22.681652
0.020213 22.876846
0.020263 23.062819
0.020313 23.238024
0.020363 23.401187
0.020413 23.564293
0.020463 23.719562
0.020513 23.861993
0.020563 24.009849
0.020613 24.163667
0.020663 24.315437
0.020713 24.460754
0.020763 24.594945
0.020813 24.714999
0.020863 24.819098
0.020913 24.906348
0.020963 24.976469
0.021013 25.030509
0.021063 25.08449
0.021113 25.130986
0.021163 25.159328
0.021213 25.165201
0.021263 25.14777
0.021313 25.108251
0.021363 25.049085
0.021413 24.973423
0.021463 24.88469
0.021513 24.785468
0.021563 24.672905
0.021613 24.568803
0.021663 24.490268
0.021713 24.446629
0.021763 24.443145
0.021813 24.483902
0.021863 24.579564
0.021913 24.726533
0.021963 24.921471
0.022013 25.160228
0.022063 25.41218
0.022113 25.656837
0.022163 25.888431
0.022213 26.102525
0.022263 26.295474
0.022313 26.464029
0.022363 26.6051
0.022413 26.716998
0.022463 26.798988
0.022513 26.852389
0.022563 26.916667
0.022613 26.986954
0.022663 27.045217
0.022713 27.083182
0.022763 27.09749
0.022813 27.087927
0.022863 27.055585
0.022913 27.001995
0.022963 26.928931
0.023013 26.853171
0.023063 26.753916
0.023113 26.65035
0.023163 26.563977
0.023213 26.506493
0.023263 26.484423
0.023313 26.501359
0.023363 26.559407
0.023413 26.660382
0.023463 26.80569
0.023513 26.995868
0.023563 27.201121
0.023613 27.40192
0.023663 27.594874
0.023713 27.777987
0.023763 27.949847
0.023813 28.109196
0.023863 28.254765
0.023913 28.409403
0.023963 28.559399
0.024013 28.695506
0.024063 28.854237
0.024113 29.025743
0.024163 29.186401
0.024213 29.323061
0.024263 29.42778
0.024313 29.495511
0.024363 29.521712
0.024413 29.506997
0.024463 29.451603
0.024513 29.352695
0.024563 29.198924
0.024613 29.018105
0.024663 28.837212
0.024713 28.672221
0.024763 28.5338
0.024813 28.443369
0.024863 28.414496
0.024913 28.438468
0.024963 28.512537
0.025013 28.636817
0.025063 28.79941
0.025113 28.970143
0.025163 29.131154
0.025213 29.273367
0.025263 29.392031
0.025313 29.484533
0.025363 29.548691
0.025413 29.582818
0.025463 29.586181
0.025513 29.552814
0.025563 29.4904
0.025613 29.433675
0.025663 29.401909
0.025713 29.399285
0.025763 29.429465
0.025813 29.49554
0.025863 29.598128
0.025913 29.744965
0.025963 29.935952
0.026013 30.159905
0.026063 30.398296
0.026113 30.615771
0.026163 30.793718
0.026213 30.922628
0.026263 30.997715
0.026313 31.018057
0.026363 30.993214
0.026413 30.927347
0.026463 30.817558
0.026513 30.663446
0.026563 30.480064
0.026613 30.30647
0.026663 30.175729
0.026713 30.087797
0.026763 30.043181
0.026813 30.042632
0.026863 30.086816
0.026913 30.176128
0.026963 30.310698
0.027013 30.490387
0.027063 30.700462
0.027113 30.905915
0.027163 31.084855
0.027213 31.227652
0.027263 31.329536
0.027313 31.388012
0.027363 31.401753
0.027413 31.370068
0.027463 31.292631
0.027513 31.167679
0.027563 31.019919
0.027613 30.885662
0.027663 30.778817
0.027713 30.70646
0.027763 30.672182
0.027813 30.677791
0.027863 30.724195
0.027913 30.811863
0.027963 30.94107
0.028013 31.111909
0.028063 31.310182
0.028113 31.503377
0.028163 31.673912
0.028213 31.812973
0.028263 31.916154
0.028313 31.98126
0.028363 32.00719
0.028413 31.99336
0.028463 31.939406
0.028513 31.846607
0.028563 31.747703
0.028613 31.662889
0.028663 31.605991
0.028713 31.583643
0.028763 31.598896
0.028813 31.653034
0.028863 31.745981
0.028913 31.877484
0.028963 32.048027
0.029013 32.256285
0.029063 32.488453
0.029113 32.71217
0.029163 32.907991
0.029213 33.06574
0.029263 33.179879
0.029313 33.247265
0.029363 33.266159
0.029413 33.235576
0.029463 33.154355
0.029513 33.023351
0.029563 32.878298
0.029613 32.742301
0.029663 32.619681
0.029713 32.513052
0.029763 32.423854
0.029813 32.353908
0.029863 32.304634
0.029913 32.277053
0.029963 32.271533
0.030013 32.285866
0.030063 32.270639
0.030113 32.232244
0.030163 32.19422
0.030213 32.168613
0.030263 32.161743
0.030313 32.177102
0.030363 32.216796
0.030413 32.282285
0.030463 32.374706
0.030513 32.496171
0.030563 32.661918
0.030613 32.843247
0.030663 33.013009
0.030713 33.157308
0.030763 33.268903
0.030813 33.343715
0.030863 33.379115
0.030913 33.373134
0.030963 33.324103
0.031013 33.231621
0.031063 33.130545
0.031113 33.043588
0.031163 32.974302
0.031213 32.923669
0.031263 32.891808
0.031313 32.878381
0.031363 32.882931
0.031413 32.904993
0.031463 32.944122
0.031513 32.998544
0.031563 33.037633
0.031613 33.055329
0.031663 33.058564
0.031713 33.051008
0.031763 33.034816
0.031813 33.011496
0.031863 32.982325
0.031913 32.948541
0.031963 32.911399
0.032013 32.872187
0.032063 32.832192
0.032113 32.792668
0.032163 32.754787
0.032213 32.719601
0.032263 32.688018
0.032313 32.660783
0.032363 32.638472
0.032413 32.621504
0.032463 32.610145
0.032513 32.604533
0.032563 32.604689
0.032613 32.610537
0.032663 32.621907
0.032713 32.638547
0.032763 32.659618
0.032813 32.684203
0.032863 32.712229
0.032913 32.743646
0.032963 32.777991
0.033013 32.814597
0.033063 32.852685
0.033113 32.89144
0.033163 32.930059
0.033213 32.96774
0.033263 33.003709
0.033313 33.03726
0.033363 33.067779
0.033413 33.094759
0.033463 33.117802
0.033513 33.136617
0.033563 33.151011
0.033613 33.160879
0.033663 33.166191
0.033713 33.169529
0.033763 33.17041
0.033813 33.168012
0.033863 33.162183
0.033913 33.153309
0.033963 33.141741
0.034013 33.127692
0.034063 33.111475
0.034113 33.093788
0.034163 33.075232
0.034213 33.056225
0.034263 33.037064
0.034313 33.018004
0.034363 32.999313
0.034413 32.981286
0.034463 32.964223
0.034513 32.948264
0.034563 32.933693
0.034613 32.920943
0.034663 32.91032
0.034713 32.902093
0.034763 32.896568
0.034813 32.894045
0.034863 32.894749
0.034913 32.898801
0.034963 32.905783
0.035013 32.91275
0.035063 32.919988
0.035113 32.929483
0.035163 32.941814
0.035213 32.956414
0.035263 32.972515
0.035313 32.98957
0.035363 33.007166
0.035413 33.024868
0.035463 33.042218
0.035513 33.059157
0.035563 33.075853
0.035613 33.092318
0.035663 33.108373
0.035713 33.123732
0.035763 33.138096
0.035813 33.151176
0.035863 33.162668
0.035913 33.172205
0.035963 33.17933
0.036013 33.184871
0.036063 33.211645
0.036113 33.246677
0.036163 33.271989
0.036213 33.279344
0.036263 33.278004
0.036313 33.291264
0.036363 33.295474
0.036413 33.278507
0.036463 33.23445
0.036513 33.159413
0.036563 33.036767
0.036613 32.898088
0.036663 32.773203
0.036713 32.677499
0.036763 32.619191
0.036813 32.602942
0.036863 32.631626
0.036913 32.726171
0.036963 32.881466
0.037013 33.089959
0.037063 33.331663
0.037113 33.566236
0.037163 33.770066
0.037213 33.931363
0.037263 34.044383
0.037313 34.108214
0.037363 34.140893
0.037413 34.129045
0.037463 34.0663
0.037513 33.949941
0.037563 33.795234
0.037613 33.640822
0.037663 33.509721
0.037713 33.413617
0.037763 33.358443
0.037813 33.347182
0.037863 33.381256
0.037913 33.461191
0.037963 33.587019
0.038013 33.758332
0.038063 33.958128
0.038113 34.146567
0.038163 34.300112
0.038213 34.406964
0.038263 34.461474
0.038313 34.461282
0.038363 34.405802
0.038413 34.349167
0.038463 34.28184
0.038513 34.160944
0.038563 33.985027
0.038613 33.789324
0.038663 33.598557
0.038713 33.427715
0.038763 33.286513
0.038813 33.182011
0.038863 33.120664
0.038913 33.109425
0.038963 33.155662
0.039013 33.266227
0.039063 33.429938
0.039113 33.609729
0.039163 33.7823
0.039213 33.93439
0.039263 34.057595
0.039313 34.145717
0.039363 34.226623
0.039413 34.274103
0.039463 34.26871
0.039513 34.204361
0.039563 34.124377
0.039613 34.0647
0.039663 34.025026
0.039713 34.005286
0.039763 34.004898
0.039813 34.024448
0.039863 34.06663
0.039913 34.133721
0.039963 34.226246
0.040013 34.341185
0.040063 34.442522
0.040113 34.518194
0.040163 34.570871
0.040213 34.601211
0.040263 34.608192
0.040313 34.589798
0.040363 34.544262
0.040413 34.47138
0.040463 34.372888
0.040513 34.250274
0.040563 34.083854
0.040613 33.890731
0.040663 33.694798
0.040713 33.51109
0.040763 33.35003
0.040813 33.219549
0.040863 33.125848
0.040913 33.073654
0.040963 33.077687
0.041013 33.164551
0.041063 33.323902
0.041113 33.509949
0.041163 33.686251
0.041213 33.834643
0.041263 33.945512
0.041313 34.013011
0.041363 34.033108
0.041413 34.003112
0.041463 33.921632
0.041513 33.790301
0.041563 33.650643
0.041613 33.529766
0.041663 33.433057
0.041713 33.363234
0.041763 33.321208
0.041813 33.306715
0.041863 33.328894
0.041913 33.399478
0.041963 33.49817
0.042013 33.614469
0.042063 33.713264
0.042113 33.788792
0.042163 33.850033
0.042213 33.902251
0.042263 33.948722
0.042313 33.991701
0.042363 34.033049
0.042413 34.074498
0.042463 34.117565
0.042513 34.16467
0.042563 34.2406
0.042613 34.331233
0.042663 34.415717
0.042713 34.482081
0.042763 34.522802
0.042813 34.532979
0.042863 34.509452
0.042913 34.450365
0.042963 34.354932
0.043013 34.221883
0.043063 34.035469
0.043113 33.830209
0.043163 33.638747
0.043213 33.525135
0.043263 33.493414
0.043313 33.515122
0.043363 33.577164
0.043413 33.675457
0.043463 33.810119
0.043513 33.980841
0.043563 34.146806
0.043613 34.282721
0.043663 34.386417
0.043713 34.458882
0.043763 34.503395
0.043813 34.524422
0.043863 34.52623
0.043913 34.511786
0.043963 34.482198
0.044013 34.439842
0.044063 34.442216
0.044113 34.479755
0.044163 34.522802
0.044213 34.556011
0.044263 34.571627
0.044313 34.565945
0.044363 34.537486
0.044413 34.486134
0.044463 34.412444
0.044513 34.316681
0.044563 34.191416
0.044613 34.066179
0.044663 33.970838
0.044713 33.920505
0.044763 33.922502
0.044813 33.979708
0.044863 34.092238
0.044913 34.258423
0.044963 34.475464
0.045013 34.739832
0.045063 35.030612
0.045113 35.303129
0.045163 35.530096
0.045213 35.696886
0.045263 35.795607
0.045313 35.82218
0.045363 35.774911
0.045413 35.653766
0.045463 35.459995
0.045513 35.196079
0.045563 34.895946
0.045613 34.597698
0.045663 34.324126
0.045713 34.088643
0.045763 33.899742
0.045813 33.763171
0.045863 33.682988
0.045913 33.662081
0.045963 33.70243
0.046013 33.805086
0.046063 33.954544
0.046113 34.112702
0.046163 34.255553
0.046213 34.370909
0.046263 34.452747
0.046313 34.497021
0.046363 34.500666
0.046413 34.461076
0.046463 34.374783
0.046513 34.24016
0.046563 34.096067
0.046613 33.966685
0.046663 33.854985
0.046713 33.762396
0.046763 33.689845
0.046813 33.638242
0.046863 33.608669
0.046913 33.602428
0.046963 33.621009
0.047013 33.664529
0.047063 33.702143
0.047113 33.729051
0.047163 33.75388
0.047213 33.781246
0.047263 33.813097
0.047313 33.849568
0.047363 33.890748
0.047413 33.935881
0.047463 33.983763
0.047513 34.033173
0.047563 34.082703
0.047613 34.130683
0.047663 34.175302
0.047713 34.214836
0.047763 34.247915
0.047813 34.27377
0.047863 34.292356
0.047913 34.304265
0.047963 34.310725
0.048013 34.313307
0.048063 34.313611
0.048113 34.313108
0.048163 34.313442
0.048213 34.315821
0.048263 34.320622
0.048313 34.327431
0.048363 34.335326
0.048413 34.343219
0.048463 34.350126
0.048513 34.356701
0.048563 34.38732
0.048613 34.428165
0.048663 34.459568
0.048713 34.47142
0.048763 34.458446
0.048813 34.417797
0.048863 34.347875
0.048913 34.247637
0.048963 34.117015
0.049013 33.95663
0.049063 33.775792
0.049113 33.595581
0.049163 33.428887
0.049213 33.282764
0.049263 33.161371
0.049313 33.067317
0.049363 33.002306
0.049413 32.967553
0.049463 32.963329
0.049513 32.989133
0.049563 33.012343
0.049613 33.026498
0.049663 33.038858
0.049713 33.052597
0.049763 33.068685
0.049813 33.086853
0.049863 33.105957
0.049913 33.124939
0.049963 33.142417
0.050013 33.156673
0.050063 33.165956
0.050113 33.168609
0.050163 33.157779
0.050213 33.120419
0.050263 33.064747
0.050313 32.995643
0.050363 32.914587
0.050413 32.822449
0.050463 32.720141
0.050513 32.608637
0.050563 32.489026
0.050613 32.362456
0.050663 32.23001
0.050713 32.092633
0.050763 31.95124
0.050813 31.806497
0.050863 31.659055
0.050913 31.510377
0.050963 31.361342
0.051013 31.214282
0.051063 31.095978
0.051113 30.99335
0.051163 30.887897
0.051213 30.771106
0.051263 30.638829
0.051313 30.489468
0.051363 30.322641
0.051413 30.138582
0.051463 29.937847
0.051513 29.721169
0.051563 29.497143
0.051613 29.285176
0.051663 29.096695
0.051713 28.937333
0.051763 28.80967
0.051813 28.714609
0.051863 28.652069
0.051913 28.621365
0.051963 28.621436
0.052013 28.649537
0.052063 28.672339
0.052113 28.682231
0.052163 28.685109
0.052213 28.683267
0.052263 28.677246
0.052313 28.666775
0.052363 28.651031
0.052413 28.629372
0.052463 28.601352
0.052513 28.567949
0.052563 28.552866
0.052613 28.542917
0.052663 28.51946
0.052713 28.473318
0.052763 28.400222
0.052813 28.298506
0.052863 28.167902
0.052913 28.008917
0.052963 27.822488
0.053013 27.609863
0.053063 27.380464
0.053113 27.154903
0.053163 26.945762
0.053213 26.759856
0.053263 26.601083
0.053313 26.471934
0.053363 26.374198
0.053413 26.309287
0.053463 26.278398
0.053513 26.282501
0.053563 26.314111
0.053613 26.354513
0.053663 26.393975
0.053713 26.427516
0.053763 26.452364
0.053813 26.467147
0.053863 26.470967
0.053913 26.462797
0.053963 26.441325
0.054013 26.405029
0.054063 26.360254
0.054113 26.324351
0.054163 26.306386
0.054213 26.309569
0.054263 26.334239
0.054313 26.379387
0.054363 26.44336
0.054413 26.52481
0.054463 26.622285
0.054513 26.732935
0.054563 26.822826
0.054613 26.88498
0.054663 26.926617
0.054713 26.951499
0.054763 26.961814
0.054813 26.959092
0.054863 26.944422
0.054913 26.915288
0.054963 26.872494
0.055013 26.819828
0.055063 26.784077
0.055113 26.753771
0.055163 26.711657
0.055213 26.650124
0.055263 26.566392
0.055313 26.460085
0.055363 26.338021
0.055413 26.201382
0.055463 26.046375
0.055513 25.873154
0.055563 25.71483
0.055613 25.578073
0.055663 25.454544
0.055713 25.341346
0.055763 25.237434
0.055813 25.141902
0.055863 25.05397
0.055913 24.97294
0.055963 24.895699
0.056013 24.820761
0.056063 24.724452
0.056113 24.620025
0.056163 24.525974
0.056213 24.450997
0.056263 24.398875
0.056313 24.370942
0.056363 24.367421
0.056413 24.38803
0.056463 24.432291
0.056513 24.49961
0.056563 24.580922
0.056613 24.65476
0.056663 24.709801
0.056713 24.740253
0.056763 24.743007
0.056813 24.715714
0.056863 24.657266
0.056913 24.567063
0.056963 24.444421
0.057013 24.289941
0.057063 24.136332
0.057113 23.989033
0.057163 23.839462
0.057213 23.683243
0.057263 23.518305
0.057313 23.343169
0.057363 23.157544
0.057413 22.96301
0.057463 22.761374
0.057513 22.55321
0.057563 22.314441
0.057613 22.061963
0.057663 21.818969
0.057713 21.598522
0.057763 21.408403
0.057813 21.253223
0.057863 21.135836
0.057913 21.055793
0.057963 21.013865
0.058013 21.011947
0.058063 21.041646
0.058113 21.081667
0.058163 21.122355
0.058213 21.155344
0.058263 21.174168
0.058313 21.174037
0.058363 21.150899
0.058413 21.100813
0.058463 21.020297
0.058513 20.908224
0.058563 20.797549
0.058613 20.69246
0.058663 20.582412
0.058713 20.461358
0.058763 20.32577
0.058813 20.177396
0.058863 20.014398
0.058913 19.832424
0.058963 19.632766
0.059013 19.417735
0.059063 19.189523
0.059113 18.950201
0.059163 18.70193
0.059213 18.447018
0.059263 18.187818
0.059313 17.941251
0.059363 17.699716
0.059413 17.459074
0.059463 17.21921
0.059513 16.979662
0.059563 16.718243
0.059613 16.45108
0.059663 16.199432
0.059713 15.974597
0.059763 15.783091
0.059813 15.626532
0.059863 15.507523
0.059913 15.429363
0.059963 15.393728
0.060013 15.402415
0.060063 15.471396
0.060113 15.565902
0.060163 15.65274
0.060213 15.714228
0.060263 15.740569
0.060313 15.725572
0.060363 15.664746
0.060413 15.554512
0.060463 15.391776
0.060513 15.173924
0.060563 14.918419
0.060613 14.667996
0.060663 14.435023
0.060713 14.227446
0.060763 14.050647
0.060813 13.907524
0.060863 13.799745
0.060913 13.728645
0.060963 13.695887
0.061013 13.703327
0.061063 13.737591
0.061113 13.76397
0.061163 13.762937
0.061213 13.725666
0.061263 13.648472
0.061313 13.530096
0.061363 13.370178
0.061413 13.16839
0.061463 12.924212
0.061513 12.675577
0.061563 12.454577
0.061613 12.256932
0.061663 12.080635
0.061713 11.922899
0.061763 11.781814
0.061813 11.657087
0.061863 11.54723
0.061913 11.450918
0.061963 11.375934
0.062013 11.326941
0.062063 11.271487
0.062113 11.19294
0.062163 11.16296
0.062213 11.137462
0.062263 11.09416
0.062313 11.018916
0.062363 10.901361
0.062413 10.737229
0.062463 10.524239
0.062513 10.262997
0.062563 10.006465
0.062613 9.747542
0.062663 9.462068
0.062713 9.14004
0.062763 8.778975
0.062813 8.380481
0.062863 8.002309
0.062913 7.726345
0.062963 7.472824
0.063013 7.207043
0.063063 6.90048
0.063113 6.580082
0.063163 6.283968
0.063213 6.024325
0.063263 5.805581
0.063313 5.631191
0.063363 5.503933
0.063413 5.426132
0.063463 5.399351
0.063513 5.424105
0.063563 5.486335
0.063613 5.554055
0.063663 5.607117
0.063713 5.62996
0.063763 5.613671
0.063813 5.553743
0.063863 5.452691
0.063913 5.306972
0.063963 5.113996
0.064013 4.871912
0.064063 4.593173
0.064113 4.315812
0.064163 4.057016
0.064213 3.822449
0.064263 3.615498
0.064313 3.43849
0.064363 3.293727
0.064413 3.183931
0.064463 3.11136
0.064513 3.077874
0.064563 3.072506
0.064613 3.066678
0.064663 3.045033
0.064713 3.026717
0.064763 2.994415
0.064813 2.933458
0.064863 2.837679
0.064913 2.702354
0.064963 2.525798
0.065013 2.296877
0.065063 2.031665
0.065113 1.762514
0.065163 1.49915
0.065213 1.246713
0.065263 1.008291
0.065313 0.786108
0.065363 0.581995
0.065413 0.39755
0.065463 0.23383
0.065513 0.09192
0.065563 -0.051738
0.065613 -0.200857
0.065663 -0.347205
0.065713 -0.488032
0.065763 -0.622142
0.065813 -0.749231
0.065863 -0.869364
0.065913 -0.982831
0.065963 -1.090186
0.066013 -1.192029
0.066063 -1.06252
0.066113 -0.730942
0.066163 -0.365648
0.066213 -0.047642
0.066263 0.210212
0.066313 0.613317
0.066363 0.934036
0.066413 1.074828
0.066463 1.019164
0.066513 0.793946
0.066563 0.460928
0.066613 0.061197
0.066663 -0.374988
0.066713 -0.818494
0.066763 -1.248925
0.066813 -1.656328
0.066863 -2.042674
0.066913 -2.420173
0.066963 -2.809013
0.067013 -3.233266
0.067063 -3.707279
0.067113 -4.22283
0.067163 -4.808221
0.067213 -5.469873
0.067263 -6.197416
0.067313 -6.967715
0.067363 -7.751896
0.067413 -8.517873
0.067463 -9.234412
0.067513 -9.875465
0.067563 -10.421753
0.067613 -10.86975
0.067663 -11.219819
0.067713 -11.476971
0.067763 -11.651909
0.067813 -11.757879
0.067863 -11.805553
0.067913 -11.815748
0.067963 -11.818373
0.068013 -11.837927
0.068063 -11.874025
0.068113 -11.949089
0.068163 -12.08228
0.068213 -12.278931
0.068263 -12.539591
0.068313 -12.861882
0.068363 -13.238067
0.068413 -13.658843
0.068463 -14.113513
0.068513 -14.589984
0.068563 -15.080417
0.068613 -15.585571
0.068663 -16.101177
0.068713 -16.62113
0.068763 -17.139003
0.068813 -17.649423
0.068863 -18.149224
0.068913 -18.637335
0.068963 -19.113494
0.069013 -19.577846
0.069063 -20.011419
0.069113 -20.413294
0.069163 -20.794266
0.069213 -21.163875
0.069263 -21.530604
0.069313 -21.902506
0.069363 -22.287768
0.069413 -22.694048
0.069463 -23.12758
0.069513 -23.597318
0.069563 -24.107842
0.069613 -24.659771
0.069663 -25.258272
0.069713 -25.906947
0.069763 -26.606542
0.069813 -27.355233
0.069863 -28.14858
0.069913 -28.981464
0.069963 -29.845159
0.070013 -30.733663
0.070063 -31.656379
0.070113 -32.596706
0.070163 -33.536296
0.070213 -34.462745
0.070263 -35.367054
0.070313 -36.249173
0.070363 -37.098381
0.070413 -37.901903
0.070463 -38.647158
0.070513 -39.34124
0.070563 -39.974845
0.070613 -40.575158
0.070663 -41.167649
0.070713 -41.767998
0.070763 -42.386888
0.070813 -43.031872
0.070863 -43.708
0.070913 -44.419124
0.070963 -45.169576
0.071013 -45.96072
0.071063 -46.771227
0.071113 -47.588203
0.071163 -48.41074
0.071213 -49.239077
0.071263 -50.075209
0.071313 -50.921265
0.071363 -51.779513
0.071413 -52.643397
0.071463 -53.517436
0.071513 -54.406991
0.071563 -55.321771
0.071613 -56.277444
0.071663 -57.284173
0.071713 -58.347733
0.071763 -59.470424
0.071813 -60.652242
0.071863 -61.891625
0.071913 -63.186505
0.071963 -64.533056
0.072013 -65.929057
0.072063 -67.364964
0.072113 -68.823929
0.072163 -70.291141
0.072213 -71.755528
0.072263 -73.206787
0.072313 -74.635425
0.072363 -76.036542
0.072413 -77.407875
0.072463 -78.746901
0.072513 -80.051327
0.072563 -81.337044
0.072613 -82.606002
0.072663 -83.849388
0.072713 -85.063399
0.072763 -86.249755
0.072813 -87.408495
0.072863 -88.535053
0.072913 -89.622272
0.072963 -90.658352
0.073013 -91.643193
0.073063 -92.574344
0.073113 -93.47287
0.073163 -94.362618
0.073213 -95.258358
0.073263 -96.165305
0.073313 -97.079581
0.073363 -97.986283
0.073413 -98.869734
0.073463 -99.720597
0.073513 -100.535937
0.073563 -101.298886
0.073613 -102.02127
0.073663 -102.727933
0.073713 -103.445591
0.073763 -104.200453
0.073813 -105.016304
0.073863 -105.913889
0.073913 -106.912739
0.073963 -108.026492
0.074013 -109.260674
0.074063 -110.601539
0.074113 -112.050507
0.074163 -113.609582
0.074213 -115.275542
0.074263 -117.039668
0.074313 -118.889294
0.074363 -120.81704
0.074413 -122.806388
0.074463 -124.838035
0.074513 -126.897473
0.074563 -128.978384
0.074613 -131.05211
0.074663 -133.094425
0.074713 -135.093603
0.074763 -137.040566
0.074813 -138.92581
0.074863 -140.741508
0.074913 -142.479402
0.074963 -144.1291
0.075013 -145.679179
0.075063 -147.127304
0.075113 -148.484534
0.075163 -149.751451
0.075213 -150.933249
0.075263 -152.048885
0.075313 -153.120172
0.075363 -154.180858
0.075413 -155.240194
0.075463 -156.313077
0.075513 -157.420985
0.075563 -158.566473
0.075613 -159.767258
0.075663 -161.077354
0.075713 -162.518951
0.075763 -164.080354
0.075813 -165.751268
0.075863 -167.51749
0.075913 -169.354441
0.075963 -171.25102
0.076013 -173.196392
0.076063 -175.18854
0.076113 -177.235514
0.076163 -179.354458
0.076213 -181.585993
0.076263 -183.971039
0.076313 -186.540023
0.076363 -189.309327
0.076413 -192.284378
0.076463 -195.461651
0.076513 -198.81388
0.076563 -202.266967
0.076613 -205.788877
0.076663 -209.323297
0.076713 -212.791633
0.076763 -216.095937
0.076813 -219.137668
0.076863 -221.840951
0.076913 -224.166108
0.076963 -226.094223
0.077013 -227.649209
0.077063 -228.879161
0.077113 -229.862558
0.077163 -230.708501
0.077213 -231.56119
0.077263 -232.538646
0.077313 -233.750535
0.077363 -235.285158
0.077413 -237.203682
0.077463 -239.568479
0.077513 -242.404079
0.077563 -245.685791
0.077613 -249.350257
0.077663 -253.307946
0.077713 -257.462768
0.077763 -261.719251
0.077813 -265.978528
0.077863 -270.15915
0.077913 -274.217389
0.077963 -278.157028
0.078013 -282.018136
0.078063 -285.879782
0.078113 -289.831424
0.078163 -293.95139
0.078213 -298.287289
0.078263 -302.857014
0.078313 -307.638674
0.078363 -312.59055
0.078413 -317.627969
0.078463 -322.634866
0.078513 -327.488831
0.078563 -332.063247
0.078613 -336.281292
0.078663 -340.113782
0.078713 -343.552441
0.078763 -346.637117
0.078813 -349.46049
0.078863 -352.129816
0.078913 -354.781787
0.078963 -357.570843
0.079013 -360.677409
0.079063 -364.234031
0.079113 -368.377522
0.079163 -373.185353
0.079213 -378.627435
0.079263 -384.63169
0.079313 -391.079756
0.079363 -397.801333
0.079413 -404.589939
0.079463 -411.242524
0.079513 -417.597542
0.079563 -423.559605
0.079613 -429.083718
0.079663 -434.186377
0.079713 -438.972967
0.079763 -443.714962
0.079813 -448.523804
0.079863 -453.477896
0.079913 -458.663767
0.079963 -464.096129
0.080013 -469.73947
0.080063 -475.514497
0.080113 -481.273654
0.080163 -486.865297
0.080213 -492.16036
0.080263 -497.084401
0.080313 -501.623742
0.080363 -505.871569
0.080413 -509.979175
0.080463 -514.14816
0.080513 -518.645447
0.080563 -523.698116
0.080613 -529.479766
0.080663 -536.102472
0.080713 -543.571951
0.080763 -551.814383
0.080813 -560.652263
0.080863 -569.785049
0.080913 -578.918684
0.080963 -587.724341
0.081013 -595.255145
0.081063 -602.534521
0.081113 -609.331477
0.081163 -615.579619
0.081213 -621.385562
0.081263 -626.944331
0.081313 -632.547216
0.081363 -638.490624
0.081413 -645.015375
0.081463 -653.855199
0.081513 -666.602186
0.081563 -680.951731
0.081613 -695.33158
0.081663 -708.62123
0.081713 -720.206765
0.081763 -729.860118
0.081813 -737.818817
0.081863 -743.530322
0.081913 -750.088956
0.081963 -758.181394
0.082013 -768.280607
0.082063 -780.720542
0.082113 -795.363387
0.082163 -811.704079
0.082213 -828.894057
0.082263 -844.952541
0.082313 -860.456943
0.082363 -874.409659
0.082413 -886.475872
0.082463 -896.834787
0.082513 -906.269563
0.082563 -915.922224
0.082613 -927.085788
0.082663 -940.819315
0.082713 -957.564316
0.082763 -977.250496
0.082813 -997.948761
0.082863 -1021.432247
0.082913 -1047.206676
0.082963 -1071.821053
0.083013 -1092.597633
0.083063 -1108.800396
0.083113 -1120.001296
0.083163 -1127.971379
0.083213 -1135.944264
0.083263 -1147.226099
0.083313 -1163.684506
0.083363 -1185.739418
0.083413 -1212.376322
0.083463 -1242.085181
0.083513 -1272.399293
0.083563 -1301.294054
0.083613 -1327.351702
0.083663 -1350.080784
0.083713 -1370.135131
0.083763 -1389.034831
0.083813 -1407.288423
0.083863 -1428.928765
0.083913 -1454.057785
0.083963 -1482.304144
0.084013 -1512.132945
0.084063 -1540.353161
0.084113 -1567.933979
0.084163 -1594.337812
0.084213 -1619.055609
0.084263 -1643.690046
0.084313 -1670.463875
0.084363 -1701.660415
0.084413 -1737.931652
0.084463 -1779.445204
0.084513 -1828.304343
0.084563 -1881.018785
0.084613 -1933.731103
0.084663 -1983.459789
0.084713 -2029.969213
0.084763 -2071.815276
0.084813 -2110.733467
0.084863 -2150.379001
0.084913 -2193.386771
0.084963 -2241.389841
0.085013 -2297.048968
0.085063 -2361.945536
0.085113 -2426.960247
0.085163 -2488.819331
0.085213 -2543.821901
0.085263 -2591.963835
0.085313 -2636.579362
0.085363 -2682.648015
0.085413 -2734.824175
0.085463 -2795.435333
0.085513 -2865.012696
0.085563 -2938.966375
0.085613 -3011.486316
0.085663 -3080.857092
0.085713 -3144.477279
0.085763 -3204.109312
0.085813 -3262.593546
0.085863 -3323.087703
0.085913 -3385.75296
0.085963 -3451.298006
0.086013 -3520.014277
0.086063 -3593.277009
0.086113 -3673.62449
0.086163 -3753.813119
0.086213 -3828.471302
0.086263 -3895.147623
0.086313 -3953.737298
0.086363 -4005.272527
0.086413 -4056.50097
0.086463 -4109.058619
0.086513 -4166.406224
0.086563 -4225.356158
0.086613 -4285.864648
0.086663 -4339.530181
0.086713 -4388.117673
0.086763 -4429.645044
0.086813 -4471.784087
0.086863 -4513.801047
0.086913 -4556.787587
0.086963 -4601.66017
0.087013 -4649.27492
0.087063 -4699.442781
0.087113 -4750.598744
0.087163 -4800.995833
0.087213 -4849.490813
0.087263 -4896.249012
0.087313 -4941.453067
0.087363 -4986.598947
0.087413 -5032.524152
0.087463 -5075.886907
0.087513 -5116.988147
0.087563 -5155.715232
0.087613 -5191.591105
0.087663 -5224.291302
0.087713 -5251.397727
0.087763 -5275.601459
0.087813 -5295.939184
0.087863 -5308.887298
0.087913 -5318.795061
0.087963 -5324.619015
0.088013 -5325.664985
0.088063 -5321.483927
0.088113 -5312.143399
0.088163 -5298.170463
0.088213 -5280.329163
0.088263 -5259.555539
0.088313 -5236.159622
0.088363 -5209.881534
0.088413 -5180.764905
0.088463 -5149.114594
0.088513 -5114.846499
0.088563 -5081.7395
0.088613 -5045.753989
0.088663 -5010.127378
0.088713 -4970.625063
0.088763 -4926.758581
0.088813 -4878.705495
0.088863 -4827.452417
0.088913 -4772.57513
0.088963 -4713.866077
0.089013 -4653.57274
0.089063 -4590.943788
0.089113 -4524.912799
0.089163 -4452.440851
0.089213 -4380.130656
0.089263 -4309.198123
0.089313 -4236.119951
0.089363 -4165.178987
0.089413 -4096.136992
0.089463 -4029.868417
0.089513 -3966.012296
0.089563 -3902.63782
0.089613 -3842.141691
0.089663 -3788.482626
0.089713 -3734.403806
0.089763 -3682.967211
0.089813 -3631.753904
0.089863 -3582.046914
0.089913 -3535.193924
0.089963 -3489.897411
0.090013 -3445.964262
0.090063 -3400.989115
0.090113 -3357.707205
0.090163 -3313.256116
0.090213 -3268.825112
0.090263 -3224.974369
0.090313 -3181.077856
0.090363 -3134.593637
0.090413 -3086.784513
0.090463 -3036.663542
0.090513 -2983.911302
0.090563 -2927.720734
0.090613 -2867.680989
0.090663 -2807.210958
0.090713 -2747.144524
0.090763 -2687.615652
0.090813 -2630.941322
0.090863 -2580.810248
0.090913 -2531.14611
0.090963 -2478.198342
0.091013 -2422.08963
0.091063 -2362.80856
0.091113 -2303.682806
0.091163 -2249.492992
0.091213 -2200.948584
0.091263 -2164.081197
0.091313 -2136.975046
0.091363 -2114.613682
0.091413 -2097.329819
0.091463 -2079.389165
0.091513 -2061.164018
0.091563 -2043.599748
0.091613 -2027.367722
0.091663 -2013.588062
0.091713 -2000.740174
0.091763 -1984.89009
0.091813 -1965.677928
0.091863 -1935.555586
0.091913 -1899.168925
0.091963 -1854.072131
0.092013 -1799.46972
0.092063 -1740.39599
0.092113 -1675.310344
0.092163 -1607.392628
0.092213 -1542.264457
0.092263 -1484.813307
0.092313 -1441.751726
0.092363 -1413.215354
0.092413 -1395.794633
0.092463 -1387.165427
0.092513 -1384.623132
0.092563 -1384.541605
0.092613 -1380.78529
0.092663 -1369.48968
0.092713 -1349.481903
0.092763 -1325.073016
0.092813 -1291.979661
0.092863 -1277.830888
0.092913 -1282.602164
0.092963 -1321.161298
0.093013 -1392.532251
0.093063 -1477.140335
0.093113 -1559.533394
0.093163 -1621.217323
0.093213 -1647.73095
0.093263 -1635.545936
0.093313 -1583.527953
0.093363 -1501.789522
0.093413 -1407.70331
0.093463 -1317.865405
0.093513 -1244.174463
0.093563 -1202.552657
0.093613 -1184.22075
0.093663 -1194.176001
0.093713 -1201.494578
0.093763 -1213.504635
0.093813 -1205.538443
0.093863 -1176.408036
0.093913 -1132.601113
0.093963 -1088.544637
0.094013 -1052.142937
0.094063 -1024.693725
0.094113 -1009.942551
0.094163 -1008.829146
0.094213 -1018.5552
0.094263 -1028.770727
0.094313 -1019.293022
0.094363 -981.910492
0.094413 -938.186512
0.094463 -884.040883
0.094513 -847.562612
0.094563 -862.118423
0.094613 -925.839303
0.094663 -1042.875838
0.094713 -1175.169686
0.094763 -1287.133893
0.094813 -1359.043347
0.094863 -1374.645713
0.094913 -1328.249888
0.094963 -1232.237357
0.095013 -1109.45877
0.095063 -996.888187
0.095113 -901.822018
0.095163 -842.121356
0.095213 -816.086596
0.095263 -822.749395
0.095313 -852.35956
0.095363 -903.627859
0.095413 -932.149718
0.095463 -921.761761
0.095513 -866.207914
0.095563 -796.094367
0.095613 -737.86951
0.095663 -705.004946
0.095713 -698.782559
0.095763 -720.111474
0.095813 -762.403418
0.095863 -811.006912
0.095913 -844.936692
0.095963 -844.488035
0.096013 -809.359202
0.096063 -719.195466
0.096113 -597.744717
0.096163 -470.54143
0.096213 -395.220931
0.096263 -384.52674
0.096313 -437.550597
0.096363 -577.961351
0.096413 -732.292474
0.096463 -872.087058
0.096513 -959.192462
0.096563 -974.520236
0.096613 -924.61996
0.096663 -833.902901
0.096713 -737.289582
0.096763 -656.891265
0.096813 -604.028319
0.096863 -585.594426
0.096913 -615.497995
0.096963 -695.125119
0.097013 -783.737072
0.097063 -864.401377
0.097113 -919.974625
0.097163 -934.309303
0.097213 -894.672023
0.097263 -790.100495
0.097313 -662.785365
0.097363 -536.667216
0.097413 -458.83143
0.097463 -413.45186
0.097513 -414.004136
0.097563 -455.27054
0.097613 -554.417772
0.097663 -672.412738
0.097713 -746.080928
0.097763 -780.096206
0.097813 -766.662872
0.097863 -680.579388
0.097913 -562.155299
0.097963 -473.826664
0.098013 -416.137999
0.098063 -399.058113
0.098113 -419.566034
0.098163 -467.104238
0.098213 -526.414181
0.098263 -579.658358
0.098313 -610.229323
0.098363 -608.806432
0.098413 -571.718229
0.098463 -525.090566
0.098513 -463.468179
0.098563 -407.789193
0.098613 -365.637825
0.098663 -341.80548
0.098713 -336.695506
0.098763 -347.665457
0.098813 -388.644166
0.098863 -487.412013
0.098913 -638.129789
0.098963 -808.285375
0.099013 -968.446291
0.099063 -1073.042898
0.099113 -1096.117739
0.099163 -1024.281246
0.099213 -845.994361
0.099263 -581.203392
0.099313 -352.887848
0.099363 -224.600755
0.099413 -174.44048
0.099463 -171.395021
0.099513 -229.344003
0.099563 -341.881223
0.099613 -529.178711
0.099663 -709.395767
0.099713 -817.655721
0.099763 -871.39183
0.099813 -833.612589
0.099863 -656.535512
0.099913 -432.331096
0.099963 -255.756435
0.100013 -156.367106
0.100063 -116.877511
0.100113 -114.358877
0.100163 -162.677641
0.100213 -276.970658
0.100263 -422.384815
0.100313 -544.920992
0.100363 -617.225678
0.100413 -645.556374
0.100463 -599.391603
0.100513 -494.553197
0.100563 -350.362108
0.100613 -220.023897
0.100663 -114.956915
0.100713 -24.947024
0.100763 41.715178
0.100813 69.344763
0.100863 51.258374
0.100913 -18.081019
0.100963 -155.205086
0.101013 -367.994483
0.101063 -657.909341
0.101113 -948.925686
0.101163 -1162.708605
0.101213 -1188.127263
0.101263 -1085.692207
0.101313 -816.402322
0.101363 -458.739187
0.101413 -162.834552
0.101463 58.873678
0.101513 185.020204
0.101563 183.079514
0.101613 67.808786
0.101663 -194.208584
0.101713 -533.336161
0.101763 -824.24307
0.101813 -996.85136
0.101863 -1062.134693
0.101913 -991.621171
0.101963 -752.848955
0.102013 -479.729038
0.102063 -267.063163
0.102113 -154.698943
0.102163 -101.837841
0.102213 -90.343883
0.102263 -137.673866
0.102313 -250.138842
0.102363 -374.967925
0.102413 -471.075207
0.102463 -506.369657
0.102513 -475.042348
0.102563 -381.025074
0.102613 -186.253495
0.102663 2.182259
0.102713 136.124678
0.102763 192.5492
0.102813 186.88863
0.102863 125.724997
0.102913 14.390513
0.102963 -134.255418
0.103013 -286.245022
0.103063 -436.09263
0.103113 -554.332357
0.103163 -613.462506
0.103213 -631.651904
0.103263 -615.702379
0.103313 -556.556744
0.103363 -449.304378
0.103413 -302.153128
0.103463 -93.07411
0.103513 75.428518
0.103563 128.070793
0.103613 92.166657
0.103663 -27.961773
0.103713 -309.062344
0.103763 -659.838163
0.103813 -913.145605
0.103863 -1120.499453
0.103913 -1221.005561
0.103963 -1141.982223
0.104013 -875.367873
0.104063 -579.328651
0.104113 -335.953797
0.104163 -171.55336
0.104213 -78.447251
0.104263 -27.122347
0.104313 23.401097
0.104363 52.5561
0.104413 48.977603
0.104463 23.016601
0.104513 -8.938229
0.104563 -41.03239
0.104613 -80.570862
0.104663 -117.733184
0.104713 -151.883422
0.104763 -194.379947
0.104813 -275.434326
0.104863 -372.166649
0.104913 -439.838508
0.104963 -457.183254
0.105013 -422.264675
0.105063 -322.317738
0.105113 -176.724475
0.105163 -66.15005
0.105213 -13.392079
0.105263 3.832959
0.105313 -15.985233
0.105363 -88.576626
0.105413 -166.225679
0.105463 -233.038601
0.105513 -258.421954
0.105563 -257.121755
0.105613 -236.352375
0.105663 -201.705733
0.105713 -160.49195
0.105763 -111.467242
0.105813 -61.759544
0.105863 -18.257025
0.105913 9.922757
0.105963 22.872254
0.106013 9.552861
0.106063 -37.924887
0.106113 -110.95458
0.106163 -196.285987
0.106213 -268.9018
0.106263 -328.910122
0.106313 -374.970265
0.106363 -401.653762
0.106413 -410.163517
0.106463 -398.618605
0.106513 -366.130555
0.106563 -302.300361
0.106613 -236.908946
0.106663 -181.299169
0.106713 -143.275879
0.106763 -124.058815
0.106813 -123.066492
0.106863 -138.461865
0.106913 -168.098838
0.106963 -205.8154
0.107013 -242.403151
0.107063 -278.423197
0.107113 -309.260964
0.107163 -330.861838
0.107213 -340.825151
0.107263 -328.448216
0.107313 -320.057303
0.107363 -323.944823
0.107413 -350.37199
0.107463 -395.517023
0.107513 -458.017607
0.107563 -553.743992
0.107613 -637.719153
0.107663 -696.586331
0.107713 -732.082386
0.107763 -734.730504
0.107813 -682.922509
0.107863 -581.460423
0.107913 -450.897001
0.107963 -324.348723
0.108013 -210.677759
0.108063 -127.619555
0.108113 -72.765482
0.108163 -41.1829
0.108213 -26.148822
0.108263 -31.43239
0.108313 -55.736596
0.108363 -101.518057
0.108413 -175.501136
0.108463 -259.536476
0.108513 -342.451245
0.108563 -419.562875
0.108613 -485.913453
0.108663 -529.32802
0.108713 -543.273916
0.108763 -523.339068
0.108813 -454.981994
0.108863 -361.395826
0.108913 -270.467256
0.108963 -210.203686
0.109013 -175.078607
0.109063 -157.953592
0.109113 -157.133224
0.109163 -171.611639
0.109213 -198.543746
0.109263 -225.773916
0.109313 -253.423748
0.109363 -270.320548
0.109413 -263.67055
0.109463 -236.714512
0.109513 -188.025563
0.109563 -140.751674
0.109613 -121.980536
0.109663 -128.675113
0.109713 -155.808687
0.109763 -187.667683
0.109813 -207.920421
0.109863 -216.47512
0.109913 -207.949741
0.109963 -185.240787
0.110013 -153.937985
0.110063 -108.18311
0.110113 -73.842565
0.110163 -57.105333
0.110213 -52.013992
0.110263 -57.438632
0.110313 -78.322074
0.110363 -115.746113
0.110413 -173.119131
0.110463 -267.130565
0.110513 -399.708631
0.110563 -531.932652
0.110613 -633.373034
0.110663 -697.05956
0.110713 -726.698477
0.110763 -721.284015
0.110813 -675.078634
0.110863 -605.92827
0.110913 -532.238763
0.110963 -467.13068
0.111013 -413.224155
0.111063 -375.415701
0.111113 -357.305128
0.111163 -353.065721
0.111213 -359.764811
0.111263 -372.385374
0.111313 -384.09483
0.111363 -389.367828
0.111413 -382.509926
0.111463 -361.293708
0.111513 -326.127372
0.111563 -277.195745
0.111613 -222.202197
0.111663 -168.555219
0.111713 -120.754962
0.111763 -81.089819
0.111813 -47.919775
0.111863 -21.796391
0.111913 -3.275595
0.111963 8.803306
0.112013 17.851171
0.112063 29.362409
0.112113 50.283399
0.112163 85.669952
0.112213 137.550855
0.112263 205.447797
0.112313 281.93755
0.112363 351.773372
0.112413 399.554074
0.112463 414.44971
0.112513 392.987159
0.112563 341.70582
0.112613 272.105871
0.112663 196.442943
0.112713 126.002665
0.112763 70.248664
0.112813 35.283764
0.112863 23.356299
0.112913 33.672474
0.112963 63.685194
0.113013 109.478451
0.113063 165.239929
0.113113 227.872326
0.113163 289.285836
0.113213 345.543581
0.113263 398.292555
0.113313 454.069745
0.113363 520.785954
0.113413 600.903628
0.113463 695.781844
0.113513 797.010763
0.113563 893.075328
0.113613 974.895614
0.113663 1036.646207
0.113713 1079.837791
0.113763 1109.053872
0.113813 1129.861139
0.113863 1144.493461
0.113913 1153.09833
0.113963 1147.722875
0.114013 1116.920818
0.114063 1061.280677
0.114113 991.158972
0.114163 918.285167
0.114213 851.863263
0.114263 803.82328
0.114313 784.69245
0.114363 798.719854
0.114413 839.198884
0.114463 896.967564
0.114513 959.953473
0.114563 1015.99655
0.114613 1055.349787
0.114663 1074.608987
0.114713 1076.375387
0.114763 1065.946792
0.114813 1050.547695
0.114863 1037.981419
0.114913 1035.835959
0.114963 1049.853807
0.115013 1081.317074
0.115063 1129.8224
0.115113 1192.697724
0.115163 1266.474168
0.115213 1342.380719
0.115263 1412.248344
0.115313 1469.280016
0.115363 1508.144647
0.115413 1525.329188
0.115463 1519.302449
0.115513 1490.761998
0.115563 1442.696966
0.115613 1380.25039
0.115663 1310.173635
0.115713 1240.889477
0.115763 1180.09679
0.115813 1133.195103
0.115863 1103.187485
0.115913 1091.243238
0.115963 1097.040519
0.116013 1118.710455
0.116063 1152.742696
0.116113 1194.254002
0.116163 1237.618121
0.116213 1277.198022
0.116263 1307.951069
0.116313 1325.79374
0.116363 1328.196249
0.116413 1314.023954
0.116463 1283.767486
0.116513 1239.079641
0.116563 1182.915636
0.116613 1119.800759
0.116663 1055.585508
0.116713 994.999567
0.116763 939.432324
0.116813 889.091059
0.116863 843.824775
0.116913 803.691402
0.116963 769.053513
0.117013 740.187571
0.117063 717.02168
0.117113 699.042276
0.117163 685.477908
0.117213 675.588176
0.117263 668.691718
0.117313 664.409249
0.117363 662.440882
0.117413 661.238653
0.117463 659.475427
0.117513 654.487033
0.117563 646.222278
0.117613 634.45442
0.117663 619.108293
0.117713 600.486558
0.117763 579.228087
0.117813 556.231953
0.117863 532.510999
0.117913 509.02561
0.117963 486.532415
0.118013 465.528061
0.118063 446.233223
0.118113 428.677256
0.118163 412.879441
0.118213 398.833409
0.118263 386.628744
0.118313 376.4308
0.118363 368.403727
0.118413 362.864456
0.118463 360.014649
0.118513 360.002707
0.118563 362.904995
0.118613 368.469702
0.118663 376.247178
0.118713 385.645212
0.118763 396.002728
0.118813 406.657649
0.118863 417.007662
0.118913 426.544704
0.118963 656.283884
0.119013 744.663191
0.119063 855.083264
0.119113 907.358775
0.119163 904.83071
0.119213 929.959529
0.119263 944.826322
0.119313 964.279107
0.119363 971.767949
0.119413 969.501564
0.119463 958.281083
0.119513 939.083839
0.119563 911.553417
0.119613 820.955475
0.119663 770.207916
0.119713 736.354403
0.119763 708.505524
0.119813 684.592282
0.119863 664.219701
0.119913 643.58077
0.119963 624.134655
0.120013 610.623684
0.120063 598.651303
0.120113 587.93961
0.120163 578.902849
0.120213 570.141148
0.120263 562.986771
0.120313 554.015029
0.120363 543.818858
0.120413 534.361845
0.120463 524.782487
0.120513 515.546648
0.120563 508.06154
0.120613 501.870219
0.120663 497.033037
0.120713 494.332845
0.120763 492.368579
0.120813 492.896774
0.120863 495.749592
0.120913 500.75243
0.120963 504.20055
0.121013 509.66848
0.121063 514.102944
0.121113 519.285664
0.121163 521.296381
0.121213 520.0038
0.121263 516.163202
0.121313 508.908664
0.121363 499.628061
0.121413 487.141296
0.121463 474.00822
0.121513 460.831187
0.121563 447.524605
0.121613 434.00687
0.121663 420.135174
0.121713 408.001513
0.121763 393.166645
0.121813 379.979255
0.121863 368.038796
0.121913 357.610575
0.121963 349.69944
0.122013 346.503924
0.122063 347.449376
0.122113 355.860716
0.122163 372.003994
0.122213 407.756937
0.122263 459.652521
0.122313 502.573607
0.122363 552.242739
0.122413 602.045744
0.122463 674.933665
0.122513 776.238428
0.122563 840.56893
0.122613 889.909299
0.122663 941.492641
0.122713 993.725799
0.122763 1047.735688
0.122813 1094.74119
0.122863 1127.9334
0.122913 1154.329525
0.122963 1169.359335
0.123013 1177.708431
0.123063 1174.760582
0.123113 1165.030666
0.123163 1149.014937
0.123213 1130.588952
0.123263 1105.893434
0.123313 1074.700149
0.123363 1046.473714
0.123413 1023.338445
0.123463 999.513245
0.123513 991.220699
0.123563 982.277703
0.123613 985.761902
0.123663 991.628807
0.123713 1002.181908
0.123763 1011.864344
0.123813 1022.640327
0.123863 1044.407462
0.123913 1070.104686
0.123963 1088.605168
0.124013 1110.717761
0.124063 1123.950217
0.124113 1129.16365
0.124163 1130.091247
0.124213 1128.931614
0.124263 1123.482612
0.124313 1115.506166
0.124363 1115.110206
0.124413 1111.436368
0.124463 1108.54394
0.124513 1105.510165
0.124563 1101.899957
0.124613 1102.183572
0.124663 1104.57369
0.124713 1106.48285
0.124763 1110.240769
0.124813 1114.860151
0.124863 1123.572043
0.124913 1133.574593
0.124963 1136.72265
0.125013 1136.555567
0.125063 1132.941618
0.125113 1121.894698
0.125163 1104.220683
0.125213 1079.917789
0.125263 1057.670039
0.125313 1041.81097
0.125363 1033.171467
0.125413 1039.835623
0.125463 1067.629512
0.125513 1114.718964
0.125563 1176.326326
0.125613 1245.329327
0.125663 1311.000274
0.125713 1362.234266
0.125763 1397.623323
0.125813 1415.125395
0.125863 1413.846933
0.125913 1393.370429
0.125963 1366.18834
0.126013 1342.363082
0.126063 1325.827722
0.126113 1314.894015
0.126163 1320.038226
0.126213 1333.26313
0.126263 1350.513178
0.126313 1371.671792
0.126363 1393.999219
0.126413 1399.491934
0.126463 1391.714
0.126513 1366.020985
0.126563 1328.350017
0.126613 1279.061669
0.126663 1234.802012
0.126713 1206.762216
0.126763 1192.388613
0.126813 1192.614921
0.126863 1209.490158
0.126913 1235.463925
0.126963 1274.710597
0.127013 1306.002299
0.127063 1347.442928
0.127113 1386.325159
0.127163 1414.438308
0.127213 1432.82011
0.127263 1447.516675
0.127313 1462.545433
0.127363 1465.995561
0.127413 1459.439985
0.127463 1449.943484
0.127513 1443.504984
0.127563 1442.152752
0.127613 1447.533054
0.127663 1458.470417
0.127713 1475.101979
0.127763 1505.03006
0.127813 1537.784917
0.127863 1566.892366
0.127913 1596.717251
0.127963 1627.660505
0.128013 1654.679205
0.128063 1673.163175
0.128113 1676.770667
0.128163 1670.188084
0.128213 1655.463804
0.128263 1631.410205
0.128313 1595.55571
0.128363 1543.758236
0.128413 1481.103337
0.128463 1418.110055
0.128513 1369.205493
0.128563 1342.534258
0.128613 1340.245956
0.128663 1373.28203
0.128713 1453.916106
0.128763 1555.095734
0.128813 1640.190142
0.128863 1688.582473
0.128913 1705.180012
0.128963 1696.436124
0.129013 1683.538223
0.129063 1660.915678
0.129113 1626.190361
0.129163 1589.178112
0.129213 1558.709824
0.129263 1538.394697
0.129313 1535.687334
0.129363 1548.824484
0.129413 1584.126559
0.129463 1625.536961
0.129513 1668.307158
0.129563 1702.440745
0.129613 1738.766658
0.129663 1780.158696
0.129713 1824.941359
0.129763 1880.16091
0.129813 1933.697026
0.129863 1967.367692
0.129913 1948.116351
0.129963 1919.490146
0.130013 1893.917156
0.130063 1876.088064
0.130113 1878.632444
0.130163 1892.689426
0.130213 1913.34128
0.130263 1916.523517
0.130313 1896.254211
0.130363 1861.257885
0.130413 1831.723931
0.130463 1805.833013
0.130513 1777.539029
0.130563 1751.832543
0.130613 1715.501738
0.130663 1698.406496
0.130713 1703.794036
0.130763 1724.836699
0.130813 1745.90847
0.130863 1770.725658
0.130913 1802.892291
0.130963 1848.364743
0.131013 1896.009732
0.131063 1931.139028
0.131113 1951.165725
0.131163 1940.723484
0.131213 1921.343192
0.131263 1911.787266
0.131313 1908.168587
0.131363 1892.800929
0.131413 1858.9228
0.131463 1815.229004
0.131513 1767.333064
0.131563 1714.402694
0.131613 1668.638779
0.131663 1652.871123
0.131713 1667.62073
0.131763 1705.385119
0.131813 1763.056852
0.131863 1826.902748
0.131913 1896.152634
0.131963 1963.938257
0.132013 2031.664327
0.132063 2089.093531
0.132113 2136.106813
0.132163 2160.479613
0.132213 2178.245506
0.132263 2202.879846
0.132313 2232.247716
0.132363 2247.643553
0.132413 2253.436199
0.132463 2247.766552
0.132513 2235.12633
0.132563 2227.887413
0.132613 2216.437995
0.132663 2196.730639
0.132713 2174.202807
0.132763 2167.087365
0.132813 2188.520531
0.132863 2237.157723
0.132913 2306.618487
0.132963 2392.332288
0.133013 2494.70426
0.133063 2605.766828
0.133113 2718.84536
0.133163 2828.95212
0.133213 2928.550928
0.133263 3027.896106
0.133313 3130.91821
0.133363 3239.577206
0.133413 3355.527038
0.133463 3485.433229
0.133513 3632.84561
0.133563 3796.802572
0.133613 3954.946709
0.133663 4082.375757
0.133713 4167.054328
0.133763 4212.512381
0.133813 4236.569073
0.133863 4244.998708
0.133913 4249.181153
0.133963 4256.169369
0.134013 4272.031739
0.134063 4301.347736
0.134113 4344.961032
0.134163 4395.640524
0.134213 4444.262947
0.134263 4463.64712
0.134313 4475.217729
0.134363 4481.057002
0.134413 4475.585251
0.134463 4471.267876
0.134513 4489.609386
0.134563 4537.756522
0.134613 4613.563846
0.134663 4712.882246
0.134713 4811.342058
0.134763 4896.862752
0.134813 4952.039001
0.134863 4971.799593
0.134913 4959.661195
0.134963 4914.254717
0.135013 4843.553846
0.135063 4772.507156
0.135113 4705.121066
0.135163 4641.791443
0.135213 4582.871275
0.135263 4519.610242
0.135313 4443.327573
0.135363 4353.023226
0.135413 4249.399587
0.135463 4154.457014
0.135513 4068.667464
0.135563 3994.510883
0.135613 3928.89761
0.135663 3872.447305
0.135713 3820.098683
0.135763 3761.970072
0.135813 3682.246164
0.135863 3587.905825
0.135913 3480.00698
0.135963 3365.473333
0.136013 3231.717619
0.136063 3074.795628
0.136113 2902.192461
0.136163 2727.338046
0.136213 2556.745135
0.136263 2395.084204
0.136313 2239.96115
0.136363 2089.845242
0.136413 1946.997099
0.136463 1812.305688
0.136513 1680.874816
0.136563 1560.004241
0.136613 1449.577476
0.136663 1348.141075
0.136713 1251.750827
0.136763 1157.097957
0.136813 1064.799288
0.136863 979.254443
0.136913 905.756248
0.136963 848.631798
0.137013 801.744198
0.137063 761.550504
0.137113 719.629669
0.137163 679.99276
0.137213 645.975853
0.137263 626.151703
0.137313 633.926712
0.137363 658.848124
0.137413 683.094211
0.137463 690.302232
0.137513 681.156459
0.137563 663.637297
0.137613 637.034691
0.137663 593.082289
0.137713 543.639564
0.137763 496.869579
0.137813 450.552198
0.137863 398.210952
0.137913 343.986758
0.137963 292.997821
0.138013 239.191678
0.138063 184.599109
0.138113 136.233832
0.138163 95.87546
0.138213 52.731879
0.138263 -2.284635
0.138313 -66.52565
0.138363 -161.911713
0.138413 -238.167629
0.138463 -303.951652
0.138513 -356.607134
0.138563 -382.576141
0.138613 -386.218047
0.138663 -383.183027
0.138713 -365.064739
0.138763 -323.115219
0.138813 -262.207429
0.138863 -196.035875
0.138913 -129.35215
0.138963 -65.980892
0.139013 -7.958038
0.139063 42.403897
0.139113 81.711563
0.139163 108.747153
0.139213 130.873279
0.139263 146.961762
0.139313 143.971277
0.139363 129.555374
0.139413 113.400417
0.139463 94.368451
0.139513 59.785501
0.139563 51.413318
0.139613 54.62029
0.139663 102.748266
0.139713 162.856444
0.139763 207.606212
0.139813 250.568138
0.139863 264.467193
0.139913 249.516637
0.139963 195.580603
0.140013 118.585787
0.140063 58.848701
0.140113 3.06221
0.140163 -57.360607
0.140213 -97.973431
0.140263 -87.977663
0.140313 -46.381818
0.140363 21.501574
0.140413 77.493721
0.140463 90.187011
0.140513 77.610354
0.140563 35.458158
0.140613 -48.227688
0.140663 -118.473078
0.140713 -122.002152
0.140763 -95.47343
0.140813 -63.778542
0.140863 -4.314258
0.140913 63.196433
0.140963 175.797877
0.141013 335.414021
0.141063 568.184235
0.141113 721.242674
0.141163 727.605798
0.141213 648.572181
0.141263 537.455993
0.141313 452.09481
0.141363 391.476525
0.141413 338.801047
0.141463 290.904088
0.141513 233.462089
0.141563 164.905556
0.141613 110.417441
0.141663 70.90799
0.141713 21.951621
0.141763 -32.331928
0.141813 -78.667606
0.141863 -108.978835
0.141913 -125.457054
0.141963 -123.782719
0.142013 -115.788563
0.142063 -109.58353
0.142113 -111.2301
0.142163 -112.662057
0.142213 -94.91729
0.142263 -60.042042
0.142313 -21.706033
0.142363 7.36277
0.142413 25.113651
0.142463 29.584961
0.142513 29.177714
0.142563 29.987846
0.142613 34.600673
0.142663 28.22132
0.142713 20.739957
0.142763 -15.57194
0.142813 -86.209178
0.142863 -183.819795
0.142913 -291.180288
0.142963 -402.453157
0.143013 -491.938986
0.143063 -578.988039
0.143113 -664.997299
0.143163 -718.241887
0.143213 -727.146357
0.143263 -678.350802
0.143313 -604.365932
0.143363 -417.204255
0.143413 -292.271674
0.143463 -218.987894
0.143513 -168.221195
0.143563 -200.61407
0.143613 -253.94376
0.143663 -333.308728
0.143713 -430.895567
0.143763 -522.393006
0.143813 -595.347653
0.143863 -644.316427
0.143913 -691.531406
0.143963 -741.249275
0.144013 -799.741232
0.144063 -871.760417
0.144113 -947.601828
0.144163 -1044.118963
0.144213 -1096.005385
0.144263 -1110.245073
0.144313 -1066.290282
0.144363 -1007.924143
0.144413 -953.612236
0.144463 -871.970733
0.144513 -747.390092
0.144563 -691.28188
0.144613 -660.828207
0.144663 -609.265616
0.144713 -567.647601
0.144763 -492.059225
0.144813 -429.061378
0.144863 -437.976815
0.144913 -510.240861
0.144963 -581.762944
0.145013 -614.743782
0.145063 -662.747794
0.145113 -729.531737
0.145163 -778.793938
0.145213 -786.02521
0.145263 -754.531343
0.145313 -674.846617
0.145363 -563.967021
0.145413 -469.574865
0.145463 -396.687202
0.145513 -378.336951
0.145563 -423.643948
0.145613 -468.51855
0.145663 -488.02923
0.145713 -510.284795
0.145763 -522.241837
0.145813 -438.928188
0.145863 -324.642959
0.145913 -187.524812
0.145963 -13.320974
0.146013 159.872108
0.146063 302.005389
0.146113 395.325178
0.146163 435.468479
0.146213 415.179774
0.146263 416.282395
0.146313 449.626214
0.146363 479.829161
0.146413 534.440201
0.146463 616.342827
0.146513 726.473191
0.146563 860.644133
0.146613 1001.726369
0.146663 1132.877094
0.146713 1265.885027
0.146763 1380.631098
0.146813 1482.131942
0.146863 1588.788113
0.146913 1711.366027
0.146963 1839.50182
0.147013 1968.887511
0.147063 2107.717804
0.147113 2258.712137
0.147163 2423.52188
0.147213 2609.74194
0.147263 2821.460452
0.147313 3057.296838
0.147363 3280.786656
0.147413 3507.884396
0.147463 3738.022394
0.147513 3976.230766
0.147563 4184.497887
0.147613 4379.657232
0.147663 4577.236837
0.147713 4729.393835
0.147763 4889.706851
0.147813 5014.104448
0.147863 5113.811042
0.147913 5168.480754
0.147963 5203.101609
0.148013 5220.717049
0.148063 5223.996453
0.148113 5199.617675
0.148163 5154.705492
0.148213 5096.099921
0.148263 5043.833478
0.148313 4994.245709
0.148363 4954.684724
0.148413 4958.902111
0.148463 4992.281343
0.148513 5054.434354
0.148563 5119.443905
0.148613 5162.130141
0.148663 5181.714885
0.148713 5177.014338
0.148763 5159.379658
0.148813 5125.175447
0.148863 5078.22639
0.148913 5020.812472
0.148963 4957.276684
0.149013 4889.9134
0.149063 4815.228219
0.149113 4741.14247
0.149163 4660.266012
0.149213 4578.363886
0.149263 4488.513469
0.149313 4376.500071
0.149363 4245.253783
0.149413 4105.154741
0.149463 3974.900555
0.149513 3859.009781
0.149563 3742.227302
0.149613 3626.8311
0.149663 3525.681981
0.149713 3437.511014
0.149763 3360.392844
0.149813 3266.418548
0.149863 3143.879074
0.149913 3030.061962
0.149963 2950.460007
0.150013 2902.547364
0.150063 2837.133039
0.150113 2752.445925
0.150163 2663.062993
0.150213 2596.643
0.150263 2553.781689
0.150313 2512.590204
0.150363 2470.800638
0.150413 2440.185554
0.150463 2406.489244
0.150513 2369.205565
0.150563 2323.751174
0.150613 2287.838976
0.150663 2263.404544
0.150713 2244.574751
0.150763 2208.076049
0.150813 2165.741018
0.150863 2122.359131
0.150913 2059.018976
0.150963 2005.211429
0.151013 1948.432981
0.151063 1918.391497
0.151113 1913.106043
0.151163 1972.034372
0.151213 2065.94675
0.151263 2186.446849
0.151313 2335.484952
0.151363 2487.572248
0.151413 2618.414281
0.151463 2724.79239
0.151513 2797.568846
0.151563 2863.780187
0.151613 2924.864479
0.151663 2972.255028
0.151713 3014.723081
0.151763 3033.473865
0.151813 3085.316447
0.151863 3165.334969
0.151913 3221.631076
0.151963 3296.396917
0.152013 3369.264722
0.152063 3414.696659
0.152113 3418.684973
0.152163 3368.722794
0.152213 3291.028308
0.152263 3194.371237
0.152313 3098.051699
0.152363 3050.925094
0.152413 3066.96072
0.152463 3074.588649
0.152513 3111.445616
0.152563 3196.026048
0.152613 3288.659762
0.152663 3404.118821
0.152713 3468.884457
0.152763 3581.571434
0.152813 3680.361374
0.152863 3721.122364
0.152913 3719.85725
0.152963 3710.629787
0.153013 3692.994794
0.153063 3664.01054
0.153113 3668.061636
0.153163 3698.476656
0.153213 3752.399996
0.153263 3858.285982
0.153313 3837.510287
0.153363 3828.263981
0.153413 3810.387544
0.153463 3805.783387
0.153513 3796.614764
0.153563 3769.928761
0.153613 3726.441054
0.153663 3704.745809
0.153713 3693.648471
0.153763 3685.488532
0.153813 3710.06859
0.153863 3701.507396
0.153913 3710.455644
0.153963 3725.558017
0.154013 3752.286979
0.154063 3749.945287
0.154113 3743.293913
0.154163 3795.790976
0.154213 3805.421439
0.154263 3833.090105
0.154313 3869.76805
0.154351 18587.566105
0.154392 8819.324686
0.154434 5570.525987
0.154478 4484.647774
0.154523 4160.190103
0.154569 4096.639777
0.154616 4079.209323
0.154664 4052.437676
0.154712 4034.102613
0.15476 4035.282506
0.154809 4028.822934
0.154858 3988.975049
0.154907 3945.579799
0.154956 3904.046297
0.155006 3857.679902
0.155055 3826.914324
0.155105 3768.658566
0.155155 3721.117629
0.155204 3670.775052
0.155254 3613.486698
0.155304 3568.933695
0.155354 3507.377643
0.155404 3469.704495
0.155454 3439.396952
0.155504 3403.666362
0.155554 3354.662221
0.155604 3295.790534
0.155654 3245.307054
0.155704 3188.858789
0.155754 3118.036287
0.155804 3009.367864
0.155854 2883.249681
0.155904 2749.655053
0.155954 2629.871766
0.156004 2505.433613
0.156054 2458.55643
0.156104 2429.915088
0.156154 2377.524958
0.156204 2323.045392
0.156254 2293.781395
0.156304 2279.416627
0.156354 2280.521115
0.156404 2282.998453
0.156454 2282.87864
0.156504 2279.817235
0.156554 2261.703154
0.156604 2244.426341
0.156654 2222.734069
0.156704 2189.498952
0.156754 2149.505418
0.156804 2107.826035
0.156854 2065.49703
0.156904 2044.548239
0.156954 2043.664252
0.157004 2042.654448
0.157054 2035.434105
0.157104 2012.331286
0.157154 1976.277105
0.157204 1944.992963
0.157254 1919.608273
0.157304 1899.302758
0.157354 1878.022657
0.157404 1846.740543
0.157454 1810.891372
0.157504 1754.598565
0.157554 1703.043096
0.157604 1662.645407
0.157654 1636.464147
0.157704 1619.880229
0.157754 1609.535898
0.157804 1624.094236
0.157854 1691.747865
0.157904 1735.269011
0.157954 1775.008014
0.158004 1812.149795
0.158054 1836.235564
0.158104 1849.599664
0.158154 1853.914245
0.158204 1856.801762
0.158254 1849.713876
0.158304 1845.095751
0.158354 1845.05597
0.158404 1854.385215
0.158454 1870.28158
0.158504 1894.639516
0.158554 1914.15825
0.158604 1922.647762
0.158654 1935.58881
0.158704 1940.922383
0.158754 1912.702605
0.158804 1862.988416
0.158854 1825.692915
0.158904 1776.969186
0.158954 1731.181965
0.159004 1693.760636
0.159054 1651.858776
0.159104 1626.186247
0.159154 1606.950162
0.159204 1588.77773
0.159254 1566.635663
0.159304 1551.493184
0.159354 1534.762927
0.159404 1515.834423
0.159454 1489.214681
0.159504 1462.744652
0.159554 1431.842222
0.159604 1413.575152
0.159654 1393.071543
0.159704 1371.937185
0.159754 1354.573106
0.159804 1341.089287
0.159854 1329.286719
0.159904 1318.818338
0.159954 1311.509536
0.160004 1305.740392
0.160054 1326.262454
0.160104 1331.357974
0.160154 1352.813635
0.160204 1372.33855
0.160254 1404.87253
0.160304 1444.3672
0.160354 1487.33112
0.160404 1579.971911
0.160454 1651.328961
0.160504 1709.082458
0.160554 1729.175914
0.160604 1723.843428
0.160654 1698.060793
0.160704 1667.391433
0.160754 1630.620603
0.160804 1602.479341
0.160854 1578.571768
0.160904 1555.141464
0.160954 1533.067767
0.161004 1511.608743
0.161054 1483.834176
0.161104 1466.164754
0.161154 1450.991577
0.161204 1446.874975
0.161254 1445.884733
0.161304 1450.628836
0.161354 1445.973171
0.161404 1444.082069
0.161454 1440.35104
0.161504 1438.476126
0.161554 1441.113728
0.161604 1447.563877
0.161654 1454.995412
0.161704 1454.827439
0.161754 1449.889534
0.161804 1438.279046
0.161854 1435.489951
0.161904 1433.593387
0.161954 1433.497184
0.162004 1434.706153
0.162054 1437.715128
0.162104 1442.48764
0.162154 1451.364173
0.162204 1463.290234
0.162254 1477.111265
0.162304 1499.057522
0.162354 1524.598445
0.162404 1546.884357
0.162454 1577.732828
0.162504 1608.256452
0.162554 1636.916199
0.162604 1665.783852
0.162654 1692.47445
0.162704 1714.037361
0.162754 1727.133097
0.162804 1729.706663
0.162854 1722.660982
0.162904 1712.404421
0.162954 1701.696248
0.163004 1695.312832
0.163054 1693.697262
0.163104 1687.94505
0.163154 1678.93825
0.163204 1673.383849
0.163254 1673.817276
0.163304 1679.917499
0.163354 1690.784208
0.163404 1704.626061
0.163454 1719.132733
0.163504 1732.538203
0.163554 1748.469152
0.163604 1765.364293
0.163654 1781.24517
0.163704 1795.751446
0.163754 1808.536444
0.163804 1819.920286
0.163854 1832.579362
0.163904 1849.966807
0.163954 1867.879012
0.164004 1890.603618
0.164054 1929.082939
0.164104 1962.484335
0.164154 1975.976872
0.164204 1982.982559
0.164254 2007.600246
0.164304 2021.165423
0.164354 2000.204387
0.164404 1962.870149
0.164454 1915.409889
0.164504 1852.850487
0.164554 1784.476915
0.164604 1717.142606
0.164654 1634.596853
0.164704 1551.784631
0.164754 1470.580633
0.164804 1393.457831
0.164854 1318.624203
0.164904 1244.10995
0.164954 1169.703263
0.165004 1091.01447
0.165054 1017.407599
0.165104 946.810288
0.165154 875.176032
0.165204 806.587201
0.165254 740.208963
0.165304 678.016503
0.165354 624.377781
0.165404 586.170466
0.165454 556.17069
0.165504 554.3325
0.165554 532.223545
0.165604 493.073735
0.165654 446.902465
0.165704 411.223703
0.165754 380.265589
0.165804 346.127627
0.165854 307.894063
0.165904 265.3857
0.165954 224.249218
0.166004 181.165808
0.166054 139.368895
0.166104 100.127262
0.166154 64.682757
0.166204 34.276226
0.166254 11.525862
0.166304 -5.440156
0.166354 -18.088314
0.166404 -26.001963
0.166454 -30.504941
0.166504 -33.224154
0.166554 -35.46663
0.166604 -38.54463
0.166654 -43.852476
0.166704 -52.634495
0.166754 -65.699852
0.166804 -83.371729
0.166854 -105.538579
0.166904 -130.210811
0.166954 -157.462435
0.167004 -187.023759
0.167054 -218.189784
0.167104 -248.966009
0.167154 -278.653442
0.167204 -307.099491
0.167254 -333.929582
0.167304 -357.948759
0.167354 -380.150679
0.167404 -401.274507
0.167454 -421.583799
0.167504 -441.100671
0.167554 -460.166568
0.167604 -479.427657
0.167654 -498.849628
0.167704 -518.626864
0.167754 -538.955856
0.167804 -558.969105
0.167854 -577.521062
0.167904 -593.132194
0.167954 -605.462596
0.168004 -615.25548
0.168054 -620.689491
0.168104 -622.554
0.168154 -622.828575
0.168204 -618.683432
0.168254 -614.728497
0.168304 -607.570052
0.168354 -598.123332
0.168404 -589.48898
0.168454 -582.009739
0.168504 -576.365813
0.168554 -571.686459
0.168604 -567.138957
0.168654 -562.216992
0.168704 -556.583516
0.168754 -550.312983
0.168804 -543.707065
0.168854 -537.404788
0.168904 -532.309073
0.168954 -529.482343
0.169004 -529.799945
0.169054 -546.536885
0.169104 -565.120233
0.169154 -581.106397
0.169204 -595.782448
0.169254 -609.554421
0.169304 -622.331557
0.169354 -633.357865
0.169404 -643.423049
0.169454 -652.827545
0.169504 -661.117997
0.169554 -667.540852
0.169604 -671.375881
0.169654 -672.188865
0.169704 -670.026812
0.169754 -664.603095
0.169804 -657.35922
0.169854 -649.297677
0.169904 -640.796996
0.169954 -632.241771
0.170004 -623.868149
0.170054 -615.676252
0.170104 -607.79012
0.170154 -600.030931
0.170204 -592.101774
0.170254 -584.903809
0.170304 -576.195394
0.170354 -566.052357
0.170404 -555.879506
0.170454 -546.848665
0.170504 -539.71712
0.170554 -534.749875
0.170604 -531.763808
0.170654 -530.022323
0.170704 -528.6598
0.170754 -527.236128
0.170804 -523.499794
0.170854 -516.530611
0.170904 -506.29556
0.170954 -493.011011
0.171004 -477.126242
0.171054 -460.938809
0.171104 -442.754148
0.171154 -427.021751
0.171204 -413.930269
0.171254 -405.876199
0.171304 -403.401336
0.171354 -406.218837
0.171404 -413.42076
0.171454 -424.305447
0.171504 -437.693548
0.171554 -452.073635
0.171604 -465.759918
0.171654 -477.117337
0.171704 -485.000148
0.171754 -488.11335
0.171804 -485.69274
0.171854 -478.351331
0.171904 -467.024453
0.171954 -453.109268
0.172004 -438.605722
0.172054 -425.896393
0.172104 -416.355669
0.172154 -409.30094
0.172204 -403.24364
0.172254 -396.736494
0.172304 -388.63699
0.172354 -380.298565
0.172404 -375.242416
0.172454 -377.836156
0.172504 -389.953468
0.172554 -411.96457
0.172604 -443.404876
0.172654 -483.392322
0.172704 -530.034809
0.172754 -579.794084
0.172804 -627.798703
0.172854 -669.241075
0.172904 -699.51163
0.172954 -714.698212
0.173004 -712.893107
0.173054 -694.80129
0.173104 -664.012578
0.173154 -626.620659
0.173204 -590.784794
0.173254 -561.725893
0.173304 -544.908929
0.173354 -540.396349
0.173404 -546.974534
0.173454 -561.624679
0.173504 -580.959992
0.173554 -601.133988
0.173604 -617.768715
0.173654 -627.493497
0.173704 -628.54026
0.173754 -620.849049
0.173804 -607.131497
0.173854 -590.533191
0.173904 -571.283444
0.173954 -550.035691
0.174004 -527.14538
0.174054 -502.120645
0.174104 -479.786281
0.174154 -458.3709
0.174204 -433.116533
0.174254 -402.094828
0.174304 -367.628138
0.174354 -331.634369
0.174404 -296.871628
0.174454 -267.930083
0.174504 -247.733364
0.174554 -238.109162
0.174604 -240.23767
0.174654 -255.079701
0.174704 -284.679142
0.174754 -330.467732
0.174804 -390.209082
0.174854 -457.967292
0.174904 -525.243394
0.174954 -580.619898
0.175004 -613.176662
0.175054 -615.388752
0.175104 -585.375449
0.175154 -528.065208
0.175204 -437.181492
0.175254 -367.827414
0.175304 -324.353939
0.175354 -306.469664
0.175404 -310.586372
0.175454 -334.378531
0.175504 -350.564031
0.175554 -357.351534
0.175604 -357.76812
0.175654 -352.218529
0.175704 -344.732248
0.175754 -340.096968
0.175804 -340.037189
0.175854 -340.062583
0.175904 -336.819465
0.175954 -325.823822
0.176004 -297.872933
0.176054 -263.074426
0.176104 -237.117936
0.176154 -222.257379
0.176204 -220.123975
0.176254 -230.188584
0.176304 -249.798809
0.176354 -276.123194
0.176404 -305.659346
0.176454 -333.396127
0.176504 -352.580418
0.176554 -359.33719
0.176604 -338.119485
0.176654 -299.213492
0.176704 -238.820216
0.176754 -174.180598
0.176804 -122.81465
0.176854 -93.991722
0.176904 -94.680604
0.176954 -119.893532
0.177004 -158.753664
0.177054 -213.432237
0.177104 -284.396317
0.177154 -354.837822
0.177204 -435.134339
0.177254 -523.072744
0.177304 -618.253513
0.177354 -684.866486
0.177404 -691.374582
0.177454 -581.637111
0.177504 -405.401218
0.177554 -254.500958
0.177604 -165.339717
0.177654 -122.537718
0.177704 -130.793773
0.177754 -186.066542
0.177804 -255.379491
0.177854 -294.493963
0.177904 -299.585047
0.177954 -283.77123
0.178004 -255.020582
0.178054 -225.384206
0.178104 -205.307654
0.178154 -193.539806
0.178204 -168.086212
0.178254 -140.648901
0.178304 -136.696558
0.178354 -157.384078
0.178404 -209.353555
0.178454 -297.561759
0.178504 -492.346177
0.178554 -629.928841
0.178604 -691.927223
0.178654 -686.945878
0.178704 -596.323879
0.178754 -422.849633
0.178804 -259.707506
0.178854 -148.012942
0.178904 -87.504768
0.178954 -52.412016
0.179004 -39.385358
0.179054 -56.923993
0.179104 -85.086783
0.179154 -126.610123
0.179204 -179.396215
0.179254 -241.023916
0.179304 -326.191077
0.179354 -425.117659
0.179404 -513.9515
0.179454 -574.964139
0.179504 -606.89142
0.179554 -614.652761
0.179604 -591.455572
0.179654 -528.585889
0.179704 -435.116181
0.179754 -336.552737
0.179804 -272.882923
0.179854 -239.52965
0.179904 -234.444053
0.179954 -258.35364
0.180004 -355.992009
0.180054 -469.909633
0.180104 -547.88163
0.180154 -569.519198
0.180204 -525.333646
0.180254 -439.135586
0.180304 -327.538231
0.180354 -203.608858
0.180404 -94.068979
0.180454 -16.979369
0.180504 21.98571
0.180554 70.091578
0.180604 58.489515
0.180654 -40.248413
0.180704 -302.143398
0.180754 -699.880573
0.180804 -1082.652766
0.180854 -1312.930397
0.180904 -1347.562027
0.180954 -1071.471395
0.181004 -641.74605
0.181054 -302.137097
0.181104 -83.74023
0.181154 29.955023
0.181204 37.602833
0.181254 27.376496
0.181304 2.421961
0.181354 -36.424556
0.181404 -96.441063
0.181454 -185.992169
0.181504 -296.919325
0.181554 -436.653437
0.181604 -655.07304
0.181654 -791.061965
0.181704 -748.62207
0.181754 -536.614675
0.181804 -316.345207
0.181854 -174.849037
0.181904 -118.480099
0.181954 -130.281438
0.182004 -262.513034
0.182054 -481.624665
0.182104 -717.898664
0.182154 -863.033605
0.182204 -903.66083
0.182254 -875.001639
0.182304 -770.798517
0.182346 -841476.780754
0.182391 -299770.59746
0.182436 -109529.081979
0.182482 -41263.337952
0.18253 -16065.407134
0.182577 -6448.499905
0.182625 -2659.406247
0.182674 -1135.998229
0.182723 -521.571599
0.182772 -279.153522
0.182821 -193.155981
0.18287 -180.329429
0.18292 -196.302502
0.182969 -209.544921
0.183019 -191.607481
0.183069 -112.936462
0.183119 -0.511548
0.183169 115.346987
0.183218 211.837048
0.183268 273.213036
0.183318 288.911167
0.183368 261.525649
0.183418 210.912912
0.183468 139.816531
0.183518 48.516979
0.183568 -64.458268
0.183618 -164.246027
0.183668 -215.180021
0.183718 -217.671526
0.183768 -167.691714
0.183818 -84.396699
0.183868 2.73302
0.183918 100.603173
0.183968 202.289008
0.184018 294.66461
0.184068 363.004563
0.184118 388.547357
0.184168 364.816308
0.184218 304.629458
0.184268 240.061214
0.184318 195.544418
0.184368 149.360029
0.184418 111.929647
0.184468 84.759374
0.184518 59.840663
0.184568 29.513508
0.184618 -12.203861
0.184668 -59.363933
0.184718 -88.323296
0.184768 -102.186248
0.184818 -95.663121
0.184868 -69.244324
0.184918 -46.182538
0.184968 -42.329195
0.185018 -56.614574
0.185068 -110.203915
0.185118 -197.119415
0.185168 -282.299719
0.185218 -333.280173
0.185268 -356.858718
0.185318 -353.919661
0.185368 -307.941504
0.185415 239497.113647
0.185464 96178.387528
0.185512 40244.610472
0.185561 17531.24967
0.18561 7929.628019
0.185659 3710.131038
0.185708 1792.369431
0.185758 893.895258
0.185808 461.440502
0.185857 246.3623
0.185907 134.831811
0.185957 75.395021
0.186007 40.194946
0.186056 14.185018
0.186106 -8.681754
0.186156 -26.75661
0.186206 -38.783014
0.186256 -48.911105
0.186306 -55.29402
0.186356 -56.598766
0.186406 -50.484711
0.186456 -31.148959
0.186506 1.787508
0.186556 47.674385
0.186606 95.844543
0.186656 141.565409
0.186706 177.549711
0.186756 197.988404
0.186806 207.334126
0.186856 212.705613
0.186906 216.480895
0.186956 215.41242
0.187006 207.097849
0.187056 194.206325
0.187106 177.304983
0.187156 158.8417
0.187206 142.446487
0.187256 132.123839
0.187306 128.892594
0.187356 134.726579
0.187406 147.006466
0.187456 160.888978
0.187506 173.567301
0.187556 185.927552
0.187606 203.103887
0.187656 229.487089
0.187706 263.136501
0.187756 296.401759
0.187806 322.117086
0.187856 331.775183
0.187906 320.375539
0.187956 283.856568
0.188006 235.855639
0.188056 187.767095
0.188106 153.547662
0.188156 130.627512
0.188206 116.890794
0.188256 104.108795
0.188306 89.907932
0.188356 76.088971
0.188406 69.132582
0.188456 72.035002
0.188506 82.938248
0.188556 101.923824
0.188606 136.372214
0.188656 180.950845
0.188706 223.475823
0.188756 254.097076
0.188806 265.645125
0.188856 252.253667
0.188906 207.621822
0.188956 149.31784
0.189006 99.648358
0.189056 72.838161
0.189106 56.008929
0.189156 38.044358
0.189206 10.972903
0.189256 -24.850777
0.189306 -75.10121
0.189356 -137.420508
0.189406 -204.896425
0.189456 -262.027305
0.189506 -299.462888
0.189556 -320.512218
0.189606 -322.930426
0.189656 -292.32632
0.189706 -247.012156
0.189756 -200.853509
0.189806 -162.369223
0.189856 -127.435151
0.189906 -79.968771
0.189956 -7.820813
0.190006 73.878735
0.190056 145.48454
0.190106 199.827084
0.190156 233.61948
0.190206 246.070844
0.190256 237.729814
0.190306 216.848077
0.190356 204.811636
0.190406 217.930898
0.190456 262.541337
0.190506 330.177356
0.190556 393.939068
0.190606 438.505705
0.190656 470.10337
0.190706 501.741211
0.190756 551.445424
0.190806 635.298984
0.190856 729.999481
0.190906 792.560129
0.190956 797.873372
0.191006 743.70228
0.191056 652.54597
0.191106 547.681091
0.191156 458.249214
0.191206 391.458978
0.191256 343.861149
0.191306 312.947564
0.191356 303.485873
0.191406 318.717789
0.191456 380.092384
0.191506 510.582381
0.191556 694.729133
0.191606 898.949524
0.191656 1077.413033
0.191706 1190.313996
0.191756 1219.573355
0.191806 1182.186478
0.191856 1116.409735
0.191906 1063.031866
0.191956 1057.272813
0.192006 1115.118611
0.192056 1237.374238
0.192106 1410.101216
0.192156 1607.698749
0.192206 1801.715795
0.192256 1968.540071
0.192306 2087.73252
0.192356 2141.541168
0.192406 2120.402743
0.192456 2034.735939
0.192506 1909.251588
0.192556 1760.957881
0.192606 1591.453344
0.192656 1435.331247
0.192706 1318.210798
0.192756 1247.014436
0.192806 1218.148781
0.192856 1221.698832
0.192906 1249.215616
0.192956 1298.001441
0.193006 1369.527428
0.193056 1468.134209
0.193106 1598.984826
0.193156 1762.156317
0.193206 1944.598863
0.193256 2122.401989
0.193306 2274.95218
0.193356 2399.446285
0.193406 2514.756052
0.193456 2653.230668
0.193506 2839.503569
0.193556 3075.183268
0.193606 3353.398313
0.193656 3685.764028
0.193706 4014.199857
0.193756 4309.183878
0.193806 4561.321933
0.193856 4762.767051
0.193906 4885.05556
0.193956 4915.750421
0.194006 4871.918346
0.194056 4768.751983
0.194106 4631.479852
0.194156 4488.137594
0.194206 4359.578757
0.194256 4250.934427
0.194306 4157.195571
0.194356 4073.131019
0.194406 3994.030822
0.194456 3915.5241
0.194506 3833.45778
0.194556 3748.525083
0.194606 3668.168674
0.194656 3607.598601
0.194706 3589.386287
0.194756 3633.544558
0.194806 3751.086141
0.194856 3938.826888
0.194906 4177.515848
0.194956 4436.499244
0.195006 4684.965783
0.195056 4897.302153
0.195106 5049.714686
0.195156 5119.000158
0.195206 5090.395913
0.195256 4965.464276
0.195306 4764.911639
0.195356 4518.178989
0.195406 4262.896907
0.195456 4028.471128
0.195506 3834.458595
0.195556 3680.164532
0.195606 3566.752953
0.195656 3491.320698
0.195706 3447.535747
0.195756 3431.465137
0.195806 3437.519461
0.195856 3456.379365
0.195906 3475.91869
0.195956 3483.729706
0.196006 3470.066873
0.196056 3428.212969
0.196106 3353.373672
0.196156 3255.457065
0.196206 3146.794557
0.196256 3039.550835
0.196306 2942.86322
0.196356 2860.740621
0.196406 2792.185712
0.196456 2731.937392
0.196506 2673.033902
0.196556 2608.001065
0.196606 2530.90933
0.196656 2439.924498
0.196706 2338.008218
0.196756 2233.117435
0.196806 2138.074363
0.196856 2063.649069
0.196906 2001.104908
0.196956 1942.524929
0.197006 1885.907608
0.197056 1827.100286
0.197106 1765.214447
0.197156 1701.750592
0.197206 1638.728727
0.197256 1578.46141
0.197306 1523.993525
0.197356 1474.710994
0.197406 1428.076193
0.197456 1381.106988
0.197506 1331.122743
0.197556 1276.458121
0.197606 1217.233071
0.197656 1155.696833
0.197706 1095.303746
0.197756 1039.102424
0.197806 986.137026
0.197856 936.499967
0.197906 890.445578
0.197956 849.873867
0.198006 815.559367
0.198056 787.836688
0.198106 765.6304
0.198156 747.797844
0.198206 734.125595
0.198256 724.722754
0.198306 718.48971
0.198356 715.673638
0.198406 716.45805
0.198456 719.908299
0.198506 725.566919
0.198556 732.33952
0.198606 739.601047
0.198656 745.762945
0.198706 750.401717
0.198756 752.373635
0.198806 750.535515
0.198856 743.891444
0.198906 731.676828
0.198956 714.572726
0.199006 691.900626
0.199056 663.987417
0.199106 632.446304
0.199156 599.300352
0.199206 570.340913
0.199256 544.859012
0.199306 521.994207
0.199356 502.110945
0.199406 485.736824
0.199456 472.795584
0.199506 463.60763
0.199556 459.001923
0.199606 459.689503
0.199656 465.917222
0.199706 476.813347
0.199756 490.729601
0.199806 504.643877
0.199856 516.041474
0.199906 523.12876
0.199956 524.912454
0.200006 521.196746
0.200056 512.387115
0.200106 499.34728
0.200156 483.247175
0.200206 465.702229
0.200256 448.117698
0.200306 432.223252
0.200356 420.118697
0.200406 413.25914
0.200456 412.502659
0.200506 418.628744
0.200556 429.510257
0.200606 441.721053
0.200656 450.880056
0.200706 453.292982
0.200756 445.875665
0.200806 428.358031
0.200856 403.306751
0.200906 374.58195
0.200956 345.263612
0.201006 318.608922
0.201056 297.144346
0.201106 283.080972
0.201156 276.98831
0.201206 278.927686
0.201256 288.496381
0.201306 304.626782
0.201356 325.933348
0.201406 350.998174
0.201456 377.182452
0.201506 402.074897
0.201556 423.363782
0.201606 438.939131
0.201656 447.049537
0.201706 446.40484
0.201756 436.597514
0.201806 418.929665
0.201856 394.039331
0.201906 364.089179
0.201956 332.334316
0.202006 303.139739
0.202056 278.817094
0.202106 259.884919
0.202156 245.809749
0.202206 235.474706
0.202256 227.855717
0.202306 222.454891
0.202356 219.038513
0.202406 217.11183
0.202456 215.355105
0.202506 211.519909
0.202556 202.771295
0.202606 186.601348
0.202656 162.098091
0.202706 131.139275
0.202756 97.241523
0.202806 66.241389
0.202856 45.39423
0.202906 40.951142
0.202956 53.965195
0.203006 84.224473
0.203056 127.901956
0.203106 181.446848
0.203156 242.724416
0.203206 310.502148
0.203256 382.884249
0.203306 453.983994
0.203356 515.385846
0.203406 557.222227
0.203456 572.11686
0.203506 558.125348
0.203556 517.234247
0.203606 458.098307
0.203656 388.94751
0.203706 321.752264
0.203756 257.093079
0.203806 227.082037
0.203856 231.663623
0.203906 265.748798
0.203956 322.888012
0.204006 392.818727
0.204056 464.346455
0.204106 528.242635
0.204156 576.842926
0.204206 604.103726
0.204256 606.949514
0.204306 582.580642
0.204356 529.532222
0.204406 451.500699
0.204456 349.33537
0.204506 233.474835
0.204556 122.802947
0.204606 38.012541
0.204656 -7.244165
0.204706 -5.806307
0.204756 43.541479
0.204806 133.220247
0.204856 250.906373
0.204906 375.669195
0.204956 491.011605
0.205006 582.990928
0.205056 638.537311
0.205106 645.495306
0.205156 600.0073
0.205206 498.619979
0.205256 355.812325
0.205306 145.189999
0.205356 -47.188137
0.205406 -195.196865
0.205456 -281.08699
0.205506 -300.831827
0.205556 -262.290867
0.205604 -257633.228472
0.205652 -103486.703144
0.2057 -43223.292602
0.205749 -18668.193971
0.205798 -8228.395427
0.205847 -3606.76185
0.205897 -1486.998218
0.205946 -488.148393
0.205996 -11.025946
0.206045 214.665787
0.206095 314.758598
0.206145 351.984477
0.206195 356.428765
0.206245 336.194907
0.206294 298.11944
0.206344 249.562573
0.206394 200.282002
0.206444 164.929088
0.206494 127.538873
0.206544 122.95228
0.206594 156.860162
0.206644 226.372792
0.206694 334.32262
0.206744 491.08353
0.206794 660.30383
0.206844 804.240317
0.206894 876.820629
0.206944 855.513468
0.206994 729.667756
0.207044 610.4201
0.207094 531.37626
0.207144 490.969637
0.207194 468.6821
0.207244 446.4067
0.207294 421.218391
0.207344 409.178898
0.207394 434.668784
0.207444 505.630371
0.207494 617.334669
0.207544 674.92089
0.207594 639.1862
0.207644 536.149072
0.207694 408.016444
0.207744 291.775125
0.207794 210.532269
0.207844 170.277944
0.207894 147.224221
0.207944 111.380551
0.207994 -12.820762
0.208044 25.97164
0.208094 220.441658
0.208144 511.07871
0.208194 867.30538
0.208244 1143.427902
0.208294 1308.739346
0.208344 1373.230686
0.208394 1365.84666
0.208444 1340.768549
0.208494 1215.800073
0.208544 1003.308462
0.208594 735.588095
0.208644 474.73858
0.208694 263.733963
0.208744 117.336172
0.208794 59.782006
0.208844 115.932659
0.208894 297.010777
0.208944 560.438487
0.208994 888.299588
0.209044 1207.872077
0.209094 1459.378954
0.209144 1614.953372
0.209194 1685.806849
0.209244 1675.990822
0.209294 1605.520573
0.209344 1497.574334
0.209392 -27252.055124
0.20944 -10491.044705
0.209488 -4124.566172
0.209537 -1742.592612
0.209586 -900.671133
0.209635 -584.177559
0.209685 -381.832498
0.209734 53.971008
0.209784 315.197101
0.209833 440.398874
0.209883 531.595673
0.209933 657.861749
0.209983 846.782885
0.210033 1097.810452
0.210083 1343.185751
0.210132 1487.538161
0.210182 1503.471913
0.210232 1382.367795
0.210282 1175.425021
0.210332 958.931303
0.210382 736.228347
0.210432 576.909103
0.210482 465.554444
0.210532 407.562515
0.210582 469.617046
0.210632 685.067368
0.210682 982.784009
0.210727 -17275.106591
0.210774 -5647.720655
0.210821 -1412.519489
0.210868 162.63182
0.210916 936.450427
0.210965 1418.210231
0.211013 1716.587532
0.211062 1885.33501
0.211112 2001.926702
0.211161 2069.831054
0.21121 2102.376661
0.21126 2041.348833
0.21131 1868.167856
0.211359 1584.766321
0.211409 1190.745333
0.211459 900.93602
0.211509 523.160634
0.211559 205.46489
0.211609 25.964984
0.211659 -9.682388
0.211709 73.196008
0.211759 247.782793
0.211808 538.340298
0.211858 975.111134
0.211906 -10498.065981
0.211954 -3139.17348
0.211982 -9388.341852
0.212014 -1740.896387
0.212041 1801.925088
0.212073 2043.252521
0.212108 2111.180267
0.212147 1961.982081
0.212187 1662.181818
0.21223 1125.744962
0.212274 533.665582
0.212317 -75.283493
0.212361 -134.94431
0.212407 95.178366
0.212453 317.79416
0.212501 539.747434
0.212548 779.460495
0.212597 1119.8429
0.212645 1674.77759
0.212694 2250.076076
0.212743 2632.053845
0.212792 2788.363393
0.212842 2703.695897
0.212891 2412.95217
0.212941 2144.448652
0.212991 1969.469538
0.21304 1906.3405
0.21309 1876.065487
0.21314 1735.420352
0.21319 1389.902354
0.21324 1116.575954
0.213285 1790.57551
0.213331 1016.61533
0.213378 873.790952
0.213425 919.254928
0.213473 903.5352
0.213522 803.220967
0.213559 -58142.31844
0.213599 -19098.190558
0.21364 -5541.692671
0.213684 -482.336752
0.213729 1370.273958
0.213774 1953.47267
0.213819 12209.669929
0.213864 5906.851629
0.213904 1161.846176
0.213946 1689.512323
0.213985 -897.108876
0.214027 1102.266575
0.21407 1660.414742
0.214114 1521.691207
0.214158 1806.285319
0.214203 474.712373
0.214214 -14656.178007
0.214232 -5227.927068
0.214257 -1899.020451
0.214287 -514.671756
0.214321 122.252679
0.214357 825.31742
0.214395 571.700057
0.214436 364.049382
0.214478 564.298072
0.214522 1308.180742
0.214567 2697.763431
0.214614 3576.176767
0.214661 3778.972281
0.214708 3460.884107
0.214756 3016.919459
0.214805 2584.572324
0.214853 2183.687343
0.214902 1843.502028
0.214952 1606.16821
ENDATA
