XYDATA, head_x_accel
0.0 0.0
1e-06 -0.009773266100044357
6e-06 -0.009366399331066165
3e-05 0.011275512025003443
6.9e-05 0.020485792803862684
0.000121 0.022259079298231305
0.000182 0.02246526591649544
0.000251 0.018677020185282434
0.000326 0.012235370896279565
0.000406 0.006721255474601419
0.00049 0.0018063252996691022
0.000577 -0.005399091432854237
0.000667 -0.015230073470553145
0.000759 -0.024483080358736167
0.000852 -0.027093859778823556
0.000947 -0.020114310187474827
0.001043 -0.005647800217199553
0.001139 0.010118338066516089
0.001237 0.02028501068152733
0.001335 0.02072348865310784
0.001433 0.011877654448766909
0.001531 -0.0017024162175666515
0.00163 -0.013755869741450955
0.00173 -0.019200236574161412
0.001829 -0.016426710446482747
0.001928 -0.007064389980268492
0.002028 0.004871286321016861
0.002127 0.014934457740410845
0.002227 0.019918626646204363
0.002327 0.018793981634911004
0.002427 0.012710048793420792
0.002527 0.004113127316667771
0.002626 -0.0042883145620573795
0.002726 -0.01031922216047274
0.002826 -0.012779797382388481
0.002926 -0.011492813549989038
0.003026 -0.007142704185425197
0.003126 -0.000906629684958676
0.003226 0.005923531481188786
0.003326 0.012052943665777815
0.003426 0.016352169191314058
0.003526 0.018127801032972523
0.003626 0.01728215037754993
0.003726 0.014358827938184804
0.003826 0.010405490152090673
0.003926 0.006762350037984429
0.004026 0.00471934860528315
0.004126 0.005097153462191473
0.004226 0.007899435587076117
0.004326 0.012256784936752103
0.004426 0.016740885011701245
0.004526 0.019921277908358105
0.004626 0.02089357731743256
0.004726 0.01960139293234693
0.004826 0.016826337230348792
0.004926 0.013863041915434934
0.005026 0.012025615271270006
0.005126 0.012117491702059316
0.005226 0.01426990868441313
0.005326 0.017691158550575375
0.005426 0.02167661739737831
0.005526 0.025364217138370393
0.005626 0.028127444132297987
0.005726 0.02963050583022745
0.005826 0.029889411776702547
0.005926 0.02927064797866754
0.006026 0.028380027838252615
0.006126 0.02782876925351675
0.006226 0.02808645154053627
0.006326 0.02938047141480526
0.006426 0.03166208644134338
0.006526 0.03463099019542862
0.006626 0.03783289910417931
0.006726 0.040811592133909134
0.006826 0.04321180015601658
0.006926 0.04481989262388278
0.007026 0.045612721979473116
0.007126 0.04575303493037888
0.007226 0.04553450974593771
0.007326 0.04529691586831385
0.007426 0.04539021990180133
0.007526 0.04605874585102966
0.007626 0.047323091983500994
0.007726 0.04913757501287392
0.007826 0.051355865662586105
0.007926 0.05374281737392484
0.008026 0.05604339912202435
0.008126 0.05801604013603014
0.008226 0.05938959787491141
0.008326 0.0603696471272045
0.008426 0.06115686804362347
0.008526 0.06195724329918984
0.008626 0.06295625927304431
0.008726 0.06428189034991562
0.008826 0.06598114544722204
0.008926 0.06802261730560386
0.009026 0.07031789652939587
0.009126 0.07274543294601113
0.009226 0.0751815349788154
0.009326 0.07752270143219142
0.009426 0.07970071329149098
0.009526 0.08168487709870344
0.009626 0.08348284072542612
0.009726 0.08513967562827265
0.009826 0.08672370279351257
0.009926 0.08832608485058609
0.010026 0.09004134949243627
0.010126 0.09194434388909567
0.010226 0.09407065613639724
0.010326 0.09640876344113435
0.010426 0.09889238424946338
0.010526 0.10141934299684399
0.010626 0.10387288217689018
0.010726 0.10614328032508553
0.010826 0.10814906211601313
0.010926 0.1098501527025029
0.011026 0.11125063094940679
0.011126 0.11234641799187287
0.011226 0.11328771802807279
0.011326 0.11425573462905274
0.011426 0.11540240551054641
0.011526 0.11685397153972049
0.011626 0.11871220039463018
0.011726 0.12083524955005023
0.011826 0.1230726088929451
0.011926 0.12530109670478706
0.012026 0.12740874814539113
0.012126 0.1294628644848139
0.012226 0.1315690883227198
0.012326 0.13376045846440937
0.012426 0.13606644470843765
0.012526 0.1385175365695727
0.012626 0.1410301173183503
0.012726 0.14359133853048697
0.012826 0.14624045928018234
0.012926 0.14899308122549496
0.013026 0.15183819143132465
0.013126 0.15474101757480893
0.013226 0.15765128764664793
0.013326 0.16051403894296218
0.013426 0.16328083494363518
0.013526 0.16591700529742573
0.013626 0.16840276750980204
0.013726 0.1707369998929298
0.013826 0.17293785339540005
0.013926 0.17503632739008734
0.014026 0.17706770405796066
0.014126 0.17906430840297147
0.014226 0.18105061361423117
0.014326 0.1830369188254909
0.014426 0.1850183293989283
0.014526 0.18698536197376273
0.014626 0.1889354672594617
0.014726 0.19090545701131376
0.014826 0.19294631703996779
0.014926 0.1950192981293306
0.015026 0.19708881218356933
0.015126 0.19904391407871191
0.015226 0.2009943252792748
0.015326 0.20307505621185626
0.015426 0.20535707912487955
0.015526 0.20790687951543088
0.015626 0.21082561323183757
0.015726 0.2138586571357191
0.015826 0.21676943706566465
0.015926 0.21939846940596433
0.016026 0.2216266513029424
0.016126 0.22362590691010692
0.016226 0.2256131298659583
0.016326 0.22766224959593745
0.016426 0.22982272233637382
0.016526 0.23213166575741973
0.016626 0.23442908638525897
0.016726 0.23665879785655652
0.016826 0.23885179954418687
0.016926 0.24101859452514368
0.017026 0.2431603044872612
0.017126 0.2452734623954154
0.017226 0.24735480515772462
0.017326 0.24938067535804787
0.017426 0.25134526061397117
0.017526 0.25323612038769616
0.017626 0.2549278295850265
0.017726 0.25656610565279686
0.017826 0.25831165586617244
0.017926 0.2602557448262149
0.018026 0.2624720980151224
0.018126 0.26505065440287967
0.018226 0.2676557234121744
0.018326 0.27001850784926557
0.018426 0.27200083616729465
0.018526 0.2734825857963729
0.018626 0.2747412215180516
0.018726 0.27606175401385796
0.018826 0.2774825246134001
0.018926 0.2790315755125349
0.019026 0.2807410277719711
0.019126 0.2823163873494007
0.019226 0.2838200608770579
0.019326 0.2854207094165694
0.019426 0.2872039891298252
0.019526 0.28922598440853914
0.019626 0.2915240168661062
0.019726 0.2937415937144693
0.019826 0.2955984969383021
0.019926 0.2969421769921431
0.020026 0.29768687574248087
0.020126 0.2980974134898258
0.020226 0.29847878735347955
0.020326 0.2989516297614374
0.020426 0.2995950706918265
0.020526 0.30046397087690496
0.020626 0.3013738636537452
0.020726 0.30225714183742663
0.020826 0.30314347916974704
0.020926 0.30403501705475366
0.021026 0.3049084039911693
0.021126 0.30560415636328414
0.021226 0.30625361361932973
0.021326 0.3070111607939511
0.021426 0.30796439150984284
0.021526 0.3091863174478543
0.021626 0.31076565391851446
0.021726 0.31232469803653645
0.021826 0.3135621236609851
0.021926 0.31431222690725175
0.022026 0.3144706908067485
0.022126 0.3143222201261389
0.022226 0.3141898609616944
0.022326 0.31418272294820354
0.022426 0.31436647580978216
0.022526 0.3147753820111863
0.022626 0.31503275838334194
0.022726 0.31522466897462437
0.022826 0.3155795302167407
0.022926 0.3161930934620895
0.023026 0.3171371467320645
0.023126 0.31849693830207054
0.023226 0.319847960312645
0.023326 0.3208591109094339
0.023426 0.32135724227947365
0.023526 0.321239567028496
0.023626 0.32082576618926956
0.023726 0.3204702931174254
0.023826 0.3202824613909949
0.023926 0.32031815145844916
0.024026 0.32059877736026066
0.024126 0.3207178802139365
0.024226 0.32079293132721165
0.024326 0.32100105540628043
0.024426 0.32143983929272485
0.024526 0.32221982022403167
0.024626 0.32347855791733165
0.024726 0.32475830176461895
0.024826 0.3257027629210791
0.024926 0.32611992882380836
0.025026 0.32591119291501175
0.025126 0.32532240877363827
0.025226 0.32478512030102025
0.025326 0.3245388588355861
0.025426 0.3247095593296386
0.025526 0.32539593031259406
0.025626 0.3264577608051679
0.025726 0.32741037969133197
0.025826 0.3279893745570608
0.025926 0.32806411975547206
0.026026 0.327546001947658
0.026126 0.3266133694992684
0.026226 0.3257859717640581
0.026326 0.3253431090127618
0.026426 0.32542723560033243
0.026526 0.3261356324534882
0.026626 0.3272946419011589
0.026726 0.3283582059112949
0.026826 0.3290192879321685
0.026926 0.32911922012104033
0.027026 0.328554807197157
0.027126 0.32750062457618045
0.027226 0.3265147629414734
0.027326 0.3259186368433665
0.027426 0.32588009157051595
0.027526 0.32651598660092895
0.027626 0.32766163776620966
0.027726 0.32875905635461655
0.027826 0.32948397261042256
0.027926 0.3296734358827938
0.028026 0.3292128300693917
0.028126 0.3282686748277954
0.028226 0.3273979391535336
0.028326 0.32690602805239305
0.028426 0.3269509975373854
0.028526 0.32763950992438806
0.028626 0.3287868946072308
0.028726 0.3298136468620783
0.028826 0.33040406254939253
0.028926 0.3304016152304814
0.029026 0.32970076427730166
0.029126 0.328486996068994
0.029226 0.32735011446314494
0.029326 0.32661377738575353
0.029426 0.32643920197009174
0.029526 0.32692387308612014
0.029626 0.3276931469971907
0.029726 0.3283490284653781
0.029826 0.32878342757210666
0.029926 0.32900195275654787
0.030026 0.3290090907700387
0.030126 0.3292370993152606
0.030226 0.3295550468304671
0.030326 0.3296752713719772
0.030426 0.3294437957916312
0.030526 0.3287712929491723
0.030626 0.327646342023015
0.030726 0.3264569450321976
0.030826 0.32551421739329944
0.030926 0.3249834551044445
0.031026 0.32497876440986473
0.031126 0.32518709243217614
0.031226 0.3252813142102553
0.031326 0.3251963718497142
0.031426 0.3249167656641157
0.031526 0.32443291032105764
0.031626 0.3240102379507783
0.031726 0.3237230858652037
0.031826 0.323494771405118
0.031926 0.3232711476396119
0.032026 0.3230188698485212
0.032126 0.3227218265156807
0.032226 0.32237573483299603
0.032326 0.3221676107539272
0.032426 0.3220611523812923
0.032526 0.32196193399376954
0.032626 0.32179592419429676
0.032726 0.32150887408034345
0.032826 0.3210682547047157
0.032926 0.32046029989853825
0.033026 0.3196923516185446
0.033126 0.3187684887295866
0.033226 0.3177020695140543
0.033326 0.3165181789907869
0.033426 0.3152486323056294
0.033526 0.31392809980982295
0.033626 0.312591965655958
0.033726 0.31127846920202107
0.033826 0.3100156526438692
0.033926 0.3088181998949692
0.034026 0.3077622837564306
0.034126 0.30681455950808895
0.034226 0.3059302616081944
0.034326 0.30506207522446505
0.034426 0.3041732905732335
0.034526 0.30324239164240596
0.034626 0.3022593852130952
0.034726 0.3012196825623429
0.034826 0.300119510740161
0.034926 0.29895540271142546
0.035026 0.2977252170720889
0.035126 0.2964290557937726
0.035226 0.29506957013863044
0.035326 0.29365155277286337
0.035426 0.29218713831940574
0.035526 0.2906840766214763
0.035626 0.2891387986723295
0.035726 0.2875531399611488
0.035826 0.2859276103460407
0.035926 0.2842642492594311
0.036026 0.28255163587973464
0.036126 0.2805965339845921
0.036226 0.27863694533811245
0.036326 0.2769234142138243
0.036426 0.27558524062753337
0.036526 0.2747028801884436
0.036626 0.2743844228151306
0.036726 0.27408584990797064
0.036826 0.2734132450938904
0.036926 0.27218826000724
0.037026 0.27030229487133733
0.037126 0.2679738748706235
0.037226 0.26586571357191296
0.037326 0.26431992576465974
0.037426 0.2633604747798688
0.037526 0.26307831930373776
0.037626 0.26320007341956736
0.037726 0.26300887662963396
0.037826 0.2621495617769575
0.037926 0.2604920130727619
0.038026 0.2579739258564342
0.038126 0.25493445774041085
0.038226 0.2520562067576594
0.038326 0.24962306190187272
0.038426 0.24775769503347222
0.038526 0.2465332198049283
0.038626 0.2457757746019283
0.038726 0.24488933529798657
0.038826 0.24350303110644309
0.038926 0.2414788944236819
0.039026 0.23883864520503947
0.039126 0.23585903443071796
0.039226 0.23313241524883627
0.039326 0.23092687105178633
0.039426 0.22932153181769516
0.039526 0.22833689384244366
0.039626 0.22752142678692522
0.039726 0.22645143856464747
0.039826 0.2250553450974594
0.039926 0.22334762635558525
0.040026 0.2213685611294377
0.040126 0.2196170965620268
0.040226 0.2184205615577185
0.040326 0.217505774143056
0.040426 0.2167012180510164
0.040526 0.2159107340427159
0.040626 0.21526239847450457
0.040726 0.21448629246480705
0.040826 0.21332687513065116
0.040926 0.21167289543320095
0.041026 0.20946510786048245
0.041126 0.20663488551136222
0.041226 0.20376020353535612
0.041326 0.2012485405311702
0.041426 0.19985305889370988
0.041526 0.19948545119893135
0.041626 0.19944976113147714
0.041726 0.19913793191354848
0.041826 0.19840322638209787
0.041926 0.19718058664273733
0.042026 0.19545716427118334
0.042126 0.19374138977122668
0.042226 0.19228860008259702
0.042326 0.19107574961888107
0.042426 0.19005154665456606
0.042526 0.18911656885888659
0.042626 0.18797683204764115
0.042726 0.186792329694646
0.042826 0.1857483442357992
0.042926 0.18491860115329903
0.043026 0.18434939556321475
0.043126 0.18414402471792102
0.043226 0.1837206385462926
0.043326 0.18270500119816657
0.043426 0.18099024641442288
0.043526 0.17857831165586618
0.043626 0.1760320802720603
0.043726 0.17389149199777704
0.043826 0.17229135331637205
0.043926 0.17122146706571562
0.044026 0.17061636746493453
0.044126 0.16980039055130958
0.044226 0.16880270020853197
0.044326 0.16786884410068678
0.044426 0.1671101752382312
0.044526 0.16660041910336354
0.044626 0.16643787633901486
0.044726 0.166029072109232
0.044826 0.16497397174366374
0.044926 0.1631422555102915
0.045026 0.1605139369713409
0.045126 0.15743694329868
0.045226 0.15471144580463259
0.045326 0.15272830171363308
0.045426 0.15159519305777205
0.045526 0.15129804775331027
0.045626 0.15143805478935213
0.045726 0.1511622215537416
0.045826 0.15004920130727617
0.045926 0.14796663488551137
0.046026 0.14495031432752267
0.046126 0.14143983929272486
0.046226 0.1383132874121132
0.046326 0.13602004762074715
0.046426 0.13471715621542524
0.046526 0.13442663906634786
0.046626 0.13445977984326962
0.046726 0.13413632586051302
0.046826 0.13325029444305653
0.046926 0.13176568960858195
0.047026 0.12971463241779813
0.047126 0.127567925846237
0.047226 0.12555673955938063
0.047326 0.12368617213829391
0.047426 0.12194816782489433
0.047526 0.12031968103276858
0.047626 0.11875329495801319
0.047726 0.1172471741114448
0.047826 0.11569659363799055
0.047926 0.11414091458347142
0.048026 0.11251354947917995
0.048126 0.11078747584547222
0.048226 0.10899369305522273
0.048326 0.10717727256504515
0.048426 0.10536176981945926
0.048526 0.10354025074821677
0.048626 0.10146777951696044
0.048726 0.09940326207216532
0.048826 0.09757531878878109
0.048926 0.09581212748492095
0.049026 0.09448568063507926
0.049126 0.09360026104735053
0.049226 0.09284179612813755
0.049326 0.09191252874325076
0.049426 0.09064991612834149
0.049526 0.08896085819316485
0.049626 0.08728964529171532
0.049726 0.08582757618554757
0.049826 0.0845501776855501
0.049926 0.08345959119577023
0.050026 0.08255438911350972
0.050126 0.08181805203611835
0.050226 0.08136580789566264
0.050326 0.0812525174244008
0.050426 0.08141098132389757
0.050526 0.08177226677815563
0.050626 0.08225581620634978
0.050726 0.08277546358848333
0.050826 0.08322158943166118
0.050926 0.08359541739533889
0.051026 0.08395894622526551
0.051126 0.08403481311151108
0.051226 0.08409620002753235
0.051326 0.08440649967114153
0.051426 0.08505045045963709
0.051526 0.08605395318482867
0.051626 0.08722275190814396
0.051726 0.08808216873244176
0.051826 0.0884137804449022
0.051926 0.08819097245236651
0.052026 0.08750439752616848
0.052126 0.08674797203938145
0.052226 0.08600674032416779
0.052326 0.0852389959874167
0.052426 0.08452927350318408
0.052526 0.08396486057930079
0.052626 0.08332774188943218
0.052726 0.08296064405276013
0.052826 0.08315214675755737
0.052926 0.08397464985494538
0.053026 0.08535442786272582
0.053126 0.08700392080883891
0.053226 0.08835198564239573
0.053326 0.08913145671559605
0.053426 0.08919712643971182
0.053526 0.08839746498549454
0.053626 0.08691031086048753
0.053726 0.0853505529411165
0.053826 0.0841489193557433
0.053926 0.08357318758189597
0.054026 0.08377651899476377
0.054126 0.08459218999352482
0.054226 0.08547546817720629
0.054326 0.08610269561980902
0.054426 0.08630541520294903
0.054526 0.08601581579846329
0.054626 0.08572336118858123
0.054726 0.08560833719975731
0.054826 0.08558743301739127
0.054926 0.08560701156868045
0.055026 0.08561476141189907
0.055126 0.08525133455359374
0.055226 0.08482223797117262
0.055326 0.08465806366088317
0.055426 0.08491023948035262
0.055526 0.0856265901199696
0.055626 0.08628808002732839
0.055726 0.08675286667720375
0.055826 0.0870683668734991
0.055926 0.08722672880137458
0.056026 0.08726996476880484
0.056126 0.08761299730285062
0.056226 0.08793196453427012
0.056326 0.08791126429514666
0.056426 0.08746901337357814
0.056526 0.08661734639249898
0.056626 0.08568644746167142
0.056726 0.0853637072802639
0.056826 0.08599919442419175
0.056926 0.08771354132145025
0.057026 0.09047217959241943
0.057126 0.09356110394477218
0.057226 0.09663789367419048
0.057326 0.09966940800375257
0.057426 0.10257019471481088
0.057526 0.1053130273844789
0.057626 0.10827591481290759
0.057726 0.11108798621343681
0.057826 0.11338224572101586
0.057926 0.11504958370085605
0.058026 0.11618146869726156
0.058126 0.11689894102471284
0.058226 0.11790998964988043
0.058326 0.11972273916169132
0.058426 0.1225968093079696
0.058526 0.12657971886424008
0.058626 0.13100345173938094
0.058726 0.13561797351796995
0.058826 0.14028939546124314
0.058926 0.14490014428984413
0.059026 0.14936721510403655
0.059126 0.15365083897151424
0.059226 0.15775672630306986
0.059326 0.16173688262556532
0.059426 0.16564443515369673
0.059526 0.1695743194668924
0.059626 0.17404669280539226
0.059726 0.1786001335828239
0.059826 0.18272967833052062
0.059926 0.1862421927977444
0.060026 0.18903621522130393
0.060126 0.1909691892746249
0.060226 0.1933291185063197
0.060326 0.1970015244757384
0.060426 0.20235034389929282
0.060526 0.20950997537385346
0.060626 0.21773775958150848
0.060726 0.22534800365058408
0.060826 0.2315880550442812
0.060926 0.23567477171103282
0.061026 0.23728806473158523
0.061126 0.23739156592720245
0.061226 0.2379756593739962
0.061326 0.24011420821585353
0.061426 0.24463348850015043
0.061526 0.2519898232321945
0.061626 0.26137376168212384
0.061726 0.270658991602637
0.061826 0.27857943334370044
0.061926 0.28452193154645067
0.062026 0.28820769579825933
0.062126 0.2908681353979188
0.062226 0.2938730351343221
0.062326 0.2976750470344104
0.062426 0.3026098616754957
0.062526 0.3087598721275869
0.062626 0.3146049874319977
0.062726 0.3203336511448864
0.062826 0.32661438921548136
0.062926 0.3337221171348014
0.063026 0.34175758286468877
0.063126 0.350879862134368
0.063226 0.35943589299098067
0.063326 0.3658932459096634
0.063426 0.37037928344541715
0.063526 0.37307531114090947
0.063626 0.3745035256688064
0.063726 0.37686967516940034
0.063826 0.3815262092559641
0.063926 0.3887182677060974
0.064026 0.3981099559992454
0.064126 0.4089848215241699
0.064226 0.4195246083015098
0.064326 0.4286193552334385
0.064426 0.4360321822436816
0.064526 0.4415726063436546
0.064626 0.44587805213808995
0.064726 0.45057853599343306
0.064826 0.4566706265646271
0.064926 0.4645655754003661
0.065026 0.4744130768407152
0.065126 0.48530996823584
0.065226 0.4957599180148165
0.065326 0.5041017064950825
0.065426 0.512043766219861
0.065526 0.5201537732049171
0.065626 0.5289995054376367
0.065726 0.5384627778089358
0.065826 0.5479612303895826
0.065926 0.5572514569195393
0.066026 0.5665936889763579
0.066126 0.5762766082199324
0.066226 0.586482437937522
0.066326 0.5972374868074216
0.066426 0.6084346846272684
0.066526 0.6198679467504193
0.066626 0.6310766673634728
0.066726 0.6421157071986867
0.066826 0.6531253792069668
0.066926 0.6641964381312682
0.067026 0.6754256550402024
0.067126 0.68672349885027
0.067226 0.6978099554893873
0.067326 0.7086026318875457
0.067426 0.7191335471338327
0.067526 0.7294762227672039
0.067626 0.7399003737259922
0.067726 0.7508888356370422
0.067826 0.7626638046631623
0.067926 0.7753019634635682
0.068026 0.7887336654209134
0.068126 0.8026007862012002
0.068226 0.816245608847058
0.068326 0.8293422320568187
0.068426 0.8417065970540399
0.068526 0.8532546792227724
0.068626 0.8641948065853274
0.068726 0.8750720174575415
0.068826 0.8862717645679208
0.068926 0.8980438783886444
0.069026 0.9103460406968742
0.069126 0.92273905971968
0.069226 0.9351655254342717
0.069326 0.9476046356299044
0.069426 0.9599781780730424
0.069526 0.9722210948692979
0.069626 0.9843366491105526
0.069726 0.9964174310289446
0.069826 1.0086309799982667
0.069926 1.021180321516522
0.070026 1.0342622608128158
0.070126 1.0481439635349483
0.070226 1.0627155042751601
0.070326 1.0777819132935305
0.070426 1.0933359506049467
0.070526 1.1093146997190682
0.070626 1.125476997751526
0.070726 1.1419577531572964
0.070826 1.1587013914027726
0.070926 1.1754533913211953
0.071026 1.1917164373154951
0.071126 1.2072041930730677
0.071226 1.221702212274324
0.071326 1.2344323494771405
0.071426 1.2455577592755935
0.071526 1.2572449307357763
0.071626 1.2705478425354224
0.071726 1.285823599292317
0.071826 1.303009590430983
0.071926 1.3219507171154268
0.072026 1.3424199905166392
0.072126 1.3639957579805542
0.072226 1.3861819275695575
0.072326 1.4085981451362088
0.072426 1.4308417247480028
0.072526 1.4526540663733285
0.072626 1.4741706902968905
0.072726 1.495620726751745
0.072826 1.5172182141709964
0.072926 1.5401935421372233
0.073026 1.568857458969169
0.073126 1.600127974384729
0.073226 1.6340899287728226
0.073326 1.6747351032207738
0.073426 1.7143636206043857
0.073526 1.7486505585495558
0.073626 1.77577827290665
0.073726 1.7957462538175626
0.073826 1.8108395833439555
0.073926 1.824068259803297
0.074026 1.8383989435740036
0.074126 1.856170965620268
0.074226 1.878868930776565
0.074326 1.9069480403603678
0.074426 1.940427057149995
0.074526 1.9781852110557634
0.074626 2.0187570679080014
0.074726 2.06029306643961
0.074826 2.101229981696094
0.074926 2.1402055747885367
0.075026 2.1762998577495885
0.075126 2.2091771400019375
0.075226 2.2388110108956676
0.075326 2.2653806345693996
0.075426 2.288945154563485
0.075526 2.309380981272912
0.075626 2.326513845196882
0.075726 2.340274507604534
0.075826 2.351023744092019
0.075926 2.3599110807462282
0.076026 2.3691788735194996
0.076126 2.3810692744209287
0.076226 2.3970603621012274
0.076326 2.418248331489347
0.076426 2.444863434506177
0.076526 2.475936023004798
0.076626 2.509531593357569
0.076726 2.54335190916368
0.076826 2.5756254174463247
0.076926 2.6052166642023526
0.077026 2.632067933494109
0.077126 2.656919845207079
0.077226 2.681799391229421
0.077326 2.7081350920038956
0.077426 2.7368538695680993
0.077526 2.7683535152167154
0.077626 2.8025278764919723
0.077726 2.838811010895668
0.077826 2.8768945562449972
0.077926 2.916928614766511
0.078026 2.9592089041619722
0.078126 3.0042756700810167
0.078226 3.0525636175452373
0.078326 3.1038903193241323
0.078426 3.157669438595239
0.078526 3.2125534203831076
0.078626 3.266681792457159
0.078726 3.318387522752418
0.078826 3.366455313486257
0.078926 3.4104258844763504
0.079026 3.4511370345632812
0.079126 3.489248418165225
0.079226 3.5257451831155393
0.079326 3.5620196499314245
0.079426 3.6000220258702003
0.079526 3.641798167569965
0.079626 3.6891306409426257
0.079726 3.7430470140159997
0.079826 3.802562036985107
0.079926 3.8656027287605865
0.080026 3.929536080108906
0.080126 3.9913427113234388
0.080226 4.048214221982023
0.080326 4.09844503474683
0.080426 4.141700886643247
0.080526 4.178776748430912
0.080626 4.211252262495347
0.080726 4.241562205238282
0.080826 4.272611034349141
0.080926 4.307337368010483
0.081026 4.348763645077575
0.081126 4.399288034140099
0.081226 4.459296293841424
0.081326 4.527345117853701
0.081426 4.6001998643777435
0.081526 4.673724462482092
0.081626 4.743911631392984
0.081726 4.807614424905549
0.081826 4.863371487714969
0.081926 4.911732650803281
0.082026 4.955352847302596
0.082126 4.99881039906594
0.082226 5.047775947953685
0.082326 5.1084670096312195
0.082426 5.186041614618652
0.082526 5.283058332865964
0.082626 5.397906318671514
0.082726 5.524871796179124
0.082826 5.654940372094447
0.082926 5.779073893735374
0.083026 5.888856337281335
0.083126 5.979231032003794
0.083226 6.065566528835026
0.083326 6.15531623949055
0.083426 6.236741088954944
0.083526 6.311290297910092
0.083626 6.387847226116972
0.083726 6.4763159692657535
0.083826 6.567260685351267
0.083926 6.698483580019681
0.084026 6.853903932535576
0.084126 7.019134158963561
0.084226 7.183482432838941
0.084326 7.346522104898207
0.084426 7.50816445983083
0.084526 7.671575716478104
0.084626 7.8408579892216
0.084726 8.017832389246072
0.084826 8.200774780378621
0.084926 8.394297644965407
0.085026 8.600151427857627
0.085126 8.820304589232817
0.085226 9.027837436841327
0.085326 9.216560191298761
0.085426 9.395565662076246
0.085526 9.581497657202002
0.085626 9.79273513381226
0.085726 10.0428583665166
0.085826 10.341403027537437
0.085926 10.678255571474459
0.086026 11.041537528105929
0.086126 11.419880795174704
0.086226 11.79784248443658
0.086326 12.16640840654046
0.086426 12.525073088159566
0.086526 12.883718905028731
0.086626 13.250391112153489
0.086726 13.630904641238343
0.086826 14.031490978060807
0.086926 14.453988568981252
0.087026 14.904417104719755
0.087126 15.355933983572372
0.087226 15.847231623439198
0.087326 16.377001116589256
0.087426 16.94970117216379
0.087526 17.576724671523916
0.087626 18.289669764904428
0.087726 19.063294805055754
0.087826 19.858843641814484
0.087926 20.6737517908766
0.088026 21.516047477986877
0.088126 22.38384524786752
0.088226 23.262536748023027
0.088326 24.13274369942845
0.088426 24.9764200822911
0.088526 25.790977958834056
0.088626 26.588052087104156
0.088726 27.387121392116576
0.088826 28.207612181529882
0.088926 29.06684351944854
0.089026 29.97369682817272
0.089126 30.928867860074543
0.089226 31.93072404949703
0.089326 32.965630057155096
0.089426 34.02129565142021
0.089526 35.10942013837549
0.089626 36.231413377657
0.089726 37.31626355585241
0.089826 38.30996874569807
0.089926 39.2037206385463
0.090026 40.02153559064513
0.090126 40.80539633819908
0.090226 41.65022010574457
0.090326 42.48350874151724
0.090426 43.282280187423844
0.090526 44.047688456302616
0.090626 44.77800696466174
0.090726 45.450581901056935
0.090826 46.076304752387415
0.090926 46.598196427934106
0.091026 46.968982986034995
0.091126 47.167888014765495
0.091226 47.19396644113943
0.091326 47.0536215731162
0.091426 46.75623704323087
0.091526 46.316605772613485
0.091626 45.75490967863644
0.091726 45.10728230333498
0.091826 44.42582441506529
0.091926 43.74068331183432
0.092026 43.1038810399066
0.092126 42.54132165418365
0.092226 41.98368148144372
0.092326 41.37974445911703
0.092426 40.6904624922884
0.092526 39.88567818776035
0.092626 38.957365053305665
0.092726 37.95110307801339
0.092826 36.901761661729545
0.092926 35.83919126307149
0.093026 34.753348493114366
0.093126 33.66905059321991
0.093226 32.61806508848588
0.093326 31.61713429152667
0.093426 30.666289099743544
0.093526 29.749102190860285
0.093626 28.84401401090077
0.093726 27.93025018737286
0.093826 26.996290476360432
0.093926 26.03942171893562
0.094026 25.06554847985806
0.094126 24.084097219743747
0.094226 23.110655728510757
0.094326 22.163226586041105
0.094426 21.2561907481148
0.094526 20.399365430600668
0.094626 19.59691219733548
0.094726 18.852488158545476
0.094826 18.16879301290451
0.094926 17.569764394568992
0.095026 17.04704725874789
0.095126 16.553448935161345
0.095226 16.060756221543546
0.095326 15.559876818281474
0.095426 15.044973869772043
0.095526 14.522626483049768
0.095626 14.01621654693499
0.095726 13.515300331917627
0.095826 13.021045311089924
0.095926 12.538737387385092
0.096026 12.074025584679784
0.096126 11.631713174223615
0.096226 11.222005985734171
0.096326 10.84887153105291
0.096426 10.514204136988678
0.096526 10.212941626345389
0.096626 9.932774698801325
0.096726 9.659192078844459
0.096826 9.386434001417406
0.096926 9.118048365139982
0.097026 8.836356655942652
0.097126 8.547668979722944
0.097226 8.251682072879118
0.097326 7.95538537624979
0.097426 7.669938154211683
0.097526 7.399479536844896
0.097626 7.145229002768531
0.097726 6.90368658002478
0.097826 6.688513814605396
0.097926 6.482011288258478
0.098026 6.284186037025896
0.098126 6.101183686580025
0.098226 5.9441696195948674
0.098326 5.825923429509568
0.098426 5.757669234651997
0.098526 5.719096939321787
0.098626 5.683898782968701
0.098726 5.628009259023214
0.098826 5.538137488336996
0.098926 5.406452662224103
0.099026 5.240388409905524
0.099126 5.050268950151174
0.099226 4.85425471491284
0.099326 4.661271892032447
0.099426 4.479180556051251
0.099526 4.312787547225607
0.099626 4.161685081041946
0.099726 4.022323423391271
0.099826 3.8920302039942283
0.099926 3.7688563372813344
0.100026 3.6641698235381095
0.100126 3.585443347116498
0.100226 3.5169553313312907
0.100326 3.4488012726058344
0.100426 3.3742675633371233
0.100526 3.2884154119908433
0.100626 3.210392743699429
0.100726 3.131058210500018
0.100826 3.046367006062213
0.100926 2.955712807125777
0.101026 2.8585246745830637
0.101126 2.7541583517307138
0.101226 2.6424977948636896
0.101326 2.5239801563224957
0.101426 2.3995556076743845
0.101526 2.2716676948805152
0.101626 2.1439136708254094
0.101726 2.0193877623857284
0.101826 1.9010081934197713
0.101926 1.790563852079966
0.102026 1.689849846787639
0.102126 1.598396088368607
0.102226 1.5152138599827667
0.102326 1.4395621338581472
0.102426 1.3702780256254685
0.102526 1.3052016743740218
0.102626 1.241732293902607
0.102726 1.1814577862980733
0.102826 1.1237215562908844
0.102926 1.0689816604039097
0.103026 1.0180650884858744
0.103126 0.9693809812729118
0.103226 0.922898951221875
0.103326 0.8778897992688636
0.103426 0.8370340534229326
0.103526 0.8011076157505367
0.103626 0.7732464195214472
0.103726 0.7468314867972244
0.103826 0.7212133603218225
0.103926 0.6945157622633621
0.104026 0.6620774678407
0.104126 0.6223809353856822
0.104226 0.5751084213263449
0.104326 0.52089337337419
0.104426 0.46373073373680107
0.104526 0.4047096613012599
0.104626 0.3468159871107871
0.104726 0.2926963845961669
0.104826 0.24641166963234132
0.104926 0.20926075673140168
0.105026 0.18278586469385572
0.105126 0.16726088929450936
0.105226 0.16220656391326294
0.105326 0.1655303289094645
0.105426 0.173490845497698
0.105526 0.18088643930394172
0.105626 0.18235360699117437
0.105726 0.17557045474244518
0.105826 0.15974435714540644
0.105926 0.1359519305777202
0.106026 0.1058764205921492
0.106126 0.07145049532715046
0.106226 0.03547195015627151
0.106326 0.0020979641365807896
0.106426 -0.023484676214609475
0.106526 -0.03880907343486308
0.106626 -0.04103225872239756
0.106726 -0.029607358272192852
0.106826 -0.004798580555031536
0.106926 0.03264774413280784
0.107026 0.08113402640045277
0.107126 0.13782943206905518
0.107226 0.20163990761371112
0.107326 0.26874284286683014
0.107426 0.33241382123355073
0.107526 0.39527636858662235
0.107626 0.45850825715203464
0.107726 0.5229914394823921
0.107826 0.5870010656034426
0.107926 0.6503174886429107
0.108026 0.71254026604396
0.108126 0.7745789846685668
0.108226 0.8385830023504459
0.108326 0.9060228518403329
0.108426 0.9786726354055667
0.108526 1.0577865020164887
0.108626 1.278267298210908
0.108726 1.5580174677387284
0.108826 1.827093655835581
0.108926 2.0517005297425728
0.109026 2.2242084707825813
0.109126 2.35563683826791
0.109226 2.46675888300286
0.109326 2.577823415743399
0.109426 2.71243574513213
0.109526 2.875061514380548
0.109626 3.074013348085228
0.109726 3.3047477986876252
0.109826 3.5535489693218376
0.109926 3.8147037979330354
0.110026 4.078185313027385
0.110126 4.3227345729683435
0.110226 4.540118898910433
0.110326 4.725111633432416
0.110426 4.86958278311146
0.110526 4.974174055360393
0.110626 5.053235814472832
0.110726 5.12833577215461
0.110826 5.216603529237813
0.110926 5.327952256886909
0.111026 5.462619039121413
0.111126 5.61478425354224
0.111226 5.777608255622461
0.111326 5.946114626299501
0.111426 6.119064410374593
0.111526 6.299037285923328
0.111626 6.490943594397679
0.111726 6.700063324376826
0.111826 6.930682139160672
0.111926 7.189275032758383
0.112026 7.480555847307695
0.112126 7.806559732426467
0.112226 8.16560782734165
0.112326 8.555176538369372
0.112426 8.98098127291175
0.112526 9.437141327568538
0.112626 9.913497881539568
0.112726 10.40631163547185
0.112826 10.914753356140986
0.112926 11.449351307531115
0.113026 12.010695191528198
0.113126 12.596580075764916
0.113226 13.283902250003825
0.113326 13.976186975164811
0.113426 14.537725624958574
0.113526 14.963607450046654
0.113626 15.285694911106239
0.113726 15.599381032258723
0.113826 15.96604059490244
0.113926 16.403609591450703
0.114026 16.908407560176002
0.114126 17.471723575328987
0.114226 18.087490529385672
0.114326 19.05259849183972
0.114426 20.135584220911323
0.114526 21.180093711919977
0.114626 22.208369422789637
0.114726 23.34866544640627
0.114826 24.71392758995172
0.114926 26.32102144973054
0.115026 28.083681073557234
0.115126 29.907889850254673
0.115226 31.649609295733
0.115326 33.23973048900491
0.115426 34.70506635803256
0.115526 36.13269352939078
0.115626 37.65168186893588
0.115726 39.375131466912755
0.115826 41.36810103348238
0.115926 43.660192318477776
0.116026 46.244118939699085
0.116126 49.09739768422448
0.116226 52.17283526994438
0.116326 55.43558564851402
0.116426 58.82283195586668
0.116526 62.2937402680834
0.116626 65.89436657778141
0.116726 69.60326706877477
0.116826 73.35824669994341
0.116926 77.1287919931883
0.117026 80.95090831221671
0.117126 84.91483054865832
0.117226 88.98361081511015
0.117326 93.06427301881888
0.117426 96.98728566839848
0.117526 100.6566067923297
0.117626 103.9934927829585
0.117726 106.95584006770916
0.117826 109.42613236936161
0.117926 111.3042684300959
0.118026 112.6068270000459
0.118126 113.38353260287663
0.118226 113.67439614955158
0.118326 113.50104316968587
0.118426 112.87577337826885
0.118526 111.79828340972708
0.118626 110.24278586469386
0.118726 108.31889860451837
0.118826 106.13455787654297
0.118926 103.77645097969236
0.119026 101.28359755879939
0.119126 98.58590976531232
0.119226 95.7573766780705
0.119326 92.75085334951284
0.119426 89.55129957732764
0.119526 86.16721989670275
0.119626 82.60559436708765
0.119726 78.8833113244584
0.119826 75.1001684571184
0.119926 71.23959945547155
0.120026 67.30419684601775
0.120126 63.335997511892444
0.120226 59.41639571107361
0.120326 55.62015764812653
0.120426 52.02804341951635
0.120526 48.684975501317986
0.120626 45.591591522079405
0.120726 42.7367973772899
0.120826 40.120313460763875
0.120926 37.74828091142235
0.121026 35.618973349716775
0.121126 33.716509205488116
0.121226 32.014112158586265
0.121326 30.532302264279853
0.121426 29.20433002095517
0.121526 27.975361107003923
0.121626 26.85754034252268
0.121726 25.914756313318005
0.121826 25.035518347243965
0.121926 24.15702100105541
0.122026 23.251267558238542
0.122126 22.31632116981844
0.122226 21.36427291684724
0.122326 20.41057496698669
0.122426 19.468676663284608
0.122526 18.54818159106321
0.122626 17.65720108293862
0.122726 16.79948902020568
0.122808 15.512679559278654
0.122893 13.592673542952998
0.122982 12.244163399325968
0.123072 11.142285082061663
0.123165 10.337457031708077
0.123259 9.637739289155828
0.123354 9.063198441873627
0.12345 8.613151993800125
0.123547 8.206587672650702
0.123645 7.843331718782664
0.123743 7.529382000989125
0.123841 7.231735404037058
0.12394 6.959500135112398
0.124039 6.712900735725248
0.124138 6.484220299490652
0.124238 6.2762542764348686
0.124337 6.08760820463665
0.124437 5.912121672538532
0.124536 5.737644251604778
0.124636 5.5604623393309645
0.124736 5.358911656885889
0.124836 5.111029352531191
0.124936 4.844655718313593
0.125036 4.542541642660848
0.125135 4.194393090402941
0.125235 3.8216554073001485
0.125335 3.4409972824562924
0.125435 3.064898104857418
0.125535 2.704311462120092
0.125635 2.3664250279147314
0.125735 2.0520581442184644
0.125835 1.7978107712623577
0.125935 1.5203977912946829
0.126035 1.266165000280422
0.126135 0.9698101798269542
0.126235 0.589229349472042
0.126335 -0.25908378498263934
0.126435 -0.7833445672069463
0.126535 -1.2719860502822065
0.126635 -1.8665355651522182
0.126735 -2.5443782535320425
0.126835 -3.117695747273534
0.126935 -3.634678814885817
0.127035 -4.139508802700209
0.127135 -4.637153666134715
0.127235 -5.0480212916745275
0.127335 -5.426235156755875
0.127435 -5.773143836070422
0.127535 -6.1174838502444775
0.127635 -6.400817302544702
0.127735 -6.607575165831349
0.127835 -6.7692872693529385
0.127935 -6.945853069090872
0.128035 -7.082717543707586
0.128135 -7.307488489953246
0.128235 -7.5651323336715395
0.128335 -7.9321331953317396
0.128435 -8.223217102680325
0.128535 -8.594124089265957
0.128635 -9.049265447425983
0.128735 -9.474643226789986
0.128835 -9.820648437539832
0.128935 -10.123208741007378
0.129035 -10.359685825434783
0.129135 -10.572146961500616
0.129235 -10.766454395741665
0.129335 -10.930767693350942
0.129435 -11.127999265804327
0.129535 -11.366704430157087
0.129635 -11.672932041012986
0.129735 -11.978476034119705
0.129835 -12.280435826709427
0.129935 -12.533114162328625
0.130035 -12.81582844294433
0.130135 -13.087191956478513
0.130235 -13.337992076805026
0.130335 -13.562491064736683
0.130435 -13.813547235804275
0.130535 -13.960972095465834
0.130635 -13.961883721760236
0.130735 -14.041198778379979
0.130835 -14.165347595764098
0.130935 -14.238596768519322
0.131035 -14.199090922996133
0.131135 -14.18025360342217
0.131235 -14.291451718986606
0.131335 -14.440385248785265
0.131435 -14.482188616907917
0.131535 -14.319831644853238
0.131635 -14.203588381353471
0.131735 -14.059834194143772
0.131835 -13.931243288992675
0.131935 -13.769107289441349
0.132035 -13.57399295376097
0.132135 -13.360958533240199
0.132235 -13.125612110149747
0.132335 -12.869647637062606
0.132435 -12.646380364344603
0.132535 -12.342869481423321
0.132635 -11.996571714091969
0.132735 -11.615891155491427
0.132835 -11.245083285321696
0.132935 -10.781938072634386
0.133035 -10.388643522507687
0.133135 -9.965506875436567
0.133235 -9.57022469446753
0.133335 -9.154314164368056
0.133435 -8.755111378503363
0.133535 -8.317989221599628
0.133635 -7.8382241642151
0.133735 -7.313885271728878
0.133835 -6.762827469115346
0.133935 -6.197152034588774
0.134035 -5.5734432247505525
0.134135 -4.898672125547461
0.134235 -4.208439681236713
0.134335 -3.5861830492573916
0.134435 -2.904558335415254
0.134535 -2.1776274262872644
0.134635 -1.4864815201929305
0.134735 -0.8460187729754809
0.134835 -0.17573850397434396
0.134935 0.5063501807446988
0.135035 1.2217977596834801
0.135135 1.9617359648809736
0.135235 2.76443229849133
0.135335 3.6812972829661508
0.135435 4.705801573422116
0.135535 5.896043908980131
0.135635 7.22082892730953
0.135735 8.932003997287556
0.135835 10.814039146905417
0.135935 12.694166101573932
0.136035 14.640305506977409
0.136135 16.737210260384536
0.136235 18.9987364696405
0.136335 21.237529329587577
0.136435 23.52578046529651
0.136535 25.866564423121048
0.136635 28.254439691433877
0.136735 30.861213564265068
0.136835 33.740007443928356
0.136935 36.95559553976129
0.137035 40.802287325437334
0.137135 45.10029265855312
0.137235 49.88013042170364
0.137335 55.21238455537824
0.137435 60.9863123492732
0.137535 67.02642594565933
0.137635 73.45879010671331
0.137735 80.11722504626964
0.137835 86.80935977117568
0.137935 93.56117083815575
0.138035 100.5670261506223
0.138135 108.00281145957081
0.138235 115.4840748879587
0.138335 122.93275287687437
0.138435 130.28281054182622
0.138535 137.58324789810996
0.138635 143.99562541744635
0.138735 149.99653571810967
0.138835 155.3941248030673
0.138935 159.9455405260716
0.139035 163.3172810286897
0.139135 165.6018255979361
0.139235 166.61551936696017
0.139335 166.8784060815875
0.139435 166.1560676683679
0.139535 164.52551075035817
0.139635 162.04287559972062
0.139735 158.67565631484757
0.139835 154.57679737728992
0.139935 149.52789872178573
0.140035 144.1240883482127
0.140135 138.0796451387579
0.140235 131.4833126500895
0.140335 124.56548250421909
0.140435 117.54276618417094
0.140535 110.37406219249183
0.140635 103.25860278484498
0.140735 96.30997863694535
0.140835 89.61528799335146
0.140935 83.21379574064538
0.141035 77.017063115335
0.141135 70.99305257146936
0.141235 65.31766719521957
0.141335 59.861733925448554
0.141435 54.58782163124003
0.141535 49.48191859605472
0.141635 44.46437570424151
0.141735 39.55270433838263
0.141835 34.83421984061836
0.141935 30.260675969877585
0.142035 25.793678473280888
0.142135 21.49416661143204
0.142235 17.299028312420653
0.142335 13.219103771420414
0.142435 9.21903198339902
0.142535 4.285537874809441
0.142635 0.7680310809501717
0.142735 -2.246637230858652
0.142835 -5.433883130324831
0.142935 -9.765497290104165
0.143035 -13.32121234060561
0.143135 -16.72992856887928
0.143235 -19.797465801267506
0.143335 -22.336487995390883
0.143435 -24.487810618304927
0.143535 -26.305960241264856
0.143635 -28.073659506559327
0.143735 -29.85016238980692
0.143835 -31.79814788944237
0.143935 -33.787665614659446
0.144035 -35.74709712287071
0.144135 -38.148152631122755
0.144235 -40.05416671340366
0.144335 -41.888473739758226
0.144435 -43.65837528615786
0.144535 -45.39570730065823
0.144635 -47.10396271917526
0.144735 -48.65690087848552
0.144835 -49.97440818220289
0.144935 -51.191004267512355
0.145035 -52.44939260603775
0.145135 -53.87549621940214
0.145235 -55.3501450546313
0.145335 -56.913250804301164
0.145435 -58.47345760274916
0.145535 -60.09630475238742
0.145635 -61.68088531761611
0.145735 -63.15207833459949
0.145835 -64.37544197049961
0.145935 -65.70732176635242
0.146035 -66.63666848516058
0.146135 -67.34979804520403
0.146235 -67.7956286805382
0.146335 -68.04929124624618
0.146435 -67.98406713811546
0.146535 -67.50980579504724
0.146635 -66.79181351429897
0.146735 -65.96060122467918
0.146835 -64.86499599761386
0.146935 -63.609911233703656
0.147035 -62.19483319992047
0.147135 -60.61831624458914
0.147235 -58.935350909841794
0.147335 -57.07543575023072
0.147435 -55.50781123013466
0.147535 -54.00388399708361
0.147635 -52.456454854613966
0.147735 -50.98891639856628
0.147835 -49.66405898038576
0.147935 -48.50448777105332
0.148035 -47.317720118491025
0.148135 -46.136150979182496
0.148235 -45.13371446926321
0.148335 -43.89921838752276
0.148435 -42.43837967093758
0.148535 -40.934611513615764
0.148635 -39.29561797351797
0.148735 -37.58207043179883
0.148835 -35.80252818240684
0.148935 -33.9296064405276
0.149035 -31.89964167172276
0.149135 -29.617806386482645
0.149235 -27.15688823400448
0.149335 -24.56012715861176
0.149435 -22.00220156730382
0.149535 -19.16989206303886
0.149635 -16.54303916220116
0.149735 -13.639591399713462
0.149835 -10.922167508782307
0.149935 -7.814346897258494
0.150035 -4.636851218305946
0.150135 -1.190047773704578
0.150235 2.3790598216516345
0.150335 6.0721141266385565
0.150435 9.959631168645766
0.150535 13.941267711195973
0.150635 17.951946587264768
0.150735 21.92562087970918
0.150835 25.91780363324887
0.150935 29.86370768815039
0.151035 33.85700142250412
0.151135 37.95557585923837
0.151235 42.597612232515694
0.151335 47.34323729306134
0.151435 52.03492466846477
0.151535 56.69123462140487
0.151635 61.490011369835784
0.151735 66.5095939999898
0.151835 71.58277005909255
0.151935 76.71839741399968
0.152035 81.69951369733803
0.152135 86.39753402028217
0.152235 90.86993458520494
0.152335 95.17875982114178
0.152435 99.42007545899976
0.152535 103.51717110328195
0.152635 107.36350415279429
0.152735 111.03285189131864
0.152835 114.69014923546777
0.152935 118.11153278642556
0.153035 121.01847858341026
0.153135 123.39344658981406
0.153235 125.22249167656642
0.153335 126.48174300092285
0.153435 127.18799222976246
0.153535 127.29560492115046
0.153635 126.7243962005374
0.153735 125.51827708748657
0.153835 123.72923760917337
0.153935 121.2981590043491
0.154035 118.2217762436714
0.154135 114.52567206946308
0.154235 110.31097683714623
0.154335 105.77700845854599
0.154435 100.97630648590497
0.154535 95.98207685601098
0.154635 90.84838278107203
0.154735 85.58739284057248
0.154835 80.41167595458184
0.154935 75.4992708009361
0.155035 70.66350313307808
0.155135 66.07263163261665
0.155235 61.57661005542158
0.155335 56.97316198701902
0.155435 52.646366802118976
0.155535 48.4147955723922
0.155635 44.85085232979662
0.155735 41.1604208368811
0.155835 37.55102109282987
0.155935 34.1463295824772
0.156035 31.037792314398903
0.156135 27.804998750847645
0.156235 24.99734404715168
0.156335 21.98827530298318
0.156435 19.054142648101035
0.156535 16.181239974914984
0.156635 13.655314505972989
0.156735 11.494119092656513
0.156835 9.625232673746897
0.156935 7.812791524118838
0.157035 5.933753524394161
0.157135 3.8716872734318044
0.157235 1.8903656192481633
0.157335 -0.09043424614929665
0.157435 -1.9716919641263837
0.157535 -3.6609920819036064
0.157635 -5.272378131166096
0.157735 -6.486966803138687
0.157835 -7.618086298583104
0.157935 -8.70235788979927
0.158035 -9.688626187332067
0.158135 -10.63412041828759
0.158235 -11.599320053229187
0.158335 -12.417962810949714
0.158435 -13.264935936328921
0.158535 -14.034512703114723
0.158635 -14.761841097622533
0.158735 -15.322782805545216
0.158835 -15.813849275746561
0.158935 -16.288857968827276
0.159035 -16.751337816685616
0.159135 -17.035682011696146
0.159235 -17.182544701809487
0.159335 -17.4434616306282
0.159435 -17.623253302605885
0.159535 -17.694517597752547
0.159635 -17.868660551768443
0.159735 -17.828602224001063
0.159799 -18.19449047330128
0.15987 -17.819319645342702
0.159946 -16.850145156602917
0.160028 -17.22699678279535
0.160113 -17.96749889105862
0.160201 -18.525844707417928
0.160291 -19.281384570673982
0.160384 -19.726070880473966
0.160478 -21.542404184915338
0.160573 -22.040994427250897
0.160669 -21.602448950457088
0.160766 -21.274536972360593
0.160863 -20.79208985739269
0.160961 -19.728169456440273
0.16106 -18.375240780490792
0.16114 -16.95298802343308
0.161225 -15.493027486450522
0.161313 -13.55605400417064
0.161403 -12.486169690975002
0.161495 -11.71546471017116
0.16158 -11.076295472969873
0.161668 -10.963215573106005
0.161759 -10.649147772175004
0.161851 -10.43973201857923
0.161945 -10.776276608219934
0.16204 -10.990783600923864
0.162136 -11.75180392896657
0.162233 -11.854900705133762
0.162331 -11.444877098703431
0.162429 -11.405238690072553
0.162527 -11.329966196407542
0.162626 -11.232210285877441
0.162725 -10.359043710135468
0.162824 -8.994895402609455
0.162924 -8.101685590900052
0.163014 -7.444790014938842
0.163106 -6.968871123166423
0.1632 -6.269486623872576
0.163295 -5.606310309840771
0.163391 -4.804336955025417
0.163488 -3.7432072114330586
0.163586 -3.053661342048508
0.163684 -2.167296783305206
0.163782 -1.3405248479348197
0.163881 -0.3085990628808003
0.16398 0.9593607399060843
0.164079 2.4093886291445092
0.164178 3.962541132802741
0.164278 5.528781897997788
0.164377 7.200647009937136
0.164477 8.88113688160585
0.164577 10.488184650211846
0.164677 11.721397317126645
0.164776 12.419628721326855
0.164876 12.958396802169958
0.164976 13.281636236635345
0.165076 13.870340126342839
0.165176 14.432534555633168
0.165276 15.100121142286103
0.165376 15.80246873295162
0.165476 16.597723993412632
0.165576 17.5311179658701
0.165676 18.75513615760734
0.165776 20.126742465571834
0.165876 21.70391377279703
0.165976 23.45325365950656
0.166076 25.078768182814724
0.166176 26.881522334334356
0.166276 28.63257932117492
0.166376 30.47346892159912
0.166476 32.07292806411976
0.166576 33.73960669545666
0.166676 35.30561710675919
0.166776 37.21826036414066
0.166876 38.88920518219779
0.166976 40.36184803169279
0.167076 41.58303987600251
0.167176 42.55795210392947
0.167276 43.466250452499075
0.167376 44.30423406565953
0.167476 44.85545114794553
0.167576 45.620163154594074
0.167676 46.34656890987238
0.167776 46.73327323805785
0.167876 46.981276174840545
0.167976 46.96937894184049
0.168076 46.87582324239165
0.168176 46.587285566426864
0.168276 46.31919207884446
0.168376 45.909960384025126
0.168476 45.460490891384936
0.168576 44.928295493364196
0.168676 44.354673104475026
0.168776 43.8016340952313
0.168876 43.165464761156976
0.168976 42.50051832175106
0.169076 41.809644679885594
0.169176 40.92990073062667
0.169276 40.01687222445994
0.169376 39.11411379013221
0.169476 38.08882656156792
0.169576 37.006355177354145
0.169676 35.923772848016405
0.169776 34.82551431936493
0.169876 33.73206783152249
0.169976 32.75330331968613
0.170076 31.792075173479223
0.170176 30.940686880841064
0.170276 30.147754839828078
0.170376 29.544467070814196
0.170476 29.004151060759792
0.170576 28.434598257304994
0.170676 28.01531634146217
0.170776 27.28988920783346
0.170876 26.94142444157791
0.170976 26.4898309820377
0.171076 26.08455639795445
0.171176 25.7510490330541
0.171276 25.446101268017113
0.171376 25.123942936680724
0.171476 24.75113142612411
0.171576 24.298073144243958
0.171676 23.76204840592863
0.171776 23.136781061830494
0.171876 22.413842647591178
0.171976 21.57318615429326
0.172076 20.676878444728832
0.172176 19.69149036623108
0.172276 18.502568257254005
0.172376 17.602228895698328
0.172476 16.82785793313721
0.172576 15.989760723590624
0.172676 15.340685147323502
0.172776 14.681655305328528
0.172876 14.26848505860819
0.172976 13.86909801002381
0.173076 13.46931398591772
0.173176 13.182428760076071
0.173276 12.864447390291282
0.173376 12.399765057384531
0.173476 11.986575436056148
0.173576 11.514347916974707
0.173676 11.133293428438867
0.173776 10.73198237930384
0.173876 10.356773311987276
0.173976 10.011925173224293
0.174076 9.6749382306904
0.174176 9.236284663978015
0.174276 8.794982996232148
0.174376 8.39125552558723
0.174476 7.983545043414418
0.174576 7.595739523690558
0.174676 7.227374689623878
0.174776 6.92584419755982
0.174876 6.697877052816201
0.174976 6.498780011522794
0.175076 6.343234743770809
0.175176 6.231245430396721
0.175276 6.111454880106867
0.175376 6.003027639407953
0.175476 5.87280896126608
0.175576 5.760819647891992
0.175676 5.660873488908037
0.175776 5.585315168788527
0.175876 5.547685295182351
0.175976 5.551409706678632
0.176076 5.57794608760382
0.176176 5.612421163190285
0.176276 5.629727684785324
0.176376 5.62463970876905
0.176476 5.619511861848848
0.176576 5.597483748272856
0.176676 5.55215675077626
0.176776 5.508527172887786
0.176876 5.464518056624842
0.176976 5.464568226662521
0.177076 5.506640493950534
0.177176 5.581584944909832
0.177276 5.649863510984893
0.177376 5.69273115691903
0.177476 5.676473413449037
0.177576 5.614536360530865
0.177676 5.529734007025845
0.177776 5.474198528549505
0.177876 5.480052311441726
0.177976 5.48791860625188
0.178076 5.4803649564326244
0.178176 5.448511877144591
0.178276 5.388473025956877
0.178376 5.308235839965738
0.178476 5.217308153140982
0.178576 5.090993560492116
0.178676 4.929801206324281
0.178776 4.757101048778125
0.178876 4.604932367322174
0.178976 4.498130860181612
0.179076 4.443395654989217
0.179176 4.429612660796501
0.179276 4.436096118450235
0.179376 4.44276496051149
0.179476 4.437302952588294
0.179576 4.418155945200451
0.179676 4.393090708855725
0.179776 4.375487755757573
0.179876 4.365609254944349
0.179976 4.41313343496505
0.180076 4.511968001305236
0.180176 4.644854155088638
0.180276 4.795412602672677
0.180376 4.954096556928207
0.180476 5.11906410445973
0.180576 5.290395394961583
0.180676 5.462839297823416
0.180776 5.622031172724631
0.180876 5.749393523782332
0.180976 5.830384687941346
0.181076 5.848870409365074
0.181176 5.799007918096394
0.181276 5.698183885424687
0.181376 5.589189376596494
0.181476 5.514329766026115
0.181576 5.497446018772976
0.181676 5.541152177349044
0.181776 5.640999219917098
0.181876 5.790939515532828
0.181976 5.979932290843459
0.182076 6.186140221176447
0.182176 6.382188820851157
0.182276 6.54838685993688
0.182376 6.677723687497769
0.182476 6.772210999678789
0.182576 6.856485242157109
0.182676 6.944336751082174
0.182776 7.046861466453887
0.182876 7.164312583807927
0.182976 7.288330673573545
0.183076 7.397618656727833
0.183176 7.455741359179741
0.183276 7.432773475141868
0.183376 7.3239781168900695
0.183476 7.161299628313441
0.183576 7.009685468534108
0.183676 6.945149158989055
0.183776 7.016448124486955
0.183876 7.24109293183707
0.183976 7.587690699678281
0.184076 8.063594193735884
0.184176 8.568739273860086
0.184276 9.008996038402513
0.184376 9.348165173632179
0.184476 9.60196509511403
0.184576 9.826757761315028
0.184676 10.102073796862335
0.184776 10.445233387548246
0.184876 10.84061121789806
0.184976 11.225949942131106
0.185076 11.51297160600205
0.185176 11.640639667980402
0.185276 11.589821498676919
0.185376 11.426140119204826
0.185476 11.26076284969893
0.185576 11.18347437708086
0.185676 11.26064435867498
0.185776 11.52865168023739
0.185876 11.93926692601449
0.185976 12.440236982047898
0.186076 12.916349925815647
0.186176 13.35625040151326
0.186276 13.705955142683791
0.186376 13.983897253394382
0.186476 14.228204228763135
0.186576 14.511364635222018
0.186676 14.893998664171763
0.186776 15.322021485420608
0.186876 15.679014750195021
0.186976 15.891608449368542
0.187076 15.958986402084301
0.187176 15.99199961250784
0.187276 15.880753876196255
0.187376 16.142048100013767
0.187476 16.54692693223476
0.187576 17.013584557417673
0.187676 17.569826597257986
0.187776 18.24597543503643
0.187876 19.047225097255435
0.187976 19.95062778828652
0.188076 21.011304573937075
0.188176 21.7561936033202
0.188276 22.41933983572372
0.188376 23.029497228921194
0.188476 23.473491457327427
0.188576 23.67194230445667
0.188676 23.624755242615983
0.188776 23.40532475412093
0.188876 22.92863414111853
0.188976 22.678493981125055
0.189076 22.893296385615884
0.189176 23.291491793833778
0.189276 23.88968628430708
0.189376 24.763631209434415
0.189476 25.860276037178856
0.189576 27.171918749012153
0.189676 28.093325345556337
0.189776 28.62964845283558
0.189876 29.101696705806773
0.189976 29.47887759836438
0.190076 29.59629822620365
0.190176 29.4199319849286
0.190276 28.947990394273276
0.190376 28.5156434664233
0.190476 28.235976097851967
0.190576 28.226137773857538
0.190676 28.65353550906783
0.190776 29.37337276236024
0.190876 30.35776508797602
0.190976 31.733125787093453
0.191076 32.96124956024739
0.191176 33.83230409976904
0.191276 34.379693881192864
0.191376 34.607263540556666
0.191476 34.62588722958401
0.191576 34.30347254159168
0.191676 33.62762268460688
0.191776 32.373941560063834
0.191876 31.437763048543594
0.191976 30.76579209006134
0.192076 30.5209523129713
0.192176 30.52502720092998
0.192276 30.878100370666846
0.192376 31.723183961903406
0.192476 32.620752856480046
0.192576 33.35229390260691
0.192676 33.57178180112475
0.192776 33.510446278800615
0.192876 33.2746868706439
0.192976 32.69612293698664
0.193076 31.72434684627268
0.193176 30.27682409385468
0.193276 28.84409273299241
0.193376 27.73059148638934
0.193476 27.08950426496306
0.193576 26.994046794777013
0.193676 27.276530925443453
0.193776 27.833998970086625
0.193876 28.929748690939313
0.193976 29.306643043241067
0.194076 29.246058337964545
0.194176 28.928432849138087
0.194276 28.288710008004777
0.194376 27.36535075688436
0.194476 26.10510133429867
0.194576 24.631363717477427
0.194676 22.58249697909072
0.194776 21.373979901393444
0.194876 20.740487832236287
0.194976 20.65841291368612
0.195076 20.813199920462136
0.195176 21.22631245124482
0.195276 22.01519927804092
0.195376 22.615780108395835
0.195476 22.336903019889565
0.195576 21.6441171042099
0.195676 20.74366536992755
0.195776 19.799546124313604
0.195876 18.788738356115495
0.195976 17.64074857367195
0.196076 15.826270948794951
0.196176 14.368313848256031
0.196276 13.671997471103792
0.196376 13.813640845752628
0.196476 14.28052627553752
0.196576 14.737506385972784
0.196676 15.226876456282216
0.196776 16.342623729815994
0.196876 16.32742659317912
0.196976 15.99445192802843
0.197076 15.398959481576277
0.197176 14.627843249223742
0.197276 13.823223017034358
0.197376 12.845033115284018
0.197476 11.627669285637808
0.197576 9.658838849148282
0.197676 8.539627293724157
0.197776 8.388928023331108
0.197876 9.026934172219871
0.197976 9.723631515349279
0.198076 10.068406030601684
0.198176 10.148832985780059
0.198276 10.442291710217047
0.198376 10.6306166733798
0.198476 11.037939663391679
0.198576 11.387378870460351
0.198676 11.3746868706439
0.198776 10.754954240234943
0.198876 9.71874044653373
0.198976 8.575138400983006
0.199076 7.356697852987514
0.199176 5.683045994299786
0.199276 4.003154084218362
0.199376 3.5919191568986353
0.199476 4.713976842244803
0.199576 6.246039371242984
0.199676 7.112692407702936
0.199776 6.9315594010186965
0.199876 6.123243411358619
0.199976 5.651056680925699
0.200076 5.837831777416345
0.200176 6.219750067556199
0.200276 7.117541056324026
0.200376 7.7644883828830435
0.200476 7.790054095945099
0.200576 7.291181188275303
0.200676 6.601737494455293
0.200776 5.884117104209898
0.200876 5.183000311013445
0.200976 4.380352719838069
0.201076 2.884733318717401
0.201176 1.9009884109252395
0.201276 1.442611289278194
0.201376 2.089857086772751
0.201476 3.612001549968644
0.201576 4.848776493501859
0.201676 5.171982481275461
0.201776 4.683018563933658
0.201876 3.784622373593429
0.201976 3.2345120912849956
0.202076 2.937032217933749
0.202176 3.543132772149511
0.202276 4.246650997027528
0.202358 4.189238730861201
0.202443 3.154023545247358
0.202531 1.512645398785518
0.202622 -1.7140912544038995
0.202715 -4.290055625519418
0.202809 -5.377245644537125
0.202904 -4.781200409925918
0.202991 -3.533669193863348
0.203081 -2.030252328776901
0.203173 -0.2829520784365711
0.203267 1.4695475009304912
0.203362 2.885913742205544
0.203458 3.7945604258334904
0.203554 4.13624030632275
0.203652 4.051106952934998
0.20375 3.7140809552701484
0.203848 3.1457815869843424
0.203946 2.368412148898962
0.204045 1.4478033783198136
0.204145 0.4724640932428505
0.204244 -0.4347746682098373
0.204343 -1.1284358063151025
0.204443 -1.482514722152825
0.204543 -1.3519066143892156
0.204642 -0.9027313098764614
0.204742 -0.4366875538537625
0.204842 0.015583609081592592
0.204942 0.4044365812994244
0.205042 0.7262094599073078
0.205141 0.9319178312675583
0.205241 1.0275839353907807
0.205341 1.0862905273462395
0.205441 1.160346193654306
0.205541 1.3424642462002825
0.205641 1.540985453748222
0.205741 1.6481697623551366
0.205841 1.6941824170333397
0.205941 1.5779985010171669
0.206041 1.3473085100416555
0.206141 1.0902040962000277
0.206241 0.8632810388868778
0.206341 0.7896669096990308
0.206441 0.8587924520605916
0.206541 1.035434730514498
0.206641 1.2396371849714225
0.206741 1.5588632203657724
0.206841 1.9252233943293584
0.206941 2.2463665981757277
0.207041 2.5135687518163694
0.207141 2.776885174855838
0.207241 3.0004894637822295
0.207341 3.114264300245242
0.207441 3.0569824557825562
0.207541 2.6986857897447143
0.207641 2.0906149398622365
0.207741 1.461204590762391
0.207841 0.9302797591430305
0.207941 0.7000870837645884
0.208041 0.6347081827127511
0.208141 0.7709858106488964
0.208241 1.283472541591675
0.208341 1.6652201312374768
0.208441 1.6699550815008184
0.208541 1.2827719965533593
0.208641 0.7101164006057115
0.208741 0.3153619227768912
0.208841 0.052173168207287915
0.208941 -0.09853446385870812
0.209041 -0.13477742144361224
0.209141 -0.11153961852416475
0.209241 -0.06086308780266453
0.209341 -0.0008117960771517286
0.209441 0.05352571979218184
0.209541 0.10412668954230038
0.209641 0.1507784003711767
0.209741 0.18734776911585507
0.209841 0.22484089877787014
0.209941 0.2515832623780802
0.210041 0.24704899226545254
0.210141 0.21577521375801118
0.210241 0.1652537818725049
0.210341 0.10216485752015214
0.210441 0.034099514105224514
0.210541 -0.028944032875650706
0.210641 -0.07167891175885752
0.210741 -0.0805777712062733
0.210841 -0.05327690903621523
0.210941 0.009986896646663234
0.211041 0.13950431594887142
0.211141 0.4072238735959782
0.211241 0.7111975037347107
0.211341 0.9846584715473684
0.211441 1.1807542840827399
0.211541 1.2996436091835644
0.211641 1.3424462991949342
0.211741 1.3144874141526413
0.211841 1.1818756660021517
0.211941 0.9886757455400162
0.212041 0.7752679049420547
0.212141 0.546596442210133
0.212241 0.3485926386686585
0.212341 0.2582853471878776
0.212441 0.24661347147088966
0.212541 0.2471920584501333
0.212641 0.22286162960847997
0.212741 0.14264585765781385
0.212841 -0.016815324295248634
0.212941 -0.19437208424895352
0.213041 -0.34818220289293494
0.213141 -0.45672324392121677
0.213241 -0.5113779935044077
0.213341 -0.508440089123197
0.213441 -0.44761126378528865
0.213541 -0.3451276429769595
0.213641 -0.2062198610126802
0.213741 0.015533235100671483
0.213841 0.3798031947708953
0.213941 0.8338295952236493
0.214041 1.3269013373578133
0.214141 1.7959263357007744
0.214241 2.19576725997155
0.214341 2.488013337888066
0.214441 2.6552363957110736
0.214541 2.7119549489377106
0.214641 2.697467024926963
0.214741 2.6520209245766906
0.214841 2.6001015637348126
0.214941 2.5514732349987
0.215041 2.4707802358603606
0.215141 2.2864302284674176
0.215241 1.9293401926243927
0.215341 1.5869975985683185
0.215441 1.3570395598904825
0.215541 1.3450992948662388
0.215641 1.6411931699408056
0.215741 2.2745033217255637
0.215841 3.2001610131900295
0.215941 4.3097461416487794
0.216041 5.45178669576257
0.216141 6.461530797978923
0.216241 7.431956988370136
0.216341 8.169274318957035
0.216441 8.33773775958151
0.216541 8.030603009182546
0.216641 7.501755747375506
0.216741 7.081565264386922
0.216841 7.05419108462115
0.216941 7.575810190024116
0.217041 8.649746345592023
0.217141 10.154190472791424
0.217241 11.878432900123896
0.217341 13.556437213523475
0.217441 14.92397026507523
0.217541 15.783407279754046
0.217641 16.05901311864908
0.217741 15.756965732436663
0.217841 14.970349405760377
0.217941 13.895132690572215
0.218041 12.760847078258122
0.218141 11.769763884710885
0.218241 11.047803990149543
0.218341 10.617195270556206
0.218441 10.424049089138494
0.218541 10.399892521911154
0.218641 10.515154818414036
0.218741 10.77875920931205
0.218841 11.198226407590768
0.218941 11.742938006352833
0.219041 12.324427607796752
0.219141 12.810579657681268
0.219241 13.04011471807396
0.219341 12.890654912737785
0.219441 12.301748099503909
0.219541 11.287887300964142
0.219641 9.960742557346292
0.219741 8.469907766668536
0.219841 6.958153599853161
0.219941 5.539221548643013
0.220041 4.2943301739126
0.220141 3.2617670662254694
0.220241 2.4522160982598544
0.220341 1.8619672365180773
0.220441 1.4736149449608176
0.220541 1.2543144702829203
0.220641 1.1689221089770718
0.220741 1.1220523828218607
0.220841 1.1338848638423928
0.220941 1.1757303462446402
0.221041 1.1422777401049289
0.221141 1.0664619416416412
0.221241 0.9831584689980779
0.221341 0.935929598792656
0.221441 0.9515481841403538
0.221541 1.029344067546002
0.221641 1.1395008489137473
0.221741 1.233724054595606
0.221841 1.231285913130376
0.221941 1.0728764664793788
0.222041 0.8122610677448466
0.222141 0.5021803572065894
0.222241 0.14105958711690536
0.222341 -0.2527920339769442
0.222441 -0.5645728153854782
0.222541 -0.7900981476854992
0.222641 -1.0080378110771773
0.222741 -1.2526647733935645
0.222841 -1.530979896294861
0.222941 -1.8282887632371911
0.223041 -2.116776371135913
0.223141 -2.3724928492400568
0.223241 -2.591217082286
0.223341 -2.7905192904814595
0.223441 -2.9916682047386214
0.223541 -3.2055874330173917
0.223641 -3.425767820815467
0.223741 -3.62169007765139
0.223841 -3.765397459886914
0.223941 -3.838051832175106
0.224041 -3.8363701161966626
0.224141 -3.7774976164133527
0.224241 -3.6751409502735393
0.224341 -3.539656967465954
0.224441 -3.3936339116823793
0.224541 -3.2263688415513965
0.224641 -3.035415661821315
0.224741 -2.8343099835315835
0.224841 -2.6450953179730083
0.224941 -2.48806157046494
0.225041 -2.3757603259013016
0.225141 -2.310775443194159
0.225241 -2.2870034109507325
0.225341 -2.2909262592220583
0.225441 -2.303651501787053
0.225541 -2.308754263688416
0.225641 -2.292120754793941
0.225741 -2.2636072461034096
0.225841 -2.23215287585465
0.225941 -2.2056076233984085
0.226041 -2.1871567762691644
0.226141 -2.1731088598043167
0.226241 -2.1562182804525505
0.226341 -2.135667939612406
0.226441 -2.110107223159795
0.226541 -2.0800450714566137
0.226641 -2.0496587519693272
0.226741 -2.021222333824497
0.226841 -1.9931352704542327
0.226941 -1.963879714275517
0.227041 -1.9061330831629557
0.227141 -1.8334897238098637
0.227241 -1.7455285953919026
0.227341 -1.6292369973436394
0.227441 -1.4856539185144775
0.227541 -1.3375732793563553
0.227641 -1.211686253715591
0.227741 -1.1405337194658727
0.227841 -1.1577816073786666
0.227941 -1.2767015239658803
0.228041 -1.4854250941962852
0.228141 -1.7558683138482563
0.228241 -2.045546542397251
0.228341 -2.321820907241515
0.228441 -2.5483980768152223
0.228541 -2.6944813978269853
0.228641 -2.7443491916199725
0.228741 -2.7149541382633213
0.228841 -2.6135376504718737
0.228941 -2.427696002202587
0.229041 -2.156441904218056
0.229141 -1.8253508588559804
0.229241 -1.4683906328868677
0.229341 -1.1174654953526435
0.229441 -0.8084882197284496
0.229541 -0.6025611192405155
0.229641 -0.5774513212972829
0.229741 -0.7818294728577038
0.229841 -1.206746442465062
0.229941 -1.8027352867696922
0.230041 -2.476425996645134
0.230141 -3.1149073332891457
0.230241 -3.637578785823906
0.230341 -4.023033451790367
0.230441 -4.267823160814346
0.230541 -4.382106019894663
0.230641 -4.374960970361949
0.230741 -4.252271774765084
0.230841 -4.021867202357584
0.230941 -3.694735001249153
0.231041 -3.2920232699239804
0.231141 -2.8537029464699977
0.231241 -2.455044994977898
0.231341 -2.174710222145177
0.231441 -2.0934439385519013
0.231541 -2.230379589360281
0.231641 -2.5241745142326892
0.231741 -2.892298797244727
0.231841 -3.2743060066383523
0.231941 -3.621423319890075
0.232041 -3.904721286066088
0.232141 -4.123677300607241
0.232241 -4.296102950548862
0.232341 -4.432438702309147
0.232441 -4.512605629853212
0.232541 -4.5028760076070835
0.232641 -4.363542290180643
0.232741 -4.069674149684143
0.232841 -3.658396700198335
0.232941 -3.2036642482397153
0.233041 -2.786859834907945
0.233141 -2.476793808283155
0.233241 -2.3199443234947714
0.233341 -2.344895555566886
0.233441 -2.5495732997506795
0.233541 -2.887095389353143
0.233641 -3.28538145034237
0.233741 -3.647319726919999
0.233841 -3.924227437504143
0.233941 -4.1111297945781695
0.234041 -4.238929501919617
0.234141 -4.311077891022928
0.234241 -4.353168207287911
0.234341 -4.381793374903765
0.234441 -4.366452152365997
0.234541 -4.237616311380544
0.234641 -3.954534525041681
0.234741 -3.5056240408294372
0.234841 -3.0000538410160456
0.234941 -2.6191320175595134
0.235041 -2.5123883283282265
0.235141 -2.747511127653174
0.235241 -3.2712795908898555
0.235341 -3.9467194199854183
0.235441 -4.574254001111491
0.235541 -5.0491110623913364
0.235641 -5.3007412317152145
0.235741 -5.294909168778329
0.235841 -5.002943512820383
0.235941 -4.461109451239721
0.236041 -3.625827984072033
0.236141 -2.556173412939179
0.236241 -1.5364817751219837
0.236341 -0.8872492645296814
0.236441 -0.8362009452769295
0.236541 -1.3806490493695607
0.236641 -2.3337810567319117
0.236741 -3.3350298012063244
0.236841 -4.097895407708035
0.236941 -4.432334997170288
0.237041 -4.369618575150536
0.237141 -4.045604870164634
0.237241 -3.57400641401498
0.237341 -3.014186495898192
0.237441 -2.4588955453697237
0.237541 -1.9777421443612244
0.237641 -1.629540668831864
0.237741 -1.4513963483962413
0.237841 -1.5305260206084648
0.237941 -1.9262970535300026
0.238041 -2.6868355656620766
0.238141 -3.600618457883171
0.238241 -4.376297716345541
0.238341 -4.813641457582356
0.238441 -4.896207675403935
0.238541 -4.798637557167841
0.238641 -4.720060673114673
0.238741 -5.047464730565483
0.238841 -5.139720597757645
0.238941 -5.372124731687172
0.239041 -5.73650420887867
0.239141 -5.993644720674237
0.239241 -5.968941075698633
0.239341 -5.456298226203648
0.239441 -4.939479740788139
0.239541 -4.877567568945563
0.239641 -4.829869629282171
0.239741 -4.820751530848965
0.239841 -5.012769294305395
0.239941 -5.3970032579933
0.240041 -5.853510729963851
0.240141 -6.507361841199595
0.240241 -6.622640147247021
0.240341 -6.583432976602612
0.240441 -6.120270632682924
0.240541 -5.53886220064956
0.240641 -4.736365833388568
0.240741 -3.300673216643808
0.240841 -2.7054495673853967
0.240941 -2.3877502511051176
0.241041 -2.7925631076871307
0.241141 -3.4143381276990614
0.241241 -3.9378613491865213
0.241341 -4.2946555653561616
0.241441 -4.443618462981752
0.241541 -4.832700769375883
0.241641 -4.627887097020899
0.241741 -4.51300933550193
0.241841 -4.476474535136872
0.241941 -4.3352384351435
0.242041 -4.31157775591053
0.242141 -4.349054570113138
0.242241 -4.15726960786813
0.242341 -4.237935992413312
0.242441 -4.567349604605039
0.242541 -5.064097729601852
0.242641 -5.1692912462461695
0.242741 -5.210116400605712
0.242841 -5.0615637348126015
0.242941 -4.920235248530334
0.243041 -5.139609754605294
0.243141 -6.57718476747921
0.243241 -7.740183956804822
0.243341 -8.775057231572454
0.243441 -9.45915455328782
0.243541 -9.614693294856043
0.243641 -9.076024636343707
0.243741 -7.612274426027237
0.243841 -6.319528789137983
0.243941 -5.4162055339998885
0.244041 -5.356887622174749
0.244141 -6.110615653663586
0.244241 -7.338007474519841
0.244341 -8.569128397566958
0.244441 -9.47106065781893
0.244541 -11.037492211917424
0.244641 -11.894155190610455
0.244741 -12.154621404863027
0.244841 -11.97818572091387
0.244941 -11.41689945088282
0.245041 -10.438961622980326
0.245141 -9.135943568904775
0.245241 -7.683615301861493
0.245341 -6.6490094986565245
0.245441 -6.2601221620023155
0.245541 -6.679046667312487
0.245641 -7.567986315408422
0.245741 -8.603558197753566
0.245841 -9.535962331683093
0.245941 -10.169639071446417
0.246041 -10.83100630694478
0.246141 -10.792722285387978
0.246241 -10.180285418568014
0.246341 -9.330541010436797
0.246441 -8.506667210515314
0.246541 -7.84730800018355
0.246641 -7.428740191604677
0.246741 -7.271967695390374
0.246841 -7.428978703226892
0.246941 -7.955378646122784
0.247041 -8.858695375077117
0.247141 -10.07505845523191
0.247241 -11.47700254419195
0.247341 -12.934423070059603
0.247441 -14.351314771099206
0.247541 -15.34796337179363
0.247641 -15.649853313822764
0.247741 -15.206835871576942
0.247841 -14.424350313307807
0.247941 -13.939602208705317
0.248041 -14.417292245568058
0.248141 -15.473943395553018
0.248241 -16.27631647912386
0.248341 -16.53304247627885
0.248441 -16.427941855781537
0.248541 -16.286001947657965
0.248641 -16.314510969597162
0.248741 -16.792818750541727
0.248841 -17.375996186261364
0.248941 -17.445739982562856
0.249041 -16.91354998903805
0.249141 -16.252162563158674
0.249241 -16.05759663085763
0.249341 -16.5712769396277
0.249441 -17.552972727689887
0.249541 -18.52789413306277
0.249641 -19.15771705934239
0.249741 -19.42236982047896
0.249841 -19.547389883395454
0.249941 -19.778008290292814
0.25 -20.076092651415113
ENDATA
