XYDATA, head_y_rot_accel
0.0 -0.0
1e-06 5.197987
6e-06 4.516663
3e-05 -4.545415
6.9e-05 -7.104151
0.000121 -6.223641
0.000182 -4.358092
0.000251 -1.591088
0.000326 1.065822
0.000406 2.224678
0.00049 1.76878
0.000577 0.822581
0.000667 0.513308
0.000759 1.068821
0.000852 1.80776
0.000947 1.967096
0.001043 1.308175
0.001139 0.206849
0.001237 -0.704399
0.001335 -0.981948
0.001433 -0.607822
0.001531 0.072077
0.00163 0.607545
0.00173 0.708882
0.001829 0.35059
0.001928 -0.2506
0.002028 -0.819278
0.002127 -1.142015
0.002227 -1.139004
0.002327 -0.85159
0.002427 -0.376594
0.002527 0.193312
0.002626 0.776859
0.002726 1.276198
0.002826 1.57334
0.002926 1.56916
0.003026 1.234734
0.003126 0.6351
0.003226 -0.082418
0.003326 -0.728075
0.003426 -1.1299
0.003526 -1.202115
0.003626 -0.981101
0.003726 -0.585535
0.003826 -0.145218
0.003926 0.233571
0.004026 0.474137
0.004126 0.537392
0.004226 0.436168
0.004326 0.235044
0.004426 0.025139
0.004526 -0.113184
0.004626 -0.137849
0.004726 -0.052073
0.004826 0.105433
0.004926 0.276788
0.005026 0.405042
0.005126 0.450697
0.005226 0.402092
0.005326 0.280087
0.005426 0.128111
0.005526 -0.010311
0.005626 -0.107022
0.005726 -0.145524
0.005826 -0.115446
0.005926 -0.019706
0.006026 0.117193
0.006126 0.253047
0.006226 0.34306
0.006326 0.356341
0.006426 0.285513
0.006526 0.146786
0.006626 -0.024006
0.006726 -0.18333
0.006826 -0.292002
0.006926 -0.324215
0.007026 -0.272379
0.007126 -0.147521
0.007226 0.024122
0.007326 0.207737
0.007426 0.367878
0.007526 0.475411
0.007626 0.513215
0.007726 0.479758
0.007826 0.389843
0.007926 0.272361
0.008026 0.162503
0.008126 0.088857
0.008226 0.063156
0.008326 0.078668
0.008426 0.116889
0.008526 0.157352
0.008626 0.185043
0.008726 0.192916
0.008826 0.180665
0.008926 0.151465
0.009026 0.110734
0.009126 0.067201
0.009226 0.03191
0.009326 0.014352
0.009426 0.017633
0.009526 0.035684
0.009626 0.055387
0.009726 0.062292
0.009826 0.04673
0.009926 0.0073
0.010026 -0.049328
0.010126 -0.111018
0.010226 -0.163366
0.010326 -0.192436
0.010426 -0.187164
0.010526 -0.141899
0.010626 -0.05896
0.010726 0.050483
0.010826 0.168422
0.010926 0.274237
0.011026 0.350009
0.011126 0.385044
0.011226 0.377938
0.011326 0.335755
0.011426 0.27122
0.011526 0.198806
0.011626 0.130885
0.011726 0.075441
0.011826 0.035323
0.011926 0.008805
0.012026 -0.008812
0.012126 -0.023114
0.012226 -0.038061
0.012326 -0.053571
0.012426 -0.062692
0.012526 -0.051134
0.012626 -0.004214
0.012726 0.082502
0.012826 0.197874
0.012926 0.317022
0.013026 0.406217
0.013126 0.430109
0.013226 0.363727
0.013326 0.206882
0.013426 -0.009951
0.013526 -0.234852
0.013626 -0.414555
0.013726 -0.515895
0.013826 -0.534133
0.013926 -0.48529
0.014026 -0.392069
0.014126 -0.274315
0.014226 -0.147533
0.014326 -0.025193
0.014426 0.079421
0.014526 0.156392
0.014626 0.200517
0.014726 0.214838
0.014826 0.205909
0.014926 0.178812
0.015026 0.134139
0.015126 0.067114
0.015226 -0.031142
0.015326 -0.168574
0.015426 -0.344713
0.015526 -0.545672
0.015626 -0.745103
0.015726 -0.910877
0.015826 -1.014566
0.015926 -1.039702
0.016026 -0.985099
0.016126 -0.861544
0.016226 -0.683995
0.016326 -0.466639
0.016426 -0.225447
0.016526 0.018062
0.016626 0.239703
0.016726 0.423505
0.016826 0.575207
0.016926 0.713259
0.017026 0.828327
0.017126 0.864343
0.017226 0.753598
0.017326 0.474445
0.017426 0.07749
0.017526 -0.340583
0.017626 -0.689759
0.017726 -0.923439
0.017826 -1.038852
0.017926 -1.053138
0.018026 -0.980885
0.018126 -0.829767
0.018226 -0.610899
0.018326 -0.350465
0.018426 -0.089914
0.018526 0.126988
0.018626 0.271413
0.018726 0.339379
0.018826 0.348003
0.018926 0.320948
0.019026 0.272262
0.019126 0.197643
0.019226 0.076889
0.019326 -0.114124
0.019426 -0.387027
0.019526 -0.727589
0.019626 -1.092187
0.019726 -1.416941
0.019826 -1.635732
0.019926 -1.698965
0.020026 -1.584816
0.020126 -1.302246
0.020226 -0.890935
0.020326 -0.412151
0.020426 0.068475
0.020526 0.497115
0.020626 0.832154
0.020726 1.030681
0.020826 1.044664
0.020926 0.83872
0.021026 0.413807
0.021126 -0.180726
0.021226 -0.85445
0.021326 -1.502162
0.021426 -2.031925
0.021526 -2.373011
0.021626 -2.531202
0.021726 -2.523623
0.021826 -2.371697
0.021926 -2.080751
0.022026 -1.687505
0.022126 -1.227034
0.022226 -0.734752
0.022326 -0.248297
0.022426 0.189368
0.022526 0.534601
0.022626 0.750936
0.022726 0.817762
0.022826 0.72819
0.022926 0.478299
0.023026 0.062761
0.023126 -0.501916
0.023226 -1.154659
0.023326 -1.774899
0.023426 -2.28105
0.023526 -2.605006
0.023626 -2.706677
0.023726 -2.580992
0.023826 -2.228328
0.023926 -1.711239
0.024026 -1.093202
0.024126 -0.445752
0.024226 0.142373
0.024326 0.574257
0.024426 0.767231
0.024526 0.679947
0.024626 0.328977
0.024726 -0.214198
0.024826 -0.844173
0.024926 -1.45095
0.025026 -1.94512
0.025126 -2.270698
0.025226 -2.406013
0.025326 -2.356446
0.025426 -2.145227
0.025526 -1.80642
0.025626 -1.381362
0.025726 -0.915675
0.025826 -0.457767
0.025926 -0.054558
0.026026 0.253302
0.026126 0.435621
0.026226 0.474828
0.026326 0.366318
0.026426 0.117239
0.026526 -0.250822
0.026626 -0.699531
0.026726 -1.181476
0.026826 -1.62621
0.026926 -2.012795
0.027026 -2.318548
0.027126 -2.530866
0.027226 -2.624863
0.027326 -2.559265
0.027426 -2.306488
0.027526 -1.886808
0.027626 -1.361333
0.027726 -0.851722
0.027826 -0.460103
0.027926 -0.260818
0.028026 -0.292971
0.028126 -0.551374
0.028226 -0.955835
0.028326 -1.415129
0.028426 -1.834822
0.028526 -2.172868
0.028626 -2.395651
0.028726 -2.512722
0.028826 -2.5487
0.028926 -2.541931
0.029026 -2.532204
0.029126 -2.536558
0.029226 -2.539152
0.029326 -2.504327
0.029426 -2.399484
0.029526 -2.191952
0.029626 -1.906322
0.029726 -1.594832
0.029826 -1.321524
0.029926 -1.151238
0.030026 -1.132749
0.030126 -1.281745
0.030226 -1.570385
0.030326 -1.913018
0.030426 -2.255786
0.030526 -2.543892
0.030626 -2.733644
0.030726 -2.800309
0.030826 -2.736999
0.030926 -2.561804
0.031026 -2.321073
0.031126 -2.074801
0.031226 -1.8721
0.031326 -1.724666
0.031426 -1.640462
0.031526 -1.606356
0.031626 -1.600637
0.031726 -1.607946
0.031826 -1.620959
0.031926 -1.634648
0.032026 -1.644096
0.032126 -1.649639
0.032226 -1.663726
0.032326 -1.711478
0.032426 -1.821856
0.032526 -1.992599
0.032626 -2.229871
0.032726 -2.514471
0.032826 -2.805994
0.032926 -3.057039
0.033026 -3.2288
0.033126 -3.302023
0.033226 -3.279968
0.033326 -3.18345
0.033426 -3.041198
0.033526 -2.880157
0.033626 -2.719496
0.033726 -2.569468
0.033826 -2.433741
0.033926 -2.312796
0.034026 -2.206626
0.034126 -2.116358
0.034226 -2.04529
0.034326 -1.99972
0.034426 -1.989258
0.034526 -2.025796
0.034626 -2.120659
0.034726 -2.280567
0.034826 -2.503998
0.034926 -2.770283
0.035026 -3.056862
0.035126 -3.349291
0.035226 -3.620902
0.035326 -3.841098
0.035426 -3.995609
0.035526 -4.070456
0.035626 -4.056156
0.035726 -3.949545
0.035826 -3.756333
0.035926 -3.491735
0.036026 -3.176022
0.036126 -2.828605
0.036226 -2.481197
0.036326 -2.15986
0.036426 -1.885724
0.036526 -1.676742
0.036626 -1.548242
0.036726 -1.511057
0.036826 -1.569305
0.036926 -1.71906
0.037026 -1.948209
0.037126 -2.224438
0.037226 -2.530957
0.037326 -2.844569
0.037426 -3.144254
0.037526 -3.413144
0.037626 -3.639367
0.037726 -3.819064
0.037826 -3.956159
0.037926 -4.058763
0.038026 -4.129329
0.038126 -4.167909
0.038226 -4.161872
0.038326 -4.091099
0.038426 -3.934262
0.038526 -3.704991
0.038626 -3.432063
0.038726 -3.152612
0.038826 -2.907895
0.038926 -2.742842
0.039026 -2.689868
0.039126 -2.761985
0.039226 -2.944046
0.039326 -3.209962
0.039426 -3.518707
0.039526 -3.824679
0.039626 -4.087519
0.039726 -4.298895
0.039826 -4.461852
0.039926 -4.587593
0.040026 -4.683351
0.040126 -4.74552
0.040226 -4.774533
0.040326 -4.757508
0.040426 -4.676759
0.040526 -4.521406
0.040626 -4.29626
0.040726 -4.013839
0.040826 -3.679202
0.040926 -3.364394
0.041026 -3.11461
0.041126 -2.942192
0.041226 -2.840522
0.041326 -2.79553
0.041426 -2.79167
0.041526 -2.822934
0.041626 -2.895589
0.041726 -3.013071
0.041826 -3.187387
0.041926 -3.417344
0.042026 -3.687579
0.042126 -3.972335
0.042226 -4.245036
0.042326 -4.47956
0.042426 -4.661599
0.042526 -4.782566
0.042626 -4.840772
0.042726 -4.843734
0.042826 -4.808747
0.042926 -4.759989
0.043026 -4.724154
0.043126 -4.726272
0.043226 -4.77813
0.043326 -4.872702
0.043426 -4.989906
0.043526 -5.102523
0.043626 -5.181191
0.043726 -5.200015
0.043826 -5.151853
0.043926 -5.032054
0.044026 -4.852891
0.044126 -4.636488
0.044226 -4.411641
0.044326 -4.209421
0.044426 -4.058477
0.044526 -3.979218
0.044626 -3.978788
0.044726 -4.04894
0.044826 -4.164173
0.044926 -4.267837
0.045026 -4.371976
0.045126 -4.475973
0.045226 -4.576083
0.045326 -4.671033
0.045426 -4.76181
0.045526 -4.850193
0.045626 -4.937718
0.045726 -5.024927
0.045826 -5.110785
0.045926 -5.181334
0.046026 -5.245283
0.046126 -5.300603
0.046226 -5.338664
0.046326 -5.355019
0.046426 -5.344338
0.046526 -5.29547
0.046626 -5.193727
0.046726 -5.063496
0.046826 -4.926442
0.046926 -4.801509
0.047026 -4.705174
0.047126 -4.647743
0.047226 -4.631939
0.047326 -4.655624
0.047426 -4.715611
0.047526 -4.809498
0.047626 -4.93592
0.047726 -5.0942
0.047826 -5.283651
0.047926 -5.502351
0.048026 -5.744961
0.048126 -5.994438
0.048226 -6.229603
0.048326 -6.420006
0.048426 -6.559728
0.048526 -6.634538
0.048626 -6.63054
0.048726 -6.543183
0.048826 -6.381731
0.048926 -6.16696
0.049026 -5.926254
0.049126 -5.689631
0.049226 -5.486096
0.049326 -5.339195
0.049426 -5.263836
0.049526 -5.266136
0.049626 -5.337286
0.049726 -5.444442
0.049826 -5.596163
0.049926 -5.779287
0.050026 -5.967933
0.050126 -6.136325
0.050226 -6.267881
0.050326 -6.359192
0.050426 -6.417047
0.050526 -6.455695
0.050626 -6.459851
0.050726 -6.470536
0.050826 -6.511535
0.050926 -6.584841
0.051026 -6.68332
0.051126 -6.798331
0.051226 -6.925559
0.051326 -7.06515
0.051426 -7.219234
0.051526 -7.389203
0.051626 -7.57339
0.051726 -7.766121
0.051826 -7.958489
0.051926 -8.140739
0.052026 -8.305167
0.052126 -8.447888
0.052226 -8.568588
0.052326 -8.668226
0.052426 -8.746492
0.052526 -8.800383
0.052626 -8.824171
0.052726 -8.812792
0.052826 -8.760792
0.052926 -8.664872
0.053026 -8.527346
0.053126 -8.355036
0.053226 -8.158312
0.053326 -7.948537
0.053426 -7.737055
0.053526 -7.536017
0.053626 -7.358422
0.053726 -7.219702
0.053826 -7.137518
0.053926 -7.128331
0.054026 -7.203239
0.054126 -7.361457
0.054226 -7.600679
0.054326 -7.91287
0.054426 -8.282741
0.054526 -8.677213
0.054626 -9.076548
0.054726 -9.461372
0.054826 -9.809776
0.054926 -10.100555
0.055026 -10.315981
0.055126 -10.444717
0.055226 -10.484478
0.055326 -10.443541
0.055426 -10.340411
0.055526 -10.200958
0.055626 -10.037723
0.055726 -9.884414
0.055826 -9.772899
0.055926 -9.723739
0.056026 -9.750555
0.056126 -9.863055
0.056226 -10.066425
0.056326 -10.357088
0.056426 -10.721031
0.056526 -11.135488
0.056626 -11.571873
0.056726 -11.998623
0.056826 -12.384191
0.056926 -12.700875
0.057026 -12.927593
0.057126 -13.052348
0.057226 -13.074147
0.057326 -13.003089
0.057426 -12.848217
0.057526 -12.629718
0.057626 -12.376664
0.057726 -12.11313
0.057826 -11.859329
0.057926 -11.635102
0.058026 -11.45709
0.058126 -11.339352
0.058226 -11.290389
0.058326 -11.318297
0.058426 -11.42785
0.058526 -11.623729
0.058626 -11.897948
0.058726 -12.235349
0.058826 -12.61987
0.058926 -13.036555
0.059026 -13.46887
0.059126 -13.902814
0.059226 -14.326753
0.059326 -14.730416
0.059426 -15.103895
0.059526 -15.438988
0.059626 -15.73057
0.059726 -15.950575
0.059826 -16.118013
0.059926 -16.249574
0.060026 -16.358096
0.060126 -16.455923
0.060226 -16.555771
0.060326 -16.670235
0.060426 -16.811701
0.060526 -16.988086
0.060626 -17.201539
0.060726 -17.450274
0.060826 -17.73034
0.060926 -18.036312
0.061026 -18.359536
0.061126 -18.688952
0.061226 -19.014019
0.061326 -19.327485
0.061426 -19.626893
0.061526 -19.914929
0.061626 -20.19835
0.061726 -20.487072
0.061826 -20.789725
0.061926 -21.112558
0.062026 -21.461709
0.062126 -21.833336
0.062226 -22.214818
0.062326 -22.59318
0.062426 -22.952045
0.062526 -23.273622
0.062626 -23.52036
0.062726 -23.688452
0.062826 -23.80771
0.062926 -23.899929
0.063026 -23.978456
0.063126 -24.048187
0.063226 -24.115
0.063326 -24.182533
0.063426 -24.261428
0.063526 -24.370308
0.063626 -24.533707
0.063726 -24.776872
0.063826 -25.118768
0.063926 -25.56668
0.064026 -26.115536
0.064126 -26.745792
0.064226 -27.427873
0.064326 -28.129627
0.064426 -28.788523
0.064526 -29.391238
0.064626 -29.94114
0.064726 -30.433003
0.064826 -30.857704
0.064926 -31.207676
0.065026 -31.480909
0.065126 -31.688485
0.065226 -31.710749
0.065326 -31.555394
0.065426 -31.564125
0.065526 -31.916888
0.065626 -32.661452
0.065726 -33.756147
0.065826 -35.11218
0.065926 -36.629209
0.066026 -38.21895
0.066126 -39.811712
0.066226 -41.346733
0.066326 -42.762659
0.066426 -43.993218
0.066526 -44.975037
0.066626 -45.662728
0.066726 -46.044942
0.066826 -46.151326
0.066926 -46.04571
0.067026 -45.801869
0.067126 -45.495059
0.067226 -45.178596
0.067326 -44.880494
0.067426 -44.682772
0.067526 -44.592797
0.067626 -44.674942
0.067726 -44.955586
0.067826 -45.433385
0.067926 -46.088407
0.068026 -46.887281
0.068126 -47.786651
0.068226 -48.73826
0.068326 -49.510332
0.068426 -50.126904
0.068526 -50.679067
0.068626 -51.202324
0.068726 -51.746576
0.068826 -52.374456
0.068926 -53.124316
0.069026 -54.030214
0.069126 -55.133661
0.069226 -56.47692
0.069326 -58.09013
0.069426 -59.979176
0.069526 -62.112538
0.069626 -64.426213
0.069726 -66.843291
0.069826 -69.289532
0.069926 -71.702613
0.070026 -74.038121
0.070126 -76.267132
0.070226 -78.369502
0.070326 -80.326077
0.070426 -82.109507
0.070526 -83.68664
0.070626 -85.026994
0.070726 -86.098903
0.070826 -86.8735
0.070926 -87.340152
0.071026 -87.509474
0.071126 -87.432704
0.071226 -87.187222
0.071326 -86.877982
0.071426 -86.606983
0.071526 -86.445957
0.071626 -86.540557
0.071726 -86.955029
0.071826 -87.690087
0.071926 -88.694473
0.072026 -89.893109
0.072126 -91.194715
0.072226 -92.514214
0.072326 -93.796851
0.072426 -95.038911
0.072526 -96.298853
0.072626 -97.693749
0.072726 -99.356319
0.072826 -101.451227
0.072926 -104.118728
0.073026 -107.398195
0.073126 -111.227968
0.073226 -115.473109
0.073326 -119.948147
0.073426 -124.445859
0.073526 -128.7726
0.073626 -132.784633
0.073726 -136.407132
0.073826 -139.628116
0.073926 -142.485735
0.074026 -145.041372
0.074126 -147.357534
0.074226 -149.433267
0.074326 -151.310999
0.074426 -153.025382
0.074526 -154.566926
0.074626 -155.913921
0.074726 -157.067467
0.074826 -158.063787
0.074926 -159.014815
0.075026 -160.141798
0.075126 -161.659812
0.075226 -163.744427
0.075326 -166.402489
0.075426 -169.557761
0.075526 -173.044898
0.075626 -176.723101
0.075726 -180.502205
0.075826 -184.354418
0.075926 -188.298525
0.076026 -192.396865
0.076126 -196.762171
0.076226 -201.516331
0.076326 -206.726284
0.076426 -212.382716
0.076526 -218.394101
0.076626 -224.632182
0.076726 -230.905992
0.076826 -237.09422
0.076926 -243.044809
0.077026 -248.715436
0.077126 -254.30484
0.077226 -260.092871
0.077326 -266.418302
0.077426 -273.518638
0.077526 -281.453843
0.077626 -290.095914
0.077726 -299.17674
0.077826 -308.340562
0.077926 -317.12083
0.078026 -325.109048
0.078126 -332.124449
0.078226 -338.238293
0.078326 -343.403022
0.078426 -347.606509
0.078526 -350.835351
0.078626 -353.231323
0.078726 -355.100288
0.078826 -356.881516
0.078926 -359.104523
0.079026 -362.244255
0.079126 -366.644624
0.079226 -372.442942
0.079326 -379.583835
0.079426 -387.839597
0.079526 -396.93039
0.079626 -406.500432
0.079726 -416.299812
0.079826 -426.333505
0.079926 -437.003336
0.080026 -448.918128
0.080126 -462.23107
0.080226 -476.755495
0.080326 -492.12408
0.080426 -507.977591
0.080526 -524.053649
0.080626 -539.745144
0.080726 -554.552054
0.080826 -568.134638
0.080926 -580.436269
0.081026 -591.332345
0.081126 -600.882461
0.081226 -609.69798
0.081326 -618.920577
0.081426 -629.693777
0.081526 -642.589798
0.081626 -657.816465
0.081726 -675.007151
0.081826 -693.126171
0.081926 -710.56358
0.082026 -725.692047
0.082126 -737.421656
0.082226 -745.674046
0.082326 -751.800895
0.082426 -757.237905
0.082526 -764.294004
0.082626 -772.247394
0.082726 -781.721273
0.082826 -795.119229
0.082926 -811.845098
0.083026 -838.85679
0.083126 -868.115641
0.083226 -895.19687
0.083326 -919.68935
0.083426 -943.356629
0.083526 -968.746046
0.083626 -996.079871
0.083726 -1023.899413
0.083826 -1049.463119
0.083926 -1070.371693
0.084026 -1087.151042
0.084126 -1100.621151
0.084226 -1114.110666
0.084326 -1130.536022
0.084426 -1151.15582
0.084526 -1175.377603
0.084626 -1200.608072
0.084726 -1224.080923
0.084826 -1245.877802
0.084926 -1266.014614
0.085026 -1288.378023
0.085126 -1313.773849
0.085226 -1340.322627
0.085326 -1362.034175
0.085426 -1373.125324
0.085526 -1375.290373
0.085626 -1376.997449
0.085726 -1381.827673
0.085826 -1392.898039
0.085926 -1408.941997
0.086026 -1425.504541
0.086126 -1440.090383
0.086226 -1453.8531
0.086326 -1468.170657
0.086426 -1489.050035
0.086526 -1512.938122
0.086626 -1536.475694
0.086726 -1561.907534
0.086826 -1589.468193
0.086926 -1616.455017
0.087026 -1638.789736
0.087126 -1655.031168
0.087226 -1664.375117
0.087326 -1670.109645
0.087426 -1664.186833
0.087526 -1645.813375
0.087626 -1624.44934
0.087726 -1610.045187
0.087826 -1603.53237
0.087926 -1597.399721
0.088026 -1585.151386
0.088126 -1566.289859
0.088226 -1545.012538
0.088326 -1530.598854
0.088426 -1525.858145
0.088526 -1533.057287
0.088626 -1549.045033
0.088726 -1564.439818
0.088826 -1571.315255
0.088926 -1568.732222
0.089026 -1561.080194
0.089126 -1552.20993
0.089226 -1541.369657
0.089326 -1531.096667
0.089426 -1526.104556
0.089526 -1529.077712
0.089626 -1537.515152
0.089726 -1543.799091
0.089826 -1541.463459
0.089926 -1531.491886
0.090026 -1519.838798
0.090126 -1513.702598
0.090226 -1514.557784
0.090326 -1525.413551
0.090426 -1537.854055
0.090526 -1543.803514
0.090626 -1543.552457
0.090726 -1536.763712
0.090826 -1520.713319
0.090926 -1498.255103
0.091026 -1467.71035
0.091126 -1432.879298
0.091226 -1404.378975
0.091326 -1391.498109
0.091426 -1393.351007
0.091526 -1398.502141
0.091626 -1397.078987
0.091726 -1388.149925
0.091826 -1376.806231
0.091926 -1371.278
0.092026 -1382.207432
0.092126 -1411.821933
0.092226 -1450.222727
0.092326 -1482.029012
0.092426 -1496.534905
0.092526 -1494.818077
0.092626 -1478.459681
0.092726 -1453.29963
0.092826 -1422.944251
0.092926 -1396.822712
0.093026 -1383.907601
0.093126 -1384.836715
0.093226 -1394.974598
0.093326 -1401.063945
0.093426 -1399.229779
0.093526 -1388.648764
0.093626 -1373.544081
0.093726 -1373.342887
0.093826 -1406.012334
0.093926 -1455.161306
0.094026 -1491.850602
0.094126 -1500.382722
0.094226 -1486.44473
0.094326 -1454.148467
0.094426 -1415.360878
0.094526 -1377.933571
0.094626 -1346.655364
0.094726 -1324.499512
0.094826 -1310.65418
0.094926 -1305.660102
0.095026 -1299.904342
0.095126 -1289.420246
0.095226 -1278.433592
0.095326 -1263.770927
0.095426 -1267.5337
0.095526 -1310.033889
0.095626 -1382.547997
0.095726 -1445.928836
0.095826 -1471.305542
0.095926 -1461.571823
0.096026 -1421.958823
0.096126 -1372.940226
0.096226 -1332.427979
0.096326 -1310.099282
0.096426 -1304.895023
0.096526 -1306.095068
0.096626 -1310.853199
0.096726 -1305.834853
0.096826 -1289.975589
0.096926 -1272.715809
0.097026 -1249.762439
0.097126 -1243.18906
0.097226 -1284.991836
0.097326 -1367.404932
0.097426 -1448.933565
0.097526 -1487.758393
0.097626 -1480.885064
0.097726 -1427.275669
0.097826 -1352.518521
0.097926 -1291.696773
0.098026 -1246.778235
0.098126 -1223.765539
0.098226 -1214.362294
0.098326 -1212.867001
0.098426 -1202.550405
0.098526 -1187.39614
0.098626 -1172.584989
0.098726 -1154.514819
0.098826 -1153.267924
0.098926 -1212.906952
0.099026 -1309.993948
0.099126 -1397.105057
0.099226 -1432.489558
0.099326 -1421.260949
0.099426 -1367.280045
0.099526 -1297.305315
0.099626 -1245.959528
0.099726 -1207.694346
0.099826 -1191.144476
0.099926 -1184.706542
0.100026 -1180.63281
0.100126 -1166.406909
0.100226 -1147.513304
0.100326 -1130.859294
0.100426 -1099.013388
0.100526 -1064.173864
0.100626 -1115.704924
0.100726 -1237.870601
0.100826 -1351.308917
0.100926 -1391.034503
0.101026 -1366.532686
0.101126 -1293.571126
0.101226 -1216.001748
0.101326 -1149.967396
0.101426 -1114.944607
0.101526 -1098.649812
0.101626 -1093.27553
0.101726 -1086.055619
0.101826 -1069.055675
0.101926 -1051.644397
0.102026 -1035.309103
0.102126 -991.080284
0.102226 -961.580095
0.102326 -975.687216
0.102426 -1073.918429
0.102526 -1202.359527
0.102626 -1283.777039
0.102726 -1301.150074
0.102826 -1255.761051
0.102926 -1181.914064
0.103026 -1101.212538
0.103126 -1049.767813
0.103226 -1034.798279
0.103326 -1044.476051
0.103426 -1059.318642
0.103526 -1065.528656
0.103626 -1052.614062
0.103726 -1033.892631
0.103826 -988.137965
0.103926 -930.531719
0.104026 -916.912772
0.104126 -962.072401
0.104226 -1077.635834
0.104326 -1198.635662
0.104426 -1267.751866
0.104526 -1269.086405
0.104626 -1214.196519
0.104726 -1140.004993
0.104826 -1060.981059
0.104926 -1006.900922
0.105026 -997.887043
0.105126 -1018.722984
0.105226 -1049.260666
0.105326 -1067.794973
0.105426 -1051.15687
0.105526 -1016.814433
0.105626 -950.211669
0.105726 -901.479562
0.105826 -888.25055
0.105926 -949.236594
0.106026 -1080.712331
0.106126 -1205.833454
0.106226 -1272.029992
0.106326 -1265.673337
0.106426 -1208.855181
0.106526 -1125.7221
0.106626 -1045.616303
0.106726 -1009.964702
0.106826 -1028.073299
0.106926 -1075.760901
0.107026 -1131.108686
0.107126 -1150.657206
0.107226 -1117.414208
0.107326 -1046.895068
0.107426 -962.032739
0.107526 -903.455712
0.107626 -912.729234
0.107726 -1005.504941
0.107826 -1146.538174
0.107926 -1256.485887
0.108026 -1301.745397
0.108126 -1273.41904
0.108226 -1204.572558
0.108326 -1120.023486
0.108426 -1061.834514
0.108526 -1064.347748
0.108626 -1115.260423
0.108726 -1198.205408
0.108826 -1256.755988
0.108926 -1246.126854
0.109026 -1158.196062
0.109126 -1044.16154
0.109226 -953.501767
0.109326 -920.002865
0.109426 -958.527457
0.109526 -1060.203732
0.109626 -1175.453262
0.109726 -1258.427324
0.109826 -1289.753055
0.109926 -1281.198272
0.110026 -1240.453806
0.110126 -1176.075054
0.110226 -1145.123154
0.110326 -1178.678332
0.110426 -1271.658899
0.110526 -1372.758965
0.110626 -1411.331892
0.110726 -1357.13997
0.110826 -1210.291985
0.110926 -1060.758923
0.111026 -980.685307
0.111126 -964.50991
0.111226 -1008.890347
0.111326 -1099.775286
0.111426 -1186.931331
0.111526 -1236.68283
0.111626 -1262.175858
0.111726 -1259.608204
0.111826 -1230.993531
0.111926 -1226.607061
0.112026 -1282.634345
0.112126 -1379.309843
0.112226 -1472.10243
0.112326 -1510.903082
0.112426 -1473.086967
0.112526 -1360.102642
0.112626 -1217.608663
0.112726 -1101.503146
0.112826 -1034.00844
0.112926 -992.238135
0.113026 -953.286336
0.113126 -917.613795
0.113226 -907.462387
0.113326 -947.52285
0.113426 -1046.391714
0.113526 -1195.936725
0.113626 -1390.890047
0.113726 -1572.47918
0.113826 -1685.045993
0.113926 -1697.494117
0.114026 -1627.711229
0.114126 -1542.982099
0.114226 -1459.628473
0.114326 -1355.426029
0.114426 -1214.909768
0.114526 -1044.290911
0.114626 -878.296521
0.114726 -757.172805
0.114826 -685.867877
0.114926 -659.58094
0.115026 -678.873801
0.115126 -747.561046
0.115226 -862.75775
0.115326 -1017.175599
0.115426 -1217.596715
0.115526 -1431.175228
0.115626 -1579.284239
0.115726 -1624.74692
0.115826 -1571.097511
0.115926 -1448.172021
0.116026 -1283.501817
0.116126 -1116.618617
0.116226 -957.733032
0.116326 -809.930963
0.116426 -679.085284
0.116526 -576.751895
0.116626 -516.162476
0.116726 -500.016034
0.116826 -525.150409
0.116926 -588.0615
0.117026 -674.28414
0.117126 -766.923711
0.117226 -850.084274
0.117326 -910.468172
0.117426 -939.098505
0.117526 -931.34614
0.117626 -887.702408
0.117726 -813.795233
0.117826 -719.99997
0.117926 -619.041517
0.118026 -518.780097
0.118126 -432.453692
0.118226 -371.216543
0.118326 -333.835968
0.118426 -316.248
0.118526 -313.658272
0.118626 -321.322243
0.118726 -334.847361
0.118826 -349.925441
0.118926 -361.918371
0.119026 -366.156128
0.119126 -359.115407
0.119226 -339.116422
0.119326 -307.185056
0.119426 -266.566358
0.119526 -221.698409
0.119626 -176.786658
0.119726 -130.998315
0.119826 -90.098987
0.119926 -56.49619
0.120026 -30.411972
0.120126 -11.172639
0.120226 1.2641
0.120326 7.123203
0.120426 7.543302
0.120526 4.885882
0.120626 2.447979
0.120726 3.387176
0.120826 10.758009
0.120926 26.762787
0.121026 246.085358
0.121126 533.513453
0.121226 641.118243
0.121326 684.051553
0.121426 729.170819
0.121526 753.772844
0.121626 752.150186
0.121726 756.033741
0.121826 743.385602
0.121926 732.652738
0.122026 707.656468
0.122126 687.980193
0.122226 670.159041
0.122326 658.719101
0.122426 647.369496
0.122526 639.735828
0.122626 635.885565
0.122726 635.982304
0.122826 637.972065
0.122926 643.539456
0.123026 655.55501
0.123126 674.482059
0.123226 699.655452
0.123326 733.431734
0.123426 771.393749
0.123526 811.718346
0.123626 853.631103
0.123726 892.958529
0.123826 926.066501
0.123926 953.662551
0.124026 974.871784
0.124126 995.406343
0.124226 1016.439385
0.124326 1034.141459
0.124426 1047.631463
0.124526 1060.156613
0.124626 1071.620626
0.124726 1087.134929
0.124826 1142.273093
0.124926 1218.432278
0.125026 1278.065908
0.125126 1374.716478
0.125226 1471.766615
0.125326 1539.62828
0.125426 1601.420752
0.125526 1667.981742
0.125626 1711.274117
0.125726 1739.542323
0.125826 1775.488507
0.125926 1807.121184
0.126026 1835.9095
0.126126 1861.183525
0.126226 1886.824899
0.126326 1919.183845
0.126426 1956.616548
0.126526 1999.428726
0.126626 2064.724422
0.126726 2115.537089
0.126826 2167.103419
0.126926 2195.643641
0.127026 2216.681888
0.127126 2229.573401
0.127226 2240.654365
0.127326 2256.644326
0.127426 2278.447048
0.127526 2307.182731
0.127626 2341.120266
0.127726 2377.220465
0.127826 2414.915575
0.127926 2455.574735
0.128026 2503.650864
0.128126 2563.780704
0.128226 2622.464751
0.128326 2695.145356
0.128426 2773.919327
0.128526 2848.412732
0.128626 2923.215373
0.128726 2987.163443
0.128826 3040.21437
0.128926 3084.044725
0.129026 3124.979638
0.129126 3164.852318
0.129226 3198.492853
0.129326 3228.737154
0.129426 3257.260879
0.129526 3279.899753
0.129626 3288.150543
0.129726 3282.441806
0.129826 3246.878644
0.129926 3209.267676
0.130026 3167.918705
0.130126 3101.469649
0.130226 3096.933786
0.130326 3145.110627
0.130426 3220.945529
0.130526 3299.947963
0.130626 3377.44874
0.130726 3445.90315
0.130826 3506.240696
0.130926 3571.979417
0.131026 3666.537285
0.131126 3747.283079
0.131226 3829.695808
0.131326 3886.645496
0.131426 3908.546704
0.131526 3890.007335
0.131626 3863.833645
0.131726 3850.862765
0.131826 3839.593109
0.131926 3818.73967
0.132026 3807.184788
0.132126 3809.656402
0.132226 3788.569348
0.132326 3782.16271
0.132426 3792.458947
0.132526 3803.088892
0.132626 3814.983589
0.132726 3819.496839
0.132826 3825.821995
0.132926 3820.599048
0.133026 3819.807633
0.133126 3831.34457
0.133226 3819.682638
0.133326 3807.711572
0.133426 3810.382271
0.133526 3855.957289
0.133626 3881.125133
0.133726 3873.705014
0.133826 3830.891306
0.133926 3792.310559
0.134026 3772.657234
0.134126 3753.013705
0.134226 3734.387129
0.134326 3717.087871
0.134426 3696.406799
0.134526 3678.00312
0.134626 3671.072322
0.134726 3667.97894
0.134826 3670.287701
0.134926 3653.812089
0.135026 3613.913456
0.135126 3558.709335
0.135226 3511.583357
0.135326 3456.654532
0.135426 3423.034286
0.135526 3428.048458
0.135626 3490.9407
0.135726 3549.749576
0.135826 3571.982289
0.135926 3544.195974
0.136026 3496.502152
0.136126 3455.661762
0.136226 3401.911817
0.136326 3346.221007
0.136426 3298.153515
0.136526 3247.268669
0.136626 3184.551435
0.136726 3122.397784
0.136826 3042.082939
0.136926 2963.979757
0.137026 2901.00297
0.137126 2852.383459
0.137226 2808.53283
0.137326 2781.428585
0.137426 2769.246112
0.137526 2745.028954
0.137626 2713.787896
0.137726 2671.120916
0.137826 2615.934598
0.137926 2566.75542
0.138026 2524.053831
0.138126 2475.255403
0.138226 2420.824273
0.138326 2373.806922
0.138426 2317.571534
0.138526 2228.423687
0.138626 2160.920953
0.138726 2084.257793
0.138826 2043.796479
0.138926 1991.35056
0.139026 1969.872252
0.139126 1904.306344
0.139226 1687.688997
0.139326 1519.732336
0.139426 1510.448702
0.139526 1485.282707
0.139626 1466.373879
0.139708 1481.867209
0.139793 1089.050423
0.139882 989.034114
0.139972 933.889949
0.140065 883.530572
0.140159 752.68594
0.140254 561.547588
0.14035 360.925931
0.140447 148.865217
0.140545 -26.833554
0.140643 -59.629719
0.140741 -76.596117
0.14084 -138.293029
0.140939 -210.249753
0.141038 -299.912249
0.141138 -347.611496
0.141237 -366.277964
0.141337 -344.991649
0.141436 -290.12725
0.141536 -239.328104
0.141636 -208.443383
0.141736 -214.50584
0.141836 -251.600732
0.141936 -294.734209
0.142035 -335.02323
0.142135 -377.647006
0.142235 -381.452903
0.142335 -381.130833
0.142435 -322.112699
0.142535 -279.079152
0.142635 -241.146352
0.142735 -178.616254
0.142835 -128.700588
0.142935 -88.388477
0.143035 -96.254392
0.143135 -156.373828
0.143235 -252.37149
0.143335 -398.666128
0.143435 -539.591585
0.143535 -621.482674
0.143635 -627.782021
0.143735 -566.857903
0.143835 -498.473234
0.143935 -464.413624
0.144035 -461.50676
0.144135 -461.355058
0.144235 -452.046811
0.144335 -435.194361
0.144435 -411.631558
0.144535 -376.036968
0.144635 -328.952394
0.144735 -300.382342
0.144835 -295.533201
0.144935 -306.239416
0.145035 -315.327622
0.145135 -322.280542
0.145235 -294.767004
0.145335 -222.326276
0.145435 -162.386432
0.145535 -163.222583
0.145635 -195.438233
0.145735 -256.341674
0.145835 -330.913426
0.145935 -354.893106
0.146035 -331.436227
0.146135 -205.410638
0.146235 294.902521
0.146317 143.57765
0.146402 180.258742
0.146491 759.51963
0.146581 714.715951
0.146674 677.288593
0.146768 791.004454
0.146863 905.711377
0.146959 953.141656
0.147056 958.09655
0.147154 921.791716
0.147252 842.182935
0.14735 819.932753
0.147449 799.3532
0.147548 812.946187
0.147647 834.242143
0.147747 860.988493
0.147846 877.493396
0.147946 886.416119
0.148045 898.193107
0.148145 935.484481
0.148245 977.672814
0.148345 1020.575007
0.148445 1109.069879
0.148545 1259.849556
0.148645 1439.405424
0.148744 1612.089711
0.148844 1661.294099
0.148944 1694.16869
0.149044 1774.503578
0.149144 1878.411764
0.149244 1927.758209
0.149344 1926.229436
0.149444 1897.159338
0.149544 1892.388358
0.149644 1935.407576
0.149744 2011.485425
0.149844 2103.662878
0.149944 2178.982576
0.150044 2235.416224
0.150144 2272.630682
0.150244 2304.918476
0.150344 2327.833161
0.150444 2357.260057
0.150544 2382.613514
0.150644 2404.393583
0.150744 2433.731438
0.150844 2433.848874
0.150944 2429.393487
0.151044 2428.854905
0.151144 2430.685697
0.151244 2438.004409
0.151344 2431.419233
0.151444 2415.826051
0.151544 2392.500752
0.151644 2371.525921
0.151744 2359.486058
0.151844 2363.771434
0.151944 2375.169008
0.152044 2434.555117
0.152144 2466.506826
0.152244 2521.525313
0.152344 2563.105043
0.152444 2465.976484
0.152544 2426.856866
0.152644 2426.295147
0.152744 2440.945142
0.152844 2467.234113
0.152944 2456.818335
0.153044 2399.561145
0.153144 2300.503142
0.153244 2187.331341
0.153344 2103.716318
0.153444 2050.692613
0.153544 2032.452703
0.153644 2036.159936
0.153744 2031.481821
0.153844 2025.954636
0.153944 2029.818332
0.154044 2052.283388
0.154144 2097.598309
0.154244 2157.008785
0.154344 2257.025078
0.154444 2481.480654
0.154544 2677.064699
0.154644 2843.791449
0.154744 2913.772969
0.154844 2884.176771
0.154944 2815.73549
0.155044 2747.861634
0.155144 2698.014553
0.155244 2676.983923
0.155344 2625.364324
0.155444 2624.763092
0.155544 2639.559191
0.155644 2653.575297
0.155744 2665.192207
0.155844 2678.853165
0.155944 2681.410356
0.156044 2674.134227
0.156144 2659.589599
0.156244 2652.349625
0.156344 2652.400255
0.156444 2662.12703
0.156544 2686.370035
0.156644 2721.040347
0.156744 2763.448313
0.156844 2801.661981
0.156944 2841.678443
0.157044 2861.77423
0.157144 2865.082969
0.157244 2869.352859
0.157344 2869.2088
0.157444 2862.985314
0.157544 2861.753748
0.157644 2865.803515
0.157744 2867.272151
0.157844 2866.075207
0.157944 2866.74317
0.158044 2892.877883
0.158144 2937.941809
0.158244 2983.943799
0.158344 3014.045554
0.158444 3021.395736
0.158544 3005.858222
0.158644 2972.764209
0.158744 2915.778279
0.158844 2848.235201
0.158944 2785.469628
0.159044 2725.878487
0.159144 2686.352975
0.159244 2653.460549
0.159344 2609.653299
0.159444 2557.792937
0.159544 2509.77322
0.159644 2455.098179
0.159744 2400.723783
0.159844 2348.066429
0.159944 2312.718151
0.160044 2280.118815
0.160144 2256.560088
0.160244 2238.516549
0.160344 2221.129086
0.160444 2210.063905
0.160544 2184.6755
0.160644 2169.446162
0.160744 2153.63979
0.160844 2131.35654
0.160944 2102.457005
0.161044 2067.377255
0.161144 2047.111994
0.161244 2028.035181
0.161344 1995.87323
0.161444 1967.239907
0.161544 1962.008918
0.161644 1973.22551
0.161744 1991.224889
0.161844 2016.553677
0.161944 2051.260242
0.162044 2085.76633
0.162144 2106.088123
0.162244 2102.286405
0.162344 2078.546516
0.162444 2050.587915
0.162544 2019.999079
0.162644 1991.854935
0.162744 1961.883395
0.162844 1933.692849
0.162944 1904.114158
0.163044 1879.165164
0.163144 1852.937813
0.163244 1828.175537
0.163344 1809.480889
0.163444 1794.026713
0.163544 1783.298868
0.163644 1777.261512
0.163744 1768.779078
0.163844 1757.099431
0.163944 1744.08163
0.164044 1728.902821
0.164144 1705.718253
0.164244 1673.547019
0.164344 1645.717975
0.164444 1617.595327
0.164544 1590.650154
0.164644 1575.064696
0.164744 1547.687336
0.164844 1522.332797
0.164944 1487.359902
0.165044 1449.894676
0.165144 1414.64826
0.165244 1379.041456
0.165344 1334.141969
0.165444 1282.251208
0.165544 1233.957684
0.165644 1191.809453
0.165744 1154.176929
0.165844 1121.862803
0.165944 1088.887339
0.166044 1047.885744
0.166144 1002.705676
0.166244 972.094909
0.166344 940.694989
0.166444 913.181876
0.166544 893.123507
0.166644 875.231909
0.166744 856.119968
0.166844 847.08796
0.166944 868.665953
0.167044 983.461686
0.167144 1060.184996
0.167244 1101.465951
0.167344 1113.385369
0.167444 1102.7223
0.167544 1092.911036
0.167644 1063.458176
0.167744 1029.392422
0.167844 984.026683
0.167944 924.483517
0.168044 860.679117
0.168144 790.131917
0.168244 709.874858
0.168344 616.192917
0.168444 537.378841
0.168544 448.158246
0.168644 378.166755
0.168744 314.969359
0.168844 254.698771
0.168944 194.315065
0.169044 136.017201
0.169144 89.467078
0.169244 58.280951
0.169344 34.913425
0.169444 15.482674
0.169544 -2.28329
0.169644 -19.620741
0.169744 -36.694515
0.169844 -53.388606
0.169944 -69.59206
0.170044 -85.04223
0.170144 -99.778848
0.170244 -114.431743
0.170344 -129.281372
0.170444 -144.164696
0.170544 -158.74069
0.170644 -172.784507
0.170744 -185.557412
0.170844 -191.63731
0.170944 -131.687771
0.171044 -100.762293
0.171144 -81.426496
0.171244 -69.67031
0.171344 -62.581196
0.171444 -78.740202
0.171544 -106.211883
0.171644 -136.904408
0.171744 -172.157965
0.171844 -203.818831
0.171944 -237.898938
0.172044 -271.579066
0.172144 -311.826968
0.172244 -336.812513
0.172344 -352.006236
0.172444 -363.81518
0.172544 -374.783344
0.172644 -385.598699
0.172744 -396.282635
0.172844 -406.529709
0.172944 -415.925519
0.173044 -424.167229
0.173144 -431.062955
0.173244 -436.627157
0.173344 -441.103583
0.173444 -444.952942
0.173544 -448.642718
0.173644 -453.065526
0.173744 -457.58348
0.173844 -461.910101
0.173944 -466.494188
0.174044 -480.630251
0.174144 -483.062463
0.174244 -479.6431
0.174344 -475.745614
0.174444 -473.663479
0.174544 -474.980242
0.174644 -478.469643
0.174744 -484.875758
0.174844 -491.079998
0.174944 -495.932083
0.175044 -502.611189
0.175144 -509.106921
0.175244 -512.470623
0.175344 -516.039692
0.175444 -517.383803
0.175544 -518.085004
0.175644 -519.379651
0.175744 -521.359672
0.175844 -523.871694
0.175944 -528.568949
0.176044 -530.64269
0.176144 -532.606329
0.176244 -532.042356
0.176344 -531.58385
0.176444 -529.651345
0.176544 -528.542167
0.176644 -527.74522
0.176744 -526.924772
0.176844 -526.174341
0.176944 -525.666526
0.177044 -525.44216
0.177144 -525.366849
0.177244 -524.437472
0.177344 -524.484881
0.177444 -524.850614
0.177544 -524.132332
0.177644 -524.300883
0.177744 -523.631861
0.177844 -522.714989
0.177944 -523.047915
0.178044 -522.168672
0.178144 -520.812728
0.178244 -519.541835
0.178344 -518.481905
0.178444 -517.578826
0.178544 -516.753976
0.178644 -516.060878
0.178744 -515.490816
0.178844 -515.008033
0.178944 -514.562621
0.179044 -514.092094
0.179144 -513.593681
0.179244 -513.09036
0.179344 -512.624041
0.179444 -512.193557
0.179544 -511.81975
0.179644 -511.467432
0.179744 -511.054703
0.179844 -510.497653
0.179944 -509.746971
0.180044 -508.801228
0.180144 -507.758803
0.180244 -506.775385
0.180344 -505.958842
0.180444 -505.314068
0.180544 -504.679216
0.180644 -503.73561
0.180744 -502.138536
0.180844 -499.612443
0.180944 -496.727675
0.181044 -493.232651
0.181144 -490.305749
0.181244 -487.815145
0.181344 -485.941267
0.181444 -484.67651
0.181544 -483.883902
0.181644 -483.445034
0.181744 -483.285019
0.181844 -483.337834
0.181944 -483.31005
0.182044 -483.436659
0.182144 -483.429942
0.182244 -483.121131
0.182344 -482.483073
0.182444 -481.581872
0.182544 -480.476316
0.182644 -479.167547
0.182744 -477.583661
0.182844 -475.620828
0.182944 -473.334781
0.183044 -470.975885
0.183144 -468.936456
0.183244 -467.574941
0.183344 -467.268813
0.183444 -467.528918
0.183544 -468.139509
0.183644 -468.46517
0.183744 -468.539496
0.183844 -468.08409
0.183944 -467.07799
0.184044 -465.671444
0.184144 -464.089074
0.184244 -462.555383
0.184344 -461.226956
0.184444 -460.171789
0.184544 -459.311651
0.184644 -458.584639
0.184744 -457.914354
0.184844 -457.188504
0.184944 -456.366407
0.185044 -455.514159
0.185144 -454.769049
0.185244 -454.351151
0.185344 -454.437731
0.185444 -455.008368
0.185544 -455.943624
0.185644 -456.9435
0.185744 -457.754346
0.185844 -458.211961
0.185944 -458.301528
0.186044 -458.051396
0.186144 -457.499967
0.186244 -456.776293
0.186344 -455.659485
0.186444 -454.136433
0.186544 -452.634737
0.186644 -451.309331
0.186744 -451.136972
0.186844 -452.477223
0.186944 -455.156909
0.187044 -458.548095
0.187144 -461.67303
0.187244 -463.573805
0.187344 -463.638887
0.187444 -462.013794
0.187544 -459.450888
0.187644 -457.008847
0.187744 -455.649544
0.187844 -455.948763
0.187944 -457.860237
0.188044 -460.393098
0.188144 -463.570672
0.188244 -466.487236
0.188344 -468.549789
0.188444 -469.566386
0.188544 -469.81889
0.188644 -469.779996
0.188744 -469.833969
0.188844 -470.225231
0.188944 -471.075143
0.189044 -472.417735
0.189144 -474.305372
0.189244 -476.784775
0.189344 -479.923425
0.189444 -483.407012
0.189544 -486.813081
0.189644 -489.958051
0.189744 -492.702157
0.189844 -494.667101
0.189944 -496.212672
0.190044 -497.568748
0.190144 -499.01741
0.190244 -500.713948
0.190344 -502.859063
0.190444 -505.090294
0.190544 -507.608963
0.190644 -510.400116
0.190744 -513.628591
0.190844 -517.331737
0.190944 -521.403486
0.191044 -525.603973
0.191144 -529.482038
0.191244 -532.599135
0.191344 -534.877268
0.191444 -536.06456
0.191544 -536.831762
0.191644 -537.971639
0.191744 -539.665642
0.191844 -542.553916
0.191944 -547.438034
0.192044 -553.287575
0.192144 -559.187618
0.192244 -564.721945
0.192344 -569.847028
0.192444 -574.68999
0.192544 -579.33364
0.192644 -583.690161
0.192744 -587.553703
0.192844 -590.773299
0.192944 -593.416386
0.193044 -595.825557
0.193144 -598.520012
0.193244 -601.519427
0.193344 -606.127967
0.193444 -611.945359
0.193544 -617.99165
0.193644 -623.755188
0.193744 -628.632179
0.193844 -632.755498
0.193944 -636.41142
0.194044 -639.758233
0.194144 -642.913459
0.194244 -645.863254
0.194344 -648.602503
0.194444 -651.178109
0.194544 -653.786716
0.194644 -656.890416
0.194744 -659.976519
0.194844 -664.201433
0.194944 -669.186218
0.195044 -674.634132
0.195144 -680.245825
0.195244 -685.855164
0.195344 -691.413939
0.195444 -696.712186
0.195544 -701.914834
0.195644 -706.669846
0.195744 -710.86251
0.195844 -714.298966
0.195944 -717.085303
0.196044 -719.401596
0.196144 -721.485044
0.196244 -723.673405
0.196344 -726.089664
0.196444 -728.903084
0.196544 -732.253903
0.196644 -735.938112
0.196744 -739.80791
0.196844 -743.79424
0.196944 -747.864134
0.197044 -751.903596
0.197144 -755.797614
0.197244 -759.417001
0.197344 -762.676167
0.197444 -765.515155
0.197544 -767.938631
0.197644 -769.90107
0.197744 -771.00515
0.197844 -771.52656
0.197944 -772.043257
0.198044 -772.463014
0.198144 -772.949882
0.198244 -773.704273
0.198344 -775.176898
0.198444 -777.38011
0.198544 -779.977467
0.198644 -782.542843
0.198744 -784.702565
0.198844 -785.969726
0.198944 -786.585725
0.199044 -786.659455
0.199144 -786.433797
0.199244 -786.130937
0.199344 -785.911261
0.199444 -785.797411
0.199544 -785.663819
0.199644 -785.277333
0.199744 -784.1797
0.199844 -782.509759
0.199944 -780.207819
0.200044 -777.50024
0.200144 -774.790253
0.200244 -772.475627
0.200344 -770.879205
0.200444 -770.007267
0.200544 -769.420455
0.200644 -768.740189
0.200744 -767.209937
0.200844 -764.788457
0.200944 -761.213418
0.201044 -756.852007
0.201144 -752.18523
0.201244 -747.746847
0.201344 -743.93778
0.201444 -740.58684
0.201544 -737.494317
0.201644 -734.49979
0.201744 -731.411325
0.201844 -728.099679
0.201944 -724.517655
0.202044 -720.62887
0.202144 -716.64067
0.202244 -712.559714
0.202344 -709.272587
0.202444 -705.240028
0.202544 -700.851189
0.202644 -696.218052
0.202744 -691.311646
0.202844 -686.033796
0.202944 -680.369185
0.203044 -674.633472
0.203144 -668.603073
0.203244 -662.507945
0.203344 -656.54651
0.203444 -650.597512
0.203544 -644.986026
0.203644 -639.397427
0.203744 -633.816723
0.203844 -627.722464
0.203944 -621.191897
0.204044 -614.413662
0.204144 -607.601744
0.204244 -600.909902
0.204344 -594.401041
0.204444 -588.037029
0.204544 -581.707671
0.204644 -575.318173
0.204744 -568.810394
0.204844 -562.175835
0.204944 -556.025868
0.205044 -549.452216
0.205144 -542.658077
0.205244 -535.746884
0.205344 -528.739066
0.205444 -521.599137
0.205544 -514.294729
0.205644 -506.809654
0.205744 -498.550465
0.205844 -490.822309
0.205944 -483.389921
0.206044 -476.082735
0.206144 -468.818021
0.206244 -462.369263
0.206344 -455.424391
0.206444 -448.334337
0.206544 -441.263097
0.206644 -434.447919
0.206744 -427.820847
0.206844 -421.212384
0.206944 -415.09892
0.207044 -409.740772
0.207144 -404.180849
0.207244 -398.097023
0.207344 -391.525935
0.207444 -384.654619
0.207544 -377.742516
0.207644 -371.029794
0.207744 -364.670563
0.207844 -358.705911
0.207944 -353.094755
0.208044 -347.670392
0.208144 -342.403926
0.208244 -337.163762
0.208344 -331.803091
0.208444 -326.351766
0.208544 -320.785494
0.208644 -315.5909
0.208744 -310.021494
0.208844 -304.271779
0.208944 -298.49363
0.209044 -292.768096
0.209144 -287.131218
0.209244 -281.500295
0.209344 -276.014175
0.209444 -270.592736
0.209544 -265.151372
0.209644 -259.771367
0.209744 -254.48239
0.209844 -249.321357
0.209944 -244.33774
0.210044 -239.541419
0.210144 -234.919144
0.210244 -230.430698
0.210344 -226.0093
0.210444 -221.594389
0.210544 -217.130996
0.210644 -212.624151
0.210744 -208.128625
0.210844 -203.746126
0.210944 -199.513246
0.211044 -195.59333
0.211144 -191.869899
0.211244 -188.411651
0.211344 -185.036194
0.211444 -181.690491
0.211544 -178.456362
0.211644 -175.050083
0.211744 -171.469758
0.211844 -167.800647
0.211944 -164.114587
0.212044 -160.391861
0.212144 -156.859575
0.212244 -153.490566
0.212344 -150.23267
0.212444 -147.025058
0.212544 -143.863506
0.212644 -140.663962
0.212744 -137.52376
0.212844 -134.419855
0.212944 -131.353028
0.213044 -128.35647
0.213144 -125.415909
0.213244 -122.621599
0.213344 -119.960002
0.213444 -117.396233
0.213544 -114.902286
0.213644 -112.442849
0.213744 -110.04458
0.213844 -107.731175
0.213944 -105.495826
0.214044 -103.34491
0.214144 -101.254189
0.214244 -99.357844
0.214344 -97.600018
0.214444 -95.902599
0.214544 -94.215651
0.214644 -92.49937
0.214744 -90.66651
0.214844 -88.87421
0.214944 -87.117232
0.215044 -85.386959
0.215144 -83.631139
0.215244 -82.009248
0.215344 -80.441359
0.215444 -78.89527
0.215544 -77.322057
0.215644 -75.653055
0.215744 -74.030214
0.215844 -72.485848
0.215944 -71.051173
0.216044 -69.72403
0.216144 -68.351726
0.216244 -67.358743
0.216344 -66.498406
0.216444 -65.584743
0.216544 -64.556534
0.216644 -63.418349
0.216744 -62.211344
0.216844 -61.073505
0.216944 -60.040868
0.217044 -59.097993
0.217144 -58.244863
0.217244 -57.427543
0.217344 -56.587656
0.217444 -55.734195
0.217544 -54.841999
0.217644 -53.935241
0.217744 -53.061979
0.217844 -52.307771
0.217944 -51.650901
0.218044 -51.020688
0.218144 -50.541778
0.218244 -50.137908
0.218344 -49.753486
0.218444 -49.352895
0.218544 -48.91351
0.218644 -48.444061
0.218744 -47.986381
0.218844 -47.520791
0.218944 -47.043054
0.219044 -46.652281
0.219144 -46.391952
0.219244 -46.188846
0.219344 -46.155349
0.219444 -46.214301
0.219544 -46.294615
0.219644 -46.362779
0.219744 -46.388374
0.219844 -46.358907
0.219944 -46.239522
0.220044 -46.127862
0.220144 -45.972019
0.220244 -45.73107
0.220344 -45.493611
0.220444 -45.273633
0.220544 -45.096167
0.220644 -44.981592
0.220744 -44.907675
0.220844 -44.870854
0.220944 -44.878744
0.221044 -44.941063
0.221144 -45.018079
0.221244 -45.088939
0.221344 -45.063067
0.221444 -45.015667
0.221544 -44.897762
0.221644 -44.668673
0.221744 -44.42768
0.221844 -44.134115
0.221944 -43.836929
0.222044 -43.438178
0.222144 -43.037632
0.222244 -42.62509
0.222344 -42.260381
0.222444 -42.007646
0.222544 -41.834254
0.222644 -41.841006
0.222744 -41.96888
0.222844 -42.160847
0.222944 -42.353456
0.223044 -42.644877
0.223144 -43.081582
0.223244 -43.350567
0.223344 -43.437885
0.223444 -43.325043
0.223544 -43.082238
0.223644 -42.708819
0.223744 -42.236157
0.223844 -41.671682
0.223944 -41.032153
0.224044 -40.364195
0.224144 -39.682988
0.224244 -38.942077
0.224344 -38.278481
0.224444 -37.7262
0.224544 -37.208463
0.224644 -36.726578
0.224744 -36.20806
0.224844 -35.663623
0.224944 -35.03466
0.225044 -34.238261
0.225144 -33.314101
0.225244 -32.239433
0.225344 -30.984041
0.225444 -29.499292
0.225544 -27.828333
0.225644 -25.979839
0.225744 -24.043403
0.225844 -22.002176
0.225944 -19.954772
0.226044 -17.885399
0.226144 -15.761322
0.226244 -13.558901
0.226344 -11.19905
0.226444 -8.786658
0.226544 -6.493382
0.226644 -4.319612
0.226744 -2.34369
0.226844 -0.452993
0.226944 1.470302
0.227044 3.446695
0.227144 5.552281
0.227244 7.82173
0.227344 10.264636
0.227444 12.818404
0.227544 15.601235
0.227644 18.749062
0.227744 21.585836
0.227844 24.676887
0.227944 28.147175
0.228044 32.103321
0.228144 36.467449
0.228244 40.957863
0.228344 45.454036
0.228444 49.338464
0.228544 52.87733
0.228644 56.409605
0.228744 59.971702
0.228844 63.684954
0.228944 67.547185
0.229044 71.185335
0.229144 75.020544
0.229244 79.316738
0.229344 84.027753
0.229444 89.057998
0.229544 94.045096
0.229644 98.814761
0.229744 103.253875
0.229844 107.337642
0.229944 111.22749
0.230044 115.113758
0.230144 119.205564
0.230244 123.644427
0.230344 128.31411
0.230444 133.066122
0.230544 137.846861
0.230644 142.514994
0.230744 146.91615
0.230844 151.165854
0.230944 155.096584
0.231044 158.913772
0.231144 162.750878
0.231244 166.633393
0.231344 170.56199
0.231444 174.673229
0.231544 178.987396
0.231644 183.423137
0.231744 188.023987
0.231844 192.472267
0.231944 196.957759
0.232044 201.406078
0.232144 205.863752
0.232244 210.386479
0.232344 214.953419
0.232444 219.41166
0.232544 223.693568
0.232644 227.759686
0.232744 231.617979
0.232844 235.255921
0.232944 238.772866
0.233044 242.227987
0.233144 245.684528
0.233244 249.184941
0.233344 252.646814
0.233444 256.18343
0.233544 259.819002
0.233644 263.570873
0.233744 267.404333
0.233844 271.279387
0.233944 275.3337
0.234044 279.358476
0.234144 283.460976
0.234244 287.67669
0.234344 292.066229
0.234444 296.601232
0.234544 301.231252
0.234644 306.181969
0.234744 310.868326
0.234844 315.204876
0.234944 319.736862
0.235044 324.24239
0.235144 328.726112
0.235244 333.411368
0.235344 338.510614
0.235444 344.241189
0.235544 350.052841
0.235644 355.316156
0.235744 360.141727
0.235844 364.610838
0.235944 368.935327
0.236044 373.395317
0.236144 378.780512
0.236244 384.814049
0.236344 391.820384
0.236444 399.720035
0.236544 407.809848
0.236644 415.82535
0.236744 423.717129
0.236844 431.477119
0.236944 439.101
0.237044 446.546473
0.237144 453.780111
0.237244 460.743603
0.237344 467.409735
0.237444 473.804902
0.237544 479.994317
0.237644 486.041976
0.237744 492.024638
0.237844 497.974196
0.237944 503.889331
0.238044 509.760173
0.238144 515.570022
0.238244 521.321037
0.238344 527.067709
0.238444 532.861787
0.238544 538.743978
0.238644 544.724548
0.238744 550.728427
0.238844 556.647626
0.238944 562.392707
0.239044 567.93469
0.239144 573.305969
0.239244 578.621598
0.239344 584.022439
0.239444 589.634852
0.239544 595.517461
0.239644 601.672149
0.239744 608.109049
0.239844 614.925415
0.239944 622.180039
0.240044 629.829644
0.240144 637.774537
0.240244 645.893048
0.240344 654.033438
0.240444 662.05188
0.240544 669.851466
0.240644 677.397207
0.240744 684.777951
0.240844 692.136001
0.240944 699.56955
0.241044 707.109479
0.241144 714.815501
0.241244 722.649466
0.241344 730.495851
0.241444 738.190087
0.241544 745.572828
0.241644 752.558675
0.241744 759.095242
0.241844 765.252612
0.241944 771.1021
0.242044 776.768833
0.242144 782.361262
0.242244 788.051157
0.242344 793.963368
0.242444 800.116709
0.242544 806.507158
0.242644 813.052556
0.242744 819.715637
0.242844 826.478056
0.242944 833.286341
0.243044 840.148583
0.243144 847.096837
0.243244 854.009112
0.243344 860.79899
0.243444 867.418657
0.243544 873.876608
0.243644 880.24864
0.243744 886.48285
0.243844 892.288461
0.243944 897.583052
0.244044 902.28716
0.244144 906.407418
0.244244 910.019811
0.244344 913.329294
0.244444 916.452763
0.244544 919.352835
0.244644 922.102525
0.244744 924.936961
0.244844 927.996936
0.244944 931.327655
0.245044 934.940398
0.245144 938.742267
0.245244 942.617852
0.245344 946.599169
0.245444 950.683448
0.245544 954.80553
0.245644 958.973001
0.245744 963.18568
0.245844 967.361975
0.245944 971.504004
0.246044 975.520539
0.246144 979.483799
0.246244 983.347045
0.246344 987.172944
0.246444 990.986497
0.246544 994.727785
0.246644 998.365193
0.246744 1001.848703
0.246844 1004.98077
0.246944 1007.420595
0.247044 1009.28621
0.247144 1010.966972
0.247244 1012.292086
0.247344 1013.973312
0.247444 1016.241548
0.247544 1018.862384
0.247644 1021.851458
0.247744 1024.905864
0.247844 1027.026559
0.247944 1027.870324
0.248044 1027.730753
0.248144 1027.211139
0.248244 1026.557712
0.248344 1026.541224
0.248444 1027.461341
0.248544 1029.269492
0.248644 1031.513708
0.248744 1034.221699
0.248844 1037.007797
0.248944 1039.606073
0.249044 1041.93639
0.249144 1043.447713
0.249244 1044.136761
0.249344 1044.012876
0.249444 1043.075911
0.249544 1042.182319
0.249644 1041.494068
0.249744 1041.375552
0.249844 1042.013904
0.249944 1044.266092
0.25 1046.098184
ENDATA
