XYDATA, head_z_accel
0.0 -0.0
1e-06 0.13291001514278578
6e-06 0.11275481433517054
3e-05 -0.10960725630057157
6.9e-05 -0.16131053927691924
0.000121 -0.1239553772185201
0.000182 -0.06132277587147497
0.000251 0.013692443393003729
0.000326 0.07404638689052837
0.000406 0.09005684917887354
0.00049 0.059837661178893914
0.000577 0.01086772751143357
0.000667 -0.024227029617657405
0.000759 -0.032268307729958756
0.000852 -0.020551666471221062
0.000947 -0.005712756139966248
0.001043 0.0013354203525158949
0.001139 0.000543406769895938
0.001237 -0.0015304920640585725
0.001335 0.000826887877103802
0.001433 0.008069116364915646
0.001531 0.016449959976138642
0.00163 0.021935931230338598
0.00173 0.023420434093191864
0.001829 0.021591471093594654
0.001928 0.0209887168401034
0.002028 0.023472133705189847
0.002127 0.028570204911973
0.002227 0.03400916724875467
0.002327 0.03769666501812546
0.002427 0.039722637190070006
0.002527 0.042286305721117814
0.002626 0.047757287146986994
0.002726 0.05659547347973059
0.002826 0.06694436938200099
0.002926 0.07595091086150725
0.003026 0.0816167600556765
0.003126 0.08386849739717438
0.003226 0.08482580697791804
0.003326 0.0879288034140099
0.003426 0.09558778991806581
0.003526 0.10742904049802941
0.003626 0.12075193873544993
0.003726 0.13276970219188
0.003826 0.14218933070926362
0.003926 0.149222517373415
0.004026 0.1547332677315903
0.004126 0.15962810949712697
0.004226 0.16469171429591145
0.004326 0.17060912747982238
0.004426 0.17789734516883954
0.004526 0.18675878103123902
0.004626 0.1970077447446376
0.004726 0.20818189697807102
0.004826 0.2197841260777126
0.004926 0.23144560068932815
0.005026 0.24307903310508686
0.005126 0.25486042634334866
0.005226 0.2668672788362999
0.005326 0.27878388644440255
0.005426 0.2900541979167198
0.005526 0.30025105413163516
0.005626 0.309395767158
0.005726 0.3180366384035323
0.005826 0.32699097041293407
0.005926 0.33701702416217566
0.006026 0.348488015785207
0.006126 0.36126373430274356
0.006226 0.3747522344531517
0.006326 0.38826265850213887
0.006426 0.4012778063864827
0.006526 0.41359098162981245
0.006626 0.4251837273686734
0.006726 0.43670233973885075
0.006826 0.44892904304732
0.006926 0.46179470053484123
0.007026 0.47545410512254443
0.007126 0.4895346525062076
0.007226 0.5036370218168283
0.007326 0.5174880310809502
0.007426 0.5310504606567993
0.007526 0.544375806213131
0.007626 0.5573117221477263
0.007726 0.5698893098050812
0.007826 0.5825073801960915
0.007926 0.5951739890788393
0.008026 0.6079385926896544
0.008126 0.6208833801553028
0.008226 0.6340449592878302
0.008326 0.647398754926504
0.008426 0.6608846038147583
0.008526 0.6744491747946546
0.008626 0.6881447793079187
0.008726 0.7022938516210939
0.008826 0.716366853104781
0.008926 0.7301636134663724
0.009026 0.7437088098382221
0.009126 0.7571877246562282
0.009226 0.7707810516333304
0.009326 0.7844460646602052
0.009426 0.7981402415707709
0.009526 0.8118310534178339
0.009626 0.8255072833230512
0.009726 0.8391746416972158
0.009826 0.8528392468376051
0.009926 0.8664900858091193
0.010026 0.8800925902321385
0.010126 0.8936008728770783
0.010226 0.9069826087399877
0.010326 0.9202296400911626
0.010426 0.9333582823900108
0.010526 0.946408100625596
0.010626 0.9595541800716861
0.010726 0.9727580774270521
0.010826 0.9859434159473418
0.010926 0.9990783804867107
0.011026 1.0121879540923762
0.011126 1.025765985326284
0.011226 1.0392596860293781
0.011326 1.0520448879076953
0.011426 1.063861155440441
0.011526 1.0748654229527923
0.011626 1.0847362758944188
0.011726 1.0946555653561614
0.011826 1.1056199619645852
0.011926 1.1181783789571362
0.012026 1.132618682220738
0.012126 1.1479539904044704
0.012226 1.1630637373618922
0.012326 1.1775436056145576
0.012426 1.191173642375327
0.012526 1.2038843029984756
0.012626 1.216465459662576
0.012726 1.2292024289640195
0.012826 1.241907991006103
0.012926 1.2543923766015919
0.013026 1.2664870266604804
0.013126 1.2780818118317674
0.013226 1.2891417558493472
0.013326 1.2997112163684847
0.013426 1.309935400977908
0.013526 1.3200109109634788
0.013626 1.3301064073868245
0.013726 1.3403157041395382
0.013826 1.350655116681028
0.013926 1.361093033808691
0.014026 1.3715788775983646
0.014126 1.3820433073475653
0.014226 1.3923990353484625
0.014326 1.4026182233484423
0.014426 1.412685779547552
0.014526 1.4225720302039944
0.014626 1.4322496469232615
0.014726 1.4417131232378029
0.014826 1.4509737779975833
0.014926 1.460066383525465
0.015026 1.4693584455446052
0.015126 1.4792960898981813
0.015226 1.4891876430789313
0.015326 1.4982921792865047
0.015426 1.5062172097505264
0.015526 1.5127153513177283
0.015626 1.5175459509618474
0.015726 1.5224925943110035
0.015826 1.5289782953404067
0.015926 1.5377523415233543
0.016026 1.5492118103531787
0.016126 1.5619400100951906
0.016226 1.574367393554374
0.016326 1.5860960674644249
0.016426 1.5964754528814633
0.016526 1.6051752637241057
0.016626 1.6132056308729281
0.016726 1.6210049303278897
0.016826 1.6284472271366879
0.016926 1.6354391152942136
0.017026 1.6419258360398301
0.017126 1.648036281502858
0.017226 1.6537987997940176
0.017326 1.6592334793227046
0.017426 1.6644238348467622
0.017526 1.6695406688318641
0.017626 1.6754334048834212
0.017726 1.6813564265065033
0.017826 1.686608474861446
0.017926 1.6911170481255067
0.018026 1.6944405072068445
0.018126 1.6962170567930945
0.018226 1.6982344633488502
0.018326 1.7019172704236414
0.018426 1.7079914139894867
0.018526 1.7168369422789638
0.018626 1.7269828126832303
0.018726 1.736769131150801
0.018826 1.7455625519417945
0.018926 1.7529959772195398
0.019026 1.7588908546751438
0.019126 1.7649309397194763
0.019226 1.7707450556510125
0.019326 1.7752989043149294
0.019426 1.7780675358047857
0.019526 1.7788437437861044
0.019626 1.777070151376872
0.019726 1.7749084549769802
0.019826 1.7742623627844372
0.019926 1.7764295656518791
0.020026 1.7818457883171115
0.020126 1.789137575012874
0.020226 1.7963471725818705
0.020326 1.8027059189427581
0.020426 1.8079206456843062
0.020526 1.8120245955550573
0.020626 1.8158444524888726
0.020726 1.8196228069728198
0.020826 1.8230999372874528
0.020926 1.8261360403399733
0.021026 1.828729382612819
0.021126 1.8316569878602786
0.021226 1.834396455466444
0.021326 1.8359801767168198
0.021426 1.8360061794802507
0.021526 1.834266033762804
0.021626 1.8305283659557545
0.021726 1.8269990261710167
0.021826 1.8254483437259412
0.021926 1.8267771359230727
0.022026 1.8313129356100197
0.022126 1.837343741236814
0.022226 1.8429782851432448
0.022326 1.8474930786762045
0.022426 1.8504697322735084
0.022526 1.8517383612140743
0.022626 1.8532316336363592
0.022726 1.8545339132119534
0.022826 1.8545813300158567
0.022926 1.8535017564611769
0.023026 1.8509343149801414
0.023126 1.846467754024055
0.023226 1.8423631923235764
0.023326 1.8406009187643078
0.023426 1.8413661138105266
0.023526 1.844954903050481
0.023626 1.8498846191105016
0.023726 1.8545543075362128
0.023826 1.8583350073674496
0.023926 1.8608181183176722
0.024026 1.8617016004445963
0.024126 1.862750276598023
0.024226 1.8634793736903021
0.024326 1.862770874865525
0.024426 1.8601144121590962
0.024526 1.8553037989527514
0.024626 1.8482335965900691
0.024726 1.8414262770670926
0.024826 1.836698974675348
0.024926 1.8352078436571102
0.025026 1.8377032931735098
0.025126 1.843076279871312
0.025226 1.8482656156791566
0.025326 1.8513614741017574
0.025426 1.8517677290410082
0.025526 1.8490569154604277
0.025626 1.8438811418782155
0.025726 1.838698434225755
0.025826 1.8351171908857768
0.025926 1.8339309550152192
0.026026 1.835605023122065
0.026126 1.839363391168238
0.026226 1.8427508884277506
0.026326 1.8442662886918573
0.026426 1.8430587407524486
0.026526 1.8386043144192972
0.026626 1.8317215358965602
0.026726 1.8249858004517343
0.026826 1.8199649217622738
0.026926 1.8175611447334208
0.027026 1.8182816762095109
0.027126 1.8212402808298451
0.027226 1.823750924117818
0.027326 1.8241626855246187
0.027426 1.8215663860747555
0.027526 1.815461752994142
0.027626 1.8070455252303286
0.027726 1.7993780750817048
0.027826 1.793641559553976
0.027926 1.790477176201863
0.028026 1.7902576313012089
0.028126 1.792147471358721
0.028226 1.7937334359847656
0.028326 1.7935928171189959
0.028426 1.790798692723815
0.028526 1.7848908648723059
0.028626 1.7767566906130023
0.028726 1.7688387981624714
0.028826 1.7626509562388788
0.028926 1.7590198487760855
0.029026 1.758474810460249
0.029126 1.7603880020190381
0.029226 1.762040146227305
0.029326 1.761835285240118
0.029426 1.7590523777232796
0.029526 1.7534942105612008
0.029626 1.7468386248107155
0.029726 1.740655779496566
0.029826 1.7352458790718543
0.029926 1.7307321052551077
0.030026 1.7272347845594571
0.030126 1.7230607801848745
0.030226 1.7189949677004892
0.030326 1.7158993132211309
0.030426 1.7141741573320146
0.030526 1.7139968286825777
0.030626 1.7155083540250748
0.030726 1.716641462680936
0.030826 1.7157445203000006
0.030926 1.7119481168390838
0.031026 1.704794603661801
0.031126 1.695778884736378
0.031226 1.6866151030168306
0.031326 1.6780355167156982
0.031426 1.6705151096449857
0.031526 1.6643639775050605
0.031626 1.6586328664732606
0.031726 1.6529801716182386
0.031826 1.6475673140165092
0.031926 1.6424570062151704
0.032026 1.6383682501159929
0.032126 1.6341024712822423
0.032226 1.6294911106239134
0.032326 1.624676112637853
0.032426 1.6198259344424448
0.032526 1.6150600867778497
0.032626 1.6103605206670983
0.032726 1.6056346458780522
0.032826 1.6007868130299339
0.032926 1.5956755874840034
0.033026 1.597504040625494
0.033126 1.5985279376749453
0.033226 1.5962725293550806
0.033326 1.5906124925433254
0.033426 1.5817297446120744
0.033526 1.569815584322883
0.033626 1.5555544451979015
0.033726 1.5402558467978362
0.033826 1.525701335318381
0.033926 1.5132280646296137
0.034026 1.5024674073205426
0.034126 1.4937683102792494
0.034226 1.4873733639928008
0.034326 1.4832774698801323
0.034426 1.4811285199329027
0.034526 1.4802714484558948
0.034626 1.479718456353597
0.034726 1.4783678422295075
0.034826 1.4752737173244685
0.034926 1.4699535519264988
0.035026 1.4642506870337986
0.035126 1.4544254154068923
0.035226 1.4407839578245374
0.035326 1.4245726114422357
0.035426 1.407213880377091
0.035526 1.390224388552666
0.035626 1.3749316025350147
0.035726 1.3627119352684147
0.035826 1.3531122248678193
0.035926 1.3455600026512624
0.036026 1.3398391907532134
0.036126 1.3368972075071508
0.036226 1.333973987039407
0.036326 1.329026323974038
0.036426 1.3208599266824044
0.036526 1.308840735623276
0.036626 1.2928016193093463
0.036726 1.2751623643140113
0.036826 1.2582840215568007
0.036926 1.2439475254036803
0.037026 1.2333907093655836
0.037126 1.2262448440598983
0.037226 1.2202983689639173
0.037326 1.2139057680247587
0.037426 1.2058263525260922
0.037526 1.1950313307806437
0.037626 1.1817517704822749
0.037726 1.167946342532873
0.037826 1.1549407799809315
0.037926 1.143601637664238
0.038026 1.1346361907481148
0.038126 1.1275972936731709
0.038226 1.12012491523609
0.038326 1.110749440430728
0.038426 1.0987875574227692
0.038526 1.0839321276888643
0.038626 1.06714780276649
0.038726 1.0515641936848976
0.038826 1.0382855511311202
0.038926 1.0274194551656275
0.039026 1.019048706744913
0.039126 1.0123620196499314
0.039226 1.0050348488015786
0.039326 0.9956284765949638
0.039426 0.9833297813218582
0.039526 0.9676976337485278
0.039626 0.9514500874406654
0.039726 0.9363961189600936
0.039826 0.9226376999281102
0.039926 0.9100506289099743
0.040026 0.898697720424406
0.040126 0.8877862470874356
0.040226 0.8770863648646582
0.040326 0.8667010650935846
0.040426 0.8566173973783097
0.040526 0.8466220370870787
0.040626 0.8359100202413668
0.040726 0.8248840327736792
0.040826 0.8140722876823381
0.040926 0.8037432762462208
0.041026 0.7941824170333396
0.041126 0.7856597308968915
0.041226 0.7764595453085407
0.041326 0.7652839654724091
0.041426 0.7515357436025554
0.041526 0.7350292913482178
0.041626 0.7173265080328145
0.041726 0.7001808976561823
0.041826 0.6844520809858617
0.041926 0.6706864219687662
0.042026 0.6591623031310386
0.042126 0.6489007969082204
0.042226 0.6402583960883687
0.042326 0.6328105928120205
0.042426 0.6252684657859718
0.042526 0.6165995523445825
0.042626 0.6069937236467092
0.042726 0.5958478175523751
0.042826 0.5828481693544687
0.042926 0.5682068800252891
0.043026 0.5522751398285857
0.043126 0.5353019634635682
0.043226 0.5194246761126379
0.043326 0.506185190661439
0.043426 0.49626579922807484
0.043526 0.4897999826648244
0.043626 0.48501578010839586
0.043726 0.48055625519417944
0.043826 0.4751593051653725
0.043926 0.46765970030540505
0.044026 0.4565687569149506
0.044126 0.4426181213768209
0.044226 0.42594494552166134
0.044326 0.4071343425124788
0.044426 0.3873729561063156
0.044526 0.36785089709533836
0.044626 0.34888876425690735
0.044726 0.33189193047574866
0.044826 0.3176957472735338
0.044926 0.3064553134862568
0.045026 0.29816756996527866
0.045126 0.2917957712368648
0.045226 0.2851881121483891
0.045326 0.2769829656406622
0.045426 0.2662456598328685
0.045526 0.25217571749782036
0.045626 0.23512779593439148
0.045726 0.21701610641758398
0.045826 0.1993626773668888
0.045926 0.1834136019945649
0.046026 0.17012109130029113
0.046126 0.15912967221222335
0.046226 0.1483118088236044
0.046326 0.13595498972635917
0.046426 0.12083779884058267
0.046526 0.10219330760249422
0.046626 0.08111087884241816
0.046726 0.059208802190350435
0.046826 0.03755257911723168
0.046926 0.017087384580871143
0.047026 -0.0015044893006276353
0.047126 -0.018834566340187528
0.047226 -0.03530022994600603
0.047326 -0.051105015474193535
0.047426 -0.06665171082887633
0.047526 -0.08237746835055804
0.047626 -0.09864082025972172
0.047726 -0.11570220207716193
0.047826 -0.13373414978611453
0.047926 -0.15283292459708464
0.048026 -0.17301208873570487
0.048126 -0.19418292689144612
0.048226 -0.21613588738254144
0.048326 -0.23858952853420895
0.048426 -0.2612095873718344
0.048526 -0.2831959945547154
0.048626 -0.30436520116451593
0.048726 -0.32531669836284566
0.048826 -0.3464549055997716
0.048926 -0.36800732156240923
0.049026 -0.39020572774596834
0.049126 -0.412841592184895
0.049226 -0.43503163669550765
0.049326 -0.4561949289512729
0.049426 -0.4760314684423326
0.049526 -0.4945386039065328
0.049626 -0.5087749639275391
0.049726 -0.5258510296584461
0.049826 -0.5473420587050625
0.049926 -0.5712871367898315
0.050026 -0.5961163088312523
0.050126 -0.6212899410094171
0.050226 -0.6472136764338485
0.050326 -0.6740039666960685
0.050426 -0.7007006470099372
0.050526 -0.7266577271545329
0.050626 -0.7515001555067226
0.050726 -0.7752092712598084
0.050826 -0.7977980248096955
0.050926 -0.8192006444606467
0.051026 -0.8393402436102033
0.051126 -0.8578448297838712
0.051226 -0.8756113453625857
0.051326 -0.8936327899945445
0.051426 -0.9125975740951293
0.051526 -0.9328187505417243
0.051626 -0.953922287427409
0.051726 -0.9742032192440845
0.051826 -0.9819086028358309
0.051926 -0.9960224949396584
0.052026 -1.020034160493135
0.052126 -1.04713128336384
0.052226 -1.0704375092411782
0.052326 -1.089054672084759
0.052426 -1.1055107503581754
0.052526 -1.1220836881095992
0.052626 -1.1391556749756544
0.052726 -1.156906181009825
0.052826 -1.1751852059571821
0.052926 -1.1937485277847175
0.053026 -1.2123384642054118
0.053126 -1.2300926412179491
0.053226 -1.2465691138156252
0.053326 -1.2614335170522046
0.053426 -1.273980819138034
0.053526 -1.2834657094930482
0.053626 -1.2900244222033008
0.053726 -1.2952465928732035
0.053826 -1.3011417762436714
0.053926 -1.3093999479944733
0.054026 -1.3215007163506398
0.054126 -1.3376852441965403
0.054226 -1.3567402731819735
0.054326 -1.3768758954382996
0.054426 -1.3961649492946113
0.054526 -1.413044005853171
0.054626 -1.4271606511907737
0.054726 -1.4385355855465425
0.054826 -1.4474746218127497
0.054926 -1.4546846272682312
0.055026 -1.4610514293872017
0.055126 -1.4668338321445142
0.055226 -1.4727376831027925
0.055326 -1.479420597247786
0.055426 -1.4871753351042407
0.055526 -1.4959323520264312
0.055626 -1.5048759770155966
0.055726 -1.509945394196795
0.055826 -1.5080738070594955
0.055926 -1.503383826281146
0.056026 -1.50007698857408
0.056126 -1.4999805234203323
0.056226 -1.5027471154777625
0.056326 -1.5076636771986358
0.056426 -1.5144063467137097
0.056526 -1.5217901118118828
0.056626 -1.5273889656508595
0.056726 -1.5344766051607839
0.056826 -1.5427930027073467
0.056926 -1.553824292699342
0.057026 -1.566470813172694
0.057126 -1.5772306547087946
0.057226 -1.5759406117277563
0.057326 -1.5751555322153845
0.057426 -1.5758126373430275
0.057526 -1.574359133853049
0.057626 -1.5700554215761755
0.057726 -1.565257554822493
0.057826 -1.5628522482193206
0.057926 -1.5643038142484946
0.058026 -1.569674863485492
0.058126 -1.5783437769268813
0.058226 -1.5690750664090185
0.058326 -1.5767822854899483
0.058426 -1.604443923256158
0.058526 -1.6314501894122866
0.058626 -1.6447769625713164
0.058726 -1.6439154043429716
0.058826 -1.6355160018966723
0.058926 -1.6262389297058628
0.059026 -1.6193046555143704
0.059126 -1.61615934085544
0.059226 -1.616035649278806
0.059326 -1.6172010829386183
0.059426 -1.6181014923546777
0.059526 -1.6181222945654226
0.059626 -1.617880723794568
0.059726 -1.6176038708427445
0.059826 -1.6170919733038296
0.059926 -1.615806621017371
0.060026 -1.6131629047636045
0.060126 -1.6090288732645706
0.060226 -1.604950722214008
0.060326 -1.6023927640937528
0.060426 -1.6024511938327564
0.060526 -1.6057811790978571
0.060626 -1.608329449914089
0.060726 -1.604471353622287
0.060826 -1.5912782652587787
0.060926 -1.5690299949524047
0.061026 -1.5380785487398858
0.061126 -1.5074957299383582
0.061226 -1.4863487531420008
0.061326 -1.4794391560828624
0.061426 -1.4864296166376898
0.061526 -1.5026476931469972
0.061626 -1.5203986070676532
0.061726 -1.5299969918371716
0.061826 -1.5272476329837408
0.061926 -1.5054055156449961
0.062026 -1.4566577781403436
0.062126 -1.4139907103852998
0.062226 -1.3889640193134252
0.062326 -1.3785127439033718
0.062426 -1.3803259013016678
0.062526 -1.3915463486511703
0.062626 -1.4062638107814596
0.062726 -1.4208644134337416
0.062826 -1.434905701743205
0.062926 -1.4468670748930574
0.063026 -1.4573628099299967
0.063126 -1.4681265263877064
0.063226 -1.4780242998373554
0.063326 -1.4851777110430167
0.063426 -1.4873472592577486
0.063526 -1.4839245817888882
0.063626 -1.4755985989099234
0.063726 -1.4661989568303142
0.063826 -1.4587462589161437
0.063926 -1.454107875778171
0.064026 -1.4533499207170646
0.064126 -1.453661647963372
0.064226 -1.4506823431039142
0.064326 -1.4433771981257617
0.064426 -1.433119668796174
0.064526 -1.4239702650752297
0.064626 -1.420492726874111
0.064726 -1.427272004201231
0.064826 -1.44437417466719
0.064926 -1.4674017121035217
0.065026 -1.4901795210392947
0.065126 -1.5065774754885717
0.065226 -1.5108422346061092
0.065326 -1.500957105637501
0.065426 -1.4800343644363776
0.065526 -1.4543995146150825
0.065626 -1.4326896544691614
0.065726 -1.4211987783799769
0.065826 -1.4212521095379158
0.065926 -1.4298835993942887
0.066026 -1.4433444652353251
0.066126 -1.4572988737234427
0.066226 -1.4695644282196267
0.066326 -1.4793060831170686
0.066426 -1.4862831853895062
0.066526 -1.4883289400559825
0.066626 -1.4840413392952743
0.066726 -1.4750490738427495
0.066826 -1.4634644858335926
0.066926 -1.4494131023336205
0.067026 -1.433535713011069
0.067126 -1.4162309249335912
0.067226 -1.3980048232576876
0.067326 -1.378872703726553
0.067426 -1.360221890247944
0.067526 -1.343907348584889
0.067626 -1.3284446778461556
0.067726 -1.3193404475534458
0.067826 -1.3180363324886684
0.067926 -1.319805846033049
0.068026 -1.3194365048207084
0.068126 -1.302143851366165
0.068226 -1.2744518260568085
0.068326 -1.235374159371447
0.068426 -1.185887943385356
0.068526 -1.1302642594565933
0.068626 -1.0747214390235198
0.068726 -1.0258747890462085
0.068826 -0.9866572172964264
0.068926 -0.9571555016238981
0.069026 -0.9345268771700836
0.069126 -0.9169069967827953
0.069226 -0.9018860671075241
0.069326 -0.8877030382444567
0.069426 -0.8740287458000439
0.069526 -0.8606840256356656
0.069626 -0.8462832873611275
0.069726 -0.8293340743271148
0.069826 -0.8062634028949743
0.069926 -0.7731170175340203
0.070026 -0.7339471685030057
0.070126 -0.6894287039916791
0.070226 -0.6416250197570017
0.070326 -0.5963234131941081
0.070426 -0.5567669897467535
0.070526 -0.5225380736541021
0.070626 -0.49298323076687767
0.070726 -0.4704745249397093
0.070826 -0.45657303972304514
0.070926 -0.4476618417094522
0.071026 -0.43660363120943446
0.071126 -0.4148010788597533
0.071226 -0.3730684790422825
0.071326 -0.3095309815278408
0.071426 -0.2272807737606624
0.071526 -0.13415875961719853
0.071626 -0.039372772557397274
0.071726 0.04601673354305497
0.071826 0.11488846853920555
0.071926 0.1636970831017728
0.072026 0.1913112020924577
0.072126 0.20426761432293394
0.072226 0.21021103027027577
0.072326 0.21617891940672915
0.072426 0.23057894387991826
0.072526 0.2584760341197045
0.072626 0.30470191145804126
0.072726 0.3704334303763263
0.072826 0.4552528131421026
0.072926 0.5545084203066287
0.073026 0.6595818143810578
0.073126 0.761947352051924
0.073226 0.8489057935176642
0.073326 0.9106043348136215
0.073426 0.9438831813106413
0.073526 0.9518159616178817
0.073626 0.9451927008713475
0.073726 0.9378222940555644
0.073826 0.9433021470124865
0.073926 0.9696576302814928
0.074026 1.0223408605385123
0.074126 1.100795072731259
0.074226 1.203059250610555
0.074326 1.3129570240602042
0.074426 1.4165017615597582
0.074526 1.4999584975501319
0.074626 1.555782045856638
0.074726 1.5821912681700683
0.074826 1.584046437876339
0.074926 1.5720606935089965
0.075026 1.5605042496673176
0.075126 1.5619459244492258
0.075226 1.585004869144917
0.075326 1.6357506385972784
0.075426 1.7161113122218088
0.075526 1.8223355580142047
0.075626 1.9479268659532054
0.075726 2.0739021990180135
0.075826 2.1854244823665576
0.075926 2.267951747028802
0.076026 2.3173202877639154
0.076126 2.334989624387533
0.076226 2.331191793323918
0.076326 2.321519071242473
0.076426 2.3212047947056336
0.076526 2.34330948896922
0.076626 2.396443433792376
0.076726 2.47816216546935
0.076826 2.5811552364976826
0.076926 2.693930445157113
0.077026 2.803141133822457
0.077126 2.8975679768320477
0.077226 2.9700409416059514
0.077326 3.023594805565611
0.077426 3.0484956636568046
0.077526 3.065204223664554
0.077626 3.0894435918483887
0.077726 3.127806845354938
0.077826 3.1818109140226274
0.077926 3.2501509689853316
0.078026 3.3303905003237597
0.078126 3.4207219590787883
0.078226 3.5174773240607142
0.078326 3.6160866350894554
0.078426 3.7104522951262666
0.078526 3.7906775504377133
0.078626 3.853035440236982
0.078726 3.888387981624714
0.078826 3.911324662346469
0.078926 3.927138931235437
0.079026 3.972801211422861
0.079126 4.0102983179781075
0.079226 4.041545379920768
0.079326 4.093129560043439
0.079426 4.171011813412328
0.079526 4.275190304538247
0.079626 4.380328144677336
0.079726 4.494022525531145
0.079826 4.616383984337159
0.079926 4.740367097836672
0.080026 4.853392544854768
0.080126 4.9490394783131855
0.080226 5.034555225280805
0.080326 5.0925890084789405
0.080426 5.14332916949213
0.080526 5.204175533948902
0.080626 5.254744382638312
0.080726 5.304457179566927
0.080826 5.3507145661362445
0.080926 5.394551044444332
0.081026 5.51209546583186
0.081126 5.607975710359807
0.081226 5.6714622220636
0.081326 5.753732008382068
0.081426 5.873666848516058
0.081526 6.029430131594378
0.081626 6.199172398321548
0.081726 6.37668418879026
0.081826 6.560482121825497
0.081926 6.732102909760215
0.082026 6.888147532541693
0.082126 7.028508308137845
0.082226 7.144204595860972
0.082326 7.2729179689292485
0.082426 7.349447976628105
0.082526 7.3850321975394255
0.082626 7.424683148679723
0.082726 7.485362993478915
0.082826 7.606666496713965
0.082926 7.72748094405327
0.083026 7.857346290527346
0.083126 8.011831257361077
0.083226 8.215585546542398
0.083326 8.436782183518327
0.083426 8.733946862588143
0.083526 8.9220678825083
0.083626 9.008406540459792
0.083726 9.05037234937517
0.083826 9.073148832679864
0.083926 9.134437346086585
0.084026 9.16778257610907
0.084126 9.1446500079028
0.084226 9.155984357553294
0.084326 9.184836310054912
0.084426 9.206622954831671
0.084526 9.263476518484905
0.084626 9.409056609545564
0.084726 9.633280580014583
0.084826 9.88034884491646
0.084926 10.156025248173435
0.085026 10.572357634870217
0.085126 10.996442719991029
0.085226 11.264113841118018
0.085326 11.374617020083312
0.085426 11.445386446951813
0.085526 11.612544548852055
0.085626 11.793965115508355
0.085726 11.929965278662948
0.085826 12.106940596432013
0.085926 12.371820856255704
0.086026 12.777174570317081
0.086126 13.218455027965717
0.086226 13.65969510485232
0.086326 14.116942075020523
0.086426 14.562415401793682
0.086526 14.97092962428556
0.086626 15.25622531649442
0.086726 15.392968240938547
0.086826 15.370078263219348
0.086926 15.226101777875217
0.087026 15.06466316224195
0.087126 14.94336516547445
0.087226 14.946329072619092
0.087326 15.065266936211653
0.087426 15.284630021465027
0.087526 15.610811847062962
0.087626 16.095826607455145
0.087726 16.718178073042274
0.087826 17.319522568869086
0.087926 17.78775738911861
0.088026 18.09232327043384
0.088126 18.286165204223664
0.088226 18.270020649253315
0.088326 18.0511792508145
0.088426 17.810906578699147
0.088526 17.64437723381583
0.088626 17.59651828096241
0.088726 17.665703884608916
0.088826 17.850529691586832
0.088926 18.12191574084932
0.089026 18.45915220794053
0.089126 18.751509638867503
0.089226 18.991370039717946
0.089326 19.144408029245465
0.089426 19.19460029673742
0.089526 19.144358878924
0.089626 18.99269740431238
0.089726 18.714866136754143
0.089826 18.346534137549522
0.089926 17.980802210744752
0.090026 17.72540500578689
0.090126 17.528702360133178
0.090226 17.397665971560116
0.090326 17.317808833801553
0.090426 17.366145421729133
0.090526 17.458291363513535
0.090626 17.547463200991164
0.090726 17.564278117399926
0.090826 17.513562939433957
0.090926 17.40568889478058
0.091026 17.160946908475374
0.091126 16.734604477573892
0.091226 16.167162078793474
0.091326 15.56990572723611
0.091426 14.998662336271817
0.091526 14.557372089347535
0.091626 14.265653714571235
0.091726 14.11909867283935
0.091826 14.136282318630725
0.091926 14.345591103995758
0.092026 14.612735337755504
0.092126 14.781934299684398
0.092226 14.846169589003383
0.092326 14.811561542422744
0.092426 14.509483258809073
0.092526 13.992281462069108
0.092626 13.276914746626014
0.092726 12.635406178460535
0.092826 11.878357441124136
0.092926 11.13436616989492
0.093026 10.641129335705873
0.093126 10.441832022148237
0.093226 10.55126419317504
0.093326 11.046490289752363
0.093426 11.730087746580127
0.093526 12.246559732426466
0.093626 12.520580014581943
0.093726 12.70052413413347
0.093826 12.600761931954338
0.093926 12.20727985601607
0.094026 11.511437239016383
0.094126 10.429077615699551
0.094226 9.658495816614238
0.094326 8.976802985729073
0.094426 8.38821004114555
0.094526 8.18134041696196
0.094626 8.304565167513882
0.094726 8.874787312690879
0.094826 9.815169502327503
0.094926 10.546015407911979
0.095026 11.11085875400876
0.095126 11.556903427776051
0.095226 11.873315862195552
0.095326 11.754155394553697
0.095426 11.344771863990252
0.095526 10.107312588906508
0.095626 9.312232413719263
0.095726 8.593872525276216
0.095826 7.498035618687319
0.095926 6.662309759194017
0.096026 6.156225520437663
0.096126 6.144162379609755
0.096226 6.993889656508594
0.096326 8.64947193995911
0.096426 9.613084386615206
0.096526 10.078788577138983
0.096626 10.377651185675028
0.096726 10.414877965462212
0.096826 10.608543794262058
0.096926 10.30672655799891
0.097026 10.003241473897814
0.097126 9.19107952256887
0.097226 8.055057333544076
0.097326 6.734007841617679
0.097426 5.608510347570271
0.097526 4.952029388221258
0.097626 4.754335578408529
0.097726 5.15882997761723
0.097826 5.970768713067153
0.097926 7.221613394992174
0.098026 8.373659608530946
0.098126 9.046767040732565
0.098226 9.46011930679692
0.098326 9.564032263820978
0.098426 9.425695318992725
0.098526 9.543759081847522
0.098626 9.348113677963424
0.098726 8.451758347651849
0.098826 7.271846349161028
0.098926 6.423344771150189
0.099026 6.021396603325295
0.099126 5.6028974216475556
0.099226 4.792724630735267
0.099326 4.320995548938731
0.099426 4.387941040008566
0.099526 5.515641528962489
0.099626 6.692842917815971
0.099726 7.410491146313982
0.099826 7.708373297711247
0.099926 8.09250957258595
0.100026 8.727240189055387
0.100126 9.130967659700305
0.100226 8.895866784273938
0.100326 8.362776687247939
0.100426 8.03009967725982
0.100526 7.3173899343812625
0.100626 6.509803959558055
0.100726 6.233900057613966
0.100826 5.987441175120964
0.100926 5.499166076081027
0.101026 4.686562689603484
0.101126 4.079630964702524
0.101226 4.093215726063437
0.101326 4.636498396496255
0.101426 5.7049781525801375
0.101526 6.58975715458388
0.101626 7.149977719200747
0.101726 7.221847521834674
0.101826 7.1029031320583496
0.101926 7.276182998271581
0.102026 8.035144825195148
0.102126 8.596836432420858
0.102226 8.455413316474026
0.102326 7.635391494547068
0.102426 6.440691571535642
0.102526 5.507107320032835
0.102626 5.769544543753474
0.102726 6.984883420943952
0.102826 7.487550080812511
0.102926 6.524495418924913
0.103026 5.054000193746081
0.103126 4.036977357201491
0.103226 3.6430756680415843
0.103326 3.817922328216058
0.103426 4.72068198620324
0.103526 6.157313455665289
0.103626 7.275016748838798
0.103726 7.604304528049845
0.103826 7.586203647524894
0.103926 7.3334505667072865
0.104026 7.029121463496709
0.104126 7.009701682021894
0.104226 7.466090764940117
0.104326 7.680376989083939
0.104426 7.5154168854807715
0.104526 7.127580060469172
0.104626 6.548369728704501
0.104726 6.076635140440415
0.104826 6.216736500231986
0.104926 6.798471241453504
0.105026 7.160570327277919
0.105126 6.672296961755543
0.105226 5.905680329164394
0.105326 5.396836432420858
0.105426 5.216781163802114
0.105526 5.3757118893811855
0.105626 6.0535105260206095
0.105726 7.385292938975083
0.105826 8.492707193588025
0.105926 8.857822497998807
0.106026 8.92863669040906
0.106126 8.749774285816258
0.106226 8.416505534509746
0.106326 8.179765261327773
0.106426 8.014717870016774
0.106526 7.997639051052093
0.106626 8.120925494434898
0.106726 8.168337913558657
0.106826 8.030458209480301
0.106926 7.788851340671891
0.107026 7.499893541627366
0.107126 7.220200068320987
0.107226 7.030013103353337
0.107326 6.9592246077916515
0.107426 6.983545451300904
0.107526 7.120310707530095
0.107626 7.394909882579679
0.107726 7.959280284296881
0.107826 8.706826898074267
0.107926 9.4641989874218
0.108026 10.033493802674716
0.108126 10.311177109410451
0.108226 10.360452448083699
0.108326 10.292282991643427
0.108426 10.2002183212412
0.108526 10.104543345586924
0.108626 10.007513778915328
0.108726 9.92463032737989
0.108826 9.818105673191152
0.108926 9.699494322729985
0.109026 9.601652348151509
0.109126 9.520520769069968
0.109226 9.450275884221423
0.109326 9.340229946006028
0.109426 9.275246388929961
0.109526 9.284741476447106
0.109626 9.375923072608893
0.109726 9.667319013118648
0.109826 10.100321720465194
0.109926 10.525325162007414
0.110026 10.939028210449033
0.110126 11.429209872892375
0.110226 11.97160906119827
0.110326 12.49900832598288
0.110426 12.884422611187306
0.110526 13.085878052138092
0.110626 12.96965497901934
0.110726 12.675769605318841
0.110826 12.269727786756947
0.110926 11.832502740487323
0.111026 11.442414789963955
0.111126 11.169924897900916
0.111226 11.048202087359089
0.111326 11.067911162323526
0.111426 11.157864816221645
0.111526 11.390768101237427
0.111626 11.74858560262679
0.111726 12.394046896748636
0.111826 13.276417023142459
0.111926 14.340726037943641
0.112026 15.334046080975664
0.112126 16.0856746187536
0.112226 16.53038978652241
0.112326 16.6961577093095
0.112426 16.673079491977383
0.112526 16.55349553619228
0.112626 16.403874105836348
0.112726 16.263973120280628
0.112826 16.17257391667899
0.112926 16.17693554883676
0.113026 16.31337633136698
0.113126 16.61723554934662
0.113226 17.117411450393355
0.113326 17.79545359526444
0.113426 18.52225408268879
0.113526 19.214921507344506
0.113626 19.753873443020808
0.113726 20.000742557346292
0.113826 19.931366572682823
0.113926 19.643975975486022
0.114026 19.31347442806667
0.114126 19.11633136698057
0.114226 19.14228722346571
0.114326 19.413165352082515
0.114426 19.92907894133063
0.114526 20.632410864056535
0.114626 21.457851457939256
0.114726 22.42050985810649
0.114826 23.41393778711385
0.114926 24.296175248428362
0.115026 24.936344113433233
0.115126 25.284973359913938
0.115226 25.388966772547203
0.115326 25.359797790274968
0.115426 25.32459861420567
0.115526 25.377071986866056
0.115626 25.59143040691776
0.115726 25.988814528916603
0.115826 26.531890400901432
0.115926 27.14122508705827
0.116026 27.714569603279408
0.116126 28.158616449042235
0.116226 28.420917540648443
0.116326 28.508042501771758
0.116426 28.462480153773207
0.116526 28.381100681680294
0.116626 28.290394273273748
0.116726 28.18127770441486
0.116826 28.042315877491294
0.116926 27.842508195969067
0.117026 27.5325054937211
0.117126 27.082925157928546
0.117226 26.47454145911193
0.117326 25.716337893164333
0.117426 24.84769620614583
0.117526 23.9316585174346
0.117626 23.037541974068617
0.117726 22.220338647754332
0.117826 21.50897054549719
0.117926 20.900733991730103
0.118017 19.890331458755032
0.11811 18.540642829100662
0.118204 17.594010594851454
0.118299 16.785088689817623
0.118395 15.972638260772028
0.118492 15.141001157377902
0.11859 14.329608989818135
0.118688 13.514855939592012
0.118787 12.756041767576084
0.118885 12.068531455695881
0.118984 11.417803123390762
0.119084 10.813275481433518
0.119183 10.259083377096156
0.119283 9.72497213625448
0.119382 9.188651884180633
0.119482 8.65154940779981
0.119582 8.101264754018958
0.119681 7.558366516598431
0.119781 7.030113953286801
0.119881 6.5170766775606355
0.119981 6.012583603983012
0.120081 5.549100661285964
0.120181 5.122966456435175
0.120281 4.716190646143178
0.120381 4.322112546078427
0.120481 3.9812157056691126
0.120581 3.6655120759892523
0.120681 3.3643892664671426
0.120781 3.0916742210642782
0.120881 2.8277764578117908
0.120981 2.5703054559915977
0.121081 2.28689399540108
0.121181 1.9994372186220575
0.121281 1.696345846950794
0.121381 1.304994570011166
0.121481 0.9475867905961772
0.121581 0.5859165974109406
0.121681 0.18217321919309856
0.121781 -0.12899940346601543
0.121881 -0.38753335746661705
0.121981 -0.656374399004757
0.122081 -0.9418355911549816
0.122181 -1.237120933244278
0.122281 -1.5505838385177406
0.122381 -1.8945833694482828
0.122481 -2.25048084718023
0.122581 -2.6383335797647516
0.122681 -3.0497693911784354
0.122781 -3.6797080552482244
0.122881 -4.062853981736883
0.122981 -4.339935248020476
0.123081 -4.520122263973937
0.123181 -4.666863097999826
0.123281 -4.827662657482423
0.123381 -5.033410797774979
0.123481 -5.275782045856639
0.123581 -5.630168610075816
0.123681 -5.987503989639684
0.123781 -6.318158698434226
0.123881 -6.639406423192427
0.123981 -6.930732921028078
0.124081 -7.156492992000327
0.124181 -7.4322127331963515
0.124281 -7.714576027491549
0.124381 -7.9825073801960915
0.124481 -8.231634044245487
0.124581 -8.633229084345826
0.124681 -8.901808262760476
0.124781 -9.112593903116762
0.124881 -9.314448970851412
0.124981 -9.513527555281366
0.125081 -9.610910453620757
0.125181 -9.57541219478619
0.125281 -9.365904156873142
0.125381 -9.253738840480695
0.125481 -9.392880137457746
0.125581 -9.757437963014894
0.125681 -10.133149342537973
0.125781 -10.445795863011325
0.125881 -10.738568930266707
0.125981 -11.062290078671108
0.126081 -11.484560170904437
0.126181 -11.65352633162191
0.126281 -11.82336047477987
0.126381 -11.97677545339132
0.126481 -12.157124706194267
0.126581 -12.226923261256394
0.126681 -12.465059831848796
0.126781 -12.682598950712016
0.126881 -12.841429642130596
0.126981 -13.02320792523441
0.127081 -13.170352872795501
0.127181 -13.303020909280947
0.127281 -13.530392233841324
0.127381 -13.705017513625958
0.127481 -13.763539434975247
0.127581 -13.720833108146003
0.127681 -13.704269449812118
0.127781 -13.6677314883268
0.127881 -13.646802220941911
0.127981 -13.653057262163939
0.128081 -13.662132736459446
0.128181 -13.739168421428317
0.128281 -13.890433634319571
0.128381 -14.08128708580402
0.128481 -14.224918907068162
0.128581 -14.331187000657717
0.128681 -14.399437830451786
0.128781 -14.517269403924889
0.128881 -14.770484110272113
0.128981 -15.200550238868523
0.129081 -16.459289257799558
0.129181 -16.891300902958708
0.129281 -17.157996155669878
0.129381 -17.452680680966488
0.129481 -17.819299454961687
0.129581 -18.23980492828846
0.129681 -18.70122804423529
0.129781 -19.145574890507973
0.129881 -19.55410614226061
0.129981 -19.899505539608327
0.130081 -20.24897686773771
0.130181 -20.5170061131987
0.130281 -20.77773918718421
0.130381 -21.02845671049747
0.130481 -21.231129182748443
0.130581 -21.411221263122474
0.130681 -21.523981481953573
0.130781 -21.569058547006367
0.130881 -21.816039932086902
0.130981 -22.186675776131505
0.131081 -22.638648774046185
0.131181 -23.084030326360175
0.131281 -23.533605257656795
0.131381 -24.027117721138207
0.131481 -24.60935385682165
0.131581 -25.273823476926374
0.131681 -26.058772159707956
0.131781 -26.688561537324166
0.131881 -27.186382505748654
0.131981 -27.61324009728093
0.132081 -28.07297262571827
0.132181 -28.37238068045663
0.132281 -28.22897125929854
0.132381 -27.737204957860225
0.132453 -28.143292357736843
0.132531 -29.374488943726963
0.132614 -30.63120994427251
0.1327 -31.37281365196066
0.132789 -31.81951522691235
0.13288 -32.35603575125043
0.132973 -32.903286239439566
0.133067 -33.53068876731606
0.133162 -34.350193491151416
0.133259 -35.31465821661832
0.133356 -36.41979870801956
0.133454 -37.48716085513402
0.133552 -38.57441266895423
0.13365 -39.638000540449596
0.133749 -40.75011456511653
0.133848 -41.89747212350803
0.133947 -42.996406316122226
0.134047 -44.16305486583084
0.134146 -45.39427021459928
0.134246 -46.66285326793554
0.134345 -47.98875518143301
0.134445 -49.24380843611223
0.134545 -50.32235778782765
0.134645 -51.33133649105454
0.134745 -52.24990491146314
0.134845 -53.078272090877114
0.134945 -53.79309958038677
0.135044 -54.40197417058833
0.135144 -54.92923648748553
0.135244 -55.3800430320242
0.135344 -55.69145294264606
0.135444 -55.91101058975288
0.135544 -56.01107146681079
0.135644 -55.95853527963168
0.135744 -55.755129835366816
0.135844 -55.44183865030362
0.135944 -55.04081118424743
0.136044 -54.696556724263644
0.136144 -54.42581217847073
0.136244 -54.19729805795047
0.136344 -53.94275741461152
0.136444 -53.57117863898477
0.136544 -53.12355238537115
0.136644 -52.543038652343064
0.136744 -51.8165517276542
0.136844 -51.01066878087829
0.136944 -50.18838257712879
0.137044 -49.3279809109125
0.137144 -48.375107707525
0.137244 -47.37399764445555
0.137344 -46.3238293402946
0.137444 -45.25048105112347
0.137544 -44.25689251681258
0.137644 -43.28085452218648
0.137744 -42.32724610340942
0.137844 -41.43442082668393
0.137944 -40.57144264351231
0.138044 -39.78638474912432
0.138144 -39.11795883405648
0.138244 -38.51150107325132
0.138344 -37.97268904263943
0.138444 -37.401008805249496
0.138544 -36.77783320501904
0.138644 -36.06934845232572
0.138744 -35.279488714290814
0.138844 -34.391395736566515
0.138944 -33.46121162680426
0.139044 -32.545849602055746
0.139144 -31.661355814676774
0.139244 -30.668540327226935
0.139344 -29.698476238062952
0.139444 -28.788950457087797
0.139544 -27.78535850672758
0.139644 -26.64610901786033
0.139744 -25.293931464873328
0.139844 -23.27788245731213
0.139944 -22.059488612319193
0.140044 -20.816785752525075
0.140144 -19.632255051419193
0.140244 -18.468579076443028
0.140344 -17.308392876262538
0.140444 -15.98017753259268
0.140544 -14.70356788505759
0.140644 -13.087492364874857
0.140744 -11.823459999082255
0.140844 -10.767616464337975
0.140944 -9.906020506493043
0.141044 -9.219201562205239
0.141144 -8.598276271713582
0.141244 -8.014928645357998
0.141344 -7.425202694090235
0.141444 -6.85858177869099
0.141544 -6.421024508879179
0.141644 -6.101731172214773
0.141744 -5.967621155032554
0.141844 -6.109101273115693
0.141944 -7.082888856031367
0.142044 -7.9188709702089914
0.142144 -8.837835652337954
0.142244 -9.559502072573203
0.142344 -10.340002753233776
0.142444 -11.33445825026895
0.142544 -12.489547398958871
0.142644 -14.066093110287406
0.142744 -15.304555276266617
0.142844 -16.452752774902745
0.142944 -17.972734929869016
0.143044 -19.265842158127395
0.143144 -20.644688859090518
0.143244 -21.776287315240168
0.143344 -22.955059576919744
0.143444 -24.00564698444423
0.143544 -25.10684362142016
0.143644 -26.16530588937099
0.143744 -27.196594249820272
0.143844 -28.291451922929852
0.143944 -29.369137676984497
0.144044 -30.36064721388038
0.144144 -31.327722106937642
0.144244 -32.329690669086794
0.144344 -33.34780082902928
0.144444 -34.35876349212015
0.144544 -35.3266249942641
0.144644 -36.36296329531492
0.144744 -37.45907960414617
0.144844 -38.591688191176395
0.144944 -39.766695354682795
0.145044 -40.84740803434404
0.145144 -41.84054371268476
0.145244 -42.76665772715454
0.145344 -43.67641141470329
0.145444 -44.71180025798821
0.145544 -45.858116890069496
0.145644 -47.10898451560931
0.145744 -48.42637404210409
0.145844 -49.71782219208395
0.145944 -50.9657071477008
0.146044 -52.15358669882172
0.146144 -53.25855781535999
0.146244 -54.18436122427129
0.146344 -54.95230155047851
0.146444 -55.60228090122519
0.146544 -56.152576465969524
0.146644 -56.585160375867396
0.146744 -56.90751265722749
0.146844 -57.08919365940459
0.146944 -57.02682863159183
0.147044 -56.75869201001361
0.147144 -56.25482116726915
0.147244 -55.56873152401686
0.147344 -54.72222542866321
0.147444 -53.73578224979989
0.147544 -52.69990047569762
0.147644 -51.61750342879577
0.147744 -50.49334155904412
0.147844 -49.32473658180928
0.147944 -48.1257483442358
0.148044 -46.876639933106624
0.148144 -45.61517103190182
0.148244 -44.38019935451964
0.148344 -43.261083958334396
0.148444 -42.23967267109564
0.148544 -41.27844687023602
0.148644 -40.381606664865174
0.148744 -39.54618457883171
0.148844 -38.72874804341952
0.148944 -37.89296314235748
0.149044 -37.0436172393223
0.149144 -36.166935599822565
0.149244 -35.27821753605972
0.149344 -34.42063059250611
0.149444 -33.57273452198253
0.149544 -32.74681109247297
0.149644 -31.902256937894187
0.149744 -30.983632433093874
0.149844 -30.04857785278357
0.149944 -29.140174167529178
0.150044 -28.257322735082827
0.150144 -27.4087369285128
0.150244 -26.629889411776706
0.150344 -25.976951864296165
0.150444 -25.292048252971203
0.150544 -24.440023861359386
0.150644 -23.556790545191276
0.150744 -22.638403532296962
0.150844 -21.841126990358585
0.150944 -21.269912967221224
0.151044 -20.696738743607657
0.151144 -20.160285010681527
0.151244 -19.716885480770703
0.151344 -19.32643960985658
0.151444 -18.94262831853895
0.151544 -18.578429637032016
0.151644 -18.241362238888918
0.151744 -17.997338642655752
0.151844 -18.093301790111813
0.151944 -18.314122253776777
0.152044 -18.593943701467882
0.152144 -18.72415391596519
0.152244 -18.982436305976048
0.152344 -19.5599779741298
0.152444 -19.8639270291078
0.152544 -20.027762181784812
0.152644 -20.245927814289285
0.152744 -20.297034971167527
0.152844 -20.28102828182917
0.152944 -20.20946888081047
0.153044 -20.198543335389765
0.153144 -20.238298297583786
0.153244 -20.40895565764048
0.153344 -20.497195984357553
0.153444 -20.444633386528533
0.153544 -20.216239796464645
0.153644 -19.846788352801415
0.153744 -19.372878505911807
0.153844 -18.868762829304607
0.153944 -18.41290471261848
0.154044 -17.877915394145813
0.154144 -17.26563668531048
0.154244 -16.704484405989813
0.154344 -16.19610590772588
0.154444 -15.769501103842803
0.154544 -15.483874615694454
0.154644 -15.256265697256453
0.154744 -15.049461640825358
0.154844 -14.882516149755524
0.154944 -14.73362310269052
0.155044 -14.608209939173928
0.155144 -14.51377300097383
0.155244 -14.450507053886904
0.155344 -14.346891955968657
0.155444 -14.270496040951805
0.155544 -14.188621496637486
0.155644 -14.13893439655744
0.155744 -14.172947438727803
0.155844 -14.172014908251032
0.155944 -14.182015367123329
0.156044 -14.182836850504506
0.156144 -14.126154497203428
0.156244 -13.999280896126608
0.156344 -13.870919733038296
0.156444 -13.730994784151571
0.156544 -13.572664365507082
0.156644 -13.342287019522468
0.156744 -13.050427108135807
0.156844 -12.579811454472221
0.156944 -12.056303630699576
0.157044 -11.553857025589778
0.157144 -11.110222451091863
0.157244 -10.778660704725874
0.157344 -10.513315148394202
0.157444 -10.302384606364049
0.157544 -10.118441669683328
0.157644 -9.955370080506595
0.157744 -9.80835147578429
0.157844 -9.66419409278398
0.157944 -9.527093961750445
0.158044 -9.385582130493084
0.158144 -9.257954041390281
0.158244 -9.059377871138462
0.158344 -8.930159534601522
0.158444 -8.889554842887225
0.158544 -8.881436780144087
0.158644 -8.88621822946674
0.158744 -8.893413856923619
0.158844 -8.893350226631929
0.158944 -8.855432385167207
0.159044 -8.810906374755906
0.159144 -8.710238970494512
0.159244 -8.567192466336618
0.159344 -8.398736673583743
0.159444 -8.221413836529294
0.159544 -8.045177507099774
0.159644 -7.855646321628692
0.159744 -7.681270362458128
0.159844 -7.4682101431171715
0.159944 -7.266407896682353
0.160044 -7.038358766755213
0.160144 -6.7761465944027774
0.160244 -6.459339835723719
0.160344 -6.1325676964100895
0.160444 -5.762261220702279
0.160544 -5.177526984240286
0.160644 -4.602516761585251
0.160744 -3.9632706377815055
0.160844 -3.3818316142617513
0.160944 -2.8965686549433296
0.161044 -2.457624775025111
0.161144 -2.140044051740401
0.161244 -1.8901639193812365
0.161344 -1.6699417232184284
0.161444 -1.4573360933652164
0.161544 -1.2467176864678562
0.161644 -1.0346179378279026
0.161744 -0.8236403868803311
0.161844 -0.6224471149679045
0.161944 -0.43054957605298444
0.162044 -0.26189708004262413
0.162144 -0.0929639581304523
0.162244 0.07565131823813434
0.162344 0.23144682434878375
0.162444 0.38213446997700545
0.162544 0.5304386309290124
0.162644 0.6896784324922375
0.162744 0.8920935283710545
0.162844 1.1635287279550102
0.162944 1.4484204086002868
0.163044 1.7005343312956007
0.163144 2.064192869124523
0.163244 2.389661403231481
0.163344 2.60676357369744
0.163444 2.768454365150179
0.163544 2.9663346810582616
0.163644 3.1899231643833525
0.163744 3.3928887030739348
0.163844 3.582106733696013
0.163944 3.740026512621538
0.164044 3.831645465067072
0.164144 3.948862455578613
0.164244 4.059482086135429
0.164344 4.132543325192599
0.164444 4.11861084060306
0.164544 4.194167019318524
0.164644 4.315485206467041
0.164744 4.462409997297753
0.164844 4.620144187872516
0.164944 4.74738896565086
0.165044 4.882447624826011
0.165144 5.001527942773526
0.165244 5.114823002758333
0.165344 5.261561491436933
0.165444 5.466070574559101
0.165544 5.608942095414846
0.165644 5.69477956284766
0.165744 5.760137457745509
0.165844 5.7685722443444
0.165944 5.732062427026559
0.166044 5.677640988512898
0.166144 5.6225776386431665
0.166244 5.562941167473093
0.166344 5.4968855827423235
0.166444 5.425433149954368
0.166544 5.35457847481046
0.166644 5.285293958691297
0.166744 5.212621639397756
0.166844 5.134813621369173
0.166944 5.052626330092336
0.167044 4.962657584394263
0.167144 4.861248642502792
0.167244 4.753897100436949
0.167344 4.642621792355188
0.167444 4.537670458311452
0.167544 4.425699091942713
0.167644 4.306501608602327
0.167744 4.214701248642503
0.167844 4.127565070640841
0.167944 4.003573799411624
0.168044 3.8787660414106755
0.168144 3.7725147731386355
0.168244 3.6859750271499445
0.168344 3.6373954408488123
0.168444 3.5978005741002277
0.168544 3.5680540245649635
0.168644 3.520223725737128
0.168744 3.4626679854996354
0.168844 3.401518153497882
0.168944 3.328756099177599
0.169044 3.2730680711557976
0.169144 3.1151632820586035
0.169244 2.993481973966645
0.169344 2.910673165657997
0.169444 2.8520287763915304
0.169544 2.8065979717844525
0.169644 2.7724025023835868
0.169744 2.746408712455324
0.169844 2.719724880565739
0.169944 2.69232653352572
0.170044 2.6684877098703432
0.170144 2.6534919671855324
0.170244 2.6474937924775537
0.170344 2.6572318783682505
0.170444 2.6609876971238906
0.170544 2.6648977989425546
0.170644 2.681451769972417
0.170744 2.6819151290195937
0.170844 2.681136065832879
0.170944 2.6825144162379613
0.171044 2.688109599098571
0.171144 2.6950496856724775
0.171244 2.69067571494853
0.171344 2.6816985412959577
0.171444 2.668499028720307
0.171544 2.6313488296207166
0.171644 2.5810676428749884
0.171744 2.536630653689078
0.171844 2.4864503168768133
0.171944 2.4453237344047154
0.172044 2.4079130997843303
0.172144 2.365255209475203
0.172244 2.311738259242453
0.172344 2.2466224449735637
0.172444 2.195546389439819
0.172544 2.1431971162425496
0.172644 2.082268664630633
0.172744 2.031487001167575
0.172844 1.9950155251793429
0.172944 1.977418792350089
0.173044 1.9757528819729469
0.173144 1.985252762156292
0.173244 2.0034589793660422
0.173344 2.020712781632872
0.173444 2.0350460146941107
0.173544 2.0527879551120924
0.173644 2.0697410430677143
0.173744 2.0850443321623593
0.173844 2.081719037591838
0.173944 2.062190554368719
0.174044 2.0287805723667107
0.174144 1.9680627941243953
0.174244 1.896801354183131
0.174344 1.8197191701549458
0.174444 1.747954500262577
0.174544 1.6748234106448174
0.174644 1.6214745096439662
0.174744 1.5841084366220881
0.174844 1.5587478904620844
0.174944 1.5336761279335962
0.175044 1.530044306669454
0.175144 1.541705271422963
0.175244 1.5723084845487503
0.175344 1.616411006816803
0.175444 1.670265789030913
0.175544 1.7257808731829933
0.175644 1.7817286229242402
0.175744 1.831647504499498
0.175844 1.8739505335665085
0.175944 1.8997673007601985
0.176044 1.8836459953195026
0.176144 1.8334238501425053
0.176244 1.7529794578168896
0.176344 1.6325582130493086
0.176444 1.4913190539072976
0.176544 1.3445329444815508
0.176644 1.2091890706816293
0.176744 1.1062786986381692
0.176844 1.0420529946515886
0.176944 1.011718782662785
0.177044 1.0184719552548527
0.177144 1.0474906313572931
0.177244 1.1103533826536076
0.177344 1.2034100329878195
0.177444 1.3190142403369143
0.177544 1.447512453284251
0.177644 1.5743810577516277
0.177744 1.6886402594158045
0.177844 1.7917728276220728
0.177944 1.8607681522232364
0.178044 1.8843380767132507
0.178144 1.8612054065353612
0.178244 1.8045335563112785
0.178344 1.7256769641008909
0.178444 1.6185846338963867
0.178544 1.5023420841979678
0.178644 1.3868514732349988
0.178744 1.2680378110771773
0.178844 1.1428910994070351
0.178944 1.0265418873927386
0.179044 0.9330803077503531
0.179144 0.8851570108038933
0.179244 0.9100366587978566
0.179344 1.008839002105714
0.179444 1.1802675735342856
0.179544 1.39022785558779
0.179644 1.615833337582151
0.179744 1.8384207655009612
0.179844 2.0311146008065957
0.179944 2.18188810653995
0.180044 2.289375066918877
0.180144 2.349122891099407
0.180244 2.3528646377713085
0.180344 2.299753126704838
0.180444 2.2083892052841696
0.180544 2.117194862669719
0.180644 2.0422303233010255
0.180744 2.0101868629960284
0.180844 2.0052943665777816
0.180944 1.9325538282695929
0.181044 1.8410883431141114
0.181144 1.7385708677275113
0.181244 1.6332513141592695
0.181344 1.558838135346933
0.181444 1.55660485486889
0.181544 1.648749674965457
0.181644 1.8776720898573926
0.181744 2.2715556280687084
0.181844 2.6892955290542644
0.181944 3.037804041135352
0.182044 3.2796753223577877
0.182144 3.4456640137049863
0.182244 3.5288787710380203
0.182344 3.5052606139711324
0.182444 3.378106590935743
0.182544 3.1794557774571337
0.182644 2.954314980141027
0.182744 2.7553242952486325
0.182844 2.6118860161217134
0.182944 2.5391950360214754
0.183044 2.532869532409131
0.183144 2.5589994544518264
0.183244 2.5520625289981798
0.183344 2.5091171806886146
0.183444 2.455304002895994
0.183544 2.4251539516552545
0.183644 2.4361405780771213
0.183744 2.5359783412276364
0.183844 2.729228023840965
0.183944 2.991830033701621
0.184044 3.286340391469054
0.184144 3.5311396858254347
0.184244 3.729881254046999
0.184344 3.9038536095404655
0.184444 4.018036128545426
0.184544 4.026827305960751
0.184644 3.916386023769585
0.184744 3.7090520208226057
0.184844 3.4681282599052685
0.184944 3.2529565142020975
0.185044 3.105202388175371
0.185144 3.052613583639673
0.185244 3.0690201037051392
0.185344 3.090687645628222
0.185444 3.072055594927932
0.185544 3.0464665303645995
0.185644 3.0537176303834643
0.185744 3.1277854313144653
0.185844 3.319036572121979
0.185944 3.6141335726267383
0.186044 3.9530505320369342
0.186144 4.286257896427425
0.186244 4.584666221390587
0.186344 4.83180086981793
0.186444 5.014095639183616
0.186544 5.121332259232256
0.186644 5.153628201271586
0.186744 5.114377386773262
0.186844 5.028795766138284
0.186944 4.931697572565556
0.187044 4.848817792008485
0.187144 4.796807064593923
0.187244 4.747719251732243
0.187344 4.610664905956672
0.187444 4.470239072466133
0.187544 4.342196978580861
0.187644 4.235542922404695
0.187744 4.202453335236804
0.187844 4.312467254363111
0.187944 4.587759428551035
0.188044 4.965466902561017
0.188144 5.370675918891773
0.188244 5.747645322306803
0.188344 6.016497682694906
0.188444 6.321574951690945
0.188544 6.533797474162941
0.188644 6.664420367811639
0.188744 6.777412266166327
0.188844 6.872014704307791
0.188944 6.921407616260395
0.189044 6.916067770339514
0.189144 6.828352495500503
0.189244 6.68627329414224
0.189344 6.512058858019814
0.189444 6.452393019022806
0.189544 6.520280319986948
0.189644 6.678419541841507
0.189744 6.9156266411057805
0.189844 7.2391638327053585
0.189944 7.686113912498152
0.190044 8.263724921354386
0.190144 8.95509781627773
0.190244 9.644195520386678
0.190344 10.175166545150486
0.190444 10.540533617494251
0.190544 10.774766000622028
0.190644 10.966472240775392
0.190744 11.048355962535627
0.190844 11.079679503194262
0.190944 11.103744092019191
0.191044 11.138152376193707
0.191144 11.228605894979427
0.191244 11.387319217061892
0.191344 11.534296829192437
0.191444 11.907554363620605
0.191544 12.50623087394778
0.191644 13.265212075479393
0.191744 14.105830533362566
0.191844 14.945941376514916
0.191944 15.793434251247879
0.192044 16.69801053366848
0.192144 17.350731085538897
0.192244 17.543261154420726
0.192344 17.470322383280735
0.192444 17.27070793798086
0.192544 17.219526647733936
0.192644 17.33090668067077
0.192744 17.532422080934875
0.192844 17.88741180729403
0.192944 18.459195647851207
0.193044 19.293084182671965
0.193144 20.495032146553616
0.193244 22.037677596324944
0.193344 23.693427929007356
0.193444 25.176539898946125
0.193544 26.18917234733574
0.193644 26.73886913471981
0.193744 26.962235013995606
0.193844 26.77617555434323
0.193944 26.186637434801895
0.194044 25.598348671564704
0.194144 25.47909255454207
0.194244 25.694287345831658
0.194344 25.93248907629007
0.194444 26.21533653184319
0.194544 26.878528651476294
0.194644 28.405703680665674
0.194744 29.45597548602224
0.194844 30.38153273543973
0.194944 31.13548918336027
0.195044 31.3437996665528
0.195144 30.91206956504005
0.195244 30.132957024060204
0.195344 29.117839629231185
0.195444 27.785983898680996
0.195544 26.5848697567467
0.195644 25.711332820076176
0.195744 25.18829630913717
0.195844 24.81187775642039
0.195944 24.452000224337567
0.196044 24.399123961801433
0.196144 24.723437667297194
0.196244 24.83101986917041
0.196344 24.856547852732586
0.196444 24.687076320659962
0.196544 24.206317651797505
0.196644 23.41494292138498
0.196744 22.465736821442594
0.196844 21.44168854807707
0.196944 20.350491248285604
0.197044 19.242886204769214
0.197144 18.477500165703887
0.197244 17.79671253690098
0.197344 17.272027348788836
0.197444 16.770920854726132
0.197544 16.36411557463558
0.197644 16.137193740981886
0.197744 16.04595667225811
0.197844 15.631736831639756
0.197944 15.262941473387958
0.198044 14.873779323214352
0.198144 14.49799411623745
0.198244 14.079463935186837
0.198344 13.5403739299353
0.198444 13.012546894199344
0.198544 12.553371946587266
0.198644 12.152226091478742
0.198744 11.617714102165369
0.198844 11.204321047452495
0.198944 10.675049583700856
0.199044 10.098590038392317
0.199144 9.768099503908063
0.199244 9.691886118093334
0.199344 9.655684764929921
0.199444 9.747410685606196
0.199544 10.032206410955832
0.199644 9.955789183870131
0.199744 9.22526357114815
0.199844 8.413246929379554
0.199944 7.668540021312069
0.200044 7.158599623724718
0.200144 6.972039789326631
0.200244 6.932823339264684
0.200344 6.908604263433487
0.200444 7.0137738167468004
0.200544 7.32575232112903
0.200644 7.644535391800462
0.200744 7.749347534581126
0.200844 7.605543993106719
0.200944 7.182575191324254
0.201044 6.846816394997274
0.201144 6.829043149291552
0.201244 6.740679946770814
0.201344 6.495068448450796
0.201444 6.200983414315796
0.201544 5.856863658843744
0.201644 5.73637776406826
0.201744 5.615227728123264
0.201844 5.453210117624265
0.201944 5.201195413316475
0.202044 5.375452473576604
0.202144 5.244401707004941
0.202244 4.538788985025468
0.202344 3.7391471093594655
0.202444 3.1977827290665006
0.202544 3.0734597441532023
0.202644 3.433938806830059
0.202744 4.168377376576099
0.202844 5.076805331076362
0.202944 5.639201256290375
0.203044 5.740886745218806
0.203144 5.485415508863884
0.203244 5.26421856597309
0.203344 4.9751484961735155
0.203444 5.010559875186735
0.203544 5.292737173244686
0.203644 5.615020521788787
0.203744 5.660632529966911
0.203844 5.393489927753107
0.203944 5.015622562240929
0.204044 4.629376800436439
0.204144 4.351802399392249
0.204244 4.188888866228528
0.204344 4.148345051572147
0.204444 4.161086609596549
0.204544 4.0884879138135855
0.204644 3.9360754182111117
0.204744 3.479236334528101
0.204844 2.986564219177803
0.204944 2.625046881452892
0.205044 2.567758408834821
0.205144 2.8292966507420987
0.205244 3.0181046534749383
0.205344 3.175625111531461
0.205444 3.3487620135316343
0.205544 3.5299683378115874
0.205644 3.711662086441344
0.205744 3.912350496856725
0.205844 4.120724304426078
0.205944 4.332757975455431
0.206044 4.454256448430402
0.206144 4.403447660516079
0.206244 4.24437733578745
0.206344 3.83649798860977
0.206444 3.5300361489397503
0.206544 3.3205404495928783
0.206644 3.2563129101171144
0.206744 3.4258025931383296
0.206844 3.8398010533668483
0.206944 4.239609550662051
0.207044 4.604401910948184
0.207144 4.780974542784744
0.207244 4.671113581090382
0.207344 4.359708565106332
0.207444 3.935540577057405
0.207544 3.509746039677158
0.207644 3.20036220319885
0.207744 3.0107858442995314
0.207844 2.8980824236614953
0.207944 2.8169419730489005
0.208044 2.7581087323397897
0.208144 2.7151733772491116
0.208244 2.6593746080465808
0.208344 2.5650621771960864
0.208444 2.4404254256040545
0.208544 2.3105826148582853
0.208644 2.211399611488123
0.208744 2.1709492028368507
0.208844 2.20470333906074
0.208944 2.3219106422682567
0.209044 2.5093322388379313
0.209144 2.825548683801298
0.209244 3.1140103909082106
0.209344 3.380830762798713
0.209444 3.6154943839129574
0.209544 3.770591486389338
0.209644 3.7982348712353353
0.209744 3.7266462043613267
0.209844 3.6013727419659114
0.209944 3.4470105489642235
0.210044 3.288947193995911
0.210144 3.1446947734445505
0.210244 3.0264579647484107
0.210344 2.9451601719241536
0.210444 2.905857045984103
0.210544 2.915626845049023
0.210644 2.9668168028837574
0.210744 3.04109843830462
0.210844 3.103206293688467
0.210944 3.1803138686503547
0.211044 3.225217174060459
0.211144 3.2302946469997402
0.211244 3.2058980385758646
0.211344 3.161985693381532
0.211444 3.100496703767342
0.211544 3.0322657584394266
0.211644 2.960505167411909
0.211744 2.906192022760066
0.211844 2.8766949977821175
0.211944 2.8539454349854436
0.212044 2.826601846706062
0.212144 2.796662264891681
0.212244 2.7648263168360248
0.212344 2.7300797927936657
0.212444 2.6970544477471923
0.212544 2.6702001193067972
0.212644 2.647404567308918
0.212744 2.6187187265783933
0.212844 2.5732416268552463
0.212944 2.5030392641727808
0.213044 2.423271861440961
0.213144 2.346953240913054
0.213244 2.286040900817303
0.213344 2.248626901133415
0.213444 2.2401734537278277
0.213544 2.2717778242315165
0.213644 2.3371731427143825
0.213744 2.4185964626044574
0.213844 2.5121535896559988
0.213944 2.6110873743837093
0.214044 2.69901780934366
0.214144 2.7633056140476104
0.214244 2.7967374179765776
0.214344 2.8063131650461677
0.214444 2.8025555108013442
0.214544 2.7951954031193122
0.214644 2.7916777900710232
0.214744 2.799956050231221
0.214844 2.831862766592058
0.214944 2.9248110210928298
0.215044 3.003108400932021
0.215144 3.0703201399050646
0.215244 3.1283956294963113
0.215344 3.170347162384709
0.215444 3.1905087874044655
0.215544 3.1796148531863584
0.215644 3.145704088552156
0.215744 3.108356166478869
0.215844 3.064555378238236
0.215944 3.0170233464026963
0.216044 2.9720489667725474
0.216144 2.9313309845869897
0.216244 2.8860607852834557
0.216344 2.8377682490962766
0.216444 2.7876543977810977
0.216544 2.740328348620579
0.216644 2.6920483549428194
0.216744 2.6443601025834513
0.216844 2.598513151789857
0.216944 2.5554372798050307
0.217044 2.5098865565713067
0.217144 2.493304849260451
0.217244 2.4790020037423584
0.217344 2.4504838043572477
0.217444 2.4040121754115833
0.217544 2.37119036572122
0.217644 2.361446161533246
0.217744 2.3590451377381676
0.217844 2.3630230506849945
0.217944 2.381768901714653
0.218044 2.412563515573616
0.218144 2.491605084305038
0.218244 2.5308410109466535
0.218344 2.5576839185654636
0.218444 2.6247612589416365
0.218544 2.7038506523634473
0.218644 2.7545941784401404
0.218744 2.7683107891073915
0.218844 2.754806483355682
0.218944 2.7488731625988487
0.219044 2.7616260394732146
0.219144 2.812881870975308
0.219244 2.8783452045295794
0.219344 2.915699040956902
0.219444 2.9128460789362323
0.219544 2.9035813453115997
0.219644 2.914429596243366
0.219744 2.948142841847114
0.219844 3.0349071293459033
0.219944 3.1850454538501936
0.220044 3.2513203795383747
0.220144 3.235644995997614
0.220244 3.1769129111368306
0.220344 3.096296594657707
0.220444 3.0030692438294424
0.220544 2.910218474198631
0.220644 2.8410089072211204
0.220744 2.804576690307088
0.220844 2.7936752101890048
0.220944 2.7889781933687856
0.221044 2.788686146645389
0.221144 2.8007680502516155
0.221244 2.8261008601306257
0.221344 2.852268511673201
0.221444 2.8824858641839977
0.221544 2.9140562781377946
0.221644 2.9394042817883785
0.221744 2.9536214711445807
0.221844 2.9761245685325775
0.221944 3.0110865586107387
0.222044 3.0185544502964827
0.222144 2.9892431156409174
0.222244 2.9305141919003943
0.222344 2.8805798106386993
0.222444 2.8461394054034765
0.222544 2.816717125623939
0.222644 2.786852900837697
0.222744 2.76041563632841
0.222844 2.7334177318452277
0.222944 2.7097201388853485
0.223044 2.7018239663901538
0.223144 2.700450612594515
0.223244 2.790327481861798
0.223344 2.9221556800742357
0.223444 3.0517195984357555
0.223544 3.1351520651802605
0.223644 3.1650792064568436
0.223744 3.150315755125349
0.223844 3.112264228865107
0.223944 3.0742455374669233
0.224044 3.0491892746248723
0.224144 3.0444331142643004
0.224244 3.0654802608434073
0.224344 3.1129414224021454
0.224444 3.1763234131941083
0.224544 3.235987110787068
0.224644 3.271553690607904
0.224744 3.274274191492508
0.224844 3.2628275710869667
0.224944 3.2454026604396
0.225044 3.242178725660649
0.225144 3.246295218040819
0.225244 3.2516695303696985
0.225344 3.3252991592439827
0.225444 3.4040882462410713
0.225544 3.418804484711905
0.225644 3.368290394783132
0.225744 3.2704156873142205
0.225844 3.1878943370060115
0.225944 3.158028276730586
0.226044 3.1521651124492056
0.226144 3.151695839047993
0.226244 3.1501139532868003
0.226344 3.1454327420678827
0.226444 3.146224959593745
0.226544 3.151114600806596
0.226644 3.1504658573518993
0.226744 3.122132124629716
0.226844 3.1111429489173164
0.226944 3.1082953913925757
0.227044 3.1229792028878363
0.227144 3.1708050149643356
0.227244 3.2741891471603455
0.227344 3.503434200262067
0.227444 3.799018829059873
0.227544 4.055577184869451
0.227644 4.191159672263209
0.227744 4.192128300693917
0.227844 4.113326875130651
0.227944 4.009529859840007
0.228044 3.9092252706071906
0.228144 3.817866243824344
0.228244 3.7457274400534333
0.228344 3.715465627915751
0.228444 3.7071154777625392
0.228544 3.719446192124732
0.228644 3.7556043093207165
0.228744 3.8144073664299225
0.228844 3.901408330061744
0.228944 4.025231246144199
0.229044 4.199341671212902
0.229144 4.428138049180913
0.229244 4.7326263300923355
0.229344 5.138728515854038
0.229444 5.601835897069845
0.229544 6.080422468427037
0.229644 6.499495852304304
0.229744 6.776968485670438
0.229844 6.898934702472303
0.229944 6.920299592623374
0.230044 6.896033915761245
0.230144 6.866738080792116
0.230244 6.884949396582931
0.230344 7.001290246924282
0.230444 7.228297736739865
0.230544 7.560609484380497
0.230644 7.978693845502797
0.230744 8.4533433945333
0.230844 8.948386554022015
0.230944 9.469830574151214
0.231044 9.9924035220998
0.231144 10.494093701722813
0.231244 10.947699673180955
0.231344 11.34353892511714
0.231444 11.71796495235376
0.231544 12.1084999464649
0.231644 12.52055166647122
0.231744 12.95408421836203
0.231844 13.450722214007842
0.231944 14.087449026935804
0.232044 15.069738187862319
0.232144 16.016130075000127
0.232244 16.71494230955525
0.232344 17.206405347391822
0.232444 17.533470349201817
0.232544 17.788119388374216
0.232644 18.085043924275876
0.232744 18.53824598614206
0.232844 19.174572662428048
0.232944 19.927915037245135
0.233044 20.673829391280407
0.233144 21.29038958257917
0.233244 21.711357089322043
0.233344 21.966683831889586
0.233444 22.184842326380572
0.233544 22.51611263785289
0.233644 23.052615215185615
0.233744 23.819629435128206
0.233844 24.748213712123917
0.233944 25.775417191395636
0.234044 26.82487403955479
0.234144 27.877315189182855
0.234244 28.7699784330021
0.234344 29.56433297813219
0.234444 30.408670239072467
0.234544 31.35239403873902
0.234644 32.35336480857377
0.234744 33.32223195484697
0.234844 34.16951007734548
0.234944 34.83438534055973
0.235044 35.3225600995243
0.235144 35.68169833735272
0.235244 35.97127367653582
0.235344 36.18314103185084
0.235444 36.307287197972805
0.235544 36.31593286188454
0.235644 36.17948300388002
0.235744 35.895639285586824
0.235844 35.518780113494415
0.235944 35.11473010661133
0.236044 34.73756665120097
0.236144 34.42062335252099
0.236244 34.175671610590776
0.236344 34.00071777824232
0.236444 33.88638209786217
0.236544 33.82166580840552
0.236644 33.78831119699388
0.236744 33.761323489672826
0.236844 33.71345209628161
0.236944 33.617125318023994
0.237044 33.45836478308087
0.237144 33.24091121840792
0.237244 32.98287284648682
0.237344 32.70094333946863
0.237444 32.411255015729125
0.237544 32.119650747197056
0.237644 31.81577470389991
0.237744 31.49213533673579
0.237844 31.13467881488582
0.237944 30.73409686284307
0.238044 30.28319803398714
0.238144 29.773921267711195
0.238244 29.198186230771977
0.238344 28.578146053953187
0.238444 27.874800365058405
0.238544 27.06653270994682
0.238644 26.202569888799946
0.238744 25.350535198054384
0.238844 24.49368183834439
0.238944 23.642612818852513
0.239044 22.772591761712714
0.239144 21.892243222711123
0.239244 21.026554735817022
0.239344 20.198452580646805
0.239444 19.41906797938134
0.239544 18.687708340768765
0.239644 17.99700794868788
0.239744 17.339362677366893
0.239844 16.710837136025045
0.239944 16.118210601989468
0.240044 15.569720852686698
0.240144 15.074439793405496
0.240244 14.63818001050308
0.240344 14.256160360571652
0.240444 13.915109746957423
0.240544 13.59545288146309
0.240644 13.27221110165041
0.240744 12.9285329852702
0.240844 12.559774846660174
0.240944 12.170892914501895
0.241044 11.77526433593531
0.241144 11.383163363635902
0.241244 11.013540913563757
0.241344 10.679269373333401
0.241444 10.384643379747416
0.241544 10.127100080047724
0.241644 9.89955367021358
0.241744 9.69300209551682
0.241844 9.498454110221125
0.241944 9.308082984505411
0.242044 9.117824945317718
0.242144 8.926351302432534
0.242244 8.735853324019926
0.242344 8.549608276016786
0.242444 8.370470548046478
0.242544 8.201017574808931
0.242644 8.043220263800585
0.242744 7.901205610478605
0.242844 7.773875074566748
0.242944 7.660111862868564
0.243044 7.554535850672758
0.243144 7.451803521080084
0.243244 7.348977377595816
0.243344 7.241124746982916
0.243444 7.122142933621574
0.243544 6.9896852645908645
0.243644 6.844697934564811
0.243744 6.6874600398709045
0.243844 6.515911447844065
0.243944 6.3285394094823415
0.244044 6.126776830008209
0.244144 5.915840985453748
0.244244 5.703602453437209
0.244344 5.497824741374475
0.244444 5.301708330571603
0.244544 5.113719873759133
0.244644 4.927737708595698
0.244744 4.736826337230349
0.244844 4.535283608571734
0.244944 4.321169818439528
0.245044 4.096181978555369
0.245144 3.865512891762223
0.245244 3.6624190727720474
0.245344 3.484400789260349
0.245444 3.311953011476906
0.245544 3.144364793278031
0.245644 2.9898410772282076
0.245744 2.8556146084544674
0.245844 2.7427408952088634
0.245944 2.6540603570026464
0.246044 2.5905032809369155
0.246144 2.5468428056471883
0.246244 2.5149586250146587
0.246344 2.4941919003941204
0.246444 2.4813315454309066
0.246544 2.4696848567043794
0.246644 2.4587248448756713
0.246744 2.4532234759066553
0.246844 2.457034359337796
0.246944 2.469590838869543
0.247044 2.4866263198951732
0.247144 2.500203025498004
0.247244 2.5087730264667343
0.247344 2.5039620053739045
0.247444 2.4920222502077674
0.247544 2.470698964478186
0.247644 2.450005863368225
0.247744 2.4311457021510914
0.247844 2.4098680997078517
0.247944 2.3966851065348513
0.248044 2.388487200012237
0.248144 2.378003089740125
0.248244 2.363172948968302
0.248344 2.34400248810756
0.248444 2.3209413000362002
0.248544 2.2954763349359877
0.248644 2.2682127943793247
0.248744 2.238004313399581
0.248844 2.203082806055075
0.248944 2.1489622857958635
0.249044 2.087856301591267
0.249144 2.0226467754024053
0.249244 1.9512501210913005
0.249344 1.8826452458280862
0.249444 1.7950588631183944
0.249544 1.7129210280778862
0.249644 1.633371946587265
0.249744 1.5555467973263042
0.249844 1.4829526902662988
0.249944 1.4318432900123896
0.25 1.3859051765893553
ENDATA
