XYDATA, head_y_rot_accel
0.0 -0.0
1e-06 5.196777
6e-06 4.508849
3e-05 -4.583885
6.9e-05 -7.19802
0.000121 -6.388547
0.000182 -4.597646
0.000251 -1.900085
0.000326 0.698115
0.000406 1.812326
0.00049 1.329341
0.000577 0.382502
0.000667 0.086873
0.000759 0.698384
0.000852 1.540733
0.000947 1.844884
0.001043 1.378898
0.001139 0.51164
0.001237 -0.138313
0.001335 -0.134386
0.001433 0.545833
0.001531 1.572023
0.00163 2.512732
0.00173 3.081847
0.001829 3.247238
0.001928 3.179986
0.002028 3.121863
0.002127 3.277739
0.002227 3.760899
0.002327 4.587112
0.002427 5.684371
0.002527 6.913064
0.002626 8.111684
0.002726 9.140405
0.002826 9.916575
0.002926 10.423931
0.003026 10.718067
0.003126 11.02184
0.003226 11.436883
0.003326 11.976786
0.003426 12.676913
0.003526 13.524474
0.003626 14.503555
0.003726 15.579943
0.003826 16.712498
0.003926 17.847837
0.004026 18.93964
0.004126 19.998714
0.004226 21.007856
0.004326 22.04115
0.004426 23.089004
0.004526 24.130339
0.004626 25.167396
0.004726 26.21105
0.004826 27.268912
0.004926 28.342034
0.005026 29.418294
0.005126 30.494153
0.005226 31.561836
0.005326 32.620322
0.005426 33.672719
0.005526 34.722118
0.005626 35.768933
0.005726 36.815863
0.005826 37.921556
0.005926 39.047324
0.006026 40.178893
0.006126 41.318417
0.006226 42.466239
0.006326 43.623505
0.006426 44.78198
0.006526 45.932849
0.006626 47.068471
0.006726 48.184152
0.006826 49.279392
0.006926 50.358565
0.007026 51.42111
0.007126 52.467181
0.007226 53.498496
0.007326 54.518459
0.007426 55.52723
0.007526 56.519774
0.007626 57.495498
0.007726 58.453955
0.007826 59.391978
0.007926 60.304851
0.008026 61.189683
0.008126 62.047597
0.008226 62.884533
0.008326 63.703749
0.008426 64.510088
0.008526 65.316359
0.008626 66.131074
0.008726 66.955633
0.008826 67.793098
0.008926 68.646545
0.009026 69.512435
0.009126 70.392852
0.009226 71.280878
0.009326 72.166896
0.009426 73.045708
0.009526 73.923176
0.009626 74.795946
0.009726 75.662422
0.009826 76.523159
0.009926 77.378102
0.010026 78.23108
0.010126 79.086519
0.010226 79.947362
0.010326 80.821388
0.010426 81.715586
0.010526 82.633547
0.010626 83.574485
0.010726 84.529664
0.010826 85.484173
0.010926 86.420402
0.011026 87.347911
0.011126 88.290442
0.011226 89.179176
0.011326 89.947102
0.011426 90.569205
0.011526 91.02718
0.011626 91.306677
0.011726 91.552078
0.011826 91.873152
0.011926 92.319772
0.012026 92.922392
0.012126 93.587227
0.012226 94.235774
0.012326 94.782852
0.012426 95.205999
0.012526 95.513203
0.012626 95.806684
0.012726 96.131992
0.012826 96.485323
0.012926 96.88942
0.013026 97.326305
0.013126 97.784461
0.013226 98.254917
0.013326 98.729715
0.013426 99.20229
0.013526 99.670141
0.013626 100.134636
0.013726 100.612049
0.013826 101.092228
0.013926 101.555999
0.014026 102.007629
0.014126 102.45084
0.014226 102.886767
0.014326 103.314349
0.014426 103.73328
0.014526 104.157159
0.014626 104.59967
0.014726 105.046792
0.014826 105.487661
0.014926 105.91487
0.015026 106.326935
0.015126 106.777318
0.015226 107.209205
0.015326 107.566493
0.015426 107.826163
0.015526 107.975736
0.015626 107.993443
0.015726 108.040999
0.015826 108.244932
0.015926 108.676863
0.016026 109.332788
0.016126 110.087014
0.016226 110.819448
0.016326 111.490662
0.016426 112.107209
0.016526 112.687591
0.016626 113.331246
0.016726 114.06231
0.016826 114.845132
0.016926 115.64519
0.017026 116.433718
0.017126 117.177037
0.017226 117.84634
0.017326 118.426621
0.017426 118.917805
0.017526 119.339143
0.017626 119.792242
0.017726 120.217671
0.017826 120.575444
0.017926 120.833508
0.018026 120.972821
0.018126 120.970025
0.018226 120.978899
0.018326 121.102022
0.018426 121.378006
0.018526 121.820542
0.018626 122.310075
0.018726 122.740239
0.018826 123.107108
0.018926 123.423549
0.019026 123.711156
0.019126 124.138882
0.019226 124.642102
0.019326 125.107522
0.019426 125.466794
0.019526 125.668744
0.019626 125.678295
0.019726 125.63172
0.019826 125.6275
0.019926 125.713456
0.020026 125.936321
0.020126 126.203423
0.020226 126.432098
0.020326 126.638265
0.020426 126.841112
0.020526 127.053185
0.020626 127.369121
0.020726 127.771544
0.020826 128.195437
0.020926 128.591681
0.021026 128.93097
0.021126 129.255188
0.021226 129.455958
0.021326 129.500684
0.021426 129.405279
0.021526 129.197979
0.021626 128.869652
0.021726 128.576949
0.021826 128.419287
0.021926 128.429007
0.022026 128.603216
0.022126 128.824448
0.022226 129.001458
0.022326 129.150581
0.022426 129.294131
0.022526 129.44131
0.022626 129.723951
0.022726 130.071536
0.022826 130.34857
0.022926 130.477799
0.023026 130.412917
0.023126 130.119122
0.023226 129.760908
0.023326 129.460026
0.023426 129.281963
0.023526 129.281628
0.023626 129.362258
0.023726 129.443074
0.023826 129.554628
0.023926 129.712721
0.024026 129.904255
0.024126 130.240825
0.024226 130.625162
0.024326 130.916419
0.024426 131.040408
0.024526 130.958985
0.024626 130.641169
0.024726 130.247193
0.024826 129.894128
0.024926 129.647649
0.025026 129.58262
0.025126 129.700519
0.025226 129.847091
0.025326 129.958893
0.025426 129.898821
0.025526 129.525495
0.025626 129.03003
0.025726 128.62091
0.025826 128.287847
0.025926 127.972457
0.026026 127.779102
0.026126 127.718436
0.026226 127.687428
0.026326 127.678812
0.026426 127.699144
0.026526 127.70499
0.026626 127.686081
0.026726 127.74091
0.026826 127.865065
0.026926 128.038167
0.027026 128.287114
0.027126 128.598481
0.027226 128.856221
0.027326 129.043839
0.027426 129.150619
0.027526 129.145056
0.027626 129.064967
0.027726 129.027725
0.027826 129.057856
0.027926 129.1615
0.028026 129.383387
0.028126 129.713403
0.028226 130.030084
0.028326 130.31531
0.028426 130.561401
0.028526 130.71625
0.028626 130.818769
0.028726 130.975686
0.028826 131.198289
0.028926 131.499533
0.029026 131.941203
0.029126 132.524268
0.029226 133.123024
0.029326 133.734792
0.029426 134.337386
0.029526 134.866417
0.029626 135.376246
0.029726 135.913346
0.029826 136.455002
0.029926 137.010381
0.030026 137.625948
0.030126 138.117857
0.030226 138.596311
0.030326 139.169906
0.030426 139.864837
0.030526 140.696271
0.030626 141.739304
0.030726 142.896316
0.030826 144.132355
0.030926 145.457252
0.031026 146.843204
0.031126 148.393155
0.031226 150.090953
0.031326 151.785309
0.031426 153.35855
0.031526 154.844846
0.031626 156.043381
0.031726 156.839507
0.031826 157.351432
0.031926 157.705949
0.032026 157.975683
0.032126 158.220097
0.032226 158.51175
0.032326 158.89837
0.032426 159.360415
0.032526 159.931666
0.032626 160.619682
0.032726 161.422707
0.032826 162.328889
0.032926 163.364133
0.033026 164.452076
0.033126 165.587003
0.033226 166.882799
0.033326 168.295526
0.033426 169.816637
0.033526 171.43051
0.033626 173.094342
0.033726 174.764865
0.033826 176.404739
0.033926 178.013309
0.034026 179.525408
0.034126 180.900528
0.034226 182.116768
0.034326 183.190962
0.034426 184.171025
0.034526 185.078595
0.034626 186.005894
0.034726 186.943385
0.034826 187.848881
0.034926 188.902871
0.035026 190.190157
0.035126 191.737353
0.035226 193.534901
0.035326 195.53764
0.035426 197.711098
0.035526 199.775249
0.035626 201.998022
0.035726 204.314626
0.035826 206.733664
0.035926 208.976109
0.036026 211.036941
0.036126 213.593764
0.036226 216.272268
0.036326 217.903201
0.036426 219.884503
0.036526 221.859609
0.036626 223.349386
0.036726 224.387685
0.036826 225.162493
0.036926 225.804822
0.037026 226.495497
0.037126 227.368821
0.037226 228.46199
0.037326 229.877708
0.037426 231.654873
0.037526 233.654709
0.037626 235.712993
0.037726 237.766204
0.037826 239.546165
0.037926 240.945629
0.038026 242.031215
0.038126 242.935162
0.038226 243.702486
0.038326 244.650155
0.038426 245.934533
0.038526 247.498304
0.038626 249.219385
0.038726 251.039128
0.038826 252.684556
0.038926 253.912027
0.039026 253.21538
0.039126 250.424191
0.039226 250.444185
0.039326 251.867483
0.039426 253.527654
0.039526 255.356277
0.039626 257.49189
0.039726 259.118089
0.039826 260.457675
0.039926 261.170651
0.040026 261.389245
0.040126 261.224811
0.040226 260.954966
0.040326 260.871289
0.040426 261.178492
0.040526 261.903912
0.040626 262.764143
0.040726 263.535693
0.040826 264.428153
0.040926 265.317079
0.041026 266.220858
0.041126 267.264609
0.041226 268.198908
0.041326 269.11054
0.041426 270.177197
0.041526 271.210827
0.041626 272.165001
0.041726 272.786002
0.041826 273.103328
0.041926 272.829983
0.042026 272.017958
0.042126 270.770176
0.042226 269.428627
0.042326 268.402584
0.042426 267.902337
0.042526 267.899779
0.042626 268.31994
0.042726 268.709542
0.042826 268.66601
0.042926 267.957662
0.043026 266.475166
0.043126 264.171159
0.043226 260.359796
0.043326 257.387584
0.043426 254.925803
0.043526 253.068368
0.043626 251.789557
0.043726 251.134779
0.043826 251.203862
0.043926 251.513127
0.044026 252.598475
0.044126 254.205061
0.044226 255.611478
0.044326 256.204455
0.044426 255.726659
0.044526 254.150685
0.044626 251.546249
0.044726 248.559816
0.044826 245.659943
0.044926 243.09835
0.045026 241.169869
0.045126 239.988123
0.045226 239.209723
0.045326 238.759863
0.045426 238.489073
0.045526 237.945863
0.045626 236.750046
0.045726 234.918382
0.045826 232.370166
0.045926 229.283681
0.046026 226.26941
0.046126 223.91046
0.046226 222.368177
0.046326 221.768752
0.046426 221.871583
0.046526 221.973156
0.046626 221.596486
0.046726 220.335119
0.046826 217.854676
0.046926 214.343664
0.047026 210.470442
0.047126 206.667467
0.047226 203.473065
0.047326 201.303132
0.047426 200.121846
0.047526 199.55192
0.047626 199.099236
0.047726 198.388322
0.047826 197.271914
0.047926 195.796254
0.048026 194.129603
0.048126 192.471316
0.048226 190.956125
0.048326 189.620222
0.048426 188.41793
0.048526 187.266764
0.048626 186.275037
0.048726 185.170348
0.048826 183.728745
0.048926 181.84002
0.049026 179.388068
0.049126 176.297885
0.049226 172.997463
0.049326 169.487008
0.049426 165.924608
0.049526 162.694054
0.049626 159.772594
0.049726 157.321923
0.049826 155.527323
0.049926 154.321583
0.050026 153.461395
0.050126 152.662239
0.050226 151.659202
0.050326 150.34521
0.050426 148.832496
0.050526 147.256804
0.050626 145.727414
0.050726 144.287934
0.050826 142.923476
0.050926 141.599168
0.051026 140.27105
0.051126 139.138436
0.051226 137.960394
0.051326 136.512454
0.051426 134.668826
0.051526 132.277178
0.051626 129.30605
0.051726 125.981815
0.051826 122.474913
0.051926 119.002843
0.052026 115.935995
0.052126 113.336206
0.052226 111.373383
0.052326 110.1455
0.052426 109.507522
0.052526 109.184832
0.052626 109.137491
0.052726 108.951258
0.052826 108.36247
0.052926 107.282267
0.053026 105.609029
0.053126 103.354935
0.053226 100.753729
0.053326 97.944657
0.053426 95.154584
0.053526 92.747192
0.053626 90.981611
0.053726 89.764553
0.053826 88.944509
0.053926 88.209722
0.054026 87.068054
0.054126 85.197743
0.054226 82.715227
0.054326 79.848462
0.054426 77.004369
0.054526 74.749707
0.054626 73.142194
0.054726 72.291666
0.054826 72.196615
0.054926 72.574028
0.055026 73.056862
0.055126 73.640624
0.055226 73.981038
0.055326 73.864218
0.055426 73.227808
0.055526 71.970847
0.055626 70.33018
0.055726 68.294231
0.055826 65.79418
0.055926 62.953639
0.056026 59.953242
0.056126 56.723235
0.056226 53.643806
0.056326 50.997647
0.056426 48.919821
0.056526 47.487044
0.056626 46.715591
0.056726 46.373559
0.056826 46.167125
0.056926 45.752991
0.057026 44.715365
0.057126 43.07806
0.057226 40.764071
0.057326 37.754789
0.057426 34.291098
0.057526 30.673701
0.057626 26.854966
0.057726 23.188784
0.057826 19.943705
0.057926 17.20859
0.058026 15.149367
0.058126 13.825785
0.058226 13.017712
0.058326 12.487058
0.058426 11.88526
0.058526 10.734155
0.058626 9.029294
0.058726 6.713587
0.058826 3.820375
0.058926 0.646521
0.059026 -2.521831
0.059126 -5.480567
0.059226 -8.18908
0.059326 -10.700779
0.059426 -13.109706
0.059526 -15.507949
0.059626 -18.201732
0.059726 -20.920121
0.059826 -23.265386
0.059926 -24.995296
0.060026 -25.825926
0.060126 -25.391024
0.060226 -24.310287
0.060326 -23.321128
0.060426 -23.135056
0.060526 -24.538812
0.060626 -27.78301
0.060726 -32.25179
0.060826 -37.205938
0.060926 -41.6382
0.061026 -44.424876
0.061126 -45.022369
0.061226 -44.052204
0.061326 -42.450559
0.061426 -41.394418
0.061526 -42.076944
0.061626 -45.22864
0.061726 -49.641231
0.061826 -54.436184
0.061926 -58.594398
0.062026 -61.068715
0.062126 -61.699338
0.062226 -60.930931
0.062326 -59.454296
0.062426 -58.357601
0.062526 -58.755941
0.062626 -60.133027
0.062726 -62.437502
0.062826 -65.637764
0.062926 -69.571025
0.063026 -74.336412
0.063126 -80.139045
0.063226 -86.315937
0.063326 -92.233163
0.063426 -97.545834
0.063526 -101.273906
0.063626 -102.717601
0.063726 -102.475914
0.063826 -101.570178
0.063926 -101.335265
0.064026 -103.094162
0.064126 -107.34815
0.064226 -113.096506
0.064326 -119.276336
0.064426 -124.594753
0.064526 -127.678571
0.064626 -128.121294
0.064726 -126.932045
0.064826 -125.330275
0.064926 -124.673432
0.065026 -126.257777
0.065126 -130.285874
0.065226 -135.956794
0.065326 -142.38893
0.065426 -148.521705
0.065526 -153.430592
0.065626 -157.177002
0.065726 -160.012017
0.065826 -162.270854
0.065926 -164.493626
0.066026 -166.921494
0.066126 -169.545359
0.066226 -172.190479
0.066326 -174.680022
0.066426 -177.58104
0.066526 -180.500631
0.066626 -182.599613
0.066726 -183.857588
0.066826 -184.988155
0.066926 -186.666102
0.067026 -189.429714
0.067126 -193.389314
0.067226 -198.010227
0.067326 -202.679508
0.067426 -206.679091
0.067526 -209.407126
0.067626 -210.525606
0.067726 -210.518695
0.067826 -210.093201
0.067926 -210.085982
0.068026 -211.236059
0.068126 -213.738348
0.068226 -217.009854
0.068326 -220.409631
0.068426 -223.232458
0.068526 -224.865202
0.068626 -225.199774
0.068726 -224.90528
0.068826 -224.709609
0.068926 -225.344643
0.069026 -227.40819
0.069126 -230.566836
0.069226 -234.499406
0.069326 -238.933674
0.069426 -243.503672
0.069526 -247.956082
0.069626 -252.229802
0.069726 -256.402678
0.069826 -260.58301
0.069926 -264.844399
0.070026 -269.224878
0.070126 -274.120998
0.070226 -279.134598
0.070326 -283.784642
0.070426 -287.667471
0.070526 -290.190015
0.070626 -290.938807
0.070726 -290.950168
0.070826 -291.393036
0.070926 -293.370371
0.071026 -297.892702
0.071126 -305.022312
0.071226 -313.539012
0.071326 -322.102213
0.071426 -329.489305
0.071526 -334.987868
0.071626 -338.654807
0.071726 -341.437434
0.071826 -344.284703
0.071926 -348.017858
0.072026 -353.219117
0.072126 -359.783701
0.072226 -366.898287
0.072326 -373.752511
0.072426 -379.610846
0.072526 -383.931561
0.072626 -387.171127
0.072726 -389.887764
0.072826 -392.345067
0.072926 -394.740906
0.073026 -397.20357
0.073126 -399.396196
0.073226 -401.699819
0.073326 -404.538575
0.073426 -408.27059
0.073526 -413.358317
0.073626 -419.306146
0.073726 -425.733102
0.073826 -432.393931
0.073926 -438.922666
0.074026 -445.068108
0.074126 -450.146399
0.074226 -455.216036
0.074326 -460.69752
0.074426 -466.941262
0.074526 -474.388761
0.074626 -483.523281
0.074726 -493.272319
0.074826 -502.409465
0.074926 -509.792245
0.075026 -514.376636
0.075126 -516.139219
0.075226 -516.655158
0.075326 -517.526337
0.075426 -520.293859
0.075526 -526.140675
0.075626 -534.552879
0.075726 -544.198501
0.075826 -555.04713
0.075926 -565.406182
0.076026 -573.125267
0.076126 -577.415283
0.076226 -580.772057
0.076326 -584.900517
0.076426 -589.628356
0.076526 -595.406629
0.076626 -602.097961
0.076726 -610.049922
0.076826 -618.21385
0.076926 -626.030555
0.077026 -632.789358
0.077126 -638.201271
0.077226 -643.616504
0.077326 -649.815089
0.077426 -656.905424
0.077526 -665.093216
0.077626 -673.980283
0.077726 -682.78642
0.077826 -691.109419
0.077926 -698.873277
0.078026 -706.454639
0.078126 -712.590564
0.078226 -718.667127
0.078326 -724.464764
0.078426 -730.044169
0.078526 -735.496705
0.078626 -740.251549
0.078726 -744.764248
0.078826 -749.721679
0.078926 -755.74408
0.079026 -763.637817
0.079126 -773.380747
0.079226 -784.141354
0.079326 -795.283071
0.079426 -805.714951
0.079526 -814.637318
0.079626 -822.181821
0.079726 -828.888985
0.079826 -835.460383
0.079926 -842.456432
0.080026 -850.048949
0.080126 -857.887248
0.080226 -865.860668
0.080326 -873.704725
0.080426 -881.566656
0.080526 -889.941302
0.080626 -898.165783
0.080726 -907.454883
0.080826 -917.077525
0.080926 -926.68896
0.081026 -937.798784
0.081126 -950.53854
0.081226 -962.54706
0.081326 -973.004937
0.081426 -982.360605
0.081526 -991.137971
0.081626 -999.49925
0.081726 -1007.52099
0.081826 -1015.95268
0.081926 -1025.50919
0.082026 -1036.528587
0.082126 -1049.138402
0.082226 -1062.635447
0.082326 -1076.255061
0.082426 -1089.382538
0.082526 -1101.565972
0.082626 -1112.943103
0.082726 -1123.970386
0.082826 -1134.36969
0.082926 -1144.536268
0.083026 -1154.863575
0.083126 -1165.436303
0.083226 -1176.200886
0.083326 -1187.019306
0.083426 -1198.02978
0.083526 -1209.104599
0.083626 -1219.816915
0.083726 -1230.136418
0.083826 -1240.310556
0.083926 -1250.825108
0.084026 -1261.929587
0.084126 -1273.299038
0.084226 -1286.251212
0.084326 -1299.186246
0.084426 -1311.209933
0.084526 -1321.969318
0.084626 -1332.563045
0.084726 -1342.172596
0.084826 -1350.587767
0.084926 -1357.853283
0.085026 -1365.395254
0.085126 -1375.634076
0.085226 -1387.304474
0.085326 -1399.575371
0.085426 -1412.401276
0.085526 -1425.762399
0.085626 -1440.896055
0.085726 -1456.409564
0.085826 -1471.897554
0.085926 -1485.104863
0.086026 -1495.799226
0.086126 -1503.848906
0.086226 -1508.955217
0.086326 -1514.239211
0.086426 -1520.249344
0.086526 -1528.048463
0.086626 -1538.405272
0.086726 -1550.620481
0.086826 -1563.839452
0.086926 -1577.751189
0.087026 -1591.740931
0.087126 -1605.402055
0.087226 -1618.825644
0.087326 -1632.295978
0.087426 -1644.611409
0.087526 -1656.055315
0.087626 -1667.359222
0.087726 -1678.922599
0.087826 -1690.847095
0.087926 -1702.435985
0.088026 -1713.292005
0.088126 -1723.527922
0.088226 -1733.457296
0.088326 -1743.367696
0.088426 -1753.77439
0.088526 -1764.980232
0.088626 -1777.698007
0.088726 -1790.520644
0.088826 -1803.08807
0.088926 -1814.067663
0.089026 -1815.706975
0.089126 -1822.157581
0.089226 -1816.599149
0.089326 -1809.516814
0.089426 -1813.394351
0.089526 -1827.821274
0.089626 -1848.600621
0.089726 -1871.385808
0.089826 -1890.284692
0.089926 -1902.324337
0.090026 -1908.29069
0.090126 -1909.471586
0.090226 -1911.059046
0.090326 -1916.541789
0.090426 -1925.977115
0.090526 -1936.007215
0.090626 -1946.457577
0.090726 -1955.697807
0.090826 -1962.845617
0.090926 -1972.108376
0.091026 -1982.911948
0.091126 -1994.448738
0.091226 -2005.451431
0.091326 -2014.916394
0.091426 -2022.001894
0.091526 -2026.354258
0.091626 -2029.758014
0.091726 -2030.796911
0.091826 -2031.072541
0.091926 -2030.731741
0.092026 -2030.478816
0.092126 -2030.039044
0.092226 -2031.373151
0.092326 -2033.026567
0.092426 -2032.559458
0.092526 -2028.269886
0.092626 -2022.203205
0.092726 -2017.419649
0.092826 -2029.231029
0.092926 -2008.05091
0.093026 -1970.246482
0.093126 -1940.8009
0.093226 -1928.022337
0.093326 -1925.232685
0.093426 -1924.601579
0.093526 -1919.356186
0.093626 -1902.031885
0.093726 -1885.939029
0.093826 -1868.705465
0.093926 -1853.309087
0.094026 -1841.920186
0.094126 -1834.219439
0.094226 -1823.600388
0.094326 -1818.706928
0.094426 -1813.158182
0.094526 -1805.404776
0.094626 -1796.985362
0.094726 -1788.344562
0.094826 -1777.852185
0.094926 -1764.791532
0.095026 -1748.897435
0.095126 -1732.649137
0.095226 -1713.544107
0.095326 -1692.6497
0.095426 -1670.808863
0.095526 -1648.870433
0.095626 -1627.186797
0.095726 -1605.821932
0.095826 -1584.598447
0.095926 -1563.27414
0.096026 -1541.810715
0.096126 -1520.628795
0.096226 -1499.304611
0.096326 -1477.158185
0.096426 -1453.443865
0.096526 -1428.422922
0.096626 -1399.222104
0.096726 -1368.099106
0.096826 -1337.714627
0.096926 -1309.533735
0.097026 -1283.736972
0.097126 -1259.105869
0.097226 -1235.462012
0.097326 -1211.291328
0.097426 -1185.091488
0.097526 -1155.532972
0.097626 -1122.090081
0.097726 -1087.149525
0.097826 -1052.589759
0.097926 -1019.959236
0.098026 -990.471869
0.098126 -963.419095
0.098226 -936.996428
0.098326 -912.161654
0.098426 -884.926377
0.098526 -855.5217
0.098626 -825.246679
0.098726 -794.521656
0.098826 -763.408354
0.098926 -733.312217
0.099026 -703.746983
0.099126 -674.510893
0.099226 -645.43312
0.099326 -616.133433
0.099426 -586.805063
0.099526 -558.549096
0.099626 -533.077537
0.099726 -507.528035
0.099826 -481.761844
0.099926 -456.140584
0.100026 -430.274305
0.100126 -404.948567
0.100226 -379.420391
0.100326 -354.379099
0.100426 -329.893418
0.100526 -305.632863
0.100626 -281.299275
0.100726 -257.06266
0.100826 -233.641942
0.100926 -211.649476
0.101026 -173.237784
0.101126 -158.774842
0.101226 -156.573131
0.101326 -153.096709
0.101426 -145.882721
0.101526 -135.015179
0.101626 -119.976881
0.101726 -100.9478
0.101826 -78.549117
0.101926 -59.113691
0.102026 -36.119159
0.102126 -9.579602
0.102226 18.193174
0.102326 43.052757
0.102426 60.19006
0.102526 72.118094
0.102626 81.622493
0.102726 89.568957
0.102826 95.075192
0.102926 97.615163
0.103026 97.258785
0.103126 95.592762
0.103226 93.769486
0.103326 93.487411
0.103426 95.874573
0.103526 101.567648
0.103626 110.673184
0.103726 122.534384
0.103826 135.552178
0.103926 148.534452
0.104026 159.693828
0.104126 166.96849
0.104226 172.725341
0.104326 177.603294
0.104426 180.770267
0.104526 187.950862
0.104626 183.98418
0.104726 175.285588
0.104826 165.075403
0.104926 155.880497
0.105026 149.588844
0.105126 148.555829
0.105226 154.239497
0.105326 166.353989
0.105426 183.523169
0.105526 200.169041
0.105626 211.966267
0.105726 220.083777
0.105826 227.049868
0.105926 230.235597
0.106026 228.11445
0.106126 220.486034
0.106226 208.893586
0.106326 196.764046
0.106426 186.132578
0.106526 175.807213
0.106626 163.668939
0.106726 154.772956
0.106826 150.450295
0.106926 150.182777
0.107026 148.62865
0.107126 141.191573
0.107226 131.878362
0.107326 122.194537
0.107426 113.62247
0.107526 107.260314
0.107626 101.448658
0.107726 95.178824
0.107826 86.679697
0.107926 78.246269
0.108026 71.744749
0.108126 65.434634
0.108226 55.727087
0.108326 45.267063
0.108426 37.553047
0.108526 30.56029
0.108626 18.637341
0.108726 4.353009
0.108826 -8.729811
0.108926 -19.12642
0.109026 -27.073139
0.109126 -34.854946
0.109226 -42.638674
0.109326 -51.004618
0.109426 -60.859334
0.109526 -71.711528
0.109626 -77.229484
0.109726 -77.205862
0.109826 -84.53881
0.109926 -91.863403
0.110026 -96.355054
0.110126 -106.170572
0.110226 -124.963094
0.110326 -141.95645
0.110426 -153.508058
0.110526 -160.861357
0.110626 -169.708988
0.110726 -182.259137
0.110826 -197.049946
0.110926 -212.116298
0.111026 -224.792425
0.111126 -231.636637
0.111226 -232.584439
0.111326 -232.757325
0.111426 -239.977828
0.111526 -250.633022
0.111626 -259.936607
0.111726 -270.826209
0.111826 -289.831106
0.111926 -309.65567
0.112026 -325.47852
0.112126 -339.067933
0.112226 -353.515467
0.112326 -371.535146
0.112426 -392.917734
0.112526 -416.002435
0.112626 -438.184199
0.112726 -462.95481
0.112826 -481.523704
0.112926 -489.261376
0.113026 -500.068439
0.113126 -510.313622
0.113226 -514.250145
0.113326 -513.018786
0.113426 -512.588494
0.113526 -519.803645
0.113626 -527.611472
0.113726 -528.109234
0.113826 -524.058486
0.113926 -521.487763
0.114026 -523.562834
0.114126 -532.50733
0.114226 -548.211539
0.114326 -567.892342
0.114426 -586.715879
0.114526 -601.453557
0.114626 -609.838522
0.114726 -613.087543
0.114826 -612.737226
0.114926 -605.612736
0.115026 -591.30616
0.115126 -575.344956
0.115226 -562.967372
0.115326 -557.490278
0.115426 -553.912105
0.115526 -552.672406
0.115626 -555.782207
0.115726 -564.697446
0.115826 -578.534879
0.115926 -596.31033
0.116026 -615.745801
0.116126 -633.697945
0.116226 -649.621213
0.116326 -659.59794
0.116426 -664.5067
0.116526 -662.985271
0.116626 -653.36218
0.116726 -636.795778
0.116826 -617.534089
0.116926 -602.636811
0.117026 -594.138811
0.117126 -589.728345
0.117226 -589.084198
0.117326 -592.284547
0.117426 -599.043304
0.117526 -608.833685
0.117626 -620.438064
0.117726 -630.299101
0.117826 -638.015188
0.117926 -642.481031
0.118026 -644.3829
0.118126 -643.887162
0.118226 -639.900031
0.118326 -631.822835
0.118426 -620.641478
0.118526 -608.317012
0.118626 -595.446932
0.118726 -583.254352
0.118826 -572.901364
0.118926 -566.238131
0.119026 -563.908379
0.119126 -564.152099
0.119226 -565.465065
0.119326 -566.732297
0.119426 -569.107681
0.119526 -571.947836
0.119626 -574.258257
0.119726 -575.041763
0.119826 -572.401755
0.119926 -565.367946
0.120026 -553.843053
0.120126 -539.376393
0.120226 -521.753665
0.120326 -503.400144
0.120426 -486.212108
0.120526 -474.206926
0.120626 -465.197654
0.120726 -459.126707
0.120826 -455.717936
0.120926 -454.328701
0.121026 -453.303395
0.121126 -451.19226
0.121226 -449.069545
0.121326 -445.147271
0.121426 -438.606185
0.121526 -429.472349
0.121626 -418.459556
0.121726 -406.311225
0.121826 -394.206671
0.121926 -380.995653
0.122026 -367.466786
0.122126 -353.712563
0.122226 -340.326128
0.122326 -328.459908
0.122426 -319.253706
0.122526 -312.514928
0.122626 -307.810725
0.122726 -304.609036
0.122826 -302.043345
0.122926 -298.799434
0.123026 -293.885153
0.123126 -287.090495
0.123226 -277.847274
0.123326 -266.6276
0.123426 -254.146603
0.123526 -241.429917
0.123626 -229.674695
0.123726 -219.977748
0.123826 -212.047251
0.123926 -204.788416
0.124026 -197.666186
0.124126 -190.413592
0.124226 -182.992733
0.124326 -175.760469
0.124426 -169.152328
0.124526 -163.474342
0.124626 -158.86415
0.124726 -155.078258
0.124826 -151.468965
0.124926 -147.20855
0.125026 -141.722065
0.125126 -134.634241
0.125226 -125.931835
0.125326 -116.170688
0.125426 -106.293637
0.125526 -97.132904
0.125626 -89.334437
0.125726 -83.15464
0.125826 -78.311733
0.125926 -74.244054
0.126026 -70.199188
0.126126 -65.780896
0.126226 -60.654652
0.126326 -54.995304
0.126426 -49.903069
0.126526 -44.616555
0.126626 -39.775836
0.126726 -35.488026
0.126826 -31.335889
0.126926 -26.795379
0.127026 -21.509855
0.127126 -15.345711
0.127226 -8.567776
0.127326 -1.677897
0.127426 4.90247
0.127526 10.962485
0.127626 16.422688
0.127726 21.530136
0.127826 26.516077
0.127926 31.425304
0.128026 36.194748
0.128126 40.604297
0.128226 44.553136
0.128326 48.199886
0.128426 51.900069
0.128526 56.020744
0.128626 60.858672
0.128726 66.539064
0.128826 72.882016
0.128926 79.548892
0.129026 86.158745
0.129126 91.975705
0.129226 97.431897
0.129326 102.395346
0.129426 107.010654
0.129526 111.526186
0.129626 116.15958
0.129726 121.058966
0.129826 126.135396
0.129926 131.169755
0.130026 135.965789
0.130126 140.391821
0.130226 144.390844
0.130326 148.1418
0.130426 151.936542
0.130526 156.020923
0.130626 160.347288
0.130726 165.15679
0.130826 170.327084
0.130926 175.588334
0.131026 180.671274
0.131126 185.268908
0.131226 188.818373
0.131326 192.028293
0.131426 195.30017
0.131526 198.763714
0.131626 202.385314
0.131726 206.070897
0.131826 209.730786
0.131926 213.352357
0.132026 216.955276
0.132126 220.593961
0.132226 224.294423
0.132326 228.079552
0.132426 231.928572
0.132526 235.802607
0.132626 239.716961
0.132726 243.559597
0.132826 247.253948
0.132926 250.811989
0.133026 254.35186
0.133126 257.930589
0.133226 261.792081
0.133326 265.942862
0.133426 270.173084
0.133526 274.151094
0.133626 277.462356
0.133726 280.03164
0.133826 281.951749
0.133926 283.895185
0.134026 286.121606
0.134126 288.773485
0.134226 292.003113
0.134326 295.355313
0.134426 298.691937
0.134526 301.958274
0.134626 305.197527
0.134726 308.472984
0.134826 311.822131
0.134926 315.234647
0.135026 318.650164
0.135126 321.959612
0.135226 325.207488
0.135326 493.474479
0.135426 690.978399
0.135526 752.904769
0.135626 884.265419
0.135726 931.205818
0.135826 934.980799
0.135926 921.080914
0.136026 903.130944
0.136126 886.701592
0.136226 868.712188
0.136326 854.13466
0.136426 841.155147
0.136526 830.837008
0.136626 821.568152
0.136726 808.789839
0.136826 795.018462
0.136926 783.551665
0.137026 773.537554
0.137126 767.164058
0.137226 764.797482
0.137326 765.75411
0.137426 769.015344
0.137526 773.424022
0.137626 777.824467
0.137726 781.331897
0.137826 783.230132
0.137926 787.081272
0.138026 784.627865
0.138126 779.711703
0.138226 771.8161
0.138326 761.938583
0.138426 749.651287
0.138526 736.664469
0.138626 721.494571
0.138726 705.376612
0.138826 686.329507
0.138926 627.871998
0.139026 584.011689
0.139126 557.544299
0.139226 539.691663
0.139326 534.387084
0.139426 534.108955
0.139526 541.417353
0.139626 561.50356
0.139726 583.649328
0.139826 612.53291
0.139926 639.123653
0.140026 673.100507
0.140126 713.14602
0.140226 767.122597
0.140326 849.719247
0.140426 934.125957
0.140526 981.352761
0.140626 1041.512149
0.140726 1097.158405
0.140826 1148.391233
0.140926 1179.787269
0.141026 1207.377161
0.141126 1232.684772
0.141226 1250.206728
0.141326 1268.533196
0.141426 1294.698601
0.141526 1328.542503
0.141626 1362.400278
0.141726 1388.124647
0.141826 1400.745966
0.141926 1408.348566
0.142026 1414.833252
0.142126 1408.175041
0.142226 1393.342399
0.142326 1386.936531
0.142426 1370.075902
0.142526 1358.726703
0.142626 1341.588795
0.142726 1333.478199
0.142826 1324.038288
0.142926 1316.140501
0.143026 1304.884092
0.143126 1299.590526
0.143226 1284.125863
0.143326 1267.720035
0.143426 1247.639935
0.143526 1230.680948
0.143626 1206.799554
0.143726 1180.166021
0.143826 1152.571368
0.143926 1123.848602
0.144026 1098.236835
0.144126 1074.062248
0.144226 1046.372561
0.144326 1012.814823
0.144426 934.251486
0.144526 906.957382
0.144626 904.611029
0.144726 921.246408
0.144826 944.112619
0.144926 966.90716
0.145026 995.152168
0.145126 1043.141656
0.145226 1093.968078
0.145326 1130.83617
0.145426 1190.175439
0.145526 1241.582495
0.145626 1305.508999
0.145726 1360.943923
0.145826 1406.412715
0.145926 1442.585924
0.146026 1475.284279
0.146126 1497.669699
0.146226 1512.747331
0.146326 1523.024947
0.146426 1527.2533
0.146526 1521.039425
0.146626 1513.350177
0.146726 1485.232357
0.146826 1449.996448
0.146926 1398.693164
0.147026 1338.354599
0.147126 1274.958102
0.147226 1209.248722
0.147326 1154.124809
0.147426 1103.971064
0.147526 1055.916714
0.147626 1014.860595
0.147726 982.114192
0.147826 954.83378
0.147926 925.291137
0.148026 895.223622
0.148126 864.989828
0.148226 832.099396
0.148326 797.699126
0.148426 765.550302
0.148526 737.060524
0.148626 709.012155
0.148726 682.521835
0.148826 662.704767
0.148926 641.074854
0.149026 611.525326
0.149126 591.068824
0.149226 576.512739
0.149326 560.938073
0.149426 544.34209
0.149526 537.476108
0.149626 529.751998
0.149726 526.843088
0.149826 523.687846
0.149926 514.821311
0.150026 503.601332
0.150126 492.574517
0.150226 499.201611
0.150326 513.035544
0.150426 540.328376
0.150526 574.04896
0.150626 628.332173
0.150726 707.548479
0.150826 790.795112
0.150926 867.651301
0.151026 912.532419
0.151126 934.381347
0.151226 954.650757
0.151326 957.151547
0.151426 946.37525
0.151526 932.948849
0.151626 908.751212
0.151726 886.877836
0.151826 869.494131
0.151926 856.558117
0.152026 835.982979
0.152126 802.889044
0.152226 776.344372
0.152326 769.960433
0.152426 754.870327
0.152526 739.533026
0.152626 723.247412
0.152726 707.874244
0.152826 698.745891
0.152926 693.01816
0.153026 695.004638
0.153126 695.285421
0.153226 711.330096
0.153326 744.376542
0.153426 779.277039
0.153526 816.964262
0.153626 865.157539
0.153726 915.062487
0.153826 969.025487
0.153926 1019.97781
0.154026 1065.198342
0.154126 1109.393827
0.154226 1154.716547
0.154326 1198.737673
0.154426 1244.252706
0.154526 1293.053104
0.154626 1336.218742
0.154726 1375.872442
0.154826 1416.725241
0.154926 1451.984819
0.155026 1485.408263
0.155126 1513.697503
0.155226 1542.818397
0.155326 1571.628126
0.155426 1597.997049
0.155526 1627.352977
0.155626 1660.170232
0.155726 1696.184207
0.155826 1732.206013
0.155926 1782.334526
0.156026 1829.077443
0.156126 1869.411216
0.156226 1912.25141
0.156326 1951.240211
0.156426 1980.991053
0.156526 1995.163339
0.156626 1991.771382
0.156726 2002.927382
0.156826 2024.22951
0.156926 2045.327361
0.157026 2071.280541
0.157126 2095.204972
0.157226 2114.890186
0.157326 2136.14192
0.157426 2156.676914
0.157526 2177.460483
0.157626 2196.366746
0.157726 2214.537506
0.157826 2232.05012
0.157926 2245.519216
0.158026 2262.599065
0.158126 2284.716149
0.158226 2312.135187
0.158326 2343.258239
0.158426 2385.191566
0.158526 2434.188847
0.158626 2481.136526
0.158726 2529.152553
0.158826 2578.587201
0.158926 2631.995158
0.159026 2688.112041
0.159126 2740.868841
0.159226 2789.933528
0.159326 2834.69556
0.159426 2870.193
0.159526 2897.152892
0.159626 2918.485076
0.159726 2932.690798
0.159826 2942.088949
0.159926 2943.694791
0.160026 2938.934964
0.160126 2924.86088
0.160226 2902.718803
0.160326 2872.864706
0.160426 2832.448656
0.160526 2787.03125
0.160626 2731.902209
0.160726 2674.207134
0.160826 2634.352356
0.160926 2606.591661
0.161026 2589.024502
0.161126 2577.28423
0.161226 2579.489263
0.161326 2586.844193
0.161426 2594.206766
0.161526 2595.870494
0.161626 2585.937058
0.161726 2573.146599
0.161826 2558.978529
0.161926 2549.459082
0.162026 2537.567262
0.162126 2532.510947
0.162226 2532.685635
0.162326 2533.132494
0.162426 2531.901301
0.162526 2523.250972
0.162626 2515.047073
0.162726 2505.210643
0.162826 2491.594589
0.162926 2480.350381
0.163026 2467.100616
0.163126 2448.463095
0.163226 2428.356826
0.163326 2411.662304
0.163426 2389.409256
0.163526 2361.043209
0.163626 2340.924764
0.163726 2313.50749
0.163826 2289.688185
0.163926 2242.796887
0.164026 2196.222048
0.164126 2115.197351
0.164226 2053.06602
0.164326 2005.332355
0.164426 1941.642539
0.164526 1867.930089
0.164626 1788.140889
0.164726 1725.159009
0.164826 1677.143709
0.164926 1581.994525
0.165026 1495.814313
0.165126 1405.877207
0.165226 1345.660742
0.165326 1310.431562
0.165426 1293.92571
0.165526 1276.333373
0.165626 1262.224364
0.165726 1245.913867
0.165826 1231.017643
0.165926 1218.927531
0.166026 1211.52266
0.166126 1210.813717
0.166226 1218.646615
0.166326 1226.505159
0.166426 1237.48799
0.166526 1251.954299
0.166626 1268.078916
0.166726 1295.227882
0.166826 1337.644139
0.166926 1398.484894
0.167026 1458.594577
0.167126 1541.298027
0.167226 1619.10458
0.167326 1678.454942
0.167426 1698.529525
0.167526 1686.335287
0.167626 1658.420626
0.167726 1621.457235
0.167826 1587.641929
0.167926 1548.272938
0.168026 1513.901366
0.168126 1472.439719
0.168226 1430.396803
0.168326 1384.564355
0.168426 1331.846436
0.168526 1287.670519
0.168626 1254.436862
0.168726 1221.603932
0.168826 1192.235897
0.168926 1171.289512
0.169026 1153.676217
0.169126 1150.009015
0.169226 1153.933086
0.169326 1168.781254
0.169426 1192.394637
0.169526 1218.914886
0.169626 1250.121116
0.169726 1273.23423
0.169826 1291.284906
0.169926 1305.301836
0.170026 1329.232839
0.170126 1329.717706
0.170226 1358.945403
0.170326 1349.656985
0.170426 1326.360713
0.170526 1311.595037
0.170626 1293.393059
0.170726 1260.513992
0.170826 1249.36894
0.170926 1247.323479
0.171026 1244.538286
0.171126 1237.093706
0.171226 1222.545002
0.171326 1191.799402
0.171426 1146.263322
0.171526 1163.722348
0.171626 1168.98332
0.171726 1171.34991
0.171826 1168.2605
0.171926 1173.264321
0.172026 1138.801724
0.172126 1097.985855
0.172226 1060.971632
0.172326 1012.136942
0.172426 969.637424
0.172526 940.716745
0.172626 917.883739
0.172726 893.394487
0.172826 870.404044
0.172926 850.567641
0.173026 838.438288
0.173126 831.414475
0.173226 814.668802
0.173326 803.368473
0.173426 804.410202
0.173526 813.641723
0.173626 825.721124
0.173726 840.796227
0.173826 860.250344
0.173926 883.543167
0.174026 913.408478
0.174126 942.733482
0.174226 977.392498
0.174326 1006.037763
0.174426 1030.895212
0.174526 1062.339716
0.174626 1092.476376
0.174726 1121.628511
0.174826 1155.851069
0.174926 1193.821394
0.175026 1223.718411
0.175126 1245.739378
0.175226 1253.819152
0.175326 1245.074763
0.175426 1238.155042
0.175526 1233.304661
0.175626 1221.840149
0.175726 1207.161175
0.175826 1183.248172
0.175926 1151.009468
0.176026 1103.028621
0.176126 1068.504477
0.176226 1011.427126
0.176326 976.935244
0.176426 944.653251
0.176526 911.067257
0.176626 865.179072
0.176726 800.276423
0.176826 769.337023
0.176926 745.72186
0.177026 743.85477
0.177126 741.568594
0.177226 743.577783
0.177326 752.381705
0.177426 780.766605
0.177526 804.323268
0.177626 832.71205
0.177726 853.506706
0.177826 867.6182
0.177926 910.711186
0.178026 976.676149
0.178126 1053.339627
0.178226 1142.181486
0.178326 1186.610937
0.178426 1215.688214
0.178526 1226.545414
0.178626 1219.465601
0.178726 1191.642446
0.178826 1154.740007
0.178926 1113.512801
0.179026 1068.145305
0.179126 1018.921076
0.179226 969.937147
0.179326 928.523278
0.179426 903.004195
0.179526 866.666798
0.179626 827.775048
0.179726 799.977428
0.179826 764.527371
0.179926 724.939514
0.180026 687.14641
0.180126 662.561349
0.180226 628.795677
0.180326 606.201752
0.180426 598.668656
0.180526 580.432066
0.180626 575.620364
0.180726 563.88062
0.180826 573.530701
0.180926 575.83381
0.181026 573.899633
0.181126 580.049217
0.181226 590.16888
0.181326 601.610542
0.181426 617.719123
0.181526 638.424973
0.181626 661.660943
0.181726 686.415896
0.181826 704.00226
0.181926 713.214652
0.182026 721.428859
0.182126 717.149293
0.182226 708.503201
0.182326 691.317352
0.182426 663.441337
0.182526 646.109237
0.182626 618.417643
0.182726 606.148613
0.182826 590.050245
0.182926 555.577811
0.183026 508.336873
0.183126 459.04586
0.183226 447.965527
0.183326 451.60539
0.183426 472.26851
0.183526 466.732842
0.183626 443.160965
0.183726 405.659888
0.183826 369.938213
0.183926 312.031443
0.184026 211.334694
0.184126 149.2677
0.184226 92.950743
0.184326 48.578347
0.184426 -1.710713
0.184526 -37.332471
0.184626 -61.995043
0.184726 -77.193814
0.184826 -87.712037
0.184926 -86.042919
0.185026 -84.444597
0.185126 -82.456273
0.185226 -71.880462
0.185326 -57.759666
0.185426 -31.866627
0.185526 -4.31636
0.185626 39.11351
0.185726 64.306124
0.185826 78.729051
0.185926 80.839269
0.186026 81.500053
0.186126 71.839428
0.186226 64.406714
0.186326 59.835177
0.186426 62.679831
0.186526 61.850058
0.186626 59.875989
0.186726 53.995009
0.186826 45.016149
0.186926 34.012141
0.187026 19.547059
0.187126 2.783608
0.187226 -14.134452
0.187326 -29.131071
0.187426 -39.158656
0.187526 -44.317617
0.187626 -47.516304
0.187726 -49.900795
0.187826 -52.989112
0.187926 -56.116756
0.188026 -59.555826
0.188126 -60.734944
0.188226 -60.319409
0.188326 -59.040286
0.188426 -57.683761
0.188526 -56.43769
0.188626 -55.768034
0.188726 -55.235942
0.188826 -54.545799
0.188926 -53.272918
0.189026 -51.318699
0.189126 -49.022542
0.189226 -47.095244
0.189326 -45.967703
0.189426 -45.71863
0.189526 -46.138062
0.189626 -46.480004
0.189726 -46.295618
0.189826 -45.636889
0.189926 -44.728985
0.190026 -43.830788
0.190126 -43.330815
0.190226 -42.961922
0.190326 -42.257775
0.190426 -40.946585
0.190526 -38.969756
0.190626 -36.396675
0.190726 -34.173049
0.190826 -33.089074
0.190926 -33.385622
0.191026 -34.843393
0.191126 -36.637643
0.191226 -37.474141
0.191326 -36.691893
0.191426 -34.351513
0.191526 -31.284286
0.191626 -28.368113
0.191726 -26.394189
0.191826 -25.744306
0.191926 -25.76053
0.192026 -25.803317
0.192126 -25.013503
0.192226 -23.763756
0.192326 -22.813001
0.192426 -22.720383
0.192526 -23.702373
0.192626 -25.208096
0.192726 -26.034647
0.192826 -25.463551
0.192926 -23.402626
0.193026 -20.444494
0.193126 -17.170529
0.193226 -15.165272
0.193326 -14.686769
0.193426 -15.431252
0.193526 -16.784607
0.193626 -17.656222
0.193726 -17.777543
0.193826 -17.520929
0.193926 -17.329793
0.194026 -17.579364
0.194126 -18.425566
0.194226 -19.22077
0.194326 -19.272814
0.194426 -18.319448
0.194526 -16.510839
0.194626 -14.944921
0.194726 -14.327919
0.194826 -14.70945
0.194926 -16.108068
0.195026 -17.439966
0.195126 -17.668957
0.195226 -17.710179
0.195326 -18.479474
0.195426 -19.845644
0.195526 -21.72775
0.195626 -23.817404
0.195726 -25.13354
0.195826 -25.292529
0.195926 -24.38969
0.196026 -22.951558
0.196126 -21.859019
0.196226 -21.41232
0.196326 -21.441097
0.196426 -21.596972
0.196526 -21.601539
0.196626 -21.491619
0.196726 -21.655636
0.196826 -22.395438
0.196926 -23.783005
0.197026 -25.651985
0.197126 -27.303672
0.197226 -28.541038
0.197326 -29.560947
0.197426 -30.636908
0.197526 -31.975972
0.197626 -33.631349
0.197726 -35.015944
0.197826 -35.576958
0.197926 -35.109873
0.198026 -33.801562
0.198126 -32.479365
0.198226 -32.044661
0.198326 -32.918537
0.198426 -35.017582
0.198526 -37.910013
0.198626 -40.763374
0.198726 -42.976904
0.198826 -44.404544
0.198926 -45.214679
0.199026 -45.735578
0.199126 -46.130433
0.199226 -46.731378
0.199326 -47.823951
0.199426 -49.468449
0.199526 -51.592685
0.199626 -54.011725
0.199726 -56.11176
0.199826 -57.275326
0.199926 -57.270419
0.200026 -56.307028
0.200126 -55.173269
0.200226 -54.886637
0.200326 -56.095245
0.200426 -58.883257
0.200526 -62.835925
0.200626 -67.027438
0.200726 -70.381964
0.200826 -72.315404
0.200926 -72.832201
0.201026 -72.383851
0.201126 -71.811615
0.201226 -71.771541
0.201326 -72.548422
0.201426 -74.099871
0.201526 -76.177524
0.201626 -78.469331
0.201726 -80.701748
0.201826 -82.685126
0.201926 -84.379314
0.202026 -85.818807
0.202126 -86.964434
0.202226 -88.031082
0.202326 -89.302868
0.202426 -90.934416
0.202526 -92.953932
0.202626 -95.12791
0.202726 -97.034116
0.202826 -98.359154
0.202926 -98.987811
0.203026 -99.06702
0.203126 -98.994274
0.203226 -99.283866
0.203326 -100.289628
0.203426 -102.091395
0.203526 -104.482808
0.203626 -107.057275
0.203726 -109.277601
0.203826 -110.780899
0.203926 -111.482346
0.204026 -111.565029
0.204126 -111.526363
0.204226 -111.800753
0.204326 -112.606799
0.204426 -113.963868
0.204526 -115.740779
0.204626 -117.651889
0.204726 -119.599117
0.204826 -121.606486
0.204926 -123.690179
0.205026 -125.814715
0.205126 -127.736933
0.205226 -129.268305
0.205326 -130.343492
0.205426 -131.004081
0.205526 -131.390791
0.205626 -131.746988
0.205726 -132.133903
0.205826 -132.504321
0.205926 -132.80037
0.206026 -133.00044
0.206126 -133.24898
0.206226 -133.787163
0.206326 -134.771812
0.206426 -136.27865
0.206526 -138.147819
0.206626 -140.027734
0.206726 -141.604447
0.206826 -142.714888
0.206926 -143.350202
0.207026 -143.629958
0.207126 -143.766077
0.207226 -143.862477
0.207326 -143.930882
0.207426 -143.971792
0.207526 -144.015413
0.207626 -144.185583
0.207726 -144.688893
0.207826 -145.666339
0.207926 -147.156481
0.208026 -148.984666
0.208126 -150.817687
0.208226 -152.336986
0.208326 -153.357128
0.208426 -153.849184
0.208526 -153.910367
0.208626 -153.705294
0.208726 -153.421627
0.208826 -153.188241
0.208926 -153.067105
0.209026 -153.068993
0.209126 -153.212298
0.209226 -153.425274
0.209326 -153.594485
0.209426 -153.640388
0.209526 -153.553403
0.209626 -153.320904
0.209726 -153.357491
0.209826 -153.824276
0.209926 -154.777001
0.210026 -156.1124
0.210126 -157.519771
0.210226 -158.790798
0.210326 -159.124767
0.210426 -158.095368
0.210526 -156.522677
0.210626 -154.814692
0.210726 -153.427719
0.210826 -152.648938
0.210926 -152.730672
0.211026 -153.953443
0.211126 -155.255079
0.211226 -156.492528
0.211326 -157.448573
0.211426 -157.974315
0.211526 -158.056779
0.211626 -157.508801
0.211726 -156.923513
0.211826 -156.365121
0.211926 -155.815718
0.212026 -155.322152
0.212126 -154.651308
0.212226 -154.236565
0.212326 -153.937383
0.212426 -153.683848
0.212526 -153.453594
0.212626 -153.077466
0.212726 -152.784366
0.212826 -152.503646
0.212926 -152.203143
0.213026 -151.872206
0.213126 -151.523116
0.213226 -151.170808
0.213326 -150.821689
0.213426 -150.474122
0.213526 -150.124165
0.213626 -149.767231
0.213726 -149.42166
0.213826 -149.119608
0.213926 -148.88849
0.214026 -148.71061
0.214126 -148.518729
0.214226 -148.179399
0.214326 -147.541929
0.214426 -146.525688
0.214526 -145.14805
0.214626 -143.613098
0.214726 -142.242376
0.214826 -141.334076
0.214926 -141.07667
0.215026 -141.441533
0.215126 -142.193637
0.215226 -142.942565
0.215326 -143.295751
0.215426 -143.015515
0.215526 -142.084119
0.215626 -140.707703
0.215726 -139.238364
0.215826 -138.070905
0.215926 -137.485254
0.216026 -137.459696
0.216126 -137.803989
0.216226 -138.258553
0.216326 -138.490664
0.216426 -138.041868
0.216526 -137.082225
0.216626 -135.809191
0.216726 -134.323937
0.216826 -132.841732
0.216926 -131.499266
0.217026 -130.417179
0.217126 -129.619985
0.217226 -129.066528
0.217326 -128.690462
0.217426 -128.412172
0.217526 -128.131266
0.217626 -127.866293
0.217726 -127.337443
0.217826 -126.424568
0.217926 -125.166091
0.218026 -123.614613
0.218126 -121.961223
0.218226 -120.32549
0.218326 -118.829292
0.218426 -117.556331
0.218526 -116.542993
0.218626 -115.763186
0.218726 -115.151077
0.218826 -114.607033
0.218926 -114.125885
0.219026 -113.654566
0.219126 -113.167311
0.219226 -112.664717
0.219326 -112.172705
0.219426 -111.721057
0.219526 -111.268086
0.219626 -110.89047
0.219726 -110.611704
0.219826 -110.111272
0.219926 -109.669971
0.220026 -108.869984
0.220126 -107.969968
0.220226 -107.094905
0.220326 -106.262189
0.220426 -105.634501
0.220526 -105.193671
0.220626 -104.926098
0.220726 -104.773635
0.220826 -104.718883
0.220926 -104.7614
0.221026 -104.862724
0.221126 -104.954999
0.221226 -104.998469
0.221326 -104.901531
0.221426 -104.628543
0.221526 -104.165153
0.221626 -103.547461
0.221726 -102.861736
0.221826 -102.208246
0.221926 -101.667159
0.222026 -101.285098
0.222126 -101.08062
0.222226 -101.031205
0.222326 -101.103546
0.222426 -101.262063
0.222526 -101.46587
0.222626 -101.658819
0.222726 -101.777471
0.222826 -101.75421
0.222926 -101.544232
0.223026 -101.142536
0.223126 -100.584539
0.223226 -99.942596
0.223326 -99.316417
0.223426 -98.761689
0.223526 -98.313379
0.223626 -97.994954
0.223726 -97.752798
0.223826 -97.510108
0.223926 -97.202406
0.224026 -96.802808
0.224126 -96.319136
0.224226 -95.779436
0.224326 -95.252451
0.224426 -94.792038
0.224526 -94.364428
0.224626 -94.067984
0.224726 -93.875821
0.224826 -93.760056
0.224926 -93.696426
0.225026 -93.668325
0.225126 -93.674525
0.225226 -93.702833
0.225326 -93.799103
0.225426 -93.915991
0.225526 -94.043486
0.225626 -94.166308
0.225726 -94.255841
0.225826 -94.285739
0.225926 -94.217668
0.226026 -94.044113
0.226126 -93.784094
0.226226 -93.446945
0.226326 -93.216543
0.226426 -93.107313
0.226526 -93.127107
0.226626 -93.29875
0.226726 -93.625208
0.226826 -94.063801
0.226926 -94.592937
0.227026 -95.169778
0.227126 -95.826429
0.227226 -96.485489
0.227326 -97.102291
0.227426 -97.730049
0.227526 -98.308871
0.227626 -98.780643
0.227726 -99.170254
0.227826 -99.535859
0.227926 -99.932364
0.228026 -100.415599
0.228126 -101.053618
0.228226 -101.854191
0.228326 -102.835663
0.228426 -103.738387
0.228526 -105.071051
0.228626 -106.582122
0.228726 -108.119155
0.228826 -109.552016
0.228926 -110.826941
0.229026 -111.841705
0.229126 -112.655111
0.229226 -113.380007
0.229326 -114.168104
0.229426 -115.133689
0.229526 -116.305364
0.229626 -117.585451
0.229726 -118.983167
0.229826 -120.344349
0.229926 -121.551992
0.230026 -122.538097
0.230126 -123.298588
0.230226 -123.901704
0.230326 -124.524466
0.230426 -125.100736
0.230526 -125.819015
0.230626 -126.691412
0.230726 -127.693112
0.230826 -128.783589
0.230926 -130.064047
0.231026 -131.221585
0.231126 -132.328965
0.231226 -133.411805
0.231326 -134.4889
0.231426 -135.68796
0.231526 -136.797498
0.231626 -137.90394
0.231726 -139.146915
0.231826 -140.153521
0.231926 -140.991324
0.232026 -141.511271
0.232126 -142.058737
0.232226 -142.588208
0.232326 -143.122956
0.232426 -143.702313
0.232526 -144.368284
0.232626 -145.149679
0.232726 -146.063102
0.232826 -147.103983
0.232926 -148.426504
0.233026 -149.703151
0.233126 -151.017846
0.233226 -152.380762
0.233326 -153.795155
0.233426 -155.244335
0.233526 -156.722066
0.233626 -158.205381
0.233726 -159.632735
0.233826 -160.987111
0.233926 -162.328291
0.234026 -163.56516
0.234126 -164.71186
0.234226 -165.776083
0.234326 -166.814468
0.234426 -167.933135
0.234526 -169.222565
0.234626 -170.581094
0.234726 -172.020466
0.234826 -173.639294
0.234926 -175.408229
0.235026 -177.364071
0.235126 -179.547682
0.235226 -181.946055
0.235326 -184.539301
0.235426 -187.294636
0.235526 -190.197476
0.235626 -193.267723
0.235726 -196.622721
0.235826 -199.955538
0.235926 -203.259706
0.236026 -206.52783
0.236126 -209.727615
0.236226 -212.806877
0.236326 -215.752738
0.236426 -218.56768
0.236526 -221.34995
0.236626 -223.997737
0.236726 -226.547847
0.236826 -229.012859
0.236926 -231.425851
0.237026 -233.847781
0.237126 -236.334092
0.237226 -238.928946
0.237326 -241.635012
0.237426 -244.475418
0.237526 -247.476589
0.237626 -250.656128
0.237726 -253.901008
0.237826 -257.231009
0.237926 -260.660906
0.238026 -264.202578
0.238126 -267.946382
0.238226 -271.812573
0.238326 -275.704964
0.238426 -279.54887
0.238526 -283.301967
0.238626 -286.950717
0.238726 -290.523533
0.238826 -294.105616
0.238926 -297.758693
0.239026 -301.547713
0.239126 -305.557031
0.239226 -309.81736
0.239326 -314.314556
0.239426 -318.97554
0.239526 -323.744855
0.239626 -328.485907
0.239726 -333.017595
0.239826 -337.218736
0.239926 -341.021657
0.240026 -344.26319
0.240126 -347.149229
0.240226 -349.814822
0.240326 -352.191818
0.240426 -354.577715
0.240526 -356.902631
0.240626 -359.117014
0.240726 -361.228613
0.240826 -363.231832
0.240926 -365.314086
0.241026 -367.028244
0.241126 -368.348923
0.241226 -369.302202
0.241326 -369.970564
0.241426 -370.655183
0.241526 -371.337387
0.241626 -371.921378
0.241726 -372.596121
0.241826 -373.295728
0.241926 -374.048699
0.242026 -374.777438
0.242126 -375.482988
0.242226 -376.039736
0.242326 -376.376066
0.242426 -376.433348
0.242526 -376.226733
0.242626 -375.88223
0.242726 -375.23222
0.242826 -374.280399
0.242926 -373.022908
0.243026 -371.45271
0.243126 -369.554895
0.243226 -367.582485
0.243326 -365.235239
0.243426 -362.572378
0.243526 -359.687737
0.243626 -356.656808
0.243726 -353.563858
0.243826 -350.461227
0.243926 -347.418613
0.244026 -344.503932
0.244126 -341.586309
0.244226 -338.638141
0.244326 -335.571472
0.244426 -332.358173
0.244526 -328.873304
0.244626 -325.025157
0.244726 -320.727748
0.244826 -316.000904
0.244926 -310.828355
0.245026 -305.22777
0.245126 -299.256956
0.245226 -293.036756
0.245326 -286.586549
0.245426 -279.970131
0.245526 -273.216169
0.245626 -266.420516
0.245726 -259.572145
0.245826 -252.702388
0.245926 -245.811934
0.246026 -239.005359
0.246126 -232.305628
0.246226 -225.812873
0.246326 -219.538381
0.246426 -213.391676
0.246526 -207.277755
0.246626 -201.117575
0.246726 -194.814329
0.246826 -188.298721
0.246926 -181.690942
0.247026 -175.035776
0.247126 -168.441994
0.247226 -162.061784
0.247326 -155.969208
0.247426 -150.231194
0.247526 -144.774951
0.247626 -139.314434
0.247726 -133.8761
0.247826 -128.292232
0.247926 -122.456309
0.248026 -116.405551
0.248126 -110.254581
0.248226 -104.091676
0.248326 -98.068844
0.248426 -92.259053
0.248526 -86.67485
0.248626 -81.376827
0.248726 -76.236165
0.248826 -71.312334
0.248926 -66.369942
0.249026 -61.34685
0.249126 -56.169476
0.249226 -50.927462
0.249326 -45.547188
0.249426 -39.944544
0.249526 -34.457993
0.249626 -29.232496
0.249726 -24.32565
0.249826 -19.737735
0.249926 -15.58752
0.25 -12.006407
ENDATA
