XYDATA, head_x_accel
0.0 0.0
1e-06 -0.009773470043286953
6e-06 -0.009368132848628226
3e-05 0.011262765572341219
6.9e-05 0.020441435148598145
0.000121 0.022163429917453972
0.000182 0.022310778910229284
0.000251 0.018484803679136096
0.000326 0.012048864800925903
0.000406 0.006583899700713292
0.00049 0.0017489152768784448
0.000577 -0.005355447578938782
0.000667 -0.015124328899267335
0.000759 -0.024218464001468393
0.000852 -0.026709426766530875
0.000947 -0.019673996726710958
0.001043 -0.005236140782020364
0.001139 0.010417318860161218
0.001237 0.020415636328409804
0.001335 0.020676785650553454
0.001433 0.011687783289910419
0.001531 -0.0019862032396384087
0.00163 -0.014102573253863451
0.00173 -0.019505947494812197
0.001829 -0.016938302070533772
0.001928 -0.007795526504973667
0.002028 0.0039085722443444
0.002127 0.013722219106422682
0.002227 0.018424946337434293
0.002327 0.01695451555832012
0.002427 0.010389378635925622
0.002527 0.0011880713597405843
0.002626 -0.007875778170935028
0.002726 -0.014541765026793045
0.002826 -0.01750169527820408
0.002926 -0.01653734965559085
0.003026 -0.01236915766342227
0.003126 -0.006294096352984965
0.003226 0.00021424237634666275
0.003326 0.005827168299062372
0.003426 0.009529961811627824
0.003526 0.010727618503770402
0.003626 0.009392300122875804
0.003726 0.00612523134811582
0.003826 0.0019071752331326194
0.003926 -0.002146604599939837
0.004026 -0.004999974507094676
0.004126 -0.005938725252762156
0.004226 -0.00482050445361056
0.004326 -0.0021660811796077152
0.004426 0.0009929996481979066
0.004526 0.0034731534214028238
0.004626 0.004350925137534224
0.004726 0.0032732890436591496
0.004826 0.0005684917887351951
0.004926 -0.0028642808706337026
0.005026 -0.0058630623097591945
0.005126 -0.0074167019318523665
0.005226 -0.006992194072389655
0.005326 -0.004709355386395967
0.005426 -0.0013143122269072517
0.005526 0.002098983852793768
0.005626 0.004496132726262281
0.005726 0.005245828086043654
0.005826 0.004256397444591171
0.005926 0.001968664120775188
0.006026 -0.0008022107447497363
0.006126 -0.0031512290129656916
0.006226 -0.004386819148231048
0.006326 -0.004232638056828785
0.006426 -0.0028647907287401918
0.006526 -0.000793441185318126
0.006626 0.0013283843106463471
0.006726 0.002915164709661301
0.006826 0.0036019435791019364
0.006926 0.0032984760341197047
0.007026 0.002159453024223359
0.007126 0.0005071048727139238
0.007226 -0.0012673033094889692
0.007326 -0.002790759331677994
0.007426 -0.0037874299582426212
0.007526 -0.0041249560247383155
0.007626 -0.0038309718405367785
0.007726 -0.003073934524021965
0.007826 -0.0021093849581661425
0.007926 -0.0012089755421066319
0.008026 -0.0006062212886153783
0.008126 -0.0004390898013082959
0.008226 -0.0007140052923271454
0.008326 -0.001309825475570149
0.008426 -0.0020193440165601913
0.008526 -0.002609657732253114
0.008626 -0.0028826357624673056
0.008726 -0.0027251915791835133
0.008826 -0.0021379370121295243
0.008926 -0.0012375275960700136
0.009026 -0.00023106769386079854
0.009126 0.000631000392590742
0.009226 0.0011278061315535888
0.009326 0.0011402466693519193
0.009426 0.0006931011099610978
0.009526 -4.568328634141119e-05
0.009626 -0.0008130197366073022
0.009726 -0.0013297099417232184
0.009826 -0.0013879357374842582
0.009926 -0.0009182544497866245
0.010026 -1.3256310768713067e-05
0.010126 0.0010997639356966956
0.010226 0.0021246807013608113
0.010326 0.0027827035735954685
0.010426 0.0028870205421831106
0.010526 0.002391642405918433
0.010626 0.001396399382051975
0.010726 0.00011492201720261251
0.010826 -0.0011875615016340953
0.010926 -0.0022643818225387877
0.011026 -0.002945450281186746
0.011126 -0.003168972075071508
0.011226 -0.0029822620364752493
0.011326 -0.0025133965217479974
0.011426 -0.0019284873019838583
0.011526 -0.001387119964513876
0.011626 -0.0010025849805998992
0.011726 -0.0008148552257906625
0.011826 -0.0007869150015550673
0.011926 -0.0008227070406305926
0.012026 -0.00079833582314042
0.012126 -0.0006021424237634667
0.012226 -0.00017641090484518158
0.012326 0.00045652694855021853
0.012426 0.0011957192313379187
0.012526 0.0018830079588850425
0.012626 0.0023343343547490734
0.012726 0.0024135663044974583
0.012826 0.0021035725757521683
0.012926 0.0015217225046269625
0.013026 0.0008789953755869741
0.013126 0.00041216929328567856
0.013226 0.00031233907603513947
0.013326 0.000659552446554124
0.013426 0.0013837549010110488
0.013526 0.0022906905008336182
0.013626 0.00310187474825756
0.013726 0.0035369876563352423
0.013826 0.0033993259675832214
0.013926 0.0026291343119209925
0.014026 0.0013225719282323732
0.014126 -0.0002816456180245038
0.014226 -0.0018529263306021936
0.014326 -0.003056191461916149
0.014426 -0.003649156439762814
0.014526 -0.0035696185751505362
0.014626 -0.002946775912263617
0.014726 -0.0020444290353994485
0.014826 -0.0011628843692800294
0.014926 -0.0005056772700157546
0.015026 -9.442572132175615e-05
0.015126 0.00021383448986147155
0.015226 0.0006476217668622823
0.015326 0.001415672018477258
0.015426 0.002607108441720669
0.015526 0.004138722193613518
0.015626 0.005778119949218133
0.015726 0.0072203045892328165
0.015826 0.008169456440272673
0.015926 0.008406744403032637
0.016026 0.007823670672451858
0.016126 0.006434511275512026
0.016226 0.004382434368515243
0.016326 0.001905237772327961
0.016426 -0.0006955484288722448
0.016526 -0.0030815823956192993
0.016626 -0.004928084514079732
0.016726 -0.005987365716121204
0.016826 -0.006100350272519158
0.016926 -0.0053660526275537525
0.017026 -0.004114045061259452
0.017126 -0.0027225403170297708
0.017226 -0.0014716544385697462
0.017326 -0.0004789607052357329
0.017426 0.0003250855286973635
0.017526 0.0011582956463216288
0.017626 0.0022790657360056694
0.017726 0.0038149622959930255
0.017826 0.005605787909224863
0.017926 0.00718645001096195
0.018026 0.007958987013914027
0.018126 0.007480434195163487
0.018226 0.005700417573789215
0.018326 0.0030249881457990245
0.018426 0.0001677433170348692
0.018526 -0.002133144345928528
0.018626 -0.0033861716284358068
0.018726 -0.003478455945710309
0.018826 -0.0026257692484181654
0.018926 -0.0011878674164979887
0.019026 0.0005341273523578388
0.019126 0.0024065302626279108
0.019226 0.0044393345331994105
0.019326 0.006665680940994121
0.019426 0.009008886826796103
0.019526 0.01121881580356187
0.019626 0.012912156546833016
0.019726 0.013701824782163124
0.019826 0.013338092008993899
0.019926 0.011805968398994561
0.020026 0.009347024723019584
0.020126 0.00632805290287713
0.020226 0.0031268577954755195
0.020326 6.515986600928962e-05
0.020426 -0.002580187933698052
0.020526 -0.004536105601811016
0.020626 -0.005559696736398261
0.020726 -0.005461396093467188
0.020826 -0.004152386390867422
0.020926 -0.0017424910647366838
0.021026 0.0014211784860273388
0.021126 0.004834984423834847
0.021226 0.007991108074622834
0.021326 0.010557121952960491
0.021426 0.012430544579443542
0.021526 0.01359475457980044
0.021626 0.01430916775861278
0.021726 0.014613247133322797
0.021826 0.014313552538328583
0.021926 0.013004848750592712
0.022026 0.010541928181387121
0.022126 0.006992296044010951
0.022226 0.002718971310284348
0.022326 -0.0016554073001483686
0.022426 -0.0053433129560043445
0.022526 -0.007600454793430989
0.022626 -0.007929925101844157
0.022726 -0.006231179862644227
0.022826 -0.0029025202286203752
0.022926 0.0012737275216307303
0.023026 0.005423462650344409
0.023126 0.008834005496270388
0.023226 0.011130304436275384
0.023326 0.01217418792350089
0.023426 0.012525174244007892
0.023526 0.012729321429846074
0.023626 0.013036052066709837
0.023726 0.013289655488877446
0.023826 0.0128574997578174
0.023926 0.011423064961021348
0.024026 0.008890191859605472
0.024126 0.005572341217439187
0.024226 0.0022126822105408067
0.024326 -0.00027379380318457374
0.024426 -0.0011495260868900185
0.024526 -0.00013786563199461588
0.024626 0.00248464052454202
0.024726 0.006017957202510541
0.024826 0.009617657405943926
0.024926 0.012600123385661771
0.025026 0.014610391927926458
0.025126 0.015603289604503068
0.025226 0.015815492548423776
0.025326 0.015523547796648194
0.025426 0.014791289584108741
0.025526 0.013646454191798423
0.025626 0.012047845084712926
0.025726 0.009986284816935448
0.025826 0.007568333732722183
0.025926 0.005051164260986168
0.026026 0.0028049333870383874
0.026126 0.001220702278555878
0.026226 0.000614277046697904
0.026326 0.0011593153625346067
0.026426 0.0028478634396047584
0.026526 0.005509016840613257
0.026626 0.008825949738187863
0.026726 0.01232010931357803
0.026826 0.015273717324468602
0.026926 0.017310804403134608
0.027026 0.01819999694085136
0.027126 0.018082933519601496
0.027226 0.0171956784426894
0.027326 0.015774805871525955
0.027426 0.01389332748696038
0.027526 0.011804234881432498
0.027626 0.009798045204019723
0.027726 0.008399810332784387
0.027826 0.007771665145589983
0.027926 0.007776967669897468
0.028026 0.008128973706617448
0.028126 0.008567043791712768
0.028226 0.008820239327395186
0.028326 0.008952904406703615
0.028426 0.009183972100564415
0.028526 0.010077957304482164
0.028626 0.011835234254307027
0.028726 0.014385238588100932
0.028826 0.017205263775091392
0.028926 0.019511963820468763
0.029026 0.02061621450750256
0.029126 0.020202413668276117
0.029226 0.018421581273931467
0.029326 0.015826199568660042
0.029426 0.013178302478420256
0.029526 0.011071568782407858
0.029626 0.009965278662948102
0.029726 0.009970581187255587
0.029826 0.010784416696833273
0.029926 0.011871740094731636
0.030026 0.012713413856923619
0.030126 0.013022489841077227
0.030226 0.012838023178149523
0.030326 0.012348151509434925
0.030426 0.012145839812780104
0.030526 0.012727587912284012
0.030626 0.01426011940876854
0.030726 0.01656926677305706
0.030826 0.01911947505009356
0.030926 0.021141572300428794
0.031026 0.02192379660740416
0.031126 0.02111210250187373
0.031226 0.018858223756328615
0.031326 0.015717803735220488
0.031426 0.012592577485685735
0.031526 0.010354096454956586
0.031626 0.00946826898074266
0.031726 0.009895020215873922
0.031826 0.011174050261812138
0.031926 0.012653964401707005
0.032026 0.013773510831935473
0.032126 0.0142851024559865
0.032226 0.014327318707203785
0.032326 0.014329154196387146
0.032426 0.014790677754380957
0.032526 0.015962535626335192
0.032626 0.017994830038800202
0.032726 0.02074204748818404
0.032826 0.023841882804015644
0.032926 0.026839440583685564
0.033026 0.02930327889748283
0.033126 0.030904029408615582
0.033226 0.03144988349742267
0.033326 0.03089169084243855
0.033426 0.02931490366231078
0.033526 0.026926932234759067
0.033626 0.024040421550682447
0.033726 0.021042353912906042
0.033826 0.0183413296079701
0.033926 0.016297308459055845
0.034026 0.015147374485680636
0.034126 0.014952098830895363
0.034226 0.01558289528024351
0.034326 0.016763930598114544
0.034426 0.01815818857611927
0.034526 0.019474234320588583
0.034626 0.020556153222558163
0.034726 0.021424339606287573
0.034826 0.022249188050965416
0.034926 0.023213227758714754
0.035026 0.02451010283838008
0.035126 0.026241173081531413
0.035226 0.02829192435745132
0.035326 0.030342267746886042
0.035426 0.0320117471307735
0.035526 0.03290644613604034
0.035626 0.03274533097438983
0.035726 0.03142948917316311
0.035826 0.029059464750959812
0.035926 0.025914354035271984
0.036026 0.02239276409375271
0.036126 0.0188957493129662
0.036226 0.015837722361866695
0.036326 0.013512769396277016
0.036426 0.012054881126582474
0.036526 0.011438462675837315
0.036626 0.011516878852615318
0.036726 0.012081495719741197
0.036826 0.012933570587305553
0.036926 0.013948800048946379
0.037026 0.01511351990740977
0.037126 0.016474739080114008
0.037226 0.01819632596248464
0.037326 0.02040849831491896
0.037426 0.023122371044138418
0.037526 0.02618723009386488
0.037626 0.02926045081653776
0.037726 0.0318873417527902
0.037826 0.03363768463236682
0.037926 0.03425379716824808
0.038026 0.03390729759907818
0.038126 0.0327651134689216
0.038226 0.03113193598221615
0.038326 0.029370070309432887
0.038426 0.02807982338515191
0.038526 0.02751082173831023
0.038626 0.027414458556183817
0.038726 0.0273829493252028
0.038826 0.027043995656008932
0.038926 0.026250452499069512
0.039026 0.025107554567563847
0.039126 0.023959660026614597
0.039226 0.023255240066689442
0.039326 0.023469074556550912
0.039426 0.02492767662759454
0.039526 0.02766102593648188
0.039626 0.031328843182942184
0.039726 0.03531440400136642
0.039826 0.03889625917107269
0.039926 0.04138293912804067
0.040026 0.04245986142056666
0.040126 0.04225785563877573
0.040226 0.040835249550050225
0.040326 0.038532628369524764
0.040426 0.035894010696823075
0.040526 0.033529492742169854
0.040626 0.03194556754855124
0.040726 0.031363819449047335
0.040826 0.03232429015005125
0.040926 0.034244823665573874
0.041026 0.03580233820927636
0.041126 0.03603391576124365
0.041226 0.034625381756257234
0.041326 0.031935574329664054
0.041426 0.028764970708651784
0.041526 0.026036618009208038
0.041626 0.02447512657227494
0.041726 0.02439507884955617
0.041826 0.025569282068800256
0.041926 0.027525199736913218
0.042026 0.029735536600164175
0.042126 0.0317535549856475
0.042226 0.03331769768473434
0.042326 0.03439278448807697
0.042426 0.03514380547893521
0.042526 0.03584598206319181
0.042626 0.03677443367510822
0.042726 0.038104959389801824
0.042826 0.039852141149118205
0.042926 0.04186016631571434
0.043026 0.04385350756884359
0.043126 0.04552278300948846
0.043226 0.04661398132899614
0.043326 0.046995967022377676
0.043426 0.04668169048553788
0.043526 0.045797494557264715
0.043626 0.04452682618427292
0.043726 0.04305772103623562
0.043826 0.04154487006266156
0.043926 0.040092386288895804
0.044026 0.03875737382286509
0.044126 0.037566243314485576
0.044226 0.036536737825863065
0.044326 0.03569363646097291
0.044426 0.035078849556168516
0.044526 0.03475039896396833
0.044626 0.03477568792605018
0.044726 0.03521681715978444
0.044826 0.036109476732625316
0.044926 0.037164577098193576
0.045026 0.03853283231276736
0.045126 0.04023779782086646
0.045226 0.042122743240556156
0.045326 0.04392876262536136
0.045426 0.04538297991668919
0.045526 0.046293892409742375
0.045626 0.04659246531690231
0.045726 0.046330398250166986
0.045826 0.045653000769885745
0.045926 0.045270505218397726
0.046026 0.04491166708305079
0.046126 0.044384779715805095
0.046226 0.0436545609356916
0.046326 0.042812071400529235
0.046426 0.042004150244986826
0.046526 0.041348268776799424
0.046626 0.04136825521457379
0.046726 0.04235493262225123
0.046826 0.04351771501990996
0.046926 0.04418838237318554
0.047026 0.044022780460197926
0.047126 0.04307495424023494
0.047226 0.041739126001233855
0.047326 0.04059989904809491
0.047426 0.040239633310049816
0.047526 0.04104837023856261
0.047626 0.04309657222395007
0.047726 0.046108202087359086
0.047826 0.04953995503051501
0.047926 0.05274471914466204
0.048026 0.05517103190182173
0.048126 0.056531129386691685
0.048226 0.05738687523262276
0.048326 0.05821284536513488
0.048426 0.05870761167167178
0.048526 0.058745443143173266
0.048626 0.05831338938373451
0.048726 0.05745794945266733
0.048826 0.05623245450791046
0.048926 0.05467422616285887
0.049026 0.052823849122789125
0.049126 0.05077564713740167
0.049226 0.048568369422789644
0.049326 0.04673012700565433
0.049426 0.045295896152100876
0.049526 0.044558947244981724
0.049626 0.044772067933494114
0.049726 0.04619314444790015
0.049826 0.0506951915281977
0.049926 0.05674526979141705
0.050026 0.06297155501623898
0.050126 0.06824369178057747
0.050226 0.07177313353693668
0.050326 0.07314985239607817
0.050426 0.07232459606491513
0.050526 0.0695908388695426
0.050626 0.06586571357191294
0.050726 0.06338627360005711
0.050826 0.06161329302055238
0.050926 0.06031142133144347
0.051026 0.059429978636945345
0.051126 0.05903993718548129
0.051226 0.05923174580514243
0.051326 0.06003293683367919
0.051426 0.06138661010640739
0.051526 0.06317519234397068
0.051626 0.06526387706301337
0.051726 0.06753305155175315
0.051826 0.06989522415911652
0.051926 0.07229461640825359
0.052026 0.07469513034522493
0.052126 0.07706556265391341
0.052226 0.0793669601749833
0.052326 0.08154527794914676
0.052426 0.08352750429555456
0.052526 0.08522757516583135
0.052626 0.08654372288192197
0.052726 0.08736398260364141
0.052826 0.08758322158943167
0.052926 0.08712271774765083
0.053026 0.08595300127974385
0.053126 0.0841073149342538
0.053226 0.08169609397704619
0.053326 0.07891165688588866
0.053426 0.07601036031672387
0.053526 0.07327945832674766
0.053626 0.07100691877450506
0.053726 0.0694531771807906
0.053826 0.06881616046254328
0.053926 0.06922384300449184
0.054026 0.07073485848888254
0.054126 0.07333176976847343
0.054226 0.07715988640361388
0.054326 0.08190013919126309
0.054426 0.08690602805239303
0.054526 0.09165097153462191
0.054626 0.09644333182075429
0.054726 0.10096954617529942
0.054826 0.10495612670993663
0.054926 0.10816578546190594
0.055026 0.11042078589528535
0.055126 0.1116103868293454
0.055226 0.11168268470884553
0.055326 0.11064186037025897
0.055426 0.10856439252955903
0.055526 0.10562760983618259
0.055626 0.10213610152294618
0.055726 0.09853976638301562
0.055826 0.09527963167850388
0.055926 0.09276929430539481
0.056026 0.09137289492334284
0.056126 0.09137564815711788
0.056226 0.09293662973594449
0.056326 0.09606501710573948
0.056426 0.10060357002646164
0.056526 0.10622883451535439
0.056626 0.11249947739544085
0.056726 0.11892491319665738
0.056826 0.12502424375296356
0.056926 0.13036980008463644
0.057026 0.13461936543060068
0.057126 0.13754187209699542
0.057226 0.1390301479098367
0.057326 0.13910071227177478
0.057426 0.13787786858917164
0.057526 0.13560369749098827
0.057626 0.132617662504525
0.057726 0.12932663039876005
0.057826 0.1261212544548852
0.057926 0.12339127020950072
0.058026 0.12149765720200068
0.058126 0.12072654780174678
0.058226 0.12122437325692259
0.058326 0.12301591267150354
0.058426 0.12601999663493652
0.058526 0.13004756976133544
0.058626 0.13483697287045016
0.058726 0.1400836167294642
0.058826 0.14548219830421194
0.058926 0.15073965115508356
0.059026 0.15559492793155666
0.059126 0.15985407860992287
0.059226 0.16342685830533363
0.059326 0.16632876670422622
0.059426 0.16865494332927147
0.059526 0.1705486583083928
0.059626 0.17216225724380904
0.059726 0.1736474739080114
0.059826 0.1751593051653725
0.059926 0.1767095797239628
0.060026 0.17830094884593617
0.060126 0.17996696119469952
0.060226 0.18179082561323184
0.060326 0.1838764511836356
0.060426 0.18629858310432207
0.060526 0.18909821396705298
0.060626 0.19220498335313282
0.060726 0.19541606970780034
0.060826 0.19846175809272282
0.060926 0.2011099610978265
0.061026 0.2032340299694595
0.061126 0.20484854664946747
0.061226 0.20611727756165457
0.061326 0.2073318615429326
0.061426 0.20885531756512163
0.061526 0.21103434914063418
0.061626 0.214110629011946
0.061726 0.21816206349772857
0.061826 0.2231053417833817
0.061926 0.22873407330739856
0.062026 0.23481382531241557
0.062126 0.2411787919422025
0.062226 0.24770783091065757
0.062326 0.2543269108207186
0.062426 0.26097301321042354
0.062526 0.26748808206676083
0.062626 0.2736002610473505
0.062726 0.27908286723804765
0.062826 0.283620808329042
0.062926 0.2868003854527285
0.063026 0.2884551809231491
0.063126 0.2887360107682032
0.063226 0.2881354998903805
0.063326 0.2872737377187929
0.063426 0.2868117043026926
0.063526 0.28729148078089867
0.063626 0.2890868951170889
0.063726 0.29242187699163324
0.063826 0.2973957467636757
0.063926 0.30398596870490946
0.064026 0.3120347927171868
0.064126 0.3212067321664381
0.064226 0.3309551171908858
0.064326 0.3405782810643798
0.064426 0.3493423340284399
0.064526 0.35692066098004926
0.064626 0.3628241040518424
0.064726 0.3668524929512117
0.064826 0.36914206176421105
0.064926 0.3700796908220442
0.065026 0.37013924224888217
0.065126 0.3697209546583186
0.065226 0.36907700386982306
0.065326 0.36699719068183323
0.065426 0.36343766729719124
0.065526 0.36110394477216995
0.065626 0.361646025910989
0.065726 0.3660542590996926
0.065826 0.374790677754381
0.065926 0.38778920426445324
0.066026 0.40444117002238283
0.066126 0.42368515242208094
0.066226 0.44416115595029904
0.066326 0.4643819245104088
0.066426 0.4828824318192247
0.066526 0.49840801904829884
0.066626 0.5101066113300669
0.066726 0.5176309952940097
0.066826 0.5212024493583436
0.066926 0.5215249855965085
0.067026 0.5196065934850331
0.067126 0.5166754192308282
0.067226 0.51394594484355
0.067326 0.5124380904794196
0.067426 0.5126767040732565
0.067526 0.5149140634161513
0.067626 0.5197584292291456
0.067726 0.5271957294285
0.067826 0.5368236859681951
0.067926 0.5482396129157256
0.068026 0.5610524491034146
0.068126 0.5748110720786406
0.068226 0.5889212932041014
0.068326 0.6026292362835423
0.068426 0.6133851009264123
0.068526 0.6207942569582886
0.068626 0.6253556515221814
0.068726 0.6285193210729454
0.068826 0.631062697251355
0.068926 0.6338510092641219
0.069026 0.6377573381327977
0.069126 0.6435520794562873
0.069226 0.6518075999449354
0.069326 0.6628629552395569
0.069426 0.6768720205166903
0.069526 0.6937864612278404
0.069626 0.7132924087226525
0.069726 0.7348970341553945
0.069826 0.75801838548332
0.069926 0.7820552380272571
0.070026 0.8064371625376658
0.070126 0.8306736755161039
0.070226 0.8543604594841255
0.070326 0.8771537681063362
0.070426 0.8987477884904632
0.070526 0.9188855521508364
0.070626 0.9373321164719859
0.070726 0.9538951629761439
0.070826 0.9683925703476722
0.070926 0.9807418435449414
0.071026 0.9909722484232639
0.071126 0.9994360969342232
0.071226 1.006787537028445
0.071326 1.0137698398535688
0.071426 1.021395787552324
0.071526 1.0304406703614386
0.071626 1.0428056471883875
0.071726 1.0583715132078744
0.071826 1.0763794975858219
0.071926 1.095832317865938
0.072026 1.1154725619859995
0.072126 1.134047202663499
0.072226 1.1505463129611029
0.072326 1.1645006194775995
0.072426 1.1761718833648598
0.072526 1.1867106504259866
0.072626 1.1979308938322466
0.072726 1.2119908429484074
0.072826 1.2322489331219122
0.072926 1.2593698153803796
0.073026 1.293053183299088
0.073126 1.3321616454140812
0.073226 1.3749025406229447
0.073326 1.4190310656544285
0.073426 1.4621856597308969
0.073526 1.5024178491125921
0.073626 1.538551187204601
0.073726 1.5703645995319504
0.073826 1.598583716151795
0.073926 1.6245768942503303
0.074026 1.650013103353337
0.074126 1.676471374016611
0.074226 1.7049155420046602
0.074326 1.735394757638949
0.074426 1.7674025278764922
0.074526 1.8005825638724742
0.074626 1.8341072639484433
0.074726 1.8671812494582758
0.074826 1.899566824552727
0.074926 1.9313471980747758
0.075026 1.9634210459229198
0.075126 1.99855108523298
0.075226 2.039293948494134
0.075326 2.084792870144239
0.075426 2.1337852375683846
0.075526 2.185177711043017
0.075626 2.2380674338331645
0.075726 2.292153283741135
0.075826 2.3475876063691477
0.075926 2.4051806682200345
0.076026 2.465753748731728
0.076126 2.5301129335705874
0.076226 2.5984115880550442
0.076326 2.6694811174050264
0.076426 2.740875528340463
0.076526 2.809606542499223
0.076626 2.8732673237038133
0.076726 2.9344345928528095
0.076826 2.9905649737678006
0.076926 3.042114279595989
0.077026 3.0908637506182033
0.077126 3.1393357568588662
0.077226 3.1908961775937756
0.077326 3.2483537191599576
0.077426 3.3144296982149872
0.077526 3.390920956697751
0.077626 3.4785872851585404
0.077726 3.5771795669265245
0.077826 3.685420913359812
0.077926 3.8010577516277224
0.078026 3.920220258702004
0.078126 4.038437794761718
0.078226 4.152111475376404
0.078326 4.264533454339658
0.078426 4.370657258085075
0.078526 4.466921629710452
0.078626 4.5532720143983925
0.078726 4.631435913385306
0.078826 4.704656840001428
0.078926 4.77708259191467
0.079026 4.851864602081241
0.079126 4.931622725395523
0.079226 5.017995441868528
0.079326 5.111211677790071
0.079426 5.210091009672008
0.079526 5.312815181534979
0.079626 5.416823991883059
0.079726 5.519708259191467
0.079826 5.6199084294840755
0.079926 5.717885924347255
0.080026 5.823248611911305
0.080126 5.933627793385101
0.080226 6.048657288676561
0.080326 6.170811235233235
0.080426 6.304369076086126
0.080526 6.45547572310626
0.080626 6.626980671279183
0.080726 6.8179537354754185
0.080826 7.023542494123885
0.080926 7.236570184517649
0.081026 7.45663310100799
0.081126 7.6716756486669775
0.081226 7.880351598150235
0.081326 8.08605721627671
0.081426 8.300816486771732
0.081526 8.530928400626106
0.081626 8.784834474565729
0.081726 9.064410782479236
0.081826 9.35595896661959
0.081926 9.638290649712186
0.082026 9.888911096041973
0.082126 10.091051888259498
0.082226 10.238338270459332
0.082326 10.338903703099428
0.082426 10.40413056446391
0.082526 10.44575945914252
0.082626 10.411284179612814
0.082726 10.401545889778875
0.082826 10.425740288477717
0.082926 10.53644445350859
0.083026 10.7302159249081
0.083126 11.036760769477855
0.083226 11.370593525821764
0.083326 11.708889987916363
0.083426 12.069577378615532
0.083526 12.484146370065211
0.083626 12.963396980620296
0.083726 13.489430335537621
0.083826 14.02858478685382
0.083926 14.54157230042879
0.084026 14.975121779608735
0.084126 15.31823140420021
0.084226 15.584357655264542
0.084326 15.803026109833635
0.084426 15.99676280891028
0.084526 16.168057083713602
0.084626 16.303421453809406
0.084726 16.352306649059567
0.084826 16.349261674475994
0.084926 16.30126424416085
0.085026 16.279947586586655
0.085126 16.473018818862712
0.085226 16.759797790274966
0.085326 17.11013516338403
0.085426 17.462419684601777
0.085526 17.81556382658706
0.085626 18.201186133898936
0.085726 18.67426654362091
0.085826 19.16704409762763
0.085926 19.60163042425293
0.086026 19.958647448415107
0.086126 20.194978509480812
0.086226 20.30462084401911
0.086326 20.3069381491131
0.086426 20.231879897824438
0.086526 20.05385478221411
0.086626 19.86203035695166
0.086726 19.660225765169553
0.086826 19.503300617438168
0.086926 19.50485966155619
0.087026 19.622369820478962
0.087126 19.851920686472955
0.087226 20.19460284602795
0.087326 20.783554730718443
0.087426 21.2877204753917
0.087526 21.579043404220606
0.087626 21.767620951089313
0.087726 21.925456705398886
0.087826 22.03733854068413
0.087926 21.992725344536616
0.088026 21.728991959537662
0.088126 21.243830767897297
0.088226 20.604981619615263
0.088326 19.799129060382498
0.088426 19.110418746462862
0.088526 18.577653123135832
0.088626 18.28016651965758
0.088726 18.099364614827696
0.088826 18.007487164322168
0.088926 18.042376346662724
0.089026 18.41721688853992
0.089126 18.842682669413104
0.089226 19.264426180194054
0.089326 19.660287865886925
0.089426 20.00719348605283
0.089526 20.315664370605663
0.089626 20.490222655035105
0.089726 20.468592026838934
0.089826 20.20865800247791
0.089926 19.728582033620043
0.090026 19.051266130635845
0.090126 18.29333156582523
0.090226 17.677887963779682
0.090326 17.145526657931097
0.090426 16.71104107926764
0.090526 16.42682547047157
0.090626 16.353154441119038
0.090726 16.54331978810297
0.090826 16.96545833694483
0.090926 17.304535493772086
0.091026 17.61968154262669
0.091126 17.8203284505922
0.091226 17.986130431900804
0.091326 18.123247592195092
0.091426 18.17645148955046
0.091526 18.052942034231872
0.091626 17.681259859381136
0.091726 17.081038173076436
0.091826 16.243882773424154
0.091926 15.379493710900258
0.092026 14.798310942064825
0.092126 14.225360342216762
0.092226 14.058415870863138
0.092326 14.17659221038785
0.092426 14.488659735995475
0.092526 15.045132537614784
0.092626 15.68136794929971
0.092726 16.025420607444946
0.092826 16.3840888580708
0.092926 16.664993550294955
0.093026 16.927388557764377
0.093126 17.15491783636614
0.093226 17.217623653337277
0.093326 17.006883390352467
0.093426 16.50047386212417
0.093526 15.61488398178787
0.093626 14.633111715009713
0.093726 13.777603360984639
0.093826 13.407758816721307
0.093926 13.281213564265066
0.094026 13.335495811515656
0.094126 13.569564122304763
0.094226 13.955283098713629
0.094326 14.725389098213967
0.094426 15.134567053988874
0.094526 15.434829223027233
0.094626 15.670533668480065
0.094726 15.801512647030332
0.094826 15.776822258365497
0.094926 15.608520748675643
0.095026 15.266391377279703
0.095126 14.66841979677056
0.095226 13.829234855939594
0.095326 12.748089510689177
0.095426 12.155426878699657
0.095526 11.894300092284318
0.095626 12.026271050766573
0.095726 12.300398301152791
0.095826 12.631539414580923
0.095926 13.16172627757695
0.096026 13.654174259303637
0.096126 14.18270438936844
0.096226 14.454753050226122
0.096326 14.728717655876371
0.096426 14.89619859992964
0.096526 14.997480383209354
0.096626 14.934869297874403
0.096726 14.659447925642295
0.096826 14.079316892108926
0.096926 13.063554424803577
0.097026 12.154909270749952
0.097126 11.34299755777967
0.097226 11.14478573213075
0.097326 11.362299154145402
0.097426 11.853177282762207
0.097526 12.355552303793855
0.097626 12.952941116487281
0.097726 13.493396419776378
0.097826 13.67989456134358
0.097926 13.590310758515905
0.098026 13.403674343430223
0.098126 13.365516154854106
0.098226 13.335914506992705
0.098326 13.227917892450533
0.098426 12.988901408737949
0.098526 12.509197534326198
0.098626 11.51715091290094
0.098726 10.475983643751945
0.098826 10.100003569006747
0.098926 9.893213890574254
0.099026 10.336145676658186
0.099126 10.889427480332223
0.099226 11.336911993392238
0.099326 11.852610626462656
0.099426 12.362500344154222
0.099526 12.523695655499075
0.099626 12.406888590905151
0.099726 12.304728016193094
0.099826 12.361419648911708
0.099926 12.41729081796536
0.100026 12.374790779726004
0.100126 12.17459723758878
0.100226 11.698945307520917
0.100326 10.753359302106224
0.100426 9.676943094736735
0.100526 9.112239959619238
0.100626 8.81240902856735
0.100726 9.255495505600791
0.100826 9.969532918988646
0.100926 10.572612971809946
0.101026 11.15986325605584
0.101126 11.702803505784342
0.101226 11.619952991082581
0.101326 11.207598313389385
0.101426 10.962912921333993
0.101526 11.093649921226923
0.101626 11.255756247036452
0.101726 11.254934049853926
0.101826 11.081463292765624
0.101926 10.794464878424336
0.102026 10.017886740120225
0.102126 8.846703818327361
0.102226 7.719488816262435
0.102326 7.189171939449252
0.102426 7.650011267864154
0.102526 8.528001611151618
0.102626 9.236800334466919
0.102726 9.88842377366379
0.102826 10.498432492237411
0.102926 10.518332152162055
0.103026 10.076889763578796
0.103126 9.777472633366136
0.103226 9.986669963749089
0.103326 10.535445131619872
0.103426 10.92045795455125
0.103526 11.002699392758995
0.103626 11.036388267145254
0.103726 10.766688114697681
0.103826 10.0106937639255
0.103926 8.70731116130381
0.104026 7.412814365762008
0.104126 6.825523802725702
0.104226 7.3748373807569365
0.104326 8.332107090596688
0.104426 9.178607373567937
0.104526 10.318453906277883
0.104626 10.936997241667644
0.104726 10.606019588748453
0.104826 9.97328037607134
0.104926 9.780207104362857
0.105026 10.37716039626172
0.105126 11.185668704399566
0.105226 11.74650966436041
0.105326 11.970801343985968
0.105426 11.999522772812329
0.105526 11.695726981181139
0.105626 10.690927584853137
0.105726 9.044700279912101
0.105826 7.578583002350446
0.105926 7.007391209026528
0.106026 7.697395134933948
0.106126 8.692883808436113
0.106226 9.67088781592083
0.106326 11.192702400921824
0.106426 12.100552482244192
0.106526 11.785065950146075
0.106626 11.102460167335432
0.106726 11.044269959670224
0.106826 11.88712893801655
0.106926 13.157175692004916
0.107026 14.243453778813358
0.107126 14.845053509608276
0.107226 14.883125838079264
0.107326 14.430061437901832
0.107426 13.064678763900007
0.107526 10.716324942768427
0.107626 9.197285617412675
0.107726 8.775932759912916
0.107826 9.52962979202888
0.107926 10.62570592404134
0.108026 12.201821111184758
0.108126 13.961365196065936
0.108226 14.931837987488082
0.108326 14.502753641661528
0.108426 14.045411124084167
0.108526 14.736064711190876
0.108626 16.33724676622496
0.108726 18.300093711919974
0.108826 19.586208848077582
0.108926 19.929940499558974
0.109026 19.279799115906044
0.109126 18.189455828442945
0.109226 16.325686141546807
0.109326 13.849667725472003
0.109426 12.48019721311559
0.109526 12.445414999005777
0.109626 13.222689705454972
0.109726 14.2532959777294
0.109826 15.978200812713823
0.109926 18.427208067994677
0.110026 19.54647346443485
0.110126 19.575810801853848
0.110226 19.961474407672345
0.110326 21.709391892236393
0.110426 24.403995961923798
0.110526 27.02844661530696
0.110626 28.217298669780202
0.110726 27.869776529191927
0.110826 26.544149939071957
0.110926 24.884195316443435
0.111026 22.549972824562925
0.111126 20.362994906517518
0.111226 19.512877486195595
0.111326 20.315083846165614
0.111426 21.23976424161156
0.111526 22.42932265350553
0.111626 23.703429203652625
0.111726 24.771060351904065
0.111826 25.606413199206663
0.111926 27.139738442791376
0.112026 29.82166642023525
0.112126 33.6189830370208
0.112226 37.283796709375785
0.112326 39.230845599669614
0.112426 38.78504372033264
0.112526 37.084920028756
0.112626 34.96262352587275
0.112726 33.072592169599204
0.112826 31.85852967119251
0.112926 31.127261297180997
0.113026 30.709350593729766
0.113126 30.45848429382103
0.113226 30.590304640218626
0.113326 31.097111959741603
0.113426 32.350223164893215
0.113526 34.80186118603193
0.113626 38.161978147481555
0.113726 41.72795959884365
0.113826 45.23672181631852
0.113926 48.58302478420256
0.114026 51.25013965013537
0.114126 51.83559268455589
0.114226 50.19916138538645
0.114326 47.61873361443511
0.114426 44.85880907343487
0.114526 42.497738983240964
0.114626 40.966497631709096
0.114726 40.114499956662065
0.114826 39.751353112428816
0.114926 39.80618345714388
0.115026 40.435744112413516
0.115126 41.864259966451336
0.115226 43.89450128229314
0.115326 46.31981532939383
0.115426 49.23418180520361
0.115526 52.38605752219157
0.115626 55.06467621460948
0.115726 56.71729591654643
0.115826 57.25424747492773
0.115926 56.671234621404864
0.116026 54.89535223547288
0.116126 52.373088771394926
0.116226 49.54426210785539
0.116326 46.70978580860947
0.116426 44.521338173586294
0.116526 42.90599470767285
0.116626 41.809405862348505
0.116726 41.26724957044455
0.116826 41.359548163746034
0.116926 42.13907807457185
0.117026 43.41962148134175
0.117126 45.41655162568258
0.117226 47.637130926463165
0.117326 49.36460952516915
0.117426 50.40156954719502
0.117526 50.58687329516196
0.117626 49.87688129993423
0.117726 48.36756058388951
0.117826 46.409260960674644
0.117926 44.25602147522345
0.118026 42.11842219310366
0.118126 40.22005516664713
0.118226 38.63122493410084
0.118326 37.3152398627462
0.118426 36.40728505656876
0.118526 35.943164179408875
0.118626 35.85128621904524
0.118726 36.03147955723922
0.118826 36.33577735516206
0.118926 36.5964785120301
0.119026 36.66433664911056
0.119126 36.4063564010136
0.119226 35.7792866065374
0.119326 34.86274079323724
0.119426 33.81331127347259
0.119526 32.80688033120383
0.119626 31.98150102226551
0.119726 31.360112780613157
0.119826 30.932799171990435
0.119926 30.67498727904025
0.120026 30.540245445692467
0.120126 30.433810118643986
0.120226 30.265361259961356
0.120326 29.967027170338497
0.120426 29.495925723871046
0.120526 28.845942498202753
0.120626 28.044286275129636
0.120726 27.136207675403938
0.120826 25.68259354621609
0.120926 23.15181014923547
0.121026 21.53989303176926
0.121126 20.69569649166637
0.121226 20.198926136856112
0.121326 19.91602422845722
0.121426 19.917326508032815
0.121526 20.044524786751847
0.121626 20.166779379298745
0.121726 20.30106845864796
0.121826 20.46084289742165
0.121926 20.467206028562252
0.122026 20.403391270209504
0.122126 20.190720582461903
0.122226 19.89822243069754
0.122326 19.58426017039458
0.122426 19.27119566824553
0.122526 19.015423105749672
0.122626 18.865001606053035
0.122726 18.748358511826158
0.122826 18.686801711083806
0.122926 18.653910866605827
0.123026 18.574703288074932
0.123126 18.390851412052026
0.123226 18.095189998623383
0.123326 17.70224296778207
0.123426 17.23467677545339
0.123526 16.767830094884594
0.123626 16.370170649508243
0.123726 16.049448894372695
0.123826 15.837117670152397
0.123926 15.674544620232192
0.124026 15.526655483778866
0.124126 15.427954398290957
0.124226 15.401527228972178
0.124326 15.432545364625025
0.124426 15.49616301183381
0.124526 15.51791049950799
0.124626 15.332003079542964
0.124726 14.875264743821797
0.124826 14.609414020078212
0.124926 14.119684295860463
0.125026 13.532943155919709
0.125126 13.095554037311418
0.125226 12.706602458535789
0.125326 12.236824399769544
0.125426 11.857551049542913
0.125526 11.58948611401447
0.125626 11.386725946169182
0.125726 11.295265049736658
0.125826 11.248086859427021
0.125926 11.231397572055698
0.126026 11.181797147853752
0.126126 11.073263754697068
0.126226 10.905921594020386
0.126326 10.687298210907906
0.126426 10.424196336159648
0.126526 10.15187377952716
0.126626 9.935855669367216
0.126726 9.744853849173776
0.126826 9.555059067061638
0.126926 9.507331555628069
0.127026 9.489781729744612
0.127126 9.484262821656735
0.127226 9.53678004211428
0.127326 9.593909948861233
0.127426 9.651583874207809
0.127526 9.706474586122683
0.127626 9.734473647983766
0.127726 9.714712159605982
0.127826 9.581811831767219
0.127926 9.387180535656928
0.128026 8.894840745820439
0.128126 8.455591562868054
0.128226 7.9360103603167245
0.128326 7.3040888580707986
0.128426 6.715837008560518
0.128526 6.204780531578063
0.128626 5.598873009641417
0.128726 5.262601398030928
0.128826 5.00400330388053
0.128926 4.815169604299124
0.129026 4.6986809970785135
0.129126 4.690693458010636
0.129226 4.819621685284985
0.129326 5.035610529589615
0.129426 5.339536335037959
0.129526 5.682233076534801
0.129626 6.113457704720776
0.129726 6.4391359944527435
0.129826 6.663724003609796
0.129926 6.92594718889733
0.130026 7.191633636359002
0.130126 7.377355773888127
0.130226 7.495055803969756
0.130326 7.532868818607782
0.130426 7.5586361295651425
0.130526 7.483421351837784
0.130626 7.421014719603535
0.130726 7.658546292566778
0.130826 7.778146155924807
0.130926 7.831551141317372
0.131026 8.011815043873291
0.131126 8.17895886974655
0.131226 8.331743969653246
0.131326 8.55404332774189
0.131426 8.811694615388538
0.131526 9.12072766948958
0.131626 9.468003650584043
0.131726 9.8553217459581
0.131826 10.114142240214548
0.131926 10.381724034201282
0.132026 10.816089286351609
0.132126 11.10987809292674
0.132226 11.479648095934902
0.132326 11.884288824420166
0.132426 12.200391469054164
0.132526 12.279809924897902
0.132626 12.104496336669506
0.132726 12.009281558942147
0.132826 12.24278535483575
0.132926 12.554063926009391
0.133026 13.07526821085692
0.133126 14.02184089367929
0.133226 15.1763587973467
0.133326 16.378530079078995
0.133426 17.396024738315326
0.133526 18.33169074046693
0.133626 19.271505152116166
0.133726 20.237156725283352
0.133826 21.250849780506087
0.133926 22.24062151703181
0.134026 23.21914506992704
0.134126 24.24633039825017
0.134226 25.287256300571553
0.134326 26.392506309494067
0.134426 27.66901439329435
0.134526 28.729931628027924
0.134626 30.25299801665197
0.134726 31.743967307898217
0.134826 32.946048038830796
0.134926 34.127358884022584
0.135026 35.286474076264575
0.135126 36.452412189687614
0.135226 37.65079522568869
0.135326 38.92570969699133
0.135426 40.18679202377979
0.135526 41.546684749634174
0.135626 42.94954117868998
0.135726 44.40250228161503
0.135826 45.91229267894745
0.135926 47.465229920513124
0.136026 49.047716804413334
0.136126 50.588386146135534
0.136226 51.93974690643594
0.136326 52.87742674613656
0.136426 54.33012588396649
0.136526 55.175558116176276
0.136626 55.89960169884721
0.136726 56.397064542937706
0.136826 56.750481560981584
0.136926 56.99709289104843
0.137026 57.135723004287904
0.137126 57.25765638622772
0.137226 57.1988054024565
0.137326 56.95678768998588
0.137426 56.65906247291379
0.137526 56.383350685504226
0.137626 55.94156200129505
0.137726 55.39898650405592
0.137826 54.61615373241627
0.137926 53.73534509745938
0.138026 52.61764557723586
0.138126 51.368985943212
0.138226 50.09473051449782
0.138326 48.802166489066096
0.138426 47.34080047722719
0.138526 45.878805606399744
0.138626 44.354109405352496
0.138726 42.71932851687375
0.138826 41.06023239332494
0.138926 39.3725744265371
0.139026 37.70184405479955
0.139126 36.056658084055215
0.139226 34.49736484936243
0.139326 32.977263999428956
0.139426 31.498830283532097
0.139526 30.09358985994198
0.139626 28.724209592470416
0.139726 27.253777283781925
0.139826 25.657150301071212
0.139926 24.107977137962507
0.140026 22.930383668225137
0.140126 21.40174034966069
0.140226 19.06427730162696
0.140326 16.70468121121892
0.140426 14.55229879724473
0.140508 11.779666144911872
0.140593 9.52495704445453
0.140682 7.4351020990858245
0.140772 5.2708850626870545
0.140865 3.252923067510312
0.140959 1.1201631545940767
0.141054 -1.037854721031137
0.14115 -2.950865790050629
0.141247 -4.530639005164863
0.141345 -6.055178373858555
0.141443 -7.809885740798336
0.141541 -9.519502378488067
0.14164 -10.887952970688257
0.141739 -12.339750271499442
0.141838 -13.641850173096827
0.141938 -14.87246399127123
0.142037 -16.160005812382412
0.142137 -17.36119918626646
0.142236 -18.241843748884687
0.142336 -18.93296456996018
0.142436 -19.67855730550188
0.142536 -20.210271397470084
0.142636 -20.48799365736516
0.142736 -20.55292102807789
0.142835 -20.617810261404255
0.142935 -20.570386013572424
0.143035 -20.19431212493563
0.143135 -19.87639673078982
0.143235 -19.82446360377907
0.143335 -19.89377157337113
0.143435 -19.736855501114043
0.143535 -19.314694722458743
0.143635 -19.15354825552049
0.143735 -19.16760035282181
0.143826 -19.479204111495772
0.143919 -18.854348528804437
0.144013 -18.8028597941193
0.144108 -15.508465174142039
0.144205 -12.641558636231537
0.144302 -10.638656625861024
0.144399 -10.781449934483234
0.144497 -10.493274665660548
0.144596 -9.747539373792273
0.144695 -8.907374995538742
0.144794 -8.14065598343981
0.144893 -7.537958018283512
0.144992 -7.056227355926846
0.145092 -6.8539602208705315
0.145191 -6.381797963626723
0.145291 -5.56604304222135
0.145391 -4.745976046866158
0.14549 -4.028702054218312
0.14559 -2.8428737642314146
0.14569 -1.5737971682480767
0.14579 0.5980879301290452
0.14589 2.051279794833098
0.14599 4.2137289492334284
0.14609 9.020871449475612
0.14619 11.521339499217369
0.14629 12.211252262495348
0.14639 12.542041471858383
0.14649 13.231339652174801
0.14659 14.40779348707255
0.14669 15.845695930822453
0.14679 17.330866809766842
0.14689 18.729892063038857
0.14699 19.716723957722564
0.14709 20.54820708396853
0.14719 21.331383092085474
0.14729 22.111072180612137
0.14739 22.998954586938456
0.14749 23.830440364446577
0.14759 24.648059225117652
0.14769 25.57152197743368
0.14779 26.356773413958898
0.14789 27.109805081245895
0.14799 27.66281339703161
0.14809 27.982730494103496
0.14819 28.21398204279749
0.14829 28.416486057930076
0.14839 28.62767723942427
0.14849 28.869019083988928
0.14859 29.197107778905128
0.14869 29.556534290506956
0.14879 29.994518107610652
0.14889 30.501827739340143
0.14899 31.092434521472676
0.14909 31.83139777599894
0.14919 32.49501736066853
0.14929 33.061641335216414
0.14939 33.584338994457845
0.14949 34.01571403078523
0.14959 34.43813045229513
0.14969 34.88409783157348
0.14979 35.250480337322124
0.14989 35.27467861094257
0.14999 35.057410736592004
0.15009 34.59891308448859
0.15019 33.9519491365553
0.15029 33.08495938980182
0.15039 32.24955800400749
0.15049 31.306563097489974
0.15059 30.50968281727196
0.15069 29.67525016187995
0.15079 28.898007474519844
0.15089 28.029630913716716
0.15099 27.379964207960924
0.15109 27.00593209709738
0.15119 26.75440328756507
0.15129 26.386131859503504
0.15139 26.000008769559432
0.15149 25.53220610504097
0.15159 24.94020037423585
0.15169 24.1738963866356
0.15179 23.223641100681682
0.15189 22.161698439324336
0.15199 20.987287809802535
0.15209 19.965022816150267
0.15219 19.01712654168345
0.15229 18.037533714367292
0.15239 16.989430233566
0.15249 16.14923475396797
0.15259 15.654753662055851
0.15269 15.801270770344612
0.15279 16.04500262576925
0.15289 16.24770640330796
0.15299 16.488387369794985
0.15309 16.727468605487093
0.15319 17.147139543065165
0.15329 17.07858075897478
0.15339 16.959395614200567
0.15349 16.308776391530238
0.15359 15.752731054947407
0.15369 15.203744295962435
0.15379 14.963727776559786
0.15389 14.441521110674898
0.15399 14.130188902428454
0.15409 13.88621109145325
0.15419 13.615275042955547
0.15429 13.38017743062106
0.15439 12.905026589100254
0.15449 12.508042399800138
0.15459 12.075037856964409
0.15469 11.648393590063886
0.15479 11.385242564994163
0.15489 11.214939760264718
0.15499 11.265675536498193
0.15509 11.434387991821877
0.15519 11.584873529696686
0.15529 11.70480072195908
0.15539 11.81223863398816
0.15549 11.879857443673426
0.15559 12.000446839644528
0.15569 12.101152177349045
0.15579 12.302976857540546
0.15589 12.61379278346836
0.15599 12.91457521171858
0.15609 13.23863266253002
0.15619 13.634334354749074
0.15629 14.033630444647256
0.15639 14.375388231455187
0.15649 14.681514992377624
0.15659 14.826168059429062
0.15669 14.940097994728069
0.15679 14.964906976388471
0.15689 14.945363911223508
0.15699 14.849867793792988
0.15709 14.810567828973197
0.15719 14.742198712098425
0.15729 14.739295376096834
0.15739 14.89042578250473
0.15749 15.16878128616806
0.15759 15.489376494521577
0.15769 15.869442980018661
0.15779 16.304099259176173
0.15789 16.77450372961205
0.15799 17.173802470772387
0.15809 17.54529640601021
0.15819 17.877700437968112
0.15829 18.21929190906171
0.15839 18.547520712985577
0.15849 18.789375372833742
0.15859 19.001758908495766
0.15869 19.19025314454987
0.15879 19.28191625070743
0.15889 19.28235340304793
0.15899 19.35014301519887
0.15909 19.33668663610917
0.15919 19.296604243039162
0.15929 19.381299322398576
0.15939 19.340590313715694
0.15949 19.311374118582798
0.15959 19.236518484905652
0.15969 19.179023927640937
0.15979 19.08951425818195
0.15989 18.99165617208731
0.15999 18.899170970718853
0.16009 18.83724523665064
0.16019 18.837447446375677
0.16029 18.878100166723602
0.16039 18.957155195709035
0.16049 19.096825113570894
0.16059 19.32440935487654
0.16069 19.638190819494938
0.16079 19.92373522048814
0.16089 20.30911605900078
0.16099 20.806949977821176
0.16109 21.26144748716432
0.16119 21.97858412403828
0.16129 22.632674970555698
0.16139 23.118170017284193
0.16149 23.542387971427555
0.16159 23.800785283455614
0.16169 24.01322633111205
0.16179 24.15947341854762
0.16189 24.193657976985005
0.16199 24.129763578796023
0.16209 24.058928380231784
0.16219 24.045429682919245
0.16229 23.934702268358716
0.16239 23.882224510918615
0.16249 23.86656554480888
0.16259 23.828097158560773
0.16269 23.764748410517356
0.16279 23.673267629618678
0.16289 23.586225673395095
0.16299 23.483128591313037
0.16309 23.291761916658594
0.16319 23.250677448466092
0.16329 23.383303370671943
0.16339 23.374368311298966
0.16349 23.34834413382756
0.16359 23.32652210489821
0.16369 23.235907063064353
0.16379 23.157816787588015
0.16389 22.950415891257464
0.16399 22.92524949906441
0.16409 22.82976266105143
0.16419 22.809391280406665
0.16429 22.832148695018176
0.16439 22.94443321623592
0.16449 23.093551620583995
0.16459 23.16349885026997
0.16469 23.249150219493917
0.16479 23.290274354647103
0.16489 23.26362621282497
0.16499 23.18397862674818
0.16509 23.07613649921227
0.16519 23.008243181922474
0.16529 22.908091856036464
0.16539 22.791204743719824
0.16549 22.682389602973494
0.16559 22.56838594219229
0.16569 22.499900781612478
0.16579 22.375540577057404
0.16589 22.23824455853936
0.16599 22.168732543733082
0.16609 22.044602081240793
0.16619 22.0754615490509
0.16629 22.28109752056003
0.16639 22.571186898686097
0.16649 22.87615373241627
0.16659 23.222110608617623
0.16669 23.46638546292567
0.16679 23.644762890487577
0.16689 23.770157087282612
0.16699 23.844694365558066
0.16709 23.853878847516736
0.16719 23.816718247311773
0.16729 23.742388175370795
0.16739 23.630835504479105
0.16749 23.478637761111084
0.16759 23.33996859274064
0.16769 23.227166565544813
0.16779 23.151587953072664
0.16789 23.091169257595613
0.16799 23.018514681364177
0.16809 22.919496158219168
0.16819 22.798820800171313
0.16829 22.654668005893964
0.16839 22.509864020843
0.16849 22.422039840312443
0.16859 22.34557091361474
0.16869 22.300915705159255
0.16879 22.38165071660557
0.16889 22.440191808619662
0.16899 22.510167794302845
0.16909 22.576959308224524
0.16919 22.59697633748528
0.16929 22.59595193057772
0.16939 22.612264432808352
0.16949 22.578227835193466
0.16959 22.54393732824155
0.16969 22.483834336904042
0.16979 22.407962046162552
0.16989 22.309742470670415
0.16999 22.14983485695931
0.17009 21.96787210719257
0.17019 21.810125985938114
0.17029 21.649436249891657
0.17039 21.476996527866298
0.17049 21.292376397648535
0.17059 21.085340661693852
0.17069 20.882635456552443
0.17079 20.66628430707734
0.17089 20.456553869058244
0.17099 20.252841592184897
0.17109 20.007226116971648
0.17119 19.740466928053923
0.17129 19.482207481657856
0.17139 19.261743918667435
0.17149 19.095952440435827
0.17159 18.941296059306698
0.17169 18.835625927304434
0.17179 18.781692830885167
0.17189 18.79168635568721
0.17199 18.853536936670526
0.17209 18.950264973257944
0.17219 19.049776529191927
0.17229 19.09660159177701
0.17239 19.10045571117558
0.17249 19.144865677881846
0.17259 19.10412097913151
0.17269 19.021657242789335
0.17279 18.972513651450804
0.17289 18.930953587616568
0.17299 18.865489540260945
0.17309 18.77446589814055
0.17319 18.66080190482989
0.17329 18.534051791386457
0.17339 18.399027496647687
0.17349 18.261152789178773
0.17359 18.119825016697856
0.17369 17.971064532740538
0.17379 17.821844564657656
0.17389 17.646555857504858
0.17399 17.474848495663657
0.17409 17.294025788623028
0.17419 17.103340488342095
0.17429 16.92084463093921
0.17439 16.75637235957233
0.17449 16.62363569618575
0.17459 16.517677596324944
0.17469 16.437953225617314
0.17479 16.375083846165612
0.17489 16.320049252293085
0.17499 16.26544987330026
0.17509 16.19982369106678
0.17519 16.099837559207273
0.17529 16.03003849428704
0.17539 15.95840495989966
0.17549 15.874313756481572
0.17559 15.781162374511174
0.17569 15.679842861731581
0.17579 15.566116767703548
0.17589 15.462518393131191
0.17599 15.348766398311351
0.17609 15.217420016009545
0.17619 15.067951849000425
0.17629 14.899000372196419
0.17639 14.715509169798045
0.17649 14.532673950839483
0.17659 14.348102766999943
0.17669 14.17766627747498
0.17679 14.036630041859352
0.17689 13.916063997389527
0.17699 13.826930501241504
0.17709 13.768193623714522
0.17719 13.711656681945415
0.17729 13.665011701243547
0.17739 13.602102348916297
0.17749 13.518527937674946
0.17759 13.434035985785156
0.17769 13.33950961847318
0.17779 13.234071675852613
0.17789 13.115539149454708
0.17799 13.00236890273437
0.17809 12.883682297216685
0.17819 12.754536462502486
0.17829 12.630037168655964
0.17839 12.513523782331378
0.17849 12.40447063982094
0.17859 12.30675184696099
0.17869 12.227408238287286
0.17879 12.16218035720659
0.17889 12.124135357130111
0.17899 12.103746029479996
0.17909 12.106344062447421
0.17919 12.109424931041692
0.17929 12.110372247403548
0.17939 12.07744703848919
0.17949 12.03589288900899
0.17959 11.977371375546186
0.17969 11.894428576527153
0.17979 11.785178322872746
0.17989 11.660953536630757
0.17999 11.514150499915875
0.18009 11.354110221125461
0.18019 11.189270444035426
0.18029 11.029588901408738
0.18039 10.89196188300796
0.18049 10.781104862516763
0.18059 10.693473408350457
0.18069 10.634521472674155
0.18079 10.610027379380318
0.18089 10.619903840761117
0.18099 10.644181040416452
0.18109 10.680926004293006
0.18119 10.698495816614237
0.18129 10.710961949289514
0.18139 10.699564377233816
0.18149 10.678273314536566
0.18159 10.630443423595214
0.18169 10.564271489244543
0.18179 10.446978427903515
0.18189 10.312513447507559
0.18199 10.139045443653032
0.18209 9.977200063222407
0.18219 9.85659231235947
0.18229 9.802772506411465
0.18239 9.81289074250636
0.18249 9.885490254062296
0.18259 10.001468085431824
0.18269 10.112942748033223
0.18279 10.22389093115386
0.18289 10.35226055788674
0.18299 10.478488474657503
0.18309 10.61418313083469
0.18319 10.691557361586272
0.18329 10.688342706224859
0.18339 10.616603223322949
0.18349 10.501417711450904
0.18359 10.345563673629629
0.18369 10.163937022326687
0.18379 9.95767504703441
0.18389 9.716066750623302
0.18399 9.518469711879185
0.18409 9.427671936899962
0.18419 9.473871199645139
0.18429 9.649671192507126
0.18439 9.897879908021599
0.18449 10.134444688043319
0.18459 10.284712516506657
0.18469 10.395585036684292
0.18479 10.496543365981248
0.18489 10.60145992770212
0.18499 10.641214889896142
0.18509 10.6001900751021
0.18519 10.474847373975823
0.18529 10.267308306098414
0.18539 10.025950757904075
0.18549 9.687796852136051
0.18559 9.227190528875814
0.18569 8.82807727409462
0.18579 8.655762875191835
0.18589 8.6929330607292
0.18599 8.932165316392448
0.18609 9.270302192899717
0.18619 9.56794369127072
0.18629 9.74177644761463
0.18639 9.954529834347102
0.18649 10.552468172107703
0.18659 10.854372696078682
0.18669 11.139622195143092
0.18679 11.09818959583548
0.18689 10.895844452488873
0.18699 10.5805970438427
0.18709 10.20651353928202
0.18719 9.677477426032336
0.18729 8.633743939061759
0.18739 7.9571049236997355
0.18749 8.09784319823793
0.18759 8.974856143535254
0.18769 9.738803159080827
0.18779 10.001957243299191
0.18789 9.947444438212846
0.18799 10.156614338229671
0.18809 10.628802598236911
0.18819 11.138344796643095
0.18829 11.463870740772844
0.18839 11.45212462971555
0.18849 11.218248433460968
0.18859 10.864850586081895
0.18869 10.446996476880486
0.18879 10.013042476278851
0.18889 9.312597166208644
0.18899 7.723459183309285
0.18909 7.459855812127485
0.18919 8.22963856158831
0.18929 9.21155338469304
0.18939 9.894523716049825
0.18949 10.003684132705867
0.18959 9.952522726925098
0.18969 10.261388139680728
0.18979 10.882410915042344
0.18989 11.344231924255482
0.18999 11.497704618804587
0.19009 11.323709931526055
0.19019 10.953602708366262
0.19029 10.506201608092468
0.19039 10.10825174753866
0.19049 9.494529528432238
0.19059 7.799404179816758
0.19069 7.05680594290609
0.19079 7.958579841230185
0.19089 9.181234162532567
0.19099 10.191956070625546
0.19109 10.25026629888902
0.19119 10.037519132425446
0.19129 10.215390168915992
0.19139 10.946283593275993
0.19149 11.47152432278097
0.19159 11.783548918336027
0.19169 11.638099860808737
0.19179 11.1497256453529
0.19189 10.639390821534368
0.19199 10.23532409130539
0.19209 9.709581457480384
0.19219 8.046973125379207
0.19229 6.94499640550035
0.19239 7.5839210127821435
0.19249 8.881355202847049
0.19259 9.920943339468627
0.19269 10.04103093309132
0.19279 9.724455446049365
0.19289 9.74988359939429
0.19299 10.362105612008179
0.19309 11.035227116293536
0.19319 11.508095628986455
0.19329 11.48392162461187
0.19339 10.946550860895412
0.19349 10.307332575344283
0.19359 9.767053377045169
0.19369 9.348932510082445
0.19379 8.153908521258534
0.19389 6.673633299852652
0.19399 6.686648651680238
0.19409 7.970043083009999
0.19419 9.31660720021618
0.19429 9.891889789071701
0.19439 9.530947979177396
0.19449 9.297611518714342
0.19459 9.472667322684098
0.19469 10.521531511780273
0.19479 11.240206900419613
0.19489 11.440111964840185
0.19499 11.005881417201593
0.19509 10.300977601933383
0.19519 9.630574049242096
0.19529 9.19773000973829
0.19539 8.5374274599379
0.19549 6.711176701523966
0.19559 5.903451331494446
0.19569 6.950953995503052
0.19579 8.673693565080839
0.19589 9.76270602091438
0.19599 9.499297211586017
0.19609 8.95664880463767
0.19619 9.173584659389293
0.19629 9.629144611054745
0.19639 10.442463124512448
0.19649 10.915317361178385
0.19659 10.665267038183275
0.19669 9.959503806090765
0.19679 9.18326227610856
0.19689 8.634920079741807
0.19699 8.160003263091882
0.19709 6.998684056227153
0.19719 5.385909561369071
0.19729 5.710294850942983
0.19739 7.200139905064421
0.19749 8.568092569837816
0.19759 8.85911060351904
0.19769 8.343709013781465
0.19779 7.976896799620667
0.19789 8.078301560675664
0.19799 8.907482065741105
0.19809 9.90356248056166
0.19819 10.353192170618916
0.19829 10.005121728622925
0.19839 9.145339947892502
0.19849 8.455622154354444
0.19859 7.91277286331214
0.19869 7.332554134184457
0.19879 6.1271189447976635
0.19889 4.705479547042058
0.19899 5.185962280697282
0.19909 6.823887668061978
0.19919 8.15772521707209
0.19929 8.342322913533165
0.19939 7.699929843524547
0.19949 7.052446350180745
0.19959 7.2973665828799845
0.19969 8.00104735052235
0.19979 8.941962239908634
0.19989 9.4829684958676
0.19999 9.34699617096562
0.20009 8.652947642671046
0.20019 7.988470680609587
0.20029 7.379599659414786
0.20039 6.849017146528122
0.20049 5.953724360510471
0.20059 4.175440746840154
0.20069 3.95864224786242
0.20079 5.588876731605595
0.20089 7.179191874901216
0.20099 7.757227901475019
0.20109 7.133575583914997
0.20119 6.263877266956607
0.20129 5.93869404944604
0.20139 6.437139390107734
0.20149 7.48833740370055
0.20159 8.362733655223751
0.20169 8.626014184252524
0.20179 8.223593581906156
0.20189 7.597611722657585
0.20199 6.853345128050864
0.20209 6.120254011308653
0.20219 5.4214991867763205
0.20229 4.045906196305569
0.20239 2.9777326610004438
0.20249 3.329860349864633
0.20259 5.025476181978555
0.20269 6.506440221686305
0.20279 6.725233897406352
0.20289 5.921794088705114
0.20299 4.976211244410681
0.20309 4.643595315423718
0.20319 5.2200670973268135
0.20329 5.968253175141359
0.203344 5.328622210438835
0.203408 4.1421890247943995
0.203479 2.4498656523889406
0.203555 0.2941717100131034
0.203637 -1.8227161161048884
0.203722 -3.1537870730575683
0.20381 -3.7328855419536744
0.2039 -3.183142561425156
0.203993 -0.9837839629231185
0.20407 1.1241286270031052
0.204151 2.011487612997303
0.204236 2.055420352515895
0.204324 1.6189046208440192
0.204415 1.1932711986254225
0.204507 1.0561736168824218
0.204601 1.2889607562215437
0.204696 1.7982284470231935
0.204793 2.24790208684923
0.204889 2.386783458163593
0.204987 2.28404806942228
0.205085 2.0021827025538794
0.205183 1.5778860263188756
0.205273 0.8779673996726711
0.205365 0.13812341625325672
0.205458 -0.4836638403532297
0.205553 -0.8874287345831655
0.205649 -1.1214640065669725
0.205746 -1.263462650344409
0.205843 -1.2992488770375206
0.205941 -1.1896307097734702
0.206039 -0.9107962454049039
0.206138 -0.46287090902601813
0.206237 0.05242350853757399
0.206336 0.41268231251242776
0.206435 0.5356143025396033
0.206534 0.463762548882646
0.206634 0.2862170058072839
0.206734 0.02222512274833914
0.206833 -0.3267248244813469
0.206933 -0.7192105357079125
0.207033 -1.0734688196274977
0.207133 -1.310719562745688
0.207233 -1.4503752045805653
0.207333 -1.4350459127224895
0.207432 -1.2263339672569125
0.207532 -0.8393071028332816
0.207632 -0.34770711710930846
0.207732 0.14285714285714285
0.207832 0.5639146905416224
0.207932 0.850425476589865
0.208032 0.9775530889753382
0.208132 0.9769837814136326
0.208232 0.8955843228829417
0.208332 0.7137156929226597
0.208432 0.4033975924500212
0.208532 -0.03214482009656713
0.208632 -0.537671172112801
0.208732 -1.0113807467381828
0.208832 -1.3186581554353425
0.208932 -1.4888806065272036
0.209032 -1.4774668209837203
0.209132 -1.2538868013031974
0.209232 -0.8601213462293443
0.209332 -0.2590450357665462
0.209432 0.06632672727180026
0.209532 0.09087466158168182
0.209632 -0.08933978473790745
0.209732 -0.38831904880871654
0.209832 -0.7404976215119333
0.209932 -1.1116720796602306
0.210032 -1.5005610478603806
0.210132 -1.9073023917443774
0.210232 -2.238514579392555
0.210332 -2.4120716044724753
0.210432 -2.3914254103083117
0.210532 -2.2517086874722767
0.210632 -2.0381500308464156
0.210732 -1.8820854216271612
0.210832 -1.76001254250942
0.210932 -1.6711188836146902
0.211032 -1.5492893087853652
0.211132 -1.35583721250376
0.211232 -1.13544197049961
0.211332 -1.021477262877741
0.211432 -1.0747187877613662
0.211532 -1.289375576776983
0.211632 -1.5768751816369506
0.211732 -1.9784812346723908
0.211832 -2.353331565825231
0.211932 -2.7204929308173535
0.212032 -2.9390223980666184
0.212132 -3.0453868548382985
0.212232 -3.079888952904407
0.212332 -3.039190447298517
0.212432 -2.926009595529564
0.212532 -2.7459442317203124
0.212632 -2.5191146823838926
0.212732 -2.2661863123492734
0.212832 -1.9888376764746372
0.212932 -1.7482097352306853
0.213032 -1.5925585189641722
0.213132 -1.5606022443953849
0.213232 -1.6593607399060843
0.213332 -1.8807648891313546
0.213432 -2.187856403562889
0.213532 -2.5181766454395746
0.213632 -2.812014500364549
0.213732 -3.021612477247582
0.213832 -3.1139255505192907
0.213932 -3.0586814049649984
0.214032 -2.921648677173143
0.214132 -2.771966879617403
0.214232 -2.6585458846802936
0.214332 -2.6120774168548895
0.214432 -2.6329444815507843
0.214532 -2.693234692784998
0.214632 -2.748400320190891
0.214732 -2.7627412011237276
0.214832 -2.7248340666792434
0.214932 -2.650191859605472
0.215032 -2.5579061147282713
0.215132 -2.4614273987549264
0.215232 -2.373666032743088
0.215332 -2.315827525199737
0.215432 -2.2895807436790343
0.215532 -2.2889340396567635
0.215632 -2.313517867977342
0.215732 -2.356939015871883
0.215832 -2.414967598517333
0.215932 -2.500246771323541
0.216032 -2.6233849479689804
0.216132 -2.7534252777452037
0.216232 -2.84266441649289
0.216332 -2.859986335802746
0.216432 -2.827323397898365
0.216532 -2.7582575089352632
0.216632 -2.674928543386376
0.216732 -2.6036920864923294
0.216832 -2.5688501170124356
0.216932 -2.5743829952124324
0.217032 -2.6211722657584398
0.217132 -2.695272085778528
0.217232 -2.7855154410527554
0.217332 -2.868047498381201
0.217432 -2.9341224577200165
0.217532 -2.9811766505381554
0.217632 -3.0121633789316435
0.217732 -3.0323458061621453
0.217832 -3.046027236620049
0.217932 -3.056651353928202
0.218032 -3.068204126791514
0.218132 -3.084884644603407
0.218232 -3.114924362549903
0.218332 -3.162807176762707
0.218432 -3.229637032013991
0.218532 -3.310199711420312
0.218632 -3.3974844620742046
0.218732 -3.4816050333192274
0.218832 -3.5542160676683685
0.218932 -3.6084149021327367
0.219032 -3.645926284714964
0.219132 -3.6679552140639267
0.219232 -3.6797804550993463
0.219332 -3.688485568466296
0.219432 -3.6987259665635057
0.219532 -3.7146398617264818
0.219632 -3.730981935727287
0.219732 -3.7477052816201253
0.219832 -3.768391040773353
0.219932 -3.797919473010661
0.220032 -3.837754890813887
0.220132 -3.892835473887617
0.220232 -3.960550136896902
0.220332 -4.0365513197677085
0.220432 -4.117743571963922
0.220532 -4.1992749817725725
0.220632 -4.273750567217143
0.220732 -4.335364268124181
0.220832 -4.373050022178828
0.220932 -4.385269689445427
0.221032 -4.37910509705149
0.221132 -4.3536128035567705
0.221232 -4.31916556622292
0.221332 -4.28065292429117
0.221432 -4.243341304115065
0.221532 -4.214495367939103
0.221632 -4.20072991286525
0.221732 -4.197538201118628
0.221832 -4.202724783692699
0.221932 -4.218468488219729
0.222032 -4.237204549973742
0.222132 -4.257786909902975
0.222232 -4.279092656513693
0.222332 -4.300027430366129
0.222432 -4.319658293097031
0.222532 -4.337294488943727
0.222632 -4.352662937904382
0.222732 -4.36381394257978
0.222832 -4.36949396582931
0.222932 -4.366484987228055
0.223032 -4.358177155297681
0.223132 -4.343693106208542
0.223232 -4.324524072950498
0.223332 -4.305384815405873
0.223432 -4.2904123222507184
0.223532 -4.28247107829891
0.223632 -4.284776860599695
0.223732 -4.290560996874571
0.223832 -4.2974259303635804
0.223932 -4.301463496708866
0.224032 -4.29958273212565
0.224132 -4.291565723259217
0.224232 -4.279908021597589
0.224332 -4.268062692152775
0.224432 -4.2592273610254265
0.224532 -4.255380073725482
0.224632 -4.257232388226356
0.224732 -4.264112107600455
0.224832 -4.275383744703849
0.224932 -4.2911751719496465
0.225032 -4.311430304946134
0.225132 -4.3313065113978775
0.225232 -4.35470491962087
0.225332 -4.382434878373349
0.225432 -4.410746585225333
0.225532 -4.436277831879388
0.225632 -4.456792278708836
0.225732 -4.46656789015617
0.225832 -4.4638201628486796
0.225932 -4.4477052816201255
0.226032 -4.417695237415428
0.226132 -4.382563464587805
0.226232 -4.345899976036669
0.226332 -4.31259369917352
0.226432 -4.288376560803129
0.226532 -4.270331050868544
0.226632 -4.258457373313007
0.226732 -4.251127347259258
0.226832 -4.24473872321333
0.226932 -4.2368094099412135
0.227032 -4.226661500104521
0.227132 -4.213700703094329
0.227232 -4.199688374725314
0.227332 -4.185566426863404
0.227432 -4.171802297420628
0.227532 -4.158548535942447
0.227632 -4.146425537772838
0.227732 -4.134958319099795
0.227832 -4.123578897992689
0.227932 -4.111576226336211
0.228032 -4.0988753549887065
0.228132 -4.085198513253761
0.228232 -4.071878980079844
0.228332 -4.060431136014847
0.228432 -4.051971774255225
0.228532 -4.047159223588076
0.228632 -4.045519825832471
0.228732 -4.045337296630349
0.228832 -4.0455755023377
0.228932 -4.045700009687304
0.229032 -4.045724380904794
0.229132 -4.047104872713924
0.229232 -4.051757531878878
0.229332 -4.061517031810047
0.229432 -4.074368821157072
0.229532 -4.094013755971714
0.229632 -4.11712654168345
0.229732 -4.14153375515594
0.229832 -4.16574365354122
0.229932 -4.188406642431412
0.230032 -4.20906813233877
0.230132 -4.230279861114652
0.230232 -4.250048487505928
0.230332 -4.271591318136163
0.230432 -4.2930597094828515
0.230532 -4.317399009855557
0.230632 -4.341416079904962
0.230732 -4.363557483952216
0.230832 -4.3785353816033
0.230932 -4.387886587162793
0.231032 -4.392957941804796
0.231132 -4.395226606435429
0.231232 -4.396955637246155
0.231332 -4.399754248392672
0.231432 -4.404173392544855
0.231532 -4.408503719414887
0.231632 -4.4117478445748555
0.231732 -4.411766607353174
0.231832 -4.408128769763375
0.231932 -4.401597487419251
0.232032 -4.393457602749155
0.232132 -4.38605089403619
0.232232 -4.380795174702881
0.232332 -4.378163491100427
0.232432 -4.377734088603142
0.232532 -4.378414851146926
0.232632 -4.378486945083183
0.232732 -4.376115697001525
0.232832 -4.3700287050113955
0.232932 -4.359666246883492
0.233032 -4.345017921512444
0.233132 -4.326223226076183
0.233232 -4.304863740421041
0.233332 -4.283095042649631
0.233432 -4.2613737616821235
0.233532 -4.240068219014649
0.233632 -4.219533785747427
0.233732 -4.199633310049814
0.233832 -4.180123589605013
0.233932 -4.15872086798244
0.234032 -4.139622297114713
0.234132 -4.121721178995886
0.234232 -4.105471593255597
0.234332 -4.0912836697547075
0.234432 -4.078973859574881
0.234532 -4.068172821503776
0.234632 -4.058068351577756
0.234732 -4.0466390663478355
0.234832 -4.032916439354928
0.234932 -4.016532760932633
0.235032 -3.9968596819505136
0.235132 -3.9761432293392756
0.235232 -3.956111618136673
0.235332 -3.9388853482075943
0.235432 -3.925288656166989
0.235532 -3.915046116665732
0.235632 -3.9056414779766797
0.235732 -3.894428882442017
0.235832 -3.879541229675781
0.235932 -3.860070564361938
0.236032 -3.838423212819873
0.236132 -3.8089747263336617
0.236232 -3.775549652531701
0.236332 -3.7424374276638814
0.236432 -3.7104417920492727
0.236532 -3.681537935992414
0.236632 -3.6567317075657844
0.236732 -3.635338061417508
0.236832 -3.613152503658232
0.236932 -3.5946537298669785
0.237032 -3.576576506758169
0.237132 -3.5609093829187337
0.237232 -3.5402073083060985
0.237332 -3.5180486710548458
0.237432 -3.4954061784605344
0.237532 -3.4731308856745167
0.237632 -3.450216128851341
0.237732 -3.427919523996472
0.237832 -3.408225438860365
0.237932 -3.391602738957748
0.238032 -3.3781748099503908
0.238132 -3.366358032559539
0.238232 -3.353362973084591
0.238332 -3.337490886286347
0.238432 -3.318031947708953
0.238532 -3.2958569949982923
0.238632 -3.2724287090902604
0.238732 -3.249993218887184
0.238832 -3.2295489285331893
0.238932 -3.2116950232750225
0.239032 -3.1964852421571077
0.239132 -3.1824999362677366
0.239232 -3.170760759280692
0.239332 -3.162139364614828
0.239432 -3.153663177537691
0.239532 -3.1519174233810734
0.239632 -3.1535118516516856
0.239732 -3.1556952680069137
0.239832 -3.155419026884818
0.239932 -3.15500981476855
0.240032 -3.145897426746137
0.240132 -3.1324632774698804
0.240232 -3.1192176737214035
0.240332 -3.1086226183253203
0.240432 -3.1027771971060454
0.240532 -3.103180392896657
0.240632 -3.108279381848032
0.240732 -3.114182824919825
0.240832 -3.115080379130488
0.240932 -3.1167587300454285
0.241032 -3.1154137243605105
0.241132 -3.1137486297563393
0.241232 -3.1126791513921677
0.241332 -3.1106066801609114
0.241432 -3.106610412322251
0.241532 -3.10362142015877
0.241632 -3.0944181754217803
0.241732 -3.083215369162762
0.241832 -3.0723442765878257
0.241932 -3.062496979090719
0.242032 -3.0491773439451806
0.242132 -3.0339796974502
0.242232 -3.019026884817955
0.242332 -3.007347667144234
0.242432 -3.0043645893347883
0.242532 -3.001421688344134
0.242632 -2.9951868375031228
0.242732 -2.985018839257035
0.242832 -2.971093084794502
0.242932 -2.9544321455338984
0.243032 -2.936780755915629
0.243132 -2.922056563658334
0.243232 -2.90677377085957
0.243332 -2.8874645266222414
0.243432 -2.8620060877057916
0.243532 -2.830133123951604
0.243632 -2.7944809899404994
0.243732 -2.7629410655014714
0.243832 -2.7334204850790025
0.243932 -2.704689063033758
0.244032 -2.676143535254139
0.244132 -2.6482017814442242
0.244232 -2.6209853517766004
0.244332 -2.593689690159229
0.244432 -2.565084916867636
0.244532 -2.534461309417589
0.244632 -2.5001568323535563
0.244732 -2.464612686289406
0.244832 -2.4312214670657157
0.244932 -2.4027868844100686
0.245032 -2.381042251941285
0.245132 -2.3641885863164283
0.245232 -2.348446921221824
0.245332 -2.330138528447533
0.245432 -2.3073273747915954
0.245532 -2.278943472031734
0.245632 -2.2468934855429734
0.245732 -2.2142371757939765
0.245832 -2.1834925280294493
0.245932 -2.160027328394508
0.246032 -2.1388543488347196
0.246132 -2.124935630414056
0.246232 -2.1123170501649393
0.246332 -2.093479628619355
0.246432 -2.0653909337031506
0.246532 -2.027104260884196
0.246632 -1.979446905926081
0.246732 -1.9343665777814036
0.246832 -1.900771823201603
0.246932 -1.8842571112459403
0.247032 -1.8874489249641824
0.247132 -1.9040133990710386
0.247232 -1.9190791962596812
0.247332 -1.9241096602815437
0.247432 -1.9144745657283577
0.247532 -1.8880367913609641
0.247632 -1.8534617835856282
0.247732 -1.8220888886622852
0.247832 -1.80136478817945
0.247932 -1.7958183477538203
0.248032 -1.8020631918137182
0.248132 -1.8157695033472188
0.248232 -1.8306549127377851
0.248332 -1.8459806355891157
0.248432 -1.8611161813667259
0.248532 -1.8812278402920468
0.248632 -1.9067623500379847
0.248732 -1.936745983592766
0.248832 -1.9407781454421236
0.248932 -1.9052211509536898
0.249032 -1.841705577337827
0.249132 -1.7763786818128517
0.249232 -1.7324000550646756
0.249332 -1.7122133450260795
0.249432 -1.7163539027088763
0.249532 -1.7398776340544426
0.249632 -1.7656451489550458
0.249732 -1.7992306241173082
0.249832 -1.8367941141980186
0.249932 -1.9835909306440018
0.25 -2.116909240158464
ENDATA
