XYDATA, head_y_rot_accel
0.0 -0.0
1e-07 5.439597
1e-06 12.460791
3e-06 14.33196
1.6e-05 -1.083385
4.6e-05 -8.089165
9e-05 -7.538904
0.000145 -5.43626
0.000209 -2.609907
0.00028 0.542469
0.000357 2.495807
0.000439 2.450556
0.000524 1.242562
0.000613 0.343348
0.000703 0.504692
0.000796 1.370527
0.00089 1.989397
0.000985 1.747016
0.001081 0.748334
0.001178 -0.384268
0.001275 -1.01311
0.001373 -0.885729
0.001472 -0.221042
0.001571 0.500432
0.00167 0.857299
0.001769 0.6894
0.001868 0.145484
0.001968 -0.489315
0.002067 -0.947446
0.002167 -1.091003
0.002267 -0.929122
0.002366 -0.555347
0.002466 -0.068812
0.002566 0.45891
0.002666 0.958896
0.002766 1.33283
0.002866 1.469238
0.002966 1.296441
0.003066 0.827286
0.003166 0.169843
0.003266 -0.499218
0.003366 -0.990744
0.003466 -1.177006
0.003566 -1.048939
0.003666 -0.704176
0.003766 -0.273468
0.003866 0.130265
0.003966 0.423512
0.004066 0.553146
0.004166 0.507047
0.004266 0.324363
0.004366 0.085948
0.004466 -0.11712
0.004566 -0.218323
0.004666 -0.195389
0.004766 -0.069908
0.004866 0.107011
0.004966 0.274672
0.005066 0.382061
0.005166 0.402161
0.005266 0.339287
0.005366 0.225969
0.005466 0.106376
0.005566 0.015811
0.005666 -0.025763
0.005766 -0.00861
0.005866 0.066363
0.005966 0.181376
0.006066 0.301627
0.006166 0.385885
0.006266 0.4016
0.006366 0.336116
0.006466 0.20014
0.006566 0.024201
0.006666 -0.149787
0.006766 -0.279684
0.006866 -0.333723
0.006966 -0.297683
0.007066 -0.177949
0.007166 0.000324
0.007266 0.200045
0.007366 0.382093
0.007466 0.517492
0.007566 0.590163
0.007666 0.595085
0.007766 0.536714
0.007866 0.430881
0.007966 0.305597
0.008066 0.194007
0.008166 0.120602
0.008266 0.091371
0.008366 0.095154
0.008466 0.113387
0.008566 0.13046
0.008666 0.138954
0.008766 0.138779
0.008866 0.132826
0.008966 0.123858
0.009066 0.114446
0.009166 0.107534
0.009266 0.105623
0.009366 0.109123
0.009466 0.114731
0.009566 0.115175
0.009666 0.101158
0.009766 0.065467
0.009866 0.007162
0.009966 -0.066854
0.010066 -0.143717
0.010166 -0.208444
0.010266 -0.247626
0.010366 -0.251693
0.010466 -0.216317
0.010566 -0.143574
0.010666 -0.042401
0.010766 0.072247
0.010866 0.182453
0.010966 0.271813
0.011066 0.329266
0.011166 0.350739
0.011266 0.338653
0.011366 0.30007
0.011466 0.244796
0.011566 0.183191
0.011666 0.123655
0.011766 0.07113
0.011866 0.027194
0.011966 -0.008684
0.012066 -0.037907
0.012166 -0.062136
0.012266 -0.080163
0.012366 -0.088163
0.012466 -0.079421
0.012566 -0.042534
0.012666 0.035044
0.012766 0.152129
0.012866 0.285568
0.012966 0.397743
0.013066 0.451748
0.013166 0.423514
0.013266 0.308879
0.013366 0.126458
0.013466 -0.085615
0.013566 -0.279934
0.013666 -0.41632
0.013766 -0.475352
0.013866 -0.460094
0.013966 -0.387708
0.014066 -0.279487
0.014166 -0.155506
0.014266 -0.033664
0.014366 0.070534
0.014466 0.145677
0.014566 0.186683
0.014666 0.19621
0.014766 0.18256
0.014866 0.155015
0.014966 0.119176
0.015066 0.075016
0.015166 0.01662
0.015266 -0.066985
0.015366 -0.186774
0.015466 -0.344596
0.015566 -0.527182
0.015666 -0.70777
0.015766 -0.854031
0.015866 -0.938514
0.015966 -0.946788
0.016066 -0.879882
0.016166 -0.749898
0.016266 -0.572064
0.016366 -0.361418
0.016466 -0.13545
0.016566 0.084089
0.016666 0.276155
0.016766 0.434092
0.016866 0.573189
0.016966 0.706609
0.017066 0.805842
0.017166 0.801927
0.017266 0.636212
0.017366 0.312705
0.017466 -0.094842
0.017566 -0.485161
0.017666 -0.782898
0.017766 -0.962336
0.017866 -1.034244
0.017966 -1.017531
0.018066 -0.923713
0.018166 -0.7592
0.018266 -0.538262
0.018366 -0.291555
0.018466 -0.060931
0.018566 0.116258
0.018666 0.222326
0.018766 0.263702
0.018866 0.262132
0.018966 0.239151
0.019066 0.202116
0.019166 0.138661
0.019266 0.022249
0.019366 -0.173738
0.019466 -0.457817
0.019566 -0.807713
0.019666 -1.170186
0.019766 -1.474858
0.019866 -1.65564
0.019966 -1.668991
0.020066 -1.50295
0.020166 -1.178584
0.020266 -0.745599
0.020366 -0.268613
0.020466 0.191517
0.020566 0.5889
0.020666 0.88331
0.020766 1.027006
0.020866 0.971425
0.020966 0.691181
0.021066 0.205363
0.021166 -0.417663
0.021266 -1.075819
0.021366 -1.670055
0.021466 -2.121082
0.021566 -2.387612
0.021666 -2.48408
0.021766 -2.431369
0.021866 -2.239107
0.021966 -1.921198
0.022066 -1.506687
0.022166 -1.028238
0.022266 -0.52391
0.022366 -0.038219
0.022466 0.379697
0.022566 0.684192
0.022666 0.842838
0.022766 0.839898
0.022866 0.670059
0.022966 0.326609
0.023066 -0.18752
0.023166 -0.832987
0.023266 -1.511718
0.023366 -2.112851
0.023466 -2.555176
0.023566 -2.791493
0.023666 -2.787931
0.023766 -2.548184
0.023866 -2.089013
0.023966 -1.485701
0.024066 -0.812752
0.024166 -0.151213
0.024266 0.40083
0.024366 0.747735
0.024466 0.82245
0.024566 0.609643
0.024666 0.153125
0.024766 -0.455041
0.024866 -1.105127
0.024966 -1.696278
0.025066 -2.150099
0.025166 -2.421516
0.025266 -2.514897
0.025366 -2.440242
0.025466 -2.194939
0.025566 -1.817259
0.025666 -1.353498
0.025766 -0.855145
0.025866 -0.375112
0.025966 0.036518
0.026066 0.336375
0.026166 0.492776
0.026266 0.488428
0.026366 0.321533
0.026466 0.004977
0.026566 -0.43184
0.026666 -0.941766
0.026766 -1.450368
0.026866 -1.905291
0.026966 -2.271643
0.027066 -2.54863
0.027166 -2.723057
0.027266 -2.759705
0.027366 -2.624146
0.027466 -2.287305
0.027566 -1.787632
0.027666 -1.215387
0.027766 -0.70264
0.027866 -0.346811
0.027966 -0.209607
0.028066 -0.312569
0.028166 -0.631005
0.028266 -1.063625
0.028366 -1.519218
0.028466 -1.92284
0.028566 -2.235804
0.028666 -2.437333
0.028766 -2.547367
0.028866 -2.594306
0.028966 -2.613279
0.029066 -2.631506
0.029166 -2.650594
0.029266 -2.645722
0.029366 -2.581161
0.029466 -2.430041
0.029566 -2.163806
0.029666 -1.824941
0.029766 -1.481235
0.029866 -1.208202
0.029966 -1.072531
0.030066 -1.112564
0.030166 -1.324528
0.030266 -1.652485
0.030366 -2.008128
0.030466 -2.339574
0.030566 -2.596119
0.030666 -2.744226
0.030766 -2.76991
0.030866 -2.676871
0.030966 -2.491959
0.031066 -2.264432
0.031166 -2.049281
0.031266 -1.885688
0.031366 -1.783221
0.031466 -1.727783
0.031566 -1.704201
0.031666 -1.694463
0.031766 -1.688947
0.031866 -1.684749
0.031966 -1.679712
0.032066 -1.674333
0.032166 -1.674044
0.032266 -1.696726
0.032366 -1.768567
0.032466 -1.897823
0.032566 -2.09494
0.032666 -2.352244
0.032766 -2.638809
0.032866 -2.910492
0.032966 -3.124466
0.033066 -3.252151
0.033166 -3.285838
0.033266 -3.237334
0.033366 -3.130458
0.033466 -2.991501
0.033566 -2.84187
0.033666 -2.695099
0.033766 -2.557718
0.033866 -2.432083
0.033966 -2.319126
0.034066 -2.220105
0.034166 -2.137626
0.034266 -2.076521
0.034366 -2.04456
0.034466 -2.052272
0.034566 -2.1111
0.034666 -2.229966
0.034766 -2.411426
0.034866 -2.647871
0.034966 -2.908086
0.035066 -3.184256
0.035166 -3.457167
0.035266 -3.696156
0.035366 -3.881431
0.035466 -3.999743
0.035566 -4.039613
0.035666 -3.994092
0.035766 -3.863064
0.035866 -3.655088
0.035966 -3.386981
0.036066 -3.076822
0.036166 -2.74713
0.036266 -2.426846
0.036366 -2.138718
0.036466 -1.902479
0.036566 -1.734666
0.036666 -1.648303
0.036766 -1.651093
0.036866 -1.743641
0.036966 -1.918745
0.037066 -2.157156
0.037166 -2.432909
0.037266 -2.731954
0.037366 -3.028445
0.037466 -3.304199
0.037566 -3.543942
0.037666 -3.74074
0.037766 -3.896592
0.037866 -4.018956
0.037966 -4.11393
0.038066 -4.177959
0.038166 -4.206083
0.038266 -4.181074
0.038366 -4.081981
0.038466 -3.894511
0.038566 -3.642308
0.038666 -3.360231
0.038766 -3.085123
0.038866 -2.860889
0.038966 -2.727865
0.039066 -2.711909
0.039166 -2.81645
0.039266 -3.021251
0.039366 -3.294956
0.039466 -3.596186
0.039566 -3.883918
0.039666 -4.128938
0.039766 -4.33027
0.039866 -4.496117
0.039966 -4.638093
0.040066 -4.751123
0.040166 -4.833699
0.040266 -4.87653
0.040366 -4.859759
0.040466 -4.764764
0.040566 -4.585758
0.040666 -4.336
0.040766 -4.035225
0.040866 -3.697892
0.040966 -3.403871
0.041066 -3.187765
0.041166 -3.049953
0.041266 -2.973981
0.041366 -2.939409
0.041466 -2.933147
0.041566 -2.95694
0.041666 -3.020304
0.041766 -3.13105
0.041866 -3.301981
0.041966 -3.527953
0.042066 -3.792728
0.042166 -4.071214
0.042266 -4.334536
0.042366 -4.558923
0.042466 -4.729975
0.042566 -4.838632
0.042666 -4.883703
0.042766 -4.874297
0.042866 -4.830106
0.042966 -4.776107
0.043066 -4.742496
0.043166 -4.751915
0.043266 -4.811667
0.043366 -4.909519
0.043466 -5.024477
0.043566 -5.129474
0.043666 -5.197411
0.043766 -5.207858
0.043866 -5.151273
0.043966 -5.030007
0.044066 -4.857229
0.044166 -4.65517
0.044266 -4.451753
0.044366 -4.276486
0.044466 -4.155193
0.044566 -4.104119
0.044666 -4.125696
0.044766 -4.207837
0.044866 -4.31539
0.044966 -4.414175
0.045066 -4.512913
0.045166 -4.611201
0.045266 -4.707397
0.045366 -4.802223
0.045466 -4.898345
0.045566 -4.997824
0.045666 -5.099485
0.045766 -5.199322
0.045866 -5.289781
0.045966 -5.360728
0.046066 -5.419009
0.046166 -5.460146
0.046266 -5.477852
0.046366 -5.466867
0.046466 -5.420608
0.046566 -5.332112
0.046666 -5.190684
0.046766 -5.027191
0.046866 -4.868244
0.046966 -4.734734
0.047066 -4.641014
0.047166 -4.593233
0.047266 -4.59051
0.047366 -4.628532
0.047466 -4.702937
0.047566 -4.810991
0.047666 -4.951866
0.047766 -5.125938
0.047866 -5.333383
0.047966 -5.572172
0.048066 -5.835919
0.048166 -6.103525
0.048266 -6.342248
0.048366 -6.543292
0.048466 -6.692817
0.048566 -6.772696
0.048666 -6.770473
0.048766 -6.68489
0.048866 -6.5268
0.048966 -6.317366
0.049066 -6.084893
0.049166 -5.858142
0.049266 -5.662526
0.049366 -5.528928
0.049466 -5.459707
0.049566 -5.462085
0.049666 -5.536304
0.049766 -5.649491
0.049866 -5.790851
0.049966 -5.963746
0.050066 -6.148427
0.050166 -6.317221
0.050266 -6.448405
0.050366 -6.533413
0.050466 -6.577398
0.050566 -6.595768
0.050666 -6.579588
0.050766 -6.557674
0.050866 -6.560728
0.050966 -6.595666
0.051066 -6.6591
0.051166 -6.747014
0.051266 -6.857344
0.051366 -6.990835
0.051466 -7.14958
0.051566 -7.334289
0.051666 -7.541797
0.051766 -7.763989
0.051866 -7.989314
0.051966 -8.205841
0.052066 -8.404146
0.052166 -8.578707
0.052266 -8.727348
0.052366 -8.849541
0.052466 -8.944085
0.052566 -9.007553
0.052666 -9.035312
0.052766 -9.022719
0.052866 -8.96688
0.052966 -8.86837
0.053066 -8.730766
0.053166 -8.559723
0.053266 -8.363113
0.053366 -8.151454
0.053466 -7.937214
0.053566 -7.734258
0.053666 -7.557874
0.053766 -7.422918
0.053866 -7.343513
0.053966 -7.332526
0.054066 -7.399747
0.054166 -7.549299
0.054266 -7.775147
0.054366 -8.07473
0.054466 -8.433335
0.054566 -8.823087
0.054666 -9.224445
0.054766 -9.614557
0.054866 -9.970352
0.054966 -10.268862
0.055066 -10.490354
0.055166 -10.622629
0.055266 -10.663685
0.055366 -10.622486
0.055466 -10.517794
0.055566 -10.37493
0.055666 -10.204658
0.055766 -10.040628
0.055866 -9.913806
0.055966 -9.845874
0.056066 -9.853493
0.056166 -9.94932
0.056266 -10.140231
0.056366 -10.425258
0.056466 -10.792304
0.056566 -11.218369
0.056666 -11.673465
0.056766 -12.125187
0.056866 -12.542139
0.056966 -12.896434
0.057066 -13.16606
0.057166 -13.337033
0.057266 -13.404735
0.057366 -13.374002
0.057466 -13.258007
0.057566 -13.076828
0.057666 -12.839348
0.057766 -12.579497
0.057866 -12.325658
0.057966 -12.098461
0.058066 -11.914886
0.058166 -11.789196
0.058266 -11.73205
0.058366 -11.751469
0.058466 -11.849903
0.058566 -12.026756
0.058666 -12.280018
0.058766 -12.595372
0.058866 -12.954871
0.058966 -13.340508
0.059066 -13.736985
0.059166 -14.131446
0.059266 -14.513637
0.059366 -14.875761
0.059466 -15.211887
0.059566 -15.517795
0.059666 -15.79189
0.059766 -16.013963
0.059866 -16.198224
0.059966 -16.362605
0.060066 -16.519769
0.060166 -16.67938
0.060266 -16.849291
0.060366 -17.035438
0.060466 -17.242033
0.060566 -17.471612
0.060666 -17.722211
0.060766 -17.988493
0.060866 -18.264467
0.060966 -18.545699
0.061066 -18.827456
0.061166 -19.104425
0.061266 -19.372605
0.061366 -19.631085
0.061466 -19.883894
0.061566 -20.139918
0.061666 -20.410766
0.061766 -20.707785
0.061866 -21.040594
0.061966 -21.412021
0.062066 -21.821888
0.062166 -22.261138
0.062266 -22.710697
0.062366 -23.148452
0.062466 -23.55154
0.062566 -23.899004
0.062666 -24.172006
0.062766 -24.33126
0.062866 -24.419524
0.062966 -24.466257
0.063066 -24.493588
0.063166 -24.509031
0.063266 -24.52087
0.063366 -24.537252
0.063466 -24.571727
0.063566 -24.646923
0.063666 -24.791361
0.063766 -25.032805
0.063866 -25.390275
0.063966 -25.868185
0.064066 -26.457702
0.064166 -27.136264
0.064266 -27.872272
0.064366 -28.632698
0.064466 -29.363903
0.064566 -30.036144
0.064666 -30.652491
0.064766 -31.204139
0.064866 -31.675237
0.064966 -32.051822
0.065066 -32.329468
0.065166 -32.51765
0.065266 -32.646979
0.065366 -32.455305
0.065466 -32.338254
0.065566 -32.534017
0.065666 -33.121251
0.065766 -34.074026
0.065866 -35.310957
0.065966 -36.739016
0.066066 -38.278927
0.066166 -39.868962
0.066266 -41.451588
0.066366 -42.961252
0.066466 -44.318383
0.066566 -45.439044
0.066666 -46.257278
0.066766 -46.745098
0.066866 -46.925445
0.066966 -46.863623
0.067066 -46.650305
0.067166 -46.369017
0.067266 -46.099375
0.067366 -45.871986
0.067466 -45.731643
0.067566 -45.727863
0.067666 -45.872284
0.067766 -46.208105
0.067866 -46.740643
0.067966 -47.447224
0.068066 -48.287161
0.068166 -49.209706
0.068266 -50.161367
0.068366 -51.034179
0.068466 -51.63263
0.068566 -52.094582
0.068666 -52.50311
0.068766 -52.934398
0.068866 -53.474511
0.068966 -54.17186
0.069066 -55.055693
0.069166 -56.151147
0.069266 -57.48487
0.069366 -59.076092
0.069466 -60.926036
0.069566 -63.00323
0.069666 -65.242911
0.069766 -67.565063
0.069866 -69.894621
0.069966 -72.175391
0.070066 -74.375224
0.070166 -76.482204
0.070266 -78.495134
0.070366 -80.411491
0.070466 -82.215152
0.070566 -83.876416
0.070666 -85.359608
0.070766 -86.624642
0.070866 -87.63326
0.070966 -88.361974
0.071066 -88.807614
0.071166 -89.003894
0.071266 -89.007843
0.071366 -88.904991
0.071466 -88.776879
0.071566 -88.688959
0.071666 -88.749819
0.071766 -89.056543
0.071866 -89.634884
0.071966 -90.448704
0.072066 -91.427673
0.072166 -92.484492
0.072266 -93.544369
0.072366 -94.564832
0.072466 -95.56171
0.072566 -96.615803
0.072666 -97.868449
0.072766 -99.48082
0.072866 -101.631236
0.072966 -104.44735
0.073066 -107.934001
0.073166 -111.975298
0.073266 -116.37042
0.073366 -120.881759
0.073466 -125.284159
0.073566 -129.408875
0.073666 -133.172615
0.073766 -136.575525
0.073866 -139.669069
0.073966 -142.532295
0.074066 -145.241807
0.074166 -147.848654
0.074266 -150.347272
0.074366 -152.630263
0.074466 -154.695504
0.074566 -156.534353
0.074666 -158.12111
0.074766 -159.44623
0.074866 -160.537363
0.074966 -161.480051
0.075066 -162.458897
0.075166 -163.684409
0.075266 -165.375943
0.075366 -167.578679
0.075466 -170.249892
0.075566 -173.272146
0.075666 -176.535693
0.075766 -179.99738
0.075866 -183.677121
0.075966 -187.655548
0.076066 -192.018537
0.076166 -196.831705
0.076266 -202.111458
0.076366 -207.785278
0.076466 -213.698434
0.076566 -219.669158
0.076666 -225.555382
0.076766 -231.298113
0.076866 -236.905934
0.076966 -242.45981
0.077066 -248.057985
0.077166 -253.75449
0.077266 -259.684057
0.077366 -265.97334
0.077466 -272.758275
0.077566 -280.117184
0.077666 -288.034873
0.077766 -296.436918
0.077866 -305.172505
0.077966 -313.955911
0.078066 -322.397998
0.078166 -330.158772
0.078266 -337.152717
0.078366 -343.200704
0.078466 -348.175932
0.078566 -352.094889
0.078666 -355.123903
0.078766 -357.615477
0.078866 -360.046645
0.078966 -362.897565
0.079066 -366.565736
0.079166 -371.298574
0.079266 -377.156263
0.079366 -384.118367
0.079466 -392.088053
0.079566 -400.989752
0.079666 -410.652465
0.079766 -420.839019
0.079866 -431.34582
0.079966 -442.177523
0.080066 -453.582335
0.080166 -465.916966
0.080266 -479.148463
0.080366 -493.124119
0.080466 -507.584333
0.080566 -522.292847
0.080666 -536.97951
0.080766 -551.252141
0.080866 -564.71981
0.080966 -577.103778
0.081066 -588.102284
0.081166 -597.798766
0.081266 -606.700346
0.081366 -615.840168
0.081466 -626.073577
0.081566 -638.113936
0.081666 -652.096988
0.081766 -667.839146
0.081866 -684.739594
0.081966 -701.82121
0.082066 -717.793241
0.082166 -731.583492
0.082266 -742.857134
0.082366 -752.276456
0.082466 -760.530266
0.082566 -768.802227
0.082666 -778.088875
0.082766 -789.57496
0.082866 -801.482755
0.082966 -815.776076
0.083066 -833.515944
0.083166 -858.548106
0.083266 -885.170325
0.083366 -909.135841
0.083466 -929.503403
0.083566 -948.8391
0.083666 -968.838964
0.083766 -989.880367
0.083866 -1011.990637
0.083966 -1035.116131
0.084066 -1058.075679
0.084166 -1079.20292
0.084266 -1098.362669
0.084366 -1116.757203
0.084466 -1135.362968
0.084566 -1154.960673
0.084666 -1175.70006
0.084766 -1196.947935
0.084866 -1217.51469
0.084966 -1236.030803
0.085066 -1251.8776
0.085166 -1265.702918
0.085266 -1278.532824
0.085366 -1290.851129
0.085466 -1304.58923
0.085566 -1319.671702
0.085666 -1333.639546
0.085766 -1344.931501
0.085866 -1355.969302
0.085966 -1367.999729
0.086066 -1382.721873
0.086166 -1399.975236
0.086266 -1416.950358
0.086366 -1432.346962
0.086466 -1447.091632
0.086566 -1461.954042
0.086666 -1477.890209
0.086766 -1495.61399
0.086866 -1513.025415
0.086966 -1529.996201
0.087066 -1546.436944
0.087166 -1561.712134
0.087266 -1574.693302
0.087366 -1583.644415
0.087466 -1590.166974
0.087566 -1592.07036
0.087666 -1588.795223
0.087766 -1579.72682
0.087866 -1566.802135
0.087966 -1553.412811
0.088066 -1544.721418
0.088166 -1539.696829
0.088266 -1533.48685
0.088366 -1526.41168
0.088466 -1521.444259
0.088566 -1517.945889
0.088666 -1516.688735
0.088766 -1518.089206
0.088866 -1522.864718
0.088966 -1527.004532
0.089066 -1531.361162
0.089166 -1535.312126
0.089266 -1538.945094
0.089366 -1540.959523
0.089466 -1540.463243
0.089566 -1536.997141
0.089666 -1531.966479
0.089766 -1527.684495
0.089866 -1525.615019
0.089966 -1524.557874
0.090066 -1522.000074
0.090166 -1517.327055
0.090266 -1512.059011
0.090366 -1506.323836
0.090466 -1501.68076
0.090566 -1498.570956
0.090666 -1496.480161
0.090766 -1494.417565
0.090866 -1491.638223
0.090966 -1488.444084
0.091066 -1485.230092
0.091166 -1481.610251
0.091266 -1476.733376
0.091366 -1469.638934
0.091466 -1462.114689
0.091566 -1454.819364
0.091666 -1448.308536
0.091766 -1443.189357
0.091866 -1439.713503
0.091966 -1435.752421
0.092066 -1432.082146
0.092166 -1429.834099
0.092266 -1429.671013
0.092366 -1432.659282
0.092466 -1436.118752
0.092566 -1439.114665
0.092666 -1439.697116
0.092766 -1439.036501
0.092866 -1437.069175
0.092966 -1433.955603
0.093066 -1429.53836
0.093166 -1424.023465
0.093266 -1418.22198
0.093366 -1412.994596
0.093466 -1408.700663
0.093566 -1405.235736
0.093666 -1401.687853
0.093766 -1397.258501
0.093866 -1392.113522
0.093966 -1387.150677
0.094066 -1384.12921
0.094166 -1381.516344
0.094266 -1379.464935
0.094366 -1377.711947
0.094466 -1375.644385
0.094566 -1372.033843
0.094666 -1368.312288
0.094766 -1363.866715
0.094866 -1358.081753
0.094966 -1351.332018
0.095066 -1344.294285
0.095166 -1337.607563
0.095266 -1331.958571
0.095366 -1327.341263
0.095466 -1323.449376
0.095566 -1319.673062
0.095666 -1316.860562
0.095766 -1313.530907
0.095866 -1310.399061
0.095966 -1307.646981
0.096066 -1305.121826
0.096166 -1302.642943
0.096266 -1300.186127
0.096366 -1297.765173
0.096466 -1294.740237
0.096566 -1289.86055
0.096666 -1284.246987
0.096766 -1277.151891
0.096866 -1268.705841
0.096966 -1260.795703
0.097066 -1253.201332
0.097166 -1247.109456
0.097266 -1243.079399
0.097366 -1240.512925
0.097466 -1238.1769
0.097566 -1234.775135
0.097666 -1229.296237
0.097766 -1221.346792
0.097866 -1212.148981
0.097966 -1202.448229
0.098066 -1193.327955
0.098166 -1185.793138
0.098266 -1180.187652
0.098366 -1176.118268
0.098466 -1172.584852
0.098566 -1168.424792
0.098666 -1162.91166
0.098766 -1155.894572
0.098866 -1147.915648
0.098966 -1139.792462
0.099066 -1131.963359
0.099166 -1124.654722
0.099266 -1117.756616
0.099366 -1111.179843
0.099466 -1104.73008
0.099566 -1098.17423
0.099666 -1091.559911
0.099766 -1084.953181
0.099866 -1078.404279
0.099966 -1072.010217
0.100066 -1065.748227
0.100166 -1059.440417
0.100266 -1052.958196
0.100366 -1046.144906
0.100466 -1039.172645
0.100566 -1032.040094
0.100666 -1024.720284
0.100766 -1017.199919
0.100866 -1009.579798
0.100966 -1002.072784
0.101066 -995.042021
0.101166 -988.854967
0.101266 -983.555458
0.101366 -978.855182
0.101466 -974.450381
0.101566 -969.981401
0.101666 -965.437392
0.101766 -960.745956
0.101866 -955.911418
0.101966 -950.95389
0.102066 -945.875383
0.102166 -940.775508
0.102266 -935.713567
0.102366 -930.699617
0.102466 -925.706166
0.102566 -920.720165
0.102666 -915.729405
0.102766 -910.647969
0.102866 -905.533785
0.102966 -900.807566
0.103066 -897.050771
0.103166 -894.576606
0.103266 -893.31835
0.103366 -892.753226
0.103466 -892.156517
0.103566 -890.834138
0.103666 -888.20344
0.103766 -884.899963
0.103866 -881.18144
0.103966 -877.475374
0.104066 -874.059969
0.104166 -870.914122
0.104266 -867.892434
0.104366 -864.833557
0.104466 -861.859123
0.104566 -859.339192
0.104666 -857.662185
0.104766 -856.952262
0.104866 -856.774524
0.104966 -856.527211
0.105066 -855.586683
0.105166 -853.762279
0.105266 -851.190603
0.105366 -848.27234
0.105466 -845.429169
0.105566 -842.898349
0.105666 -840.70303
0.105766 -838.703569
0.105866 -836.726274
0.105966 -834.475772
0.106066 -831.983206
0.106166 -829.381739
0.106266 -826.784495
0.106366 -824.343855
0.106466 -822.226887
0.106566 -820.656977
0.106666 -819.632771
0.106766 -819.128423
0.106866 -818.965699
0.106966 -818.981023
0.107066 -818.940778
0.107166 -818.869304
0.107266 -818.826182
0.107366 -818.873332
0.107466 -818.863353
0.107566 -818.734592
0.107666 -818.229957
0.107766 -817.346446
0.107866 -816.301494
0.107966 -815.365322
0.108066 -814.470743
0.108166 -814.158206
0.108266 -814.000199
0.108366 -813.837595
0.108466 -813.804945
0.108566 -814.156273
0.108666 -815.008177
0.108766 -816.212646
0.108866 -817.404564
0.108966 -818.192354
0.109066 -818.236353
0.109166 -817.428098
0.109266 -816.053968
0.109366 -814.50827
0.109466 -813.11165
0.109566 -812.008013
0.109666 -811.317931
0.109766 -810.563696
0.109866 -809.738568
0.109966 -809.089462
0.110066 -808.547295
0.110166 -807.860547
0.110266 -806.682513
0.110366 -805.521246
0.110466 -803.967844
0.110566 -802.119124
0.110666 -799.901482
0.110766 -797.336309
0.110866 -794.767561
0.110966 -792.182634
0.111066 -789.512404
0.111166 -786.917732
0.111266 -784.282698
0.111366 -781.592224
0.111466 -778.908934
0.111566 -776.29124
0.111666 -773.523127
0.111766 -770.654868
0.111866 -767.605468
0.111966 -764.199926
0.112066 -760.156127
0.112166 -755.203865
0.112266 -749.33292
0.112366 -743.02941
0.112466 -736.264296
0.112566 -729.522908
0.112666 -723.00785
0.112766 -717.199288
0.112866 -711.682047
0.112966 -706.036506
0.113066 -699.988026
0.113166 -693.660731
0.113266 -686.927506
0.113366 -680.20676
0.113466 -673.827401
0.113566 -667.906171
0.113666 -662.37948
0.113766 -656.879115
0.113866 -651.146346
0.113966 -645.172393
0.114066 -639.097656
0.114166 -633.190348
0.114266 -627.28204
0.114366 -622.189255
0.114466 -617.074611
0.114566 -611.758488
0.114666 -605.032076
0.114766 -597.027218
0.114866 -588.307012
0.114966 -579.660474
0.115066 -571.721141
0.115166 -565.534176
0.115266 -561.351822
0.115366 -559.345565
0.115466 -557.770126
0.115566 -554.023347
0.115666 -547.295479
0.115766 -537.964759
0.115866 -526.977991
0.115966 -515.248886
0.116066 -503.41057
0.116166 -491.836124
0.116266 -480.617815
0.116366 -469.478456
0.116466 -458.066724
0.116566 -446.014521
0.116666 -433.216441
0.116766 -420.322202
0.116866 -407.851315
0.116966 -396.071419
0.117066 -385.22159
0.117166 -375.414079
0.117266 -366.425501
0.117366 -357.773462
0.117466 -348.981827
0.117566 -339.609473
0.117666 -329.308104
0.117766 -318.113911
0.117866 -306.149753
0.117966 -293.881734
0.118066 -281.835505
0.118166 -270.488433
0.118266 -259.862475
0.118366 -249.411414
0.118466 -238.366631
0.118566 -226.034793
0.118666 -210.943461
0.118766 -195.905064
0.118866 -181.087613
0.118966 -165.588617
0.119066 -151.601732
0.119166 -138.592601
0.119266 -125.796155
0.119366 -113.061725
0.119466 -100.632012
0.119566 -88.985042
0.119666 -78.520272
0.119766 -69.149915
0.119866 -60.159315
0.119966 -50.750869
0.120066 -40.41658
0.120166 -28.608005
0.120266 -15.320438
0.120366 -1.358609
0.120466 12.695727
0.120566 26.37383
0.120666 39.223262
0.120766 51.065543
0.120866 62.032856
0.120966 71.720088
0.121066 80.611625
0.121166 89.263674
0.121266 98.268141
0.121366 108.106934
0.121466 118.92743
0.121566 130.53779
0.121666 141.777087
0.121766 151.582757
0.121866 296.328239
0.121966 499.20624
0.122066 803.459547
0.122166 862.302883
0.122266 847.531429
0.122366 864.446627
0.122466 887.761149
0.122566 905.374997
0.122666 917.714317
0.122766 922.524595
0.122866 928.500164
0.122966 932.689755
0.123066 927.787627
0.123166 918.559251
0.123266 911.885642
0.123366 909.254938
0.123466 907.693299
0.123566 906.037353
0.123666 895.030039
0.123766 869.890418
0.123866 841.638808
0.123966 775.8841
0.124066 729.151102
0.124166 701.539
0.124266 686.13575
0.124366 681.80251
0.124466 684.441826
0.124566 693.347169
0.124666 712.47647
0.124766 736.578513
0.124866 761.136919
0.124966 782.873761
0.125066 798.844473
0.125166 809.833624
0.125266 818.191659
0.125366 820.754539
0.125466 817.205489
0.125566 811.715597
0.125666 807.424268
0.125766 809.256102
0.125866 811.195747
0.125966 814.305938
0.126066 794.350025
0.126166 784.96717
0.126266 816.875881
0.126366 873.408906
0.126466 926.056269
0.126566 1013.247084
0.126666 1129.34079
0.126766 1237.719547
0.126866 1387.682713
0.126966 1543.78558
0.127066 1676.235321
0.127166 1823.470222
0.127266 1929.124259
0.127366 2011.603721
0.127466 2067.997122
0.127566 2113.706416
0.127666 2115.861211
0.127766 2125.190796
0.127866 2085.402741
0.127966 2063.687466
0.128066 2025.633632
0.128166 1978.682777
0.128266 1930.000083
0.128366 1868.142829
0.128466 1818.23114
0.128566 1769.269815
0.128666 1721.497498
0.128766 1683.331743
0.128866 1664.731872
0.128966 1640.46189
0.129066 1629.029403
0.129166 1632.791784
0.129266 1629.527228
0.129366 1618.154365
0.129466 1603.895929
0.129566 1546.883757
0.129666 1493.620665
0.129766 1480.792808
0.129866 1462.216665
0.129966 1461.540903
0.130066 1470.864641
0.130166 1488.160582
0.130266 1512.536557
0.130366 1546.429201
0.130466 1607.965316
0.130566 1690.205025
0.130666 1767.327529
0.130766 1854.633356
0.130866 1951.797527
0.130966 2061.025348
0.131066 2147.647063
0.131166 2226.486852
0.131266 2271.528279
0.131366 2309.734694
0.131466 2342.078172
0.131566 2364.180244
0.131666 2370.701934
0.131766 2348.139659
0.131866 2267.936695
0.131966 2198.768874
0.132066 2142.56725
0.132166 2070.661843
0.132266 2027.759634
0.132366 1998.10123
0.132466 1983.565929
0.132566 1976.490014
0.132666 1968.815924
0.132766 1957.573612
0.132866 1951.127363
0.132966 1956.524337
0.133066 1972.038001
0.133166 1991.710604
0.133266 2013.608358
0.133366 2052.145409
0.133466 2081.678587
0.133566 2135.540745
0.133666 2187.204375
0.133766 2211.684174
0.133866 2230.162191
0.133966 2255.695014
0.134066 2279.318287
0.134166 2241.695124
0.134266 2186.962491
0.134366 2134.609672
0.134466 2088.472256
0.134566 2045.652532
0.134666 2015.696147
0.134766 1999.379521
0.134866 2000.103391
0.134966 2007.548859
0.135066 2029.548295
0.135166 2061.856025
0.135266 2106.31351
0.135366 2150.204557
0.135466 2193.544655
0.135566 2220.534546
0.135666 2241.104481
0.135766 2260.333091
0.135866 2265.869546
0.135966 2250.172577
0.136066 2211.835827
0.136166 2157.361243
0.136266 2089.983496
0.136366 2018.888826
0.136466 1952.785894
0.136566 1902.154739
0.136666 1865.277801
0.136766 1842.23396
0.136866 1833.630907
0.136966 1837.415556
0.137066 1844.50142
0.137166 1860.719306
0.137266 1884.030488
0.137366 1908.531959
0.137466 1935.235078
0.137566 1956.806035
0.137666 1971.56046
0.137766 1995.422081
0.137866 1999.641667
0.137966 2005.581919
0.138066 2077.18624
0.138166 2130.859892
0.138266 2179.507673
0.138366 2204.326981
0.138466 2205.718295
0.138566 2174.130666
0.138666 2100.477243
0.138766 1999.946375
0.138866 1897.070485
0.138966 1807.89206
0.139066 1746.79487
0.139166 1713.349296
0.139266 1699.014275
0.139366 1692.073013
0.139466 1684.93038
0.139566 1675.318216
0.139666 1653.346558
0.139766 1610.467509
0.139866 1538.864208
0.139966 1447.423251
0.140066 1336.349898
0.140166 1215.640826
0.140266 1101.650708
0.140366 1007.71735
0.140466 941.245425
0.140566 922.09347
0.140666 915.797461
0.140766 900.688336
0.140866 885.517098
0.140966 883.515506
0.141066 927.004889
0.141166 999.903664
0.141266 1085.869944
0.141366 1167.272511
0.141466 1224.030024
0.141566 1240.762981
0.141666 1238.040615
0.141766 1208.850116
0.141866 1154.106939
0.141966 1095.343816
0.142066 1062.30037
0.142166 1075.465115
0.142266 1103.774898
0.142366 1167.848205
0.142466 1227.396235
0.142566 1261.964043
0.142666 1281.521389
0.142766 1315.001856
0.142866 1356.616715
0.142966 1404.589429
0.143066 1458.62442
0.143166 1494.26631
0.143266 1567.265139
0.143366 1618.530001
0.143466 1640.274354
0.143566 1679.252223
0.143666 1715.558842
0.143766 1765.770479
0.143866 1826.858851
0.143966 1889.541311
0.144066 1957.828405
0.144166 2038.317634
0.144266 2132.756141
0.144366 2204.799365
0.144466 2228.451777
0.144566 2220.87684
0.144666 2209.597726
0.144766 2203.041345
0.144866 2206.737793
0.144966 2214.72996
0.145066 2244.865102
0.145166 2299.60806
0.145266 2360.218111
0.145366 2424.808912
0.145466 2489.151202
0.145566 2553.924209
0.145666 2613.586331
0.145766 2659.726168
0.145866 2692.192897
0.145966 2711.048556
0.146066 2720.469524
0.146166 2721.953726
0.146266 2726.36022
0.146366 2723.873736
0.146466 2717.571661
0.146566 2718.726
0.146666 2729.802875
0.146766 2753.260227
0.146866 2778.231817
0.146966 2809.724777
0.147066 2850.708992
0.147166 2878.872463
0.147266 2894.545403
0.147366 2905.795756
0.147466 2914.613835
0.147566 2920.381028
0.147666 2921.104705
0.147766 2926.978894
0.147866 2934.572624
0.147966 2948.406291
0.148066 2967.811238
0.148166 3000.100069
0.148266 3044.420529
0.148366 3100.745122
0.148466 3170.777754
0.148566 3246.957119
0.148666 3320.243499
0.148766 3383.388001
0.148866 3432.366228
0.148966 3466.666059
0.149066 3477.211985
0.149166 3472.97562
0.149266 3449.286567
0.149366 3414.756294
0.149466 3363.748409
0.149566 3306.764593
0.149666 3239.848321
0.149766 3172.781975
0.149866 3126.86818
0.149966 3075.423584
0.150066 3020.28503
0.150166 2963.335392
0.150266 2897.668642
0.150366 2833.93718
0.150466 2766.375157
0.150566 2705.100686
0.150666 2656.860444
0.150766 2628.065507
0.150866 2620.491816
0.150966 2638.104418
0.151066 2671.512467
0.151166 2705.263771
0.151266 2745.550436
0.151366 2774.873972
0.151466 2789.551456
0.151566 2795.229669
0.151666 2796.697009
0.151766 2793.455836
0.151866 2782.43117
0.151966 2755.696952
0.152066 2719.46277
0.152166 2673.458649
0.152266 2617.1291
0.152366 2554.288188
0.152466 2503.717268
0.152566 2450.195845
0.152666 2392.528301
0.152766 2327.367991
0.152866 2245.177977
0.152966 2161.073124
0.153066 2088.505796
0.153166 2033.240412
0.153266 1973.70998
0.153366 1898.184259
0.153466 1817.155215
0.153566 1726.889471
0.153666 1646.564299
0.153766 1578.222514
0.153866 1526.464709
0.153966 1492.114746
0.154066 1483.467577
0.154166 1480.584848
0.154266 1486.574005
0.154366 1496.468234
0.154466 1509.788206
0.154566 1529.497393
0.154666 1557.957487
0.154766 1576.166493
0.154866 1594.633106
0.154966 1603.450159
0.155066 1608.023529
0.155166 1612.43994
0.155266 1601.346968
0.155366 1584.649972
0.155466 1565.870248
0.155566 1545.798386
0.155666 1511.558059
0.155766 1472.504067
0.155866 1449.650496
0.155966 1432.10804
0.156066 1423.649688
0.156166 1431.522224
0.156266 1456.67398
0.156366 1484.011819
0.156466 1523.664487
0.156566 1560.575428
0.156666 1578.240639
0.156766 1581.084539
0.156866 1569.32798
0.156966 1546.065256
0.157066 1542.128131
0.157166 1542.847474
0.157266 1572.086852
0.157366 1581.627537
0.157466 1620.510256
0.157566 1605.039327
0.157666 1555.735759
0.157766 1542.173001
0.157866 1523.321893
0.157966 1481.797486
0.158066 1439.73057
0.158166 1411.12637
0.158266 1396.057511
0.158366 1382.684111
0.158466 1357.201971
0.158566 1330.484818
0.158666 1292.48202
0.158766 1262.265164
0.158866 1239.228279
0.158966 1230.208176
0.159066 1224.000307
0.159166 1223.090652
0.159266 1228.825582
0.159366 1232.336837
0.159466 1248.081655
0.159566 1269.803872
0.159666 1290.924456
0.159766 1294.234433
0.159866 1302.390143
0.159966 1309.305021
0.160066 1302.949802
0.160166 1291.706357
0.160266 1278.280665
0.160366 1260.889724
0.160466 1235.319053
0.160566 1198.208112
0.160666 1156.802871
0.160766 1116.246429
0.160866 1077.801122
0.160966 1033.689068
0.161066 986.028319
0.161166 931.976519
0.161266 874.016097
0.161366 802.284639
0.161466 779.049758
0.161566 782.505272
0.161666 786.289549
0.161766 805.158796
0.161866 827.725182
0.161966 851.036152
0.162066 870.185023
0.162166 887.018285
0.162266 889.440502
0.162366 879.819866
0.162466 865.56108
0.162566 851.601791
0.162666 839.753452
0.162766 826.162828
0.162866 804.978798
0.162966 776.98593
0.163066 740.552101
0.163166 690.295176
0.163266 645.047004
0.163366 611.358966
0.163466 582.751493
0.163566 559.586917
0.163666 537.396446
0.163766 526.015759
0.163866 519.116549
0.163966 515.957157
0.164066 517.970716
0.164166 528.082138
0.164266 536.399768
0.164366 633.143578
0.164466 776.85432
0.164566 821.50356
0.164666 862.26232
0.164766 884.882278
0.164866 863.355641
0.164966 932.602803
0.165066 946.176258
0.165166 976.528939
0.165266 972.815799
0.165366 962.952646
0.165466 949.590701
0.165566 922.305367
0.165666 884.814708
0.165766 838.677511
0.165866 798.650855
0.165966 764.821392
0.166066 726.950795
0.166166 696.479025
0.166266 656.102476
0.166366 613.391358
0.166466 561.213932
0.166566 513.535502
0.166666 469.481186
0.166766 432.831186
0.166866 399.089298
0.166966 356.57118
0.167066 321.678317
0.167166 294.695076
0.167266 264.116501
0.167366 232.691599
0.167466 204.652966
0.167566 177.465641
0.167666 153.759132
0.167766 121.253885
0.167866 90.769539
0.167966 62.917228
0.168066 38.616101
0.168166 16.252296
0.168266 -0.164677
0.168366 -13.404381
0.168466 -19.42381
0.168566 -22.741065
0.168666 -26.4211
0.168766 -33.891993
0.168866 -44.615206
0.168966 -60.261937
0.169066 -79.969558
0.169166 -101.192305
0.169266 -122.560113
0.169366 -141.681342
0.169466 -153.511975
0.169566 -165.094522
0.169666 -174.366395
0.169766 -179.297509
0.169866 -180.059301
0.169966 -177.778467
0.170066 -167.550869
0.170166 -148.329655
0.170266 -142.832106
0.170366 -143.827974
0.170466 -150.670323
0.170566 -164.449467
0.170666 -183.804135
0.170766 -198.458814
0.170866 -204.335871
0.170966 -205.883156
0.171066 -205.391246
0.171166 -204.624871
0.171266 -204.62351
0.171366 -205.40021
0.171466 -206.585531
0.171566 -207.654619
0.171666 -207.840095
0.171766 -207.155742
0.171866 -205.9953
0.171966 -204.720045
0.172066 -203.534173
0.172166 -202.701607
0.172266 -201.973937
0.172366 -201.070021
0.172466 -199.920775
0.172566 -198.57733
0.172666 -197.138187
0.172766 -196.067895
0.172866 -195.080217
0.172966 -195.425869
0.173066 -195.778849
0.173166 -195.501927
0.173266 -194.357368
0.173366 -191.865434
0.173466 -190.685951
0.173566 -189.058607
0.173666 -186.817312
0.173766 -185.905238
0.173866 -185.524674
0.173966 -185.264768
0.174066 -184.775719
0.174166 -183.867186
0.174266 -182.183016
0.174366 -179.792722
0.174466 -177.141842
0.174566 -174.630166
0.174666 -172.777441
0.174766 -172.107685
0.174866 -172.226998
0.174966 -172.596231
0.175066 -172.34218
0.175166 -170.497984
0.175266 -167.023677
0.175366 -162.779643
0.175466 -158.716472
0.175566 -155.504721
0.175666 -153.654962
0.175766 -152.897205
0.175866 -152.521798
0.175966 -151.879157
0.176066 -150.654704
0.176166 -148.672285
0.176266 -146.313498
0.176366 -144.041296
0.176466 -141.998075
0.176566 -140.23535
0.176666 -138.627378
0.176766 -136.73924
0.176866 -134.444267
0.176966 -131.957454
0.177066 -129.494088
0.177166 -127.495603
0.177266 -126.202568
0.177366 -125.356881
0.177466 -124.491171
0.177566 -123.206145
0.177666 -121.1683
0.177766 -118.612715
0.177866 -115.898213
0.177966 -113.472698
0.178066 -111.410113
0.178166 -109.539958
0.178266 -107.821242
0.178366 -106.142782
0.178466 -104.469151
0.178566 -102.819067
0.178666 -101.22593
0.178766 -99.711142
0.178866 -98.267669
0.178966 -96.882983
0.179066 -95.527466
0.179166 -94.179023
0.179266 -92.819265
0.179366 -90.949505
0.179466 -89.598678
0.179566 -88.339328
0.179666 -87.071772
0.179766 -86.105185
0.179866 -84.436356
0.179966 -82.672127
0.180066 -81.442932
0.180166 -80.996187
0.180266 -81.338976
0.180366 -82.22389
0.180466 -83.039801
0.180566 -83.136736
0.180666 -81.988446
0.180766 -79.74831
0.180866 -77.129909
0.180966 -74.904462
0.181066 -73.561395
0.181166 -73.229313
0.181266 -73.349481
0.181366 -73.3151
0.181466 -72.931856
0.181566 -72.271987
0.181666 -71.940238
0.181766 -72.31055
0.181866 -73.132791
0.181966 -73.942065
0.182066 -74.294806
0.182166 -74.072803
0.182266 -73.637922
0.182366 -73.475196
0.182466 -73.721172
0.182566 -74.05756
0.182666 -74.176745
0.182766 -73.822518
0.182866 -73.147436
0.182966 -72.723423
0.183066 -73.224243
0.183166 -75.110852
0.183266 -78.131141
0.183366 -80.855602
0.183466 -83.386208
0.183566 -84.929391
0.183666 -85.440775
0.183766 -85.473335
0.183866 -85.542327
0.183966 -85.94794
0.184066 -86.272643
0.184166 -87.507613
0.184266 -88.969303
0.184366 -90.396822
0.184466 -91.747274
0.184566 -93.081826
0.184666 -94.424123
0.184766 -95.706891
0.184866 -96.945112
0.184966 -98.360673
0.185066 -100.262233
0.185166 -102.871195
0.185266 -106.063433
0.185366 -109.428216
0.185466 -112.479918
0.185566 -114.772204
0.185666 -116.28346
0.185766 -117.424123
0.185866 -118.67291
0.185966 -120.126157
0.186066 -121.481041
0.186166 -122.29396
0.186266 -122.370669
0.186366 -122.134832
0.186466 -122.666825
0.186566 -125.116721
0.186666 -129.956935
0.186766 -136.548475
0.186866 -143.521053
0.186966 -149.057374
0.187066 -151.770286
0.187166 -151.568917
0.187266 -149.473987
0.187366 -147.209835
0.187466 -146.42696
0.187566 -148.046754
0.187666 -151.976036
0.187766 -157.36078
0.187866 -162.931441
0.187966 -167.605791
0.188066 -170.86628
0.188166 -172.876859
0.188266 -174.16112
0.188366 -175.363019
0.188466 -176.904315
0.188566 -178.846891
0.188666 -180.980876
0.188766 -183.135491
0.188866 -185.286004
0.188966 -187.678563
0.189066 -190.676084
0.189166 -194.413583
0.189266 -198.719333
0.189366 -202.963947
0.189466 -206.842189
0.189566 -209.68299
0.189666 -211.523845
0.189766 -211.881989
0.189866 -212.852523
0.189966 -214.319274
0.190066 -216.257437
0.190166 -218.458423
0.190266 -220.757237
0.190366 -223.116066
0.190466 -225.765103
0.190566 -229.178098
0.190666 -233.394369
0.190766 -238.183828
0.190866 -242.884798
0.190966 -246.564522
0.191066 -248.4181
0.191166 -248.331122
0.191266 -246.98783
0.191366 -245.576472
0.191466 -245.391672
0.191566 -247.247337
0.191666 -251.028298
0.191766 -256.054753
0.191866 -261.276142
0.191966 -265.960991
0.192066 -270.219015
0.192166 -274.268192
0.192266 -278.333158
0.192366 -282.464972
0.192466 -286.174427
0.192566 -288.718435
0.192666 -289.801632
0.192766 -289.862941
0.192866 -289.933248
0.192966 -291.264871
0.193066 -294.74346
0.193166 -300.282852
0.193266 -307.089306
0.193366 -313.953811
0.193466 -319.789424
0.193566 -324.095396
0.193666 -327.212619
0.193766 -329.602456
0.193866 -331.728987
0.193966 -333.662498
0.194066 -335.073173
0.194166 -335.662318
0.194266 -335.582989
0.194366 -335.440974
0.194466 -336.178309
0.194566 -338.595818
0.194666 -342.611524
0.194766 -347.672336
0.194866 -352.876631
0.194966 -357.558442
0.195066 -361.575879
0.195166 -365.333558
0.195266 -368.992857
0.195366 -372.436213
ENDATA
