XYDATA, head_z_accel
0.0 -0.0
0.0 0.14038198569338153
1e-06 0.3197085651063309
3e-06 0.3647503479781577
1.6e-05 -0.02485058608189341
4.6e-05 -0.188396241326039
9e-05 -0.1652263515063758
0.000145 -0.09759265396440171
0.000209 -0.015161854455904924
0.00028 0.06275231603044873
0.000357 0.1020246465408677
0.000439 0.08650191451718987
0.000524 0.035500604181856195
0.000613 -0.013469533428846752
0.000703 -0.034277148669525276
0.000796 -0.027386824246812113
0.00089 -0.00949549540362917
0.000985 0.0024604732502944435
0.001081 0.0030839277429091485
0.001178 -0.0021704659593235203
0.001275 -0.004993244380089021
0.001373 -0.0016590782785150893
0.001472 0.005201470430779114
0.001571 0.010220921517541668
0.00167 0.010234483743174275
0.001769 0.005396746085564388
0.001868 1.7437147241922576e-05
0.001968 -0.002490045020470803
0.002067 -0.0013190029214869502
0.002167 0.0014040472536493095
0.002267 0.0024611870516435277
0.002366 0.00018008188321190215
0.002466 -0.004092325105923022
0.002566 -0.007040834535748702
0.002666 -0.0061071823711461104
0.002766 -0.0014245435495301658
0.002866 0.0043356293943395555
0.002966 0.007734037617331097
0.003066 0.0066075571168543795
0.003166 0.0012559844595249144
0.003266 -0.005662280187423841
0.003366 -0.010490024626146545
0.003466 -0.010780745718466551
0.003566 -0.006785395624397731
0.003666 -0.0007723330597094828
0.003766 0.004803577164475127
0.003866 0.008309667419557139
0.003966 0.00905151096449858
0.004066 0.00708753753830309
0.004166 0.0031400121346229345
0.004266 -0.0014975552303793855
0.004366 -0.005367276287009326
0.004466 -0.007436688369626732
0.004566 -0.007495627966736858
0.004666 -0.006115238129228636
0.004766 -0.004234269602769549
0.004866 -0.002663498748298349
0.004966 -0.0017731845227473197
0.005066 -0.0014642105102150073
0.005166 -0.0013567324213671337
0.005266 -0.0010002396333100498
0.005366 -0.00013123747661025937
0.005466 0.001061626549331321
0.005566 0.0019406219249182952
0.005666 0.001924510408753244
0.005766 0.0009509873402232158
0.005866 -0.0005056772700157546
0.005966 -0.0017701253741083858
0.006066 -0.0023445315168788526
0.006166 -0.002109690873030036
0.006266 -0.0013177792620313769
0.006366 -0.00044836921884639506
0.006466 4.486751337102885e-06
0.006566 -0.0002574783437769269
0.006666 -0.0012072420245445694
0.006766 -0.002507788082576619
0.006866 -0.0036539491059638103
0.006966 -0.004168905793517664
0.007066 -0.003788041787970408
0.007166 -0.002554593056752306
0.007266 -0.0007862012002059827
0.007366 0.0010923200073419568
0.007466 0.002723763976485344
0.007566 0.0038247515716376135
0.007666 0.0041109859126205175
0.007766 0.003384030224388553
0.007866 0.0017176099891400226
0.007966 -0.00041206732166438085
0.008066 -0.0023067000453773716
0.008166 -0.0034006515986600926
0.008266 -0.003526382607720272
0.008366 -0.0029148587947974078
0.008466 -0.001985591409910622
0.008566 -0.0011019053397439494
0.008666 -0.0004390898013082959
0.008766 -8.667587810312391e-06
0.008866 0.0002293341762987361
0.008966 0.00029214869501817647
0.009066 0.00017865428051373305
0.009166 -0.00010329725237466413
0.009266 -0.0005174040064650009
0.009366 -0.0009994238603396675
0.009466 -0.00149041721688854
0.009566 -0.0019651970856510636
0.009666 -0.002423049665278153
0.009766 -0.0028447023193445267
0.009866 -0.0031596926575334088
0.009966 -0.0032681904625942605
0.010066 -0.0031026905212279423
0.010166 -0.002678488576629124
0.010266 -0.0020905202082260508
0.010366 -0.00145207588728057
0.010466 -0.0008454467121800003
0.010566 -0.00030040839634329765
0.010666 0.0001736576710701412
0.010766 0.0005486073225821254
0.010866 0.000771313343496505
0.010966 0.0007863031718272805
0.011066 0.0005625774346999231
0.011166 9.891247265885905e-05
0.011266 -0.0005733864265574891
0.011366 -0.0013950737509751039
0.011466 -0.002275598700881545
0.011566 -0.003107381215807641
0.011666 -0.003793242340656596
0.011766 -0.0042619039121412515
0.011866 -0.004464011665553477
0.011966 -0.0043706056604446986
0.012066 -0.003966696068484141
0.012166 -0.0032551380950681425
0.012266 -0.0022318528753447918
0.012366 -0.0008982680120122571
0.012466 0.0008001713123237804
0.012566 0.0030786252186016634
0.012666 0.006112077008968405
0.012766 0.009676800946296646
0.012866 0.013069294815252916
0.012966 0.015377524434949753
0.013066 0.015856587111806784
0.013166 0.01418945307520917
0.013266 0.010624117308153143
0.013366 0.005923735424431381
0.013466 0.0012048966772547202
0.013566 -0.002447318911147028
0.013666 -0.004446574518311554
0.013766 -0.004921456358695376
0.013866 -0.004533046453172082
0.013966 -0.00404021760743985
0.014066 -0.003911223506498142
0.014166 -0.004188994202913329
0.014266 -0.004608301509689854
0.014366 -0.004827540495480108
0.014466 -0.004619824302896504
0.014566 -0.003949666807727409
0.014666 -0.0029358649487847533
0.014766 -0.0017625794741323488
0.014866 -0.000591129488663305
0.014966 0.0005225025875298905
0.015066 0.0016611177109410451
0.015166 0.0028973196759341877
0.015266 0.00414137345576726
0.015366 0.005140593372864332
0.015466 0.0056244487159223585
0.015566 0.005469043965064523
0.015666 0.004775534968618234
0.015766 0.003812514977081878
0.015866 0.0028552053963381992
0.015966 0.0020229130233056143
0.016066 0.0012221298812540471
0.016166 0.00031091147333697035
0.016266 -0.0007078869950492778
0.016366 -0.0016750878230588429
0.016466 -0.002393070008616602
0.016566 -0.0027000045887229586
0.016666 -0.0024214181193373883
0.016766 -0.0009948351373812669
0.016866 0.0025272646622444975
0.016966 0.008269286657523212
0.017066 0.014579086640188036
0.017166 0.018586979243676485
0.017266 0.018010329725237466
0.017366 0.012775412602672677
0.017466 0.005169247398449012
0.017566 -0.0015952440435826711
0.017666 -0.005181483993004747
0.017766 -0.005103781617575829
0.017866 -0.0024925943110032478
0.017966 0.0008884787363676689
0.018066 0.0035810393967358888
0.018166 0.004881789398010534
0.018266 0.00476829498350609
0.018366 0.003584506431860014
0.018466 0.0017863388618947348
0.018566 -0.00014632927656233271
0.018666 -0.0016871204743719825
0.018766 -0.0022918121886678937
0.018866 -0.0014835851182615877
0.018966 0.001006052015724024
0.019066 0.0050853247541209285
0.019166 0.01019685621491539
0.019266 0.015338163389128806
0.019366 0.019266212213141082
0.019466 0.02088154466611942
0.019566 0.019638918488984518
0.019666 0.015773378268827784
0.019766 0.010214803220263802
0.019866 0.004259558564851402
0.019966 -0.0007842637394013247
0.020066 -0.003924071930781664
0.020166 -0.004821830084687432
0.020266 -0.0038323994432349477
0.020366 -0.0016668281217337216
0.020466 0.001282701024304936
0.020566 0.005069213237955877
0.020666 0.00967241616658084
0.020766 0.014461411389210383
0.020866 0.018231098285347188
0.020966 0.019726308168436728
0.021066 0.01832073134046795
0.021166 0.014423172031223713
0.021266 0.009350389786522412
0.021366 0.004729341824170333
0.021466 0.001867508272447778
0.021566 0.001236915766342227
0.021666 0.0022939535927151474
0.021766 0.004071013037071783
0.021866 0.005631688701034502
0.021966 0.006283491304369994
0.022066 0.005727134138569236
0.022166 0.004208266839338612
0.022266 0.0024322271111949546
0.022366 0.0013448017416752918
0.022466 0.0018759719170154947
0.022566 0.004675602779746397
0.022666 0.009986692703420638
0.022766 0.017281844462686033
0.022866 0.024947357150505018
0.022966 0.030475238741058366
0.023066 0.03150046142158638
0.023166 0.02710915552201822
0.023266 0.01849663238720664
0.023366 0.008277750302090929
0.023466 -0.0006055074872662937
0.023566 -0.005997154991765792
0.023666 -0.0070602091437952826
0.023766 -0.004490320343848307
0.023866 0.00033620043541882295
0.023966 0.005881009315107606
0.024066 0.011319359822161494
0.024166 0.016328511775172968
0.024266 0.020609382408875613
0.024366 0.02367515920319375
0.024466 0.02494562363294295
0.024566 0.024055615322255818
0.024666 0.02111995431671366
0.024766 0.01678636435480006
0.024866 0.012030815823956193
0.024966 0.007866498753396931
0.025066 0.005105821050001785
0.025166 0.004171251140807513
0.025266 0.004966629786930297
0.025366 0.0072059265906298286
0.025466 0.010516741190926566
0.025566 0.014142444157790889
0.025666 0.017376983985356878
0.025766 0.019746090662968497
0.025866 0.02110557631811067
0.025966 0.021619207374587654
0.026066 0.02165265406637333
0.026166 0.021627569047534073
0.026266 0.021869547704873735
0.026366 0.022495959374506075
0.026466 0.02337536263657824
0.026566 0.024314725211973507
0.026666 0.025101130355422087
0.026766 0.025446916123242902
0.026866 0.02468794134592343
0.026966 0.022159453024223362
0.027066 0.017561858534769773
0.027166 0.011819122738141976
0.027266 0.006790290262220024
0.027366 0.004354494144279647
0.027466 0.005755278306047427
0.027566 0.010867013710084484
0.027666 0.018382730086217006
0.027766 0.026219249182952386
0.027866 0.032339687864867205
0.027966 0.035024294738774206
0.028066 0.03332371401039091
0.028166 0.027533867324723533
0.028266 0.019505845523190898
0.028366 0.011722861527636859
0.028466 0.00658073858045306
0.028566 0.005608337199757308
0.028666 0.008997873891695941
0.028766 0.015337245644537128
0.028866 0.02214140404725365
0.028966 0.02659328108987269
0.029066 0.02676479735689558
0.029166 0.022529610009534348
0.029266 0.015592480612645501
0.029366 0.008747737504652455
0.029466 0.00479144254154069
0.029566 0.0056979702548780676
0.029666 0.01134536258559243
0.029766 0.019944425466392704
0.029866 0.028638016040136032
0.029966 0.03445264182977878
0.030066 0.03537946189575441
0.030166 0.031143866661907993
0.030266 0.02337536263657824
0.030366 0.014928951272860765
0.030466 0.008428872244854257
0.030566 0.005916699382561833
0.030666 0.008258171750801752
0.030766 0.015101079369611439
0.030866 0.024850382138650814
0.030966 0.03489081388649539
0.031066 0.042341778283103815
0.031166 0.045148649130946863
0.031266 0.042869379451698594
0.031366 0.036777594795368455
0.031466 0.02925667786654974
0.031566 0.0226103715336022
0.031666 0.018300235044587092
0.031766 0.01662790045530329
0.031866 0.017078513049818236
0.031966 0.018908903652113618
0.032066 0.021525801369478875
0.032166 0.024558539358496532
0.032266 0.027675098020220973
0.032366 0.030470650018099964
0.032466 0.03263336613420485
0.032566 0.0338136876507268
0.032666 0.03399254587448314
0.032766 0.03360923455002473
0.032866 0.033372456445371255
0.032966 0.0339157612436459
0.033066 0.035472154099514104
0.033166 0.037731131426124116
0.033266 0.03994728067178904
0.033366 0.04124476758118216
0.033466 0.04096832251584384
0.033566 0.03892776840205371
0.033666 0.03545492089551478
0.033766 0.031278163287157185
0.033866 0.027296681333584864
0.033966 0.024343991067285974
0.034066 0.023002350445870914
0.034166 0.023487429448384518
0.034266 0.02560966283083418
0.034366 0.028819015667939613
0.034466 0.032341013495944086
0.034566 0.03538802751194343
0.034666 0.03738911860829131
0.034766 0.03815043873290064
0.034866 0.03789316433236631
0.034966 0.037270627584343276
0.035066 0.03657222395007469
0.035166 0.0361099865907318
0.035266 0.036130380914991364
0.035366 0.03646698923689538
0.035466 0.036745473734659646
0.035566 0.036667159529502946
0.035666 0.036097749996176064
0.035766 0.03506284001162477
0.035866 0.0337028444983761
0.035966 0.03224556805840934
0.036066 0.031044444331142645
0.036166 0.03042384504392428
0.036266 0.030548760280014072
0.036366 0.03151371773235508
0.036466 0.03320481509995768
0.036566 0.035281569139308536
0.036666 0.03725359832358655
0.036766 0.03864877404618295
0.036866 0.03919289461742797
0.036966 0.03892572896962775
0.037066 0.038286060989226704
0.037166 0.0379440481713939
0.037266 0.03842096944420368
0.037366 0.040284500823420846
0.037466 0.043631005491171805
0.037566 0.04801558126373431
0.037666 0.05240913053897101
0.037766 0.055439217265834916
0.037866 0.05584893924020946
0.037966 0.05306154497203429
0.038066 0.047614934763655276
0.038166 0.04071115008693081
0.038266 0.03425226759392861
0.038366 0.03026884817955163
0.038466 0.030287203071385237
0.038566 0.033849479689802335
0.038666 0.03958762676347173
0.038766 0.045730193287208176
0.038866 0.050443321623592156
0.038966 0.052360388103990664
0.039066 0.050995905839404894
0.039166 0.046936415595539765
0.039266 0.04170700494052505
0.039366 0.03722779950339821
0.039466 0.03530196346356809
0.039566 0.03695788062182295
0.039666 0.04197417058832527
0.039766 0.04873335950604947
0.039866 0.05496708865922614
0.039966 0.058537624978968354
0.040066 0.05866784273936564
0.040166 0.0552646418501731
0.040266 0.04935395879326784
0.040366 0.04306353341864959
0.040466 0.038849760111760896
0.040566 0.038579637286943046
0.040666 0.04285010681527331
0.040766 0.0510140567879959
0.040866 0.062157617535040004
0.040966 0.07184288212590437
0.041066 0.0771957804143107
0.041166 0.07746182437427665
0.041266 0.07373731090637475
0.041366 0.06818006148888765
0.041466 0.06299164342563465
0.041566 0.05956906792839554
0.041666 0.0582492492339382
0.041766 0.05841169002666558
0.041866 0.05866396781775632
0.041966 0.05789887474315898
0.042066 0.05546674960358532
0.042166 0.05142530833668991
0.042266 0.04651588462930766
0.042366 0.04188260007239985
0.042466 0.03878551799034329
0.042566 0.038398331744275566
0.042666 0.04141312272794481
0.042766 0.04771160386064559
0.042866 0.05625142122947184
0.042966 0.06529854741425462
0.043066 0.07277418894321712
0.043166 0.07697348227988152
0.043266 0.07709309499166382
0.043366 0.07347238863424309
0.043466 0.06726527407422514
0.043566 0.0601155338469304
0.043666 0.05370896279565397
0.043766 0.04936599144458098
0.043866 0.04780123691576635
0.043966 0.049067826423906225
0.044066 0.05263387599231134
0.044166 0.05752433297813219
0.044266 0.06252420551360556
0.044366 0.06642941269444713
0.044466 0.06832037443979341
0.044566 0.0678316244589131
0.044666 0.06531027415070387
0.044766 0.061766250452499075
0.044866 0.05874238399453432
0.044966 0.057580315398224675
0.045066 0.05854853594244722
0.045166 0.06154119908429484
0.045266 0.06597951390128128
0.045366 0.07091861135046118
0.045466 0.07533173917698704
0.045566 0.07844177165494844
0.045666 0.0798761044801232
0.045766 0.07963749088628636
0.045866 0.07814686972615521
0.045966 0.07610743730019937
0.046066 0.07307704465847155
0.046166 0.06932204167580162
0.046266 0.06560823522813601
0.046366 0.06297848908648723
0.046466 0.06246485803001025
0.046566 0.06478940310911474
0.046666 0.07068713577011519
0.046766 0.0775696083779884
0.046866 0.08281757786807932
0.046966 0.08464205411633943
0.047066 0.08261128927819388
0.047166 0.0776761687222446
0.047266 0.0717440716248668
0.047366 0.06700249320614074
0.047466 0.06521911152126363
0.047566 0.06721102517169472
0.047666 0.07261694870317591
0.047766 0.08001784503372712
0.047866 0.08737305807793691
0.047966 0.09265783932331632
0.048066 0.09454207094165694
0.048166 0.09298659583038041
0.048266 0.08995446967109054
0.048366 0.08598257304992021
0.048466 0.08186944573325244
0.048566 0.07876542958094764
0.048666 0.07764557723585526
0.048766 0.07888901918596056
0.048866 0.0821072435541189
0.048966 0.08627625131925785
0.049066 0.09011191385437434
0.049166 0.09257514033844381
0.049266 0.09313588228396039
0.049366 0.09171511168441823
0.049466 0.089111572249443
0.049566 0.0862789025814116
0.049666 0.08426771629455523
0.049766 0.0856643196198498
0.049866 0.09051235641121078
0.049966 0.09674159881305033
0.050066 0.10301213972151552
0.050166 0.10859141500920295
0.050266 0.1130565483625907
0.050366 0.11603891237068724
0.050466 0.1171824221319207
0.050566 0.11631097265630977
0.050666 0.11560196397342619
0.050766 0.11463384540082495
0.050866 0.11236874977693709
0.050966 0.10903264621455849
0.051066 0.10554613451076565
0.051166 0.10287559972059776
0.051266 0.10155996186261365
0.051366 0.1015249855965085
0.051466 0.10222971147129754
0.051566 0.10301734027420169
0.051666 0.10346611737953328
0.051766 0.10356798702920977
0.051866 0.10367322174238909
0.051966 0.10427220304589234
0.052066 0.10575323887362148
0.052166 0.10825460274405634
0.052266 0.1116608627818878
0.052366 0.1156903733690914
0.052466 0.12003018359990417
0.052566 0.12441414754273886
0.052666 0.1285888657186705
0.052766 0.1322602519718762
0.052866 0.13508506982506768
0.052966 0.13674526979141705
0.053066 0.13702497794863688
0.053166 0.13592419429672722
0.053266 0.1337211993902097
0.053366 0.13093727215715867
0.053466 0.12824053066031724
0.053566 0.12629613578541093
0.053666 0.12565249091177924
0.053766 0.12663570128433257
0.053866 0.1292918580758975
0.053966 0.13341242932092
0.054066 0.138618998332764
0.054166 0.14450806340595415
0.054266 0.1509641926651813
0.054366 0.15693014434082994
0.054466 0.16175360597145813
0.054566 0.16575028169660386
0.054666 0.16871969530879558
0.054766 0.17065236344725263
0.054866 0.17178384055717294
0.054966 0.172520075662943
0.055066 0.17329465209832107
0.055166 0.17433302911799647
0.055266 0.17549326222512276
0.055366 0.17628874284286683
0.055466 0.1761069274420929
0.055566 0.17452677519846227
0.055666 0.1721773490437611
0.055766 0.1693423340284399
0.055866 0.16655871271025274
0.055966 0.16463593581906158
0.056066 0.16432002773628102
0.056166 0.16604467376729057
0.056266 0.1698229262796164
0.056366 0.1753940438376
0.056466 0.18231506171832382
0.056566 0.19003737259920564
0.056666 0.19798024809695464
0.056766 0.20559671243492936
0.056866 0.21242972880647318
0.056966 0.21814850127209598
0.057066 0.22255500094323752
0.057166 0.22556092039585388
0.057266 0.2271563683826791
0.057366 0.22738998536707236
0.057466 0.22638403532296963
0.057566 0.2243433792375582
0.057666 0.22217495271066065
0.057766 0.22012002059826752
0.057866 0.21869292775820492
0.057966 0.21871046687706813
0.058066 0.22091264601061525
0.058166 0.22569705251028638
0.058266 0.23298465836957577
0.058366 0.24218718930521638
0.058466 0.2525250722723866
0.058566 0.2630616979294662
0.058666 0.2727973365012517
0.058766 0.28114605905176593
0.058866 0.2877354652200293
0.058966 0.2922723865948107
0.059066 0.29456001794700537
0.059166 0.29466708814936804
0.059266 0.29299556933305465
0.059366 0.29023754289181325
0.059466 0.28729933259573864
0.059566 0.2851322316999179
0.059666 0.2845161191640367
0.059766 0.2866490595667226
0.059866 0.2911057292755426
0.059966 0.2971119597416039
0.060066 0.3041352551584894
0.060166 0.31197330382954425
0.060266 0.3206684239776071
0.060366 0.33030545599159755
0.060466 0.3408280095649381
0.060566 0.35193955122289466
0.060666 0.3629664564351741
0.060766 0.3728954332009402
0.060866 0.3806393620655372
0.060966 0.3854072491625581
0.061066 0.38706693927080094
0.061166 0.3862842051057191
0.061266 0.3843770298725865
0.061366 0.38298521921349293
0.061466 0.3836005159764038
0.061566 0.387141276582727
0.061666 0.39370641350512153
0.061766 0.4025885496066445
0.061866 0.4125475060290722
0.061966 0.42232750225612214
0.062066 0.4311031799850102
0.062166 0.4388737234427659
0.062266 0.44644613604034
0.062366 0.4550103246266564
0.062466 0.4655508252053454
0.062566 0.4782634232892986
0.062666 0.49255444009932037
0.062766 0.5081240790687952
0.062866 0.5211259706423703
0.062966 0.5290202056767602
0.063066 0.5310242539501258
0.063166 0.5286162960847997
0.063266 0.5243453166983628
0.063366 0.5210275680278179
0.063466 0.5208032304609628
0.063566 0.5246197223312753
0.063666 0.5323984235187348
0.063766 0.5435403527198381
0.063866 0.55742909148384
0.063966 0.5736546119215022
0.064066 0.5918487964799396
0.064166 0.6113683062003844
0.064266 0.6310159942488006
0.064366 0.6490571194036701
0.064466 0.6646786619283854
0.064566 0.6766468671768647
0.064666 0.6835015015321236
0.064766 0.6858807034002438
0.064866 0.6861293102129677
0.064966 0.6871665655448089
0.065066 0.6912228946684138
0.065166 0.6989411266844437
0.065266 0.7091620482019855
0.065366 0.7242025564285459
0.065466 0.7352531190569666
0.065566 0.7384714453967461
0.065666 0.7357169879622502
0.065766 0.7324132094038229
0.065866 0.7343709625611192
0.065966 0.7450133327894848
0.066066 0.7642054116339423
0.066166 0.7888700014785885
0.066266 0.8147511127653174
0.066366 0.8381427908613033
0.066466 0.8568982272233638
0.066566 0.870728842163226
0.066666 0.8803735220488138
0.066766 0.8869714938332662
0.066866 0.8913994075448803
0.066966 0.8942448236655739
0.067066 0.89623949054978
0.067166 0.8988366057726136
0.067266 0.9034757027119353
0.067366 0.9119399591093799
0.067466 0.9247285260511999
0.067566 0.9416004445962689
0.067666 0.9625618330418646
0.067766 0.9848748553277623
0.067866 1.0072500803026518
0.067966 1.0296556928206881
0.068066 1.0527142296298941
0.068166 1.076936670524593
0.068266 1.102148338117502
0.068366 1.1282258467468504
0.068466 1.1556268450490228
0.068566 1.1789895632045602
0.068666 1.1967812657737351
0.068766 1.209088628634651
0.068866 1.2160173963585936
0.068966 1.2198285857045985
0.069066 1.2232876670422623
0.069166 1.2282814212804576
0.069266 1.2353836427322276
0.069366 1.2444262821656733
0.069466 1.255256382148848
0.069566 1.2682879474642208
0.069666 1.2845363095450537
0.069766 1.30507268027308
0.069866 1.33030800528213
0.069966 1.359582528182407
0.070066 1.3912544038993948
0.070166 1.4231431732548834
0.070266 1.4531255831502095
0.070366 1.4796216852849853
0.070466 1.5021430355931944
0.070566 1.5211831767219184
0.070666 1.5378554348324862
0.070766 1.553655835580958
0.070866 1.5701197656692143
0.070966 1.5886695252711172
0.071066 1.6105499839394697
0.071166 1.636804107416906
0.071266 1.668279789734517
0.071366 1.7055484798580556
0.071466 1.7490950528467928
0.071566 1.8004412312053555
0.071666 1.8576372155629088
0.071766 1.9156832353556008
0.071866 1.9712439008224014
0.071966 2.022190452397098
0.072066 2.0671907328190566
0.072166 2.1058668352597474
0.072266 2.138935416273651
0.072366 2.1681533449241077
0.072466 2.1958297685754053
0.072566 2.2242793410593835
0.072666 2.255046116665732
0.072766 2.2906791819836543
0.072866 2.32999291297232
0.072966 2.3688038218963663
0.073066 2.4051991250834894
0.073166 2.439432425955857
0.073266 2.4727995798769205
0.073366 2.506452968138967
0.073466 2.540911728266024
0.073566 2.576006689338357
0.073666 2.610948183120638
0.073766 2.6451183635594218
0.073866 2.678874131329251
0.073966 2.713759642691439
0.074066 2.7521770431288974
0.074166 2.7968514222491883
0.074266 2.8499948504331245
0.074366 2.91416752917663
0.074466 2.98733400294698
0.074566 3.066881045005175
0.074666 3.1504015132588603
0.074766 3.2364694365558067
0.074866 3.323757042415096
0.074966 3.411107564764726
0.075066 3.4968215445641477
0.075166 3.586581044495317
0.075266 3.6726097087180642
0.075366 3.752340401666216
0.075466 3.826808951068918
0.075566 3.899775968348009
0.075666 3.9752856480041605
0.075766 4.0554805157724605
0.075866 4.141727705179648
0.075966 4.23415886158882
0.076066 4.332830987136281
0.076166 4.437252884522238
0.076266 4.545410818169303
0.076366 4.654415320216384
0.076466 4.760918866279515
0.076566 4.862048201985388
0.076666 4.959800747451984
0.076766 5.057153870077958
0.076866 5.149387201541812
0.076966 5.236767295661618
0.077066 5.3228675439625155
0.077166 5.412899817980656
0.077266 5.510101818663866
0.077366 5.615316137518929
0.077466 5.727766668536147
0.077566 5.846190391214126
0.077666 5.969603483350584
0.077766 6.097214033334524
0.077866 6.228399096531436
0.077966 6.36447787980605
0.078066 6.507372650191452
0.078166 6.658040717268385
0.078266 6.824953475447783
0.078366 6.996413658078957
0.078466 7.167918504280259
0.078566 7.341299934228305
0.078666 7.520027736280993
0.078766 7.705943008060857
0.078866 7.898474504545386
0.078966 8.093927997838202
0.079066 8.289570342573661
0.079166 8.484554970351752
0.079266 8.678780215466036
0.079366 8.870001070702024
0.079466 9.054777421443612
0.079566 9.227060719001901
0.079666 9.38250962357176
0.079766 9.521399458530691
0.079866 9.646403919789122
0.079966 9.760812407906881
0.080066 9.87395838538135
0.080166 9.987141990384076
0.080266 10.101636542550208
0.080366 10.226552696384598
0.080466 10.370654810766164
0.080566 10.538372940810573
0.080666 10.729809975883711
0.080766 10.943638551391148
0.080866 11.180577771206273
0.080966 11.443662820637018
0.081066 11.724269347840497
0.081166 12.017377289900221
0.081266 12.324180530558346
0.081366 12.641627671019156
0.081466 12.969579927906064
0.081566 13.30557703191202
0.081666 13.646434307332271
0.081766 13.982930460452858
0.081866 14.292711578367742
0.081966 14.557812198865058
0.082066 14.778724946847293
0.082166 14.969430131594377
0.082266 15.148281931138564
0.082366 15.328614766510482
0.082466 15.5130177991465
0.082566 15.695748089306747
0.082666 15.82726955688232
0.082766 15.946494980446943
0.082866 16.162789025814117
0.082966 16.393342782703577
0.083066 16.622182396639015
0.083166 16.830588223297458
0.083266 17.033629730845906
0.083366 17.24527458408325
0.083466 17.49033869874014
0.083566 17.778191023438175
0.083666 18.12801690689481
0.083766 18.538962744668158
0.083866 18.98383290930134
0.083966 19.435217836876
0.084066 19.87507018196836
0.084166 20.281637052408314
0.084266 20.64144463195893
0.084366 20.94761065195556
0.084466 21.19427684275466
0.084566 21.374632213854888
0.084666 21.490549372109744
0.084766 21.556364099871004
0.084866 21.59941998541806
0.084966 21.650142403369145
0.085066 21.75611182207992
0.085166 21.887545798004414
0.085266 21.996038402512582
0.085366 22.086031315484902
0.085466 22.20161135555975
0.085566 22.38071971570312
0.085666 22.62737540342523
0.085766 22.923423697185076
0.085866 23.22404093140879
0.085966 23.497204244058878
0.086066 23.710233056140478
0.086166 23.842767713745268
0.086266 23.90956544793584
0.086366 23.921521824476248
0.086466 23.866833016371544
0.086566 23.75784768498927
0.086666 23.616874569807223
0.086766 23.45572331020277
0.086866 23.302437835550368
0.086966 23.151275512025002
0.087066 22.98842989196107
0.087166 22.81569730743934
0.087266 22.653855903901945
0.087366 22.533012088735706
0.087466 22.449531185471084
0.087566 22.417203836172394
0.087666 22.469322857448773
0.087766 22.43764017273993
0.087866 22.382558977836467
0.087966 22.293398867095288
0.088066 22.153419669306032
0.088166 21.957974435714544
0.088266 21.73794588366058
0.088366 21.490409059158836
0.088466 21.20633743429204
0.088566 20.89400967710686
0.088666 20.565022714178646
0.088766 20.234684015438503
0.088866 19.902609045902526
0.088966 19.6109389037031
0.089066 19.348670850902195
0.089166 19.12628216567329
0.089266 18.941073353285784
0.089366 18.79125644333182
0.089466 18.680733175957133
0.089566 18.54370554674634
0.089666 18.404567104974685
0.089766 18.258072022556124
0.089866 18.095920625289985
0.089966 17.907705893449855
0.090066 17.70974440813122
0.090166 17.51006541479506
0.090266 17.294008861333893
0.090366 17.063034063620094
0.090466 16.806776422121725
0.090566 16.53277826780807
0.090666 16.256434052403215
0.090766 15.99704404664182
0.090866 15.766490697638847
0.090966 15.564778390174014
0.091066 15.389333972355494
0.091166 15.237588371156308
0.091266 15.10457220355575
0.091366 14.986226999026172
0.091466 14.86030571092065
0.091566 14.718905334645369
0.091666 14.561994462940964
0.091766 14.38838125149771
0.091866 14.20362621282497
0.091966 14.027305246949773
0.092066 13.853111918952957
0.092166 13.673684693549786
0.092266 13.482450989889514
0.092366 13.269332340809555
0.092466 13.056728648417145
0.092566 12.84443709115753
0.092666 12.647073771369428
0.092766 12.453176059102752
0.092866 12.276150367352766
0.092966 12.121972641014008
0.093066 11.992218137692282
0.093166 11.882738855776438
0.093266 11.780477533102538
0.093366 11.672857601729438
0.093466 11.554527794914677
0.093566 11.423914180683516
0.093666 11.289133598119644
0.093766 11.15411236252951
0.093866 11.016139558360909
0.093966 10.871449883497423
0.094066 10.710327889748283
0.094166 10.55242636374297
0.094266 10.394069942335049
0.094366 10.2360743984949
0.094466 10.083043648952497
0.094566 9.942945552252809
0.094666 9.803035797137657
0.094766 9.672699749659671
0.094866 9.553708350965927
0.094966 9.442478420255643
0.095066 9.334394110119154
0.095166 9.22624249871261
0.095266 9.113469125542363
0.095366 8.997670560283073
0.095466 8.880216077865532
0.095566 8.762007311365247
0.095666 8.634039656763523
0.095766 8.509413204305242
0.095866 8.37881825088078
0.095966 8.24304854359032
0.096066 8.109304808471803
0.096166 7.984228559191977
0.096266 7.866330296278546
0.096366 7.752174289895122
0.096466 7.640871449475612
0.096566 7.53585679105505
0.096666 7.41863990251513
0.096766 7.302696027695493
0.096866 7.194713179322195
0.096966 7.089349879928417
0.097066 7.003881039906595
0.097166 6.926955586260344
0.097266 6.846344878220392
0.097366 6.7552215078543645
0.097466 6.648247464730566
0.097566 6.5233805631892645
0.097666 6.387947872107192
0.097766 6.251250630949407
0.097866 6.129389037030995
0.097966 6.013554271846146
0.098066 5.902013735577389
0.098166 5.794504035526913
0.098266 5.696786160411558
0.098366 5.603794975858219
0.098466 5.5088785670947775
0.098566 5.412362529508038
0.098666 5.317882049425645
0.098766 5.227809088730607
0.098866 5.140568389817114
0.098966 5.053785135596764
0.099066 4.966461227840292
0.099166 4.877500879505234
0.099266 4.786752764705582
0.099366 4.694099616076846
0.099466 4.600661183992496
0.099566 4.508450592200191
0.099666 4.418144422407244
0.099766 4.330194408896005
0.099866 4.24558498569848
0.099966 4.163832909301342
0.100066 4.085446406265136
0.100166 4.011310488291109
0.100266 3.9417206691377786
0.100366 3.8765647800217202
0.100466 3.8135189896651767
0.100566 3.7523897559309245
0.100666 3.691351072996385
0.100766 3.6327090290772084
0.100866 3.577621104046744
0.100966 3.52691520549831
0.101066 3.4799795037041195
0.101166 3.4323980156322493
0.101266 3.3835598292995064
0.101366 3.334246965069621
0.101466 3.285216664202353
0.101566 3.2382886102797594
0.101666 3.1929663034777422
0.101766 3.1507047768606
0.101866 3.112056818587387
0.101966 3.0768428566329993
0.102066 3.0449182952384355
0.102166 3.015065695217021
0.102266 2.9871040569409533
0.102366 2.9604331754472732
0.102466 2.934846048344746
0.102566 2.908443046300215
0.102666 2.878045407962964
0.102766 2.8497694931500566
0.102866 2.8282898849250255
0.102966 2.816117226575844
0.103066 2.814989216501048
0.103166 2.8176773923817007
0.103266 2.8190410588733155
0.103366 2.8170114157230044
0.103466 2.8111467218673045
0.103566 2.803864316560701
0.103666 2.8019892623882776
0.103766 2.80152824868839
0.103866 2.803949564836106
0.103966 2.8084211224016356
0.104066 2.810860691469564
0.104166 2.806922037596937
0.104266 2.8056456588131526
0.104366 2.814425313435271
0.104466 2.837023550345939
0.104566 2.8743818735245985
0.104666 2.9209328363916325
0.104766 2.9679964105989303
0.104866 3.010388562862955
0.104966 3.0470482784641035
0.105066 3.0756481571178744
0.105166 3.1053295467871296
0.105266 3.137340376173311
0.105366 3.1705262245517076
0.105466 3.2031853895061007
0.105566 3.2293373374189964
0.105666 3.250410486761534
0.105766 3.268964325228289
0.105866 3.286706265646271
0.105966 3.306935191936084
0.106066 3.326829651308041
0.106166 3.343943344567207
0.106266 3.3606536380925185
0.106366 3.3790377957814344
0.106466 3.40045571117558
0.106566 3.4234439895377116
0.106666 3.444918703124921
0.106766 3.4653700295207845
0.106866 3.485740900307445
0.106966 3.5050484110272113
0.107066 3.5256777798738614
0.107166 3.548896514100126
0.107266 3.5718962132838437
0.107366 3.592728199742012
0.107466 3.611582140690246
0.107566 3.62822186985362
0.107666 3.6456946051913754
0.107766 3.664409660791402
0.107866 3.6839672059265913
0.107966 3.703796709375781
0.108066 3.72339830625137
0.108166 3.739076341054285
0.108266 3.754489045698582
0.108366 3.771681053162905
0.108466 3.7907958375184188
0.108566 3.8118726578393236
0.108666 3.834240234942616
0.108766 3.8584845997358936
0.108866 3.8855524567512862
0.108966 3.9150989379655643
0.109066 3.9469949473061647
0.109166 3.982180561149832
0.109266 4.019517878174504
0.109366 4.057841770635232
0.109466 4.096132420347417
0.109566 4.133348595085988
0.109666 4.168399402446299
0.109766 4.203716355738199
0.109866 4.238090581391199
0.109966 4.270144442801569
0.110066 4.301011354540032
0.110166 4.332520789464293
0.110266 4.369519560706256
0.110366 4.404151060759791
0.110466 4.441655305328527
0.110566 4.482637801899732
0.110666 4.527879857035788
0.110766 4.576697649044271
0.110866 4.626032947030842
0.110966 4.675126470303315
0.111066 4.723675261174815
0.111166 4.770898726884309
0.111266 4.818076917193945
0.111366 4.86518026033355
0.111466 4.911310488291109
0.111566 4.955828442944329
0.111666 5.000066281553844
0.111766 5.0427778089357735
0.111866 5.08388460891334
0.111966 5.123708198008495
0.112066 5.162970025441919
0.112166 5.20366384035323
0.112266 5.24740864617377
0.112366 5.29327650114973
0.112466 5.343302554898972
0.112566 5.395482963091372
0.112666 5.447223057823008
0.112766 5.49403078523247
0.112866 5.537582966660379
0.112966 5.579520835351522
0.113066 5.621114039962679
0.113166 5.662636374297033
0.113266 5.705506467550081
0.113366 5.746997802511562
0.113466 5.784906568501986
0.113566 5.81781168900695
0.113666 5.845295692208858
0.113766 5.870298419949728
0.113866 5.895833541525394
0.113966 5.9235067020848104
0.114066 5.954039554791901
0.114166 5.98596676744862
0.114266 6.018713424054086
0.114366 6.043949972722592
0.114466 6.064576282420603
0.114566 6.079293540607649
0.114666 6.097459275083744
0.114766 6.120807921155543
0.114866 6.1496188810654004
0.114966 6.181209077513728
0.115066 6.21273431803929
0.115166 6.238564239572128
0.115266 6.254502709895836
0.115366 6.257192415350809
0.115466 6.249607562215436
0.115566 6.240031305287739
0.115666 6.234281023591135
0.115766 6.23983898680997
0.115866 6.257431844717615
0.115966 6.284468702360133
0.116066 6.317786909902974
0.116166 6.35209077513728
0.116266 6.381881274441324
0.116366 6.4032910321057654
0.116466 6.415421780118593
0.116566 6.419443234947714
0.116666 6.422143035593194
0.116766 6.421863021521111
0.116866 6.416819199216858
0.116966 6.407373975822529
0.117066 6.392636527254465
0.117166 6.3700478756762
0.117266 6.338168181795007
0.117366 6.298308392774292
0.117466 6.251795159407138
0.117566 6.201924510408754
0.117666 6.151594785171287
0.117766 6.104445248887235
0.117866 6.063918361519989
0.117966 6.029961301769718
0.118066 6.000629674761514
0.118166 5.969905217378003
0.118266 5.932521299322398
0.118366 5.887780332733401
0.118466 5.838065904258845
0.118566 5.78896514100126
0.118666 5.760401768187913
0.118766 5.721297588881015
0.118866 5.678538134837075
0.118966 5.645198309310519
0.119066 5.591757531878879
0.119166 5.525061769309602
0.119266 5.454954852064671
0.119366 5.385944639606798
0.119466 5.319704078354994
0.119566 5.2552336424772985
0.119666 5.187496137824843
0.119766 5.1124958064170745
0.119866 5.03162099187796
0.119966 4.947347259257749
0.120066 4.861829778772568
0.120166 4.783244431074832
0.120266 4.715338979162099
0.120366 4.653098458698944
0.120466 4.593395196116921
0.120566 4.532627859666655
0.120666 4.465569893898529
0.120766 4.388705317310193
0.120866 4.301646739712338
0.120966 4.1990011879693885
0.121066 4.084822135999552
0.121166 3.964762176686228
0.121266 3.847878225489846
0.121366 3.742420908261231
0.121466 3.6527643996675727
0.121566 3.578712404337873
0.121666 3.507431895703426
0.121766 3.4249749914598766
0.121866 3.1903400243712174
0.121966 2.829070375714439
0.122066 1.9748976459851224
0.122166 1.8188036689389344
0.122266 1.9285244196540103
0.122366 1.9057788337505672
0.122466 1.8586345999908227
0.122566 1.8263672100054558
0.122666 1.7880352617866448
0.122766 1.7452117695645304
0.122866 1.6853963381990793
0.122966 1.6137475080685046
0.123066 1.5419309346208951
0.123166 1.468954026094538
0.123266 1.3975581875564032
0.123366 1.3306227916770763
0.123466 1.272946724926453
0.123566 1.2218140751428879
0.123666 1.1187681828147227
0.123766 0.9384350415279429
0.123866 0.7274701350614124
0.123966 0.24419521447181253
0.124066 -0.013301280253705394
0.124166 -0.15163139298333275
0.124266 -0.21984714453967463
0.124366 -0.2637709105555924
0.124466 -0.2921016861007582
0.124566 -0.307328904365915
0.124666 -0.33608398382730087
0.124766 -0.38410517353020657
0.124866 -0.44558416992550975
0.124966 -0.5202989807936451
0.125066 -0.5950688563372815
0.125166 -0.6580341910846211
0.125266 -0.714713995095165
0.125366 -0.7712001549968645
0.125466 -0.8283013057466108
0.125566 -0.8767977851763855
0.125666 -0.9396165867039205
0.125766 -1.031749985978902
0.125866 -1.165543789163476
0.125966 -1.3370747400998302
0.126066 -1.698907272106173
0.126166 -2.024144024717921
0.126266 -2.385415406892262
0.126366 -2.7597351796994896
0.126466 -2.9964775942855106
0.126566 -3.2274252675480417
0.126666 -3.4202008840939566
0.126766 -3.5629151647096613
0.126866 -3.704048171393901
0.126966 -3.720191298761555
0.127066 -3.6543936002610473
0.127166 -3.63157224944298
0.127266 -3.630381934707571
0.127366 -3.634216781469717
0.127466 -3.670922996130177
0.127566 -3.624237940581136
0.127666 -3.644283114009371
0.127766 -3.6577041089464806
0.127866 -3.745770574049242
0.127966 -3.862766082199324
0.128066 -3.9951262663600717
0.128166 -4.1347160345275915
0.128266 -4.266947122615776
0.128366 -4.39203978932663
0.128466 -4.501066521187154
0.128566 -4.596084595657029
0.128666 -4.698870970208991
0.128766 -4.826806911636492
0.128866 -5.043746233423239
0.128966 -5.3109339070936565
0.129066 -5.617127153513177
0.129166 -5.915328170170242
0.129266 -6.190730575680788
0.129366 -6.509383632535066
0.129466 -6.917465189437779
0.129566 -7.583159692657533
0.129666 -8.205956978172976
0.129766 -8.623629373945231
0.129866 -9.057816685616393
0.129966 -9.385571627416091
0.130066 -9.677402578862303
0.130166 -9.979300576649518
0.130266 -10.294115931536254
0.130366 -10.636975113825823
0.130466 -10.93526831282854
0.130566 -11.171254199956154
0.130666 -11.38723172541082
0.130766 -11.550780643746846
0.130866 -11.628645867854976
0.130966 -11.622468325065135
0.131066 -11.712136662366865
0.131166 -11.754771609061198
0.131266 -11.732887173499615
0.131366 -11.64351924459423
0.131466 -11.537456929736454
0.131566 -11.423258095272086
0.131666 -11.396715799992863
0.131766 -11.57481015433405
0.131866 -11.994290201037053
0.131966 -12.3446121764313
0.132066 -12.539042690419258
0.132166 -12.82701962443852
0.132266 -13.069960180081885
0.132366 -13.1619376647479
0.132466 -13.239115396185241
0.132566 -13.312523950584554
0.132666 -13.434253797168248
0.132766 -13.572450429045597
0.132866 -13.813857739391128
0.132966 -14.055078339698063
0.133066 -14.306811194444585
0.133166 -14.589735536600164
0.133266 -14.857474264912078
0.133366 -15.252585541443816
0.133466 -15.526001437799861
0.133566 -15.826505177609071
0.133666 -16.22262444361734
0.133766 -16.477020797112164
0.133866 -16.687473194210053
0.133966 -16.87026007862012
0.134066 -17.047743724921354
0.134166 -17.893032381088346
0.134266 -18.614565728357796
0.134366 -19.125638928686147
0.134466 -19.63811954133165
0.134566 -20.03418863730224
0.134666 -20.388585194740305
0.134766 -20.62290925035563
0.134866 -20.72366118909108
0.134966 -20.806046509256475
0.135066 -20.88407325641274
0.135166 -20.945816563250446
0.135266 -20.940581646127885
0.135366 -20.91873575583915
0.135466 -20.94761901362851
0.135566 -21.07619768218505
0.135666 -21.22810154334049
0.135766 -21.376785752525073
0.135866 -21.48223389230777
0.135966 -21.634345265712554
0.136066 -21.885925468941995
0.136166 -22.254453967460854
0.136266 -22.716458219677467
0.136366 -23.25182187597192
0.136466 -23.849931526056302
0.136566 -24.33408401441879
0.136666 -24.77818062233281
0.136766 -25.16180245037806
0.136866 -25.476044826724724
0.136966 -25.72321802042492
0.137066 -26.00210255285954
0.137166 -26.310951956070625
0.137266 -26.648859192486732
0.137366 -27.021937154889798
0.137466 -27.426690052158488
0.137566 -27.87536814304579
0.137666 -28.319578449317557
0.137766 -28.782633417120017
0.137866 -29.078700779573047
0.137966 -29.06998026849128
0.138066 -28.5121722504627
0.138166 -29.020079333921373
0.138266 -29.837813320552893
0.138366 -30.115276674501487
0.138466 -30.1695087517144
0.138566 -30.388707968572344
0.138666 -30.75173948290191
0.138766 -31.159062268970544
0.138866 -31.61308295901251
0.138966 -32.0880819647892
0.139066 -32.524196947989374
0.139166 -32.89667684683353
0.139266 -33.216534596421816
0.139366 -33.50092386288896
0.139466 -33.76931398591772
0.139566 -34.01160243304288
0.139666 -34.30235421882091
0.139766 -34.74308260211183
0.139866 -35.31256932795603
0.139966 -35.96691408381048
0.140066 -36.7325212993224
0.140166 -37.46739008733869
0.140266 -38.05049960995856
0.140366 -38.57035491222793
0.140466 -38.91516746289508
0.140566 -39.119316892108934
0.140666 -39.35421311049135
0.140766 -39.758691398183885
0.140866 -40.24412465010988
0.140966 -40.71236874977694
0.141066 -41.03972406479277
0.141166 -41.17685560308566
0.141266 -41.22309606236585
0.141366 -41.23481688446106
0.141466 -41.27067336960125
0.141566 -41.42526550860896
0.141666 -41.59440135010427
0.141766 -41.799873249274725
0.141866 -42.09776845303952
0.141966 -42.383387599231135
0.142066 -42.550348589987415
0.142166 -42.4893565080838
0.142266 -42.377471613649924
0.142366 -42.10307026354566
0.142466 -41.86463104118124
0.142566 -41.739387864357354
0.142666 -41.61089352633162
0.142766 -41.427316973686224
0.142866 -41.17972549239547
0.142966 -40.86373256922599
0.143066 -40.53319767708647
0.143166 -40.287897396154655
0.143266 -39.896371747742606
0.143366 -39.54822839603739
0.143466 -39.355729020613566
0.143566 -39.04101757480893
0.143666 -38.63229186317448
0.143766 -38.192303487939306
0.143866 -37.71003574105327
0.143966 -37.246059561624
0.144066 -36.79796699178619
0.144166 -36.29170481255067
0.144266 -35.74511795567294
0.144366 -35.3465215950401
0.144466 -35.19157490070514
0.144566 -35.182894872357025
0.144666 -35.210365925163025
0.144766 -35.211157734802406
0.144866 -35.2003954459474
0.144966 -35.19544451979014
0.145066 -35.10686044673767
0.145166 -34.89489509669459
0.145266 -34.57102894464471
0.145366 -34.16735031840639
0.145466 -33.74611340264005
0.145566 -33.28647723738484
0.145666 -32.841067948789856
0.145766 -32.45030912696996
0.145866 -32.10389898691194
0.145966 -31.79495862501466
0.146066 -31.529064665303647
0.146166 -31.32679956967976
0.146266 -31.12655290032784
0.146366 -30.967661739737835
0.146466 -30.86270928400626
0.146566 -30.760464480735013
0.146666 -30.65428703991679
0.146766 -30.481402721622576
0.146866 -30.310625035052748
0.146966 -30.10763104627982
0.147066 -29.855382928930883
0.147166 -29.698564647458614
0.147266 -29.540157240240042
0.147366 -29.38312634793737
0.147466 -29.243683112989654
0.147566 -29.096668179245718
0.147666 -28.93768656982762
0.147766 -28.75629496311177
0.147866 -28.57261062646266
0.147966 -28.366724314623244
0.148066 -28.16349772858214
0.148166 -27.924384065914456
0.148266 -27.651976464949804
0.148366 -27.362924750042062
0.148466 -27.023945893857743
0.148566 -26.656816445983083
0.148666 -26.322828794746425
0.148766 -26.02306251370244
0.148866 -25.758390072042953
0.148966 -25.53321970295667
0.149066 -25.385786277678925
0.149166 -25.28501741165434
0.149266 -25.272370891180987
0.149366 -25.318596768519324
0.149466 -25.461138105265306
0.149566 -25.648795460223422
0.149666 -25.90896126607965
0.149766 -26.150783702895488
0.149866 -26.279770563852082
0.149966 -26.399572942850007
0.150066 -26.51792467356335
0.150166 -26.62801211422861
0.150266 -26.72621588411945
0.150366 -26.837508731320078
0.150466 -26.95238047651339
0.150566 -26.998512641931754
0.150666 -26.997049349166126
0.150766 -26.961624509898897
0.150866 -26.860337831981365
0.150966 -26.641202755273206
0.151066 -26.37551742949937
0.151166 -26.13253455563317
0.151266 -25.89122167100896
0.151366 -25.71405434067699
0.151466 -25.613144549871773
0.151566 -25.57486440323658
0.151666 -25.579388884073566
0.151766 -25.61373129458072
0.151866 -25.68525255821305
0.151966 -25.78202474851249
0.152066 -25.932669566059765
0.152166 -26.111225138044084
0.152266 -26.294477013047267
0.152366 -26.479791570006068
0.152466 -26.576637791702574
0.152566 -26.642992357226987
0.152666 -26.724794603661806
0.152766 -26.836748532883302
0.152866 -27.00563117884293
0.152966 -27.182284878118423
0.153066 -27.2812726058338
0.153166 -27.28235024192767
0.153266 -27.253172694039247
0.153366 -27.235153084896478
0.153466 -27.24803536375827
0.153566 -27.277721546093723
0.153666 -27.253079491977385
0.153766 -27.184766153579456
0.153866 -27.066115340100847
0.153966 -26.88654566034273
0.154066 -26.603866967822857
0.154166 -26.319110603519043
0.154266 -26.05698969576767
0.154366 -25.80504361836101
0.154466 -25.56994355870761
0.154566 -25.341825801879338
0.154666 -25.091971162425498
0.154766 -24.918706184068977
0.154866 -24.72730351343221
0.154966 -24.552421061218663
0.155066 -24.326986993519704
0.155166 -24.09172846996681
0.155266 -23.893587820509556
0.155366 -23.657483748272856
0.155466 -23.369071293459033
0.155566 -23.053041150647775
0.155666 -22.772103521589944
0.155766 -22.477387385090733
0.155866 -22.03964799396328
0.155966 -21.684110170139654
0.156066 -21.396688267655115
0.156166 -21.062207379686235
0.156266 -20.630593525821766
0.156366 -20.120298266992297
0.156466 -19.647493996420796
0.156566 -19.195439421209077
0.156666 -18.813945333013823
0.156766 -18.525007112520587
0.156866 -18.350474728882954
0.156966 -18.218683546369046
0.157066 -18.049822824307995
0.157166 -17.776003936104583
0.157266 -17.49672477349554
0.157366 -17.248821870873336
0.157466 -17.016727118842827
0.157566 -16.71916933917291
0.157666 -16.55452330816334
0.157766 -16.337942824511938
0.157866 -16.139583751841865
0.157966 -16.10395058455232
0.158066 -16.008604161461868
0.158166 -15.960777533612397
0.158266 -15.897532082821352
0.158366 -15.844335323479477
0.158466 -15.71657028648927
0.158566 -15.521499288747941
0.158666 -15.264189606032641
0.158766 -14.992269327446172
0.158866 -14.7826634987483
0.158966 -14.568125506671494
0.159066 -14.325923939367673
0.159166 -14.14116043705037
0.159266 -13.980205472816916
0.159366 -13.778198773281398
0.159466 -13.464944196030245
0.159566 -13.12129238832833
0.159666 -12.793739044423939
0.159766 -12.46054442648611
0.159866 -12.258574742649122
0.159966 -12.06902958706592
0.160066 -11.881967644404563
0.160166 -11.710844477981778
0.160266 -11.575636634324669
0.160366 -11.418083341406087
0.160466 -11.28266604803883
0.160566 -11.08569960180082
0.160666 -10.797549621940215
0.160766 -10.592177858901868
0.160866 -10.34600847384173
0.160966 -10.144630735266375
0.161066 -9.9650191451719
0.161166 -9.85646964049905
0.161266 -9.784170945225943
0.161366 -9.803881957651186
0.161466 -9.565297731641285
0.161566 -9.453358588304877
0.161666 -9.303803949360892
0.161766 -9.166763267782578
0.161866 -9.073226025197188
0.161966 -8.947812657737353
0.162066 -8.790065516766685
0.162166 -8.672642747523364
0.162266 -8.499331066164286
0.162366 -8.30467743826893
0.162466 -8.166287978055708
0.162566 -8.041006052015724
0.162666 -7.800432257702682
0.162766 -7.57650584042461
0.162866 -7.384088756099178
0.162966 -7.254727455349176
0.163066 -7.165382470058583
0.163166 -7.056037994626096
0.163266 -6.951977586637639
0.163366 -6.835807334818721
0.163466 -6.7037596936772506
0.163566 -6.562445789336828
0.163666 -6.379590481968868
0.163766 -6.209564326248006
0.163866 -6.004518056624842
0.163966 -5.792466030703656
0.164066 -5.568376356859886
0.164166 -5.355436158117196
0.164266 -5.198447278122499
0.164366 -4.8861047350522355
0.164466 -4.468523909795904
0.164566 -4.187015035715561
0.164666 -3.9702109282986546
0.164766 -3.796117226575844
0.164866 -3.8336207573432315
0.164966 -3.358976816751898
0.165066 -2.9589006439507886
0.165166 -2.6676372665487196
0.165266 -2.4262616693774124
0.165366 -2.308799946974757
0.165466 -2.2473550091009673
0.165566 -2.1940868696241838
0.165666 -2.123555036633305
0.165766 -2.0357478853635036
0.165866 -1.9599818490514092
0.165966 -1.8754790881697625
0.166066 -1.7655196218892282
0.166166 -1.657351898966518
0.166266 -1.5312527723534541
0.166366 -1.403596131196688
0.166466 -1.3066446747870069
0.166566 -1.1759948606302866
0.166666 -1.0112100462441302
0.166766 -0.8416146186516293
0.166866 -0.6723180698811521
0.166966 -0.49158978856184327
0.167066 -0.23980492828845734
0.167166 0.048768641687018506
0.167266 0.31034644858335925
0.167366 0.5709733701110982
0.167466 0.7441323999530931
0.167566 0.8773175345301403
0.167666 0.987062860405949
0.167766 1.0793150566197427
0.167866 1.1542699086844133
0.167966 1.2158976816751899
0.168066 1.2649111572249443
0.168166 1.3014513620859316
0.168266 1.347598721275869
0.168366 1.4049202326992398
0.168466 1.4765205243380768
0.168566 1.5625891614363723
0.168666 1.6493412123406057
0.168766 1.718542315673548
0.168866 1.7738217434088095
0.168966 1.8196261720363223
0.169066 1.860154690949509
0.169166 1.9111748660347825
0.169266 1.9745701131375142
0.169366 2.0418059174131837
0.169466 2.110263137768759
0.169566 2.17623398408223
0.169666 2.230832547302086
0.169766 2.27942875497749
0.169866 2.3260018456863456
0.169966 2.372226091478742
0.170066 2.416715086191513
0.170166 2.457308764970709
0.170266 2.5004859967471056
0.170366 2.529479281915843
0.170466 2.5599927600148877
0.170566 2.58475524261598
0.170666 2.621770125374108
0.170766 2.671919054927014
0.170866 2.7294202403471117
0.170966 2.7938179704588215
0.171066 2.86399147517246
0.171166 2.9304904325126317
0.171266 2.9835934799345343
0.171366 3.0209899404995593
0.171466 3.04396710395497
0.171566 3.055986702900583
0.171666 3.068685942702146
0.171766 3.087673568445902
0.171866 3.1136801048268268
0.171966 3.146064864148308
0.172066 3.1831248183630496
0.172166 3.2187410583634577
0.172266 3.2535443805988797
0.172366 3.2889541280661594
0.172466 3.3253086426047633
0.172566 3.3632115962127744
0.172666 3.4034650976633203
0.172766 3.439644221013292
0.172866 3.4719407748823503
0.172966 3.4872424324310547
0.173066 3.4953353081837326
0.173166 3.504323392799784
0.173266 3.5205701233346764
0.173366 3.5506407386824246
0.173466 3.577242789331729
0.173566 3.614428474555532
0.173666 3.6595736566513537
0.173766 3.6934379222262446
0.173866 3.7187108747635538
0.173966 3.7359549897263595
0.174066 3.7462024238654386
0.174166 3.753189621328384
0.174266 3.7674489249641825
0.174366 3.794261750954709
0.174466 3.834433165250111
0.174566 3.888494745912213
0.174666 3.948450286285327
0.174766 3.9969022041165947
0.174866 4.027567823874616
0.174966 4.036141393850092
0.175066 4.0279515430855595
0.175166 4.0233559880285314
0.175266 4.0325454665966465
0.175366 4.056237859003839
0.175466 4.09175294315592
0.175566 4.13480780898676
0.175666 4.17263448782204
0.175766 4.2007011568680435
0.175866 4.220232801211424
0.175966 4.233564469008275
0.176066 4.243657824027573
0.176166 4.257478649691791
0.176266 4.273912192236901
0.176366 4.290511438666619
0.176466 4.30648621088751
0.176566 4.320693203081583
0.176666 4.330946347631454
0.176766 4.344125465882845
0.176866 4.364931449577583
0.176966 4.394306006638352
0.177066 4.431249713204815
0.177166 4.469273095297579
0.177266 4.501585862654424
0.177366 4.526019588748452
0.177466 4.54308555928885
0.177566 4.555946322138549
0.177666 4.573275175518654
0.177766 4.594879189121667
0.177866 4.618612472149001
0.177966 4.64148032202638
0.178066 4.66271937919677
0.178166 4.683044056838982
0.178266 4.702423049665279
0.178366 4.7214536054616
0.178466 4.740310707530094
0.178566 4.7589347024723025
0.178666 4.777238200608771
0.178766 4.795195709034176
0.178866 4.812954066883187
0.178966 4.830770344613095
0.179066 4.848993081225495
0.179166 4.867749231388905
0.179266 4.887174927217756
0.179366 4.91031820244426
0.179466 4.9303522609657735
0.179566 4.949006643451128
0.179666 4.964504902285694
0.179766 4.98162012511918
0.179866 5.009599812372217
0.179966 5.047808884787364
0.180066 5.0967979891196284
0.180166 5.152392611136321
0.180266 5.200146329276563
0.180366 5.2322786068637095
0.180466 5.24700239123452
0.180566 5.247791243696879
0.180666 5.250862119072263
0.180766 5.263583792630511
0.180866 5.286069860757752
0.180966 5.315962841541199
0.181066 5.347696104174209
0.181166 5.36955525077371
0.181266 5.390153416304242
0.181366 5.417960465602423
0.181466 5.457592959879266
0.181566 5.511401548948928
0.181666 5.570110180336813
0.181766 5.623724411496281
0.181866 5.668998689664666
0.181966 5.705908235737994
0.182066 5.739634431737648
0.182166 5.783287972957126
0.182266 5.828098994049957
0.182366 5.865348819423555
0.182466 5.890317080756425
0.182566 5.9017378003701575
0.182666 5.9035605431008555
0.182766 5.912667322684098
0.182866 5.938109242197897
0.182966 5.982531955356825
0.183066 6.042488311502909
0.183166 6.100214956177696
0.183266 6.148099096021578
0.183366 6.1900364548546145
0.183466 6.222203708707867
0.183566 6.252876466479379
0.183666 6.2911805764455755
0.183766 6.334018446666293
0.183866 6.378245986142057
0.183966 6.421703028047295
0.184066 6.465591511882244
0.184166 6.503526790494206
0.184266 6.53998735551896
0.184366 6.576285683694228
0.184466 6.612515690883227
0.184566 6.646335496831232
0.184666 6.674643430733228
0.184766 6.705592735541699
0.184866 6.7447429040498035
0.184966 6.794348630776056
0.185066 6.854183640692795
0.185166 6.917560940790178
0.185266 6.975038774708999
0.185366 7.0238315836702645
0.185466 7.063949462864485
0.185566 7.100511591624052
0.185666 7.146877374026809
0.185766 7.193360219850816
0.185866 7.230892812530274
0.185966 7.2547608000693415
0.186066 7.261886474994009
0.186166 7.254555123309183
0.186266 7.258482662275089
0.186366 7.288340870735675
0.186466 7.348152325207896
0.186566 7.43569108717044
0.186666 7.529705556943504
0.186766 7.6030730167794305
0.186866 7.648762013531634
0.186966 7.667697939663392
0.187066 7.664733318717402
0.187166 7.666977510158923
0.187266 7.688555215083643
0.187366 7.729641824680192
0.187466 7.7861078961724965
0.187566 7.85222751908144
0.187666 7.91163271861441
0.187766 7.957960873488909
0.187866 7.992820076172801
0.187966 8.019504315948872
0.188066 8.042333824496643
0.188166 8.071521875462059
0.188266 8.105605481994361
0.188366 8.14068433155053
0.188466 8.173920961796332
0.188566 8.202453437208426
0.188666 8.223971182819822
0.188766 8.247567619931374
0.188866 8.279182595483677
0.188966 8.321031850835912
0.189066 8.37250019119679
0.189166 8.42609341620227
0.189266 8.473210321567509
0.189366 8.51222904865576
0.189466 8.540197519030453
0.189566 8.562679610264464
0.189666 8.589976291598049
0.189766 8.627438014000704
0.189866 8.659518591975853
0.189966 8.689658751969327
0.190066 8.714873376739254
0.190166 8.732051108176595
0.190266 8.749591960557378
0.190366 8.773365114488639
0.190466 8.805825536753122
0.190566 8.848203616933407
0.190666 8.89765220539124
0.190766 8.93819989496923
0.190866 8.96237920186812
0.190966 8.968610993560493
0.191066 8.95868935875146
0.191166 8.946661806019385
0.191266 8.947369794986056
0.191366 8.965344740558704
0.191466 8.99910825817175
0.191566 9.042258875354989
0.191666 9.07636440578587
0.191766 9.103163669550765
0.191866 9.128320374439793
0.191966 9.15652939586913
0.192066 9.192691082071859
0.192166 9.24311472317254
0.192266 9.290589243013669
0.192366 9.323516695303697
0.192466 9.33743449597977
0.192566 9.333012088735705
0.192666 9.324055207435771
0.192766 9.324151570617898
0.192866 9.33809527208578
0.192966 9.365539710298625
0.193066 9.402514620181204
0.193166 9.4343019277735
0.193266 9.4557335073649
0.193366 9.468268470884553
0.193466 9.475013995605023
0.193566 9.48174820147553
0.193666 9.499365328629043
0.193766 9.519140889090567
0.193866 9.532754712363548
0.193966 9.535602881718019
0.194066 9.525402864382842
0.194166 9.50760188239613
0.194266 9.494673920247996
0.194366 9.494374225653003
0.194466 9.508152325207895
0.194566 9.530632682924342
0.194666 9.546521697011723
0.194766 9.556607098244559
0.194866 9.565982980936406
0.194966 9.578613593836836
0.195066 9.599420699219408
0.195166 9.632013684591579
0.195266 9.6623963331005
0.195366 9.680860130625648
ENDATA
