0.000000	-0.004717
0.000500	-0.005270
0.001000	-0.005432
0.001500	-0.005588
0.002000	-0.006132
0.002500	-0.006912
0.003000	-0.007262
0.003500	-0.007869
0.004000	-0.008705
0.004500	-0.009380
0.005000	-0.010054
0.005500	-0.010728
0.006000	-0.011689
0.006500	-0.012819
0.007000	-0.013910
0.007500	-0.014615
0.008000	-0.014985
0.008500	-0.015771
0.009000	-0.016707
0.009500	-0.017207
0.010000	-0.017875
0.010500	-0.018807
0.011000	-0.019338
0.011500	-0.019797
0.012000	-0.020093
0.012500	-0.020350
0.013000	-0.020827
0.013500	-0.021193
0.014000	-0.021213
0.014500	-0.021251
0.015000	-0.021689
0.015500	-0.022056
0.016000	-0.022352
0.016500	-0.022310
0.017000	-0.022042
0.017500	-0.021725
0.018000	-0.020950
0.018500	-0.020197
0.019000	-0.019785
0.019500	-0.019096
0.020000	-0.018438
0.020500	-0.018066
0.021000	-0.017564
0.021500	-0.016671
0.022000	-0.015356
0.022500	-0.013856
0.023000	-0.012683
0.023500	-0.011449
0.024000	-0.009898
0.024500	-0.008496
0.025000	-0.007385
0.025500	-0.006187
0.026000	-0.004836
0.026500	-0.003589
0.027000	-0.002266
0.027500	-0.000783
0.028000	0.000486
0.028500	0.001658
0.029000	0.003091
0.029500	0.004688
0.030000	0.006161
0.030500	0.007285
0.031000	0.008792
0.031500	0.010783
0.032000	0.012837
0.032500	0.014991
0.033000	0.017334
0.033500	0.019652
0.034000	0.021811
0.034500	0.024411
0.035000	0.027393
0.035500	0.030893
0.036000	0.035422
0.036500	0.040710
0.037000	0.046528
0.037500	0.053234
0.038000	0.061490
0.038500	0.071218
0.039000	0.082437
0.039500	0.095159
0.040000	0.109435
0.040500	0.125790
0.041000	0.144363
0.041500	0.165601
0.042000	0.189693
0.042500	0.217181
0.043000	0.248901
0.043500	0.284886
0.044000	0.325120
0.044500	0.369135
0.045000	0.417206
0.045500	0.469719
0.046000	0.526223
0.046500	0.586686
0.047000	0.651543
0.047500	0.720970
0.048000	0.795048
0.048500	0.873600
0.049000	0.956401
0.049500	1.043483
0.050000	1.135135
0.050500	1.231454
0.051000	1.332489
0.051500	1.438641
0.052000	1.550185
0.052500	1.667120
0.053000	1.789269
0.053500	1.916890
0.054000	2.049017
0.054500	2.185972
0.055000	2.328399
0.055500	2.476459
0.056000	2.630151
0.056500	2.788671
0.057000	2.951376
0.057500	3.118104
0.058000	3.288856
0.058500	3.463791
0.059000	3.642589
0.059500	3.825250
0.060000	4.011612
0.060500	4.201354
0.061000	4.394153
0.061500	4.590010
0.062000	4.788603
0.062500	4.990093
0.063000	5.193675
0.063500	5.400154
0.064000	5.609529
0.064500	5.820997
0.065000	6.034557
0.065500	6.249726
0.066000	6.466183
0.066500	6.683767
0.067000	6.902476
0.067500	7.122313
0.068000	7.342954
0.068500	7.563917
0.069000	7.785363
0.069500	8.006968
0.070000	8.228254
0.070500	8.449217
0.071000	8.670180
0.071500	8.891143
0.072000	9.112267
0.072500	9.333069
0.073000	9.554515
0.073500	9.776443
0.074000	9.997889
0.074500	10.218207
0.075000	10.437722
0.075500	10.655950
0.076000	10.873050
0.076500	11.088702
0.077000	11.303227
0.077500	11.516144
0.078000	11.727612
0.078500	11.937470
0.079000	12.145720
0.079500	12.352037
0.080000	12.556746
0.080500	12.760006
0.081000	12.961175
0.081500	13.160571
0.082000	13.357394
0.082500	13.550676
0.083000	13.740580
0.083500	13.926137
0.084000	14.106866
0.084500	14.282285
0.085000	14.451427
0.085500	14.612844
0.086000	14.765087
0.086500	14.906067
0.087000	15.032882
0.087500	15.143604
0.088000	15.235498
0.088500	15.305182
0.089000	15.351532
0.089500	15.375030
0.090000	15.376317
0.090500	15.356844
0.091000	15.315643
0.091500	15.252074
0.092000	15.169033
0.092500	15.070540
0.093000	14.957565
0.093500	14.828817
0.094000	14.685747
0.094500	14.530445
0.095000	14.359212
0.095500	14.168182
0.096000	13.957519
0.096500	13.731406
0.097000	13.495477
0.097500	13.254558
0.098000	13.011224
0.098500	12.767247
0.099000	12.523272
0.099500	12.280260
0.100000	12.039663
0.100500	11.801963
0.101000	11.567804
0.101500	11.338633
0.102000	11.116866
0.102500	10.903950
0.103000	10.701494
0.103500	10.510786
0.104000	10.332954
0.104500	10.168318
0.105000	10.017523
0.105500	9.880568
0.106000	9.756648
0.106500	9.644959
0.107000	9.544859
0.107500	9.455379
0.108000	9.376039
0.108500	9.305549
0.109000	9.243268
0.109500	9.186940
0.110000	9.135602
0.110500	9.088287
0.111000	9.044353
0.111500	9.003314
0.112000	8.965494
0.112500	8.931054
0.113000	8.899029
0.113500	8.869416
0.114000	8.842701
0.114500	8.819044
0.115000	8.798445
0.115500	8.780420
0.116000	8.764971
0.116500	8.751451
0.117000	8.739060
0.117500	8.726025
0.118000	8.711700
0.118500	8.694320
0.119000	8.670984
0.119500	8.640246
0.120000	8.601622
0.120500	8.555112
0.121000	8.501520
0.121500	8.442618
0.122000	8.380015
0.122500	8.315320
0.123000	8.250463
0.123500	8.185928
0.124000	8.121716
0.124500	8.056376
0.125000	7.987335
0.125500	7.912018
0.126000	7.829619
0.126500	7.739818
0.127000	7.643579
0.127500	7.542674
0.128000	7.438549
0.128500	7.332332
0.129000	7.225150
0.129500	7.117485
0.130000	7.009176
0.130500	6.899901
0.131000	6.788213
0.131500	6.673306
0.132000	6.555181
0.132500	6.433996
0.133000	6.310720
0.133500	6.183904
0.134000	6.053547
0.134500	5.922547
0.135000	5.791546
0.135500	5.662316
0.136000	5.538074
0.136500	5.417696
0.137000	5.302467
0.137500	5.189973
0.138000	5.074905
0.138500	4.955492
0.139000	4.829641
0.139500	4.697675
0.140000	4.562490
0.140500	4.426662
0.141000	4.291637
0.141500	4.157097
0.142000	4.021107
0.142500	3.883347
0.143000	3.741886
0.143500	3.594309
0.144000	3.442065
0.144500	3.288373
0.145000	3.135646
0.145500	2.985655
0.146000	2.837917
0.146500	2.690340
0.147000	2.540671
0.147500	2.387140
0.148000	2.228620
0.148500	2.065110
0.149000	1.898221
0.149500	1.727148
0.150000	1.553130
0.150500	1.378033
0.151000	1.201939
0.151500	1.026649
0.152000	0.854320
0.152500	0.686015
0.153000	0.521991
0.153500	0.362907
0.154000	0.209118
0.154500	0.060465
0.155000	-0.083258
0.155500	-0.221768
0.156000	-0.354426
0.156500	-0.483978
0.157000	-0.608750
0.157500	-0.722676
0.158000	-0.826961
0.158500	-0.920593
0.159000	-1.001318
0.159500	-1.070375
0.160000	-1.126782
0.160500	-1.170766
0.161000	-1.204433
0.161500	-1.229748
0.162000	-1.249736
0.162500	-1.266827
0.163000	-1.280153
0.163500	-1.288167
0.164000	-1.288827
0.164500	-1.279155
0.165000	-1.257477
0.165500	-1.223391
0.166000	-1.177814
0.166500	-1.122437
0.167000	-1.058466
0.167500	-0.988636
0.168000	-0.915186
0.168500	-0.839514
0.169000	-0.762990
0.169500	-0.685146
0.170000	-0.605580
0.170500	-0.523922
0.171000	-0.439753
0.171500	-0.353573
0.172000	-0.266057
0.172500	-0.178331
0.173000	-0.090670
0.173500	-0.002910
0.174000	0.084265
0.174500	0.171266
0.175000	0.257913
0.175500	0.344239
0.176000	0.430306
0.176500	0.515988
0.177000	0.601235
0.177500	0.684213
0.178000	0.764712
0.178500	0.842636
0.179000	0.916908
0.179500	0.987172
0.180000	1.053171
0.180500	1.114278
0.181000	1.170170
0.181500	1.220671
0.182000	1.266055
0.182500	1.306417
0.183000	1.341758
0.183500	1.372593
0.184000	1.399598
0.184500	1.423497
0.185000	1.444628
0.185500	1.463151
0.186000	1.479052
0.186500	1.492329
0.187000	1.502081
0.187500	1.507505
0.188000	1.508277
0.188500	1.504109
0.189000	1.495145
0.189500	1.481289
0.190000	1.463328
0.190500	1.442890
0.191000	1.420343
0.191500	1.395993
0.192000	1.370308
0.192500	1.343158
0.193000	1.314673
0.193500	1.284434
0.194000	1.251732
0.194500	1.216326
0.195000	1.178603
0.195500	1.138273
0.196000	1.095448
0.196500	1.050564
0.197000	1.003748
0.197500	0.955258
0.198000	0.904725
0.198500	0.852132
0.199000	0.797559
0.199500	0.740282
0.200000	0.680221
0.200500	0.618052
0.201000	0.553244
0.201500	0.485893
0.202000	0.417062
0.202500	0.347232
0.203000	0.276646
0.203500	0.205610
0.204000	0.134298
0.204500	0.062966
0.205000	-0.007995
0.205500	-0.078840
0.206000	-0.150253
0.206500	-0.221880
0.207000	-0.293303
0.207500	-0.364050
0.208000	-0.433477
0.208500	-0.501616
0.209000	-0.568613
0.209500	-0.634838
0.210000	-0.700097
0.210500	-0.764229
0.211000	-0.827315
0.211500	-0.889356
0.212000	-0.950044
0.212500	-1.008833
0.213000	-1.065675
0.213500	-1.119894
0.214000	-1.171570
0.214500	-1.220591
0.215000	-1.266505
0.215500	-1.309684
0.216000	-1.349950
0.216500	-1.387560
0.217000	-1.422708
0.217500	-1.455265
0.218000	-1.485408
0.218500	-1.513459
0.219000	-1.539595
0.219500	-1.563880
0.220000	-1.586169
0.220500	-1.606866
0.221000	-1.626725
0.221500	-1.645071
0.222000	-1.661969
0.222500	-1.678546
0.223000	-1.694961
0.223500	-1.710411
0.224000	-1.725538
0.224500	-1.739218
0.225000	-1.750966
0.225500	-1.760944
0.226000	-1.769313
0.226500	-1.776716
0.227000	-1.782831
0.227500	-1.787659
0.228000	-1.791361
0.228500	-1.794097
0.229000	-1.795867
0.229500	-1.796833
0.230000	-1.796511
0.230500	-1.795545
0.231000	-1.793614
0.231500	-1.790556
0.232000	-1.787337
0.232500	-1.784119
0.233000	-1.780256
0.233500	-1.776233
0.234000	-1.772049
0.234500	-1.767382
0.235000	-1.761588
0.235500	-1.755312
0.236000	-1.749196
0.236500	-1.742598
0.237000	-1.735839
0.237500	-1.729240
0.238000	-1.722159
0.238500	-1.714434
0.239000	-1.706709
0.239500	-1.698663
0.240000	-1.690294
0.240500	-1.682408
0.241000	-1.675488
0.241500	-1.670499
0.242000	-1.667602
0.242500	-1.666637
0.243000	-1.666958
0.243500	-1.668246
0.244000	-1.670016
0.244500	-1.672752
0.245000	-1.676293
0.245500	-1.680316
0.246000	-1.685144
0.246500	-1.691581
0.247000	-1.698984
0.247500	-1.707192
0.248000	-1.716205
0.248500	-1.726021
0.249000	-1.736482
0.249500	-1.746943
0.250000	-1.757243
0.250500	-1.766899
0.251000	-1.775589
0.251500	-1.784119
0.252000	-1.793131
0.252500	-1.802626
0.253000	-1.813248
0.253500	-1.825640
0.254000	-1.839319
0.254500	-1.853642
0.255000	-1.867805
0.255500	-1.881323
0.256000	-1.893876
0.256500	-1.905785
0.257000	-1.917533
0.257500	-1.929282
0.258000	-1.940708
0.258500	-1.951973
0.259000	-1.963882
0.259500	-1.975631
0.260000	-1.986735
0.260500	-1.997357
0.261000	-2.006852
0.261500	-2.014899
0.262000	-2.021497
0.262500	-2.026325
0.263000	-2.029383
0.263500	-2.029866
0.264000	-2.027934
0.264500	-2.023267
0.265000	-2.015703
0.265500	-2.005886
0.266000	-1.994460
0.266500	-1.980942
0.267000	-1.966296
0.267500	-1.950364
0.268000	-1.933466
0.268500	-1.915763
0.269000	-1.897256
0.269500	-1.877944
0.270000	-1.857505
0.270500	-1.836262
0.271000	-1.813892
0.271500	-1.789590
0.272000	-1.763841
0.272500	-1.736804
0.273000	-1.708640
0.273500	-1.679350
0.274000	-1.648773
0.274500	-1.617391
0.275000	-1.585461
0.275500	-1.553081
0.276000	-1.520251
0.276500	-1.487275
0.277000	-1.454091
0.277500	-1.420262
0.278000	-1.385629
0.278500	-1.350304
0.279000	-1.314577
0.279500	-1.278431
0.280000	-1.241963
0.280500	-1.205881
0.281000	-1.170283
0.281500	-1.134909
0.282000	-1.099842
0.282500	-1.065466
0.283000	-1.031718
0.283500	-0.998099
0.284000	-0.965172
0.284500	-0.932856
0.285000	-0.900895
0.285500	-0.869142
0.286000	-0.837519
0.286500	-0.806780
0.287000	-0.776991
0.287500	-0.748184
0.288000	-0.719956
0.288500	-0.691117
0.289000	-0.660555
0.289500	-0.628047
0.290000	-0.594588
0.290500	-0.560438
0.291000	-0.526143
0.291500	-0.492331
0.292000	-0.458518
0.292500	-0.424625
0.293000	-0.390604
0.293500	-0.356357
0.294000	-0.321740
0.294500	-0.286592
0.295000	-0.250510
0.295500	-0.214252
0.296000	-0.178331
0.296500	-0.142976
0.297000	-0.108627
0.297500	-0.075893
0.298000	-0.045221
0.298500	-0.015704
