0.000000	-0.029331
0.000500	-0.029331
0.001000	-0.029332
0.001500	-0.029332
0.002000	-0.029333
0.002500	-0.029334
0.003000	-0.029335
0.003500	-0.029337
0.004000	-0.029339
0.004500	-0.029341
0.005000	-0.029343
0.005500	-0.029345
0.006000	-0.029348
0.006500	-0.029350
0.007000	-0.029353
0.007500	-0.029356
0.008000	-0.029358
0.008500	-0.029361
0.009000	-0.029363
0.009500	-0.029365
0.010000	-0.029367
0.010500	-0.029369
0.011000	-0.029370
0.011500	-0.029370
0.012000	-0.029370
0.012500	-0.029370
0.013000	-0.029370
0.013500	-0.029369
0.014000	-0.029369
0.014500	-0.029368
0.015000	-0.029367
0.015500	-0.029366
0.016000	-0.029365
0.016500	-0.029364
0.017000	-0.029362
0.017500	-0.029361
0.018000	-0.029359
0.018500	-0.029358
0.019000	-0.029356
0.019500	-0.029354
0.020000	-0.029352
0.020500	-0.029350
0.021000	-0.029347
0.021500	-0.029344
0.022000	-0.029340
0.022500	-0.029336
0.023000	-0.029332
0.023500	-0.029327
0.024000	-0.029322
0.024500	-0.029317
0.025000	-0.029312
0.025500	-0.029306
0.026000	-0.029301
0.026500	-0.029295
0.027000	-0.029289
0.027500	-0.029283
0.028000	-0.029277
0.028500	-0.029270
0.029000	-0.029264
0.029500	-0.029259
0.030000	-0.029253
0.030500	-0.029247
0.031000	-0.029241
0.031500	-0.029235
0.032000	-0.029229
0.032500	-0.029223
0.033000	-0.029217
0.033500	-0.029211
0.034000	-0.029206
0.034500	-0.029200
0.035000	-0.029195
0.035500	-0.029190
0.036000	-0.029185
0.036500	-0.029180
0.037000	-0.029175
0.037500	-0.029170
0.038000	-0.029165
0.038500	-0.029160
0.039000	-0.029155
0.039500	-0.029149
0.040000	-0.029144
0.040500	-0.029138
0.041000	-0.029132
0.041500	-0.029125
0.042000	-0.029119
0.042500	-0.029113
0.043000	-0.029106
0.043500	-0.029098
0.044000	-0.029090
0.044500	-0.029082
0.045000	-0.029074
0.045500	-0.029064
0.046000	-0.029055
0.046500	-0.029044
0.047000	-0.029032
0.047500	-0.029020
0.048000	-0.029007
0.048500	-0.028993
0.049000	-0.028977
0.049500	-0.028961
0.050000	-0.028943
0.050500	-0.028924
0.051000	-0.028904
0.051500	-0.028882
0.052000	-0.028859
0.052500	-0.028835
0.053000	-0.028809
0.053500	-0.028783
0.054000	-0.028755
0.054500	-0.028726
0.055000	-0.028697
0.055500	-0.028668
0.056000	-0.028640
0.056500	-0.028615
0.057000	-0.028594
0.057500	-0.028580
0.058000	-0.028573
0.058500	-0.028573
0.059000	-0.028580
0.059500	-0.028591
0.060000	-0.028606
0.060500	-0.028623
0.061000	-0.028641
0.061500	-0.028658
0.062000	-0.028673
0.062500	-0.028685
0.063000	-0.028692
0.063500	-0.028693
0.064000	-0.028688
0.064500	-0.028676
0.065000	-0.028658
0.065500	-0.028634
0.066000	-0.028604
0.066500	-0.028569
0.067000	-0.028530
0.067500	-0.028487
0.068000	-0.028440
0.068500	-0.028390
0.069000	-0.028337
0.069500	-0.028282
0.070000	-0.028226
0.070500	-0.028170
0.071000	-0.028115
0.071500	-0.028060
0.072000	-0.028007
0.072500	-0.027954
0.073000	-0.027901
0.073500	-0.027848
0.074000	-0.027791
0.074500	-0.027731
0.075000	-0.027663
0.075500	-0.027586
0.076000	-0.027497
0.076500	-0.027394
0.077000	-0.027274
0.077500	-0.027135
0.078000	-0.026974
0.078500	-0.026790
0.079000	-0.026581
0.079500	-0.026345
0.080000	-0.026084
0.080500	-0.025799
0.081000	-0.025492
0.081500	-0.025170
0.082000	-0.024838
0.082500	-0.024501
0.083000	-0.024166
0.083500	-0.023838
0.084000	-0.023521
0.084500	-0.023218
0.085000	-0.022931
0.085500	-0.022662
0.086000	-0.022414
0.086500	-0.022188
0.087000	-0.021988
0.087500	-0.021814
0.088000	-0.021669
0.088500	-0.021554
0.089000	-0.021468
0.089500	-0.021411
0.090000	-0.021378
0.090500	-0.021367
0.091000	-0.021372
0.091500	-0.021388
0.092000	-0.021412
0.092500	-0.021436
0.093000	-0.021452
0.093500	-0.021455
0.094000	-0.021437
0.094500	-0.021394
0.095000	-0.021324
0.095500	-0.021227
0.096000	-0.021105
0.096500	-0.020957
0.097000	-0.020785
0.097500	-0.020586
0.098000	-0.020358
0.098500	-0.020103
0.099000	-0.019818
0.099500	-0.019508
0.100000	-0.019173
0.100500	-0.018817
0.101000	-0.018443
0.101500	-0.018056
0.102000	-0.017659
0.102500	-0.017259
0.103000	-0.016860
0.103500	-0.016469
0.104000	-0.016092
0.104500	-0.015735
0.105000	-0.015404
0.105500	-0.015102
0.106000	-0.014835
0.106500	-0.014604
0.107000	-0.014411
0.107500	-0.014257
0.108000	-0.014142
0.108500	-0.014069
0.109000	-0.014035
0.109500	-0.014043
0.110000	-0.014090
0.110500	-0.014173
0.111000	-0.014290
0.111500	-0.014435
0.112000	-0.014601
0.112500	-0.014783
0.113000	-0.014974
0.113500	-0.015170
0.114000	-0.015365
0.114500	-0.015556
0.115000	-0.015741
0.115500	-0.015919
0.116000	-0.016092
0.116500	-0.016262
0.117000	-0.016431
0.117500	-0.016601
0.118000	-0.016776
0.118500	-0.016958
0.119000	-0.017148
0.119500	-0.017348
0.120000	-0.017557
0.120500	-0.017773
0.121000	-0.017993
0.121500	-0.018215
0.122000	-0.018437
0.122500	-0.018662
0.123000	-0.018895
0.123500	-0.019141
0.124000	-0.019407
0.124500	-0.019694
0.125000	-0.020004
0.125500	-0.020336
0.126000	-0.020685
0.126500	-0.021048
0.127000	-0.021417
0.127500	-0.021788
0.128000	-0.022155
0.128500	-0.022511
0.129000	-0.022852
0.129500	-0.023173
0.130000	-0.023470
0.130500	-0.023740
0.131000	-0.023980
0.131500	-0.024189
0.132000	-0.024365
0.132500	-0.024510
0.133000	-0.024623
0.133500	-0.024708
0.134000	-0.024767
0.134500	-0.024802
0.135000	-0.024814
0.135500	-0.024805
0.136000	-0.024775
0.136500	-0.024727
0.137000	-0.024660
0.137500	-0.024574
0.138000	-0.024471
0.138500	-0.024349
0.139000	-0.024209
0.139500	-0.024052
0.140000	-0.023879
0.140500	-0.023694
0.141000	-0.023500
0.141500	-0.023300
0.142000	-0.023098
0.142500	-0.022899
0.143000	-0.022704
0.143500	-0.022518
0.144000	-0.022343
0.144500	-0.022183
0.145000	-0.022039
0.145500	-0.021915
0.146000	-0.021813
0.146500	-0.021734
0.147000	-0.021678
0.147500	-0.021647
0.148000	-0.021640
0.148500	-0.021656
0.149000	-0.021694
0.149500	-0.021754
0.150000	-0.021835
0.150500	-0.021937
0.151000	-0.022061
0.151500	-0.022205
0.152000	-0.022370
0.152500	-0.022552
0.153000	-0.022751
0.153500	-0.022963
0.154000	-0.023186
0.154500	-0.023419
0.155000	-0.023667
0.155500	-0.023931
0.156000	-0.024216
0.156500	-0.024525
0.157000	-0.024855
0.157500	-0.025201
0.158000	-0.025554
0.158500	-0.025905
0.159000	-0.026240
0.159500	-0.026551
0.160000	-0.026825
0.160500	-0.027055
0.161000	-0.027235
0.161500	-0.027362
0.162000	-0.027434
0.162500	-0.027454
0.163000	-0.027425
0.163500	-0.027351
0.164000	-0.027237
0.164500	-0.027089
0.165000	-0.026913
0.165500	-0.026714
0.166000	-0.026497
0.166500	-0.026269
0.167000	-0.026037
0.167500	-0.025806
0.168000	-0.025582
0.168500	-0.025370
0.169000	-0.025173
0.169500	-0.024994
0.170000	-0.024835
0.170500	-0.024697
0.171000	-0.024581
0.171500	-0.024486
0.172000	-0.024412
0.172500	-0.024358
0.173000	-0.024323
0.173500	-0.024306
0.174000	-0.024307
0.174500	-0.024325
0.175000	-0.024360
0.175500	-0.024411
0.176000	-0.024477
0.176500	-0.024559
0.177000	-0.024657
0.177500	-0.024774
0.178000	-0.024909
0.178500	-0.025063
0.179000	-0.025237
0.179500	-0.025429
0.180000	-0.025635
0.180500	-0.025851
0.181000	-0.026071
0.181500	-0.026292
0.182000	-0.026511
0.182500	-0.026724
0.183000	-0.026933
0.183500	-0.027137
0.184000	-0.027336
0.184500	-0.027532
0.185000	-0.027724
0.185500	-0.027913
0.186000	-0.028097
0.186500	-0.028274
0.187000	-0.028445
0.187500	-0.028607
0.188000	-0.028759
0.188500	-0.028900
0.189000	-0.029030
0.189500	-0.029148
0.190000	-0.029252
0.190500	-0.029344
0.191000	-0.029421
0.191500	-0.029483
0.192000	-0.029530
0.192500	-0.029563
0.193000	-0.029581
0.193500	-0.029585
0.194000	-0.029576
0.194500	-0.029557
0.195000	-0.029527
0.195500	-0.029487
0.196000	-0.029440
0.196500	-0.029386
0.197000	-0.029328
0.197500	-0.029266
0.198000	-0.029203
0.198500	-0.029139
0.199000	-0.029077
0.199500	-0.029019
0.200000	-0.028964
0.200500	-0.028914
0.201000	-0.028871
0.201500	-0.028835
0.202000	-0.028809
0.202500	-0.028792
0.203000	-0.028788
0.203500	-0.028796
0.204000	-0.028819
0.204500	-0.028857
0.205000	-0.028910
0.205500	-0.028980
0.206000	-0.029065
0.206500	-0.029167
0.207000	-0.029285
0.207500	-0.029419
0.208000	-0.029569
0.208500	-0.029733
0.209000	-0.029910
0.209500	-0.030098
0.210000	-0.030296
0.210500	-0.030501
0.211000	-0.030712
0.211500	-0.030927
0.212000	-0.031144
0.212500	-0.031360
0.213000	-0.031574
0.213500	-0.031787
0.214000	-0.031996
0.214500	-0.032202
0.215000	-0.032404
0.215500	-0.032601
0.216000	-0.032792
0.216500	-0.032975
0.217000	-0.033148
0.217500	-0.033312
0.218000	-0.033464
0.218500	-0.033605
0.219000	-0.033735
0.219500	-0.033851
0.220000	-0.033953
0.220500	-0.034039
0.221000	-0.034109
0.221500	-0.034162
0.222000	-0.034197
0.222500	-0.034215
0.223000	-0.034215
0.223500	-0.034199
0.224000	-0.034167
0.224500	-0.034119
0.225000	-0.034056
0.225500	-0.033978
0.226000	-0.033887
0.226500	-0.033782
0.227000	-0.033666
0.227500	-0.033539
0.228000	-0.033402
0.228500	-0.033256
0.229000	-0.033103
0.229500	-0.032944
0.230000	-0.032781
0.230500	-0.032617
0.231000	-0.032454
0.231500	-0.032292
0.232000	-0.032135
0.232500	-0.031983
0.233000	-0.031839
0.233500	-0.031703
0.234000	-0.031576
0.234500	-0.031459
0.235000	-0.031352
0.235500	-0.031256
0.236000	-0.031169
0.236500	-0.031093
0.237000	-0.031027
0.237500	-0.030969
0.238000	-0.030921
0.238500	-0.030880
0.239000	-0.030846
0.239500	-0.030817
0.240000	-0.030792
0.240500	-0.030770
0.241000	-0.030747
0.241500	-0.030723
0.242000	-0.030697
0.242500	-0.030667
0.243000	-0.030632
0.243500	-0.030593
0.244000	-0.030547
0.244500	-0.030495
0.245000	-0.030437
0.245500	-0.030372
0.246000	-0.030300
0.246500	-0.030221
0.247000	-0.030134
0.247500	-0.030039
0.248000	-0.029936
0.248500	-0.029827
0.249000	-0.029711
0.249500	-0.029589
0.250000	-0.029462
0.250500	-0.029329
0.251000	-0.029193
0.251500	-0.029054
0.252000	-0.028913
0.252500	-0.028772
0.253000	-0.028632
0.253500	-0.028494
0.254000	-0.028359
0.254500	-0.028228
0.255000	-0.028103
0.255500	-0.027985
0.256000	-0.027873
0.256500	-0.027769
0.257000	-0.027672
0.257500	-0.027584
0.258000	-0.027503
0.258500	-0.027430
0.259000	-0.027364
0.259500	-0.027306
0.260000	-0.027253
0.260500	-0.027206
0.261000	-0.027164
0.261500	-0.027126
0.262000	-0.027093
0.262500	-0.027063
0.263000	-0.027035
0.263500	-0.027010
0.264000	-0.026986
0.264500	-0.026964
0.265000	-0.026942
0.265500	-0.026920
0.266000	-0.026899
0.266500	-0.026879
0.267000	-0.026859
0.267500	-0.026840
0.268000	-0.026821
0.268500	-0.026804
0.269000	-0.026788
0.269500	-0.026775
0.270000	-0.026762
0.270500	-0.026752
0.271000	-0.026742
0.271500	-0.026733
0.272000	-0.026723
0.272500	-0.026712
0.273000	-0.026699
0.273500	-0.026684
0.274000	-0.026667
0.274500	-0.026649
0.275000	-0.026629
0.275500	-0.026608
0.276000	-0.026585
0.276500	-0.026562
0.277000	-0.026538
0.277500	-0.026514
0.278000	-0.026490
0.278500	-0.026465
0.279000	-0.026441
0.279500	-0.026416
0.280000	-0.026391
0.280500	-0.026364
0.281000	-0.026337
0.281500	-0.026308
0.282000	-0.026277
0.282500	-0.026243
0.283000	-0.026206
0.283500	-0.026166
0.284000	-0.026123
0.284500	-0.026076
0.285000	-0.026026
0.285500	-0.025974
0.286000	-0.025921
0.286500	-0.025866
0.287000	-0.025812
0.287500	-0.025758
0.288000	-0.025706
0.288500	-0.025655
0.289000	-0.025607
0.289500	-0.025562
0.290000	-0.025519
0.290500	-0.025480
0.291000	-0.025443
0.291500	-0.025409
0.292000	-0.025377
0.292500	-0.025346
0.293000	-0.025317
0.293500	-0.025288
0.294000	-0.025259
0.294500	-0.025230
0.295000	-0.025198
0.295500	-0.025164
0.296000	-0.025125
0.296500	-0.025081
0.297000	-0.025031
0.297500	-0.024972
0.298000	-0.024906
0.298500	-0.024830
