0.000000	0.078615
0.000500	0.078615
0.001000	0.078615
0.001500	0.078615
0.002000	0.078615
0.002500	0.078615
0.003000	0.078615
0.003500	0.084260
0.004000	0.109326
0.004500	0.129533
0.005000	0.145432
0.005500	0.157566
0.006000	0.167533
0.006500	0.173326
0.007000	0.170092
0.007500	0.152996
0.008000	0.125661
0.008500	0.096157
0.009000	0.066319
0.009500	0.037979
0.010000	0.011161
0.010500	-0.015307
0.011000	-0.041392
0.011500	-0.067061
0.012000	-0.091522
0.012500	-0.111843
0.013000	-0.125506
0.013500	-0.130024
0.014000	-0.123443
0.014500	-0.107623
0.015000	-0.086053
0.015500	-0.062233
0.016000	-0.036498
0.016500	-0.006261
0.017000	0.024399
0.017500	0.051200
0.018000	0.069920
0.018500	0.078747
0.019000	0.078522
0.019500	0.070192
0.020000	0.054346
0.020500	0.032018
0.021000	0.007564
0.021500	-0.014402
0.022000	-0.030924
0.022500	-0.045458
0.023000	-0.057013
0.023500	-0.063941
0.024000	-0.064528
0.024500	-0.057639
0.025000	-0.044728
0.025500	-0.027618
0.026000	-0.007533
0.026500	0.018293
0.027000	0.046848
0.027500	0.073624
0.028000	0.094280
0.028500	0.110251
0.029000	0.121555
0.029500	0.125809
0.030000	0.120823
0.030500	0.111634
0.031000	0.101802
0.031500	0.091972
0.032000	0.082783
0.032500	0.074334
0.033000	0.066233
0.033500	0.058126
0.034000	0.049660
0.034500	0.026952
0.035000	-0.010469
0.035500	-0.042847
0.036000	-0.050427
0.036500	-0.036184
0.037000	-0.018145
0.037500	0.000867
0.038000	0.018025
0.038500	0.035035
0.039000	0.053100
0.039500	0.068634
0.040000	0.078052
0.040500	0.079201
0.041000	0.075082
0.041500	0.068875
0.042000	0.063717
0.042500	0.061113
0.043000	0.058962
0.043500	0.056842
0.044000	0.054412
0.044500	0.049808
0.045000	0.041230
0.045500	0.031352
0.046000	0.022959
0.046500	0.018575
0.047000	0.019418
0.047500	0.027031
0.048000	0.043032
0.048500	0.067786
0.049000	0.096614
0.049500	0.128064
0.050000	0.161176
0.050500	0.194875
0.051000	0.228672
0.051500	0.263755
0.052000	0.301414
0.052500	0.343531
0.053000	0.394595
0.053500	0.449924
0.054000	0.502936
0.054500	0.548110
0.055000	0.590999
0.055500	0.633711
0.056000	0.676423
0.056500	0.718749
0.057000	0.757599
0.057500	0.796738
0.058000	0.841349
0.058500	0.897531
0.059000	0.992724
0.059500	1.121455
0.060000	1.261356
0.060500	1.390698
0.061000	1.513475
0.061500	1.636864
0.062000	1.759979
0.062500	1.880358
0.063000	1.958089
0.063500	2.004921
0.064000	2.061248
0.064500	2.167143
0.065000	2.318099
0.065500	2.477746
0.066000	2.639324
0.066500	2.795430
0.067000	2.946065
0.067500	3.095573
0.068000	3.242989
0.068500	3.387508
0.069000	3.512554
0.069500	3.613138
0.070000	3.706802
0.070500	3.811409
0.071000	3.954319
0.071500	4.142934
0.072000	4.337504
0.072500	4.497473
0.073000	4.596447
0.073500	4.650682
0.074000	4.670960
0.074500	4.668063
0.075000	4.638451
0.075500	4.574560
0.076000	4.504876
0.076500	4.459009
0.077000	4.465769
0.077500	4.524027
0.078000	4.597735
0.078500	4.650039
0.079000	4.655510
0.079500	4.638612
0.080000	4.600471
0.080500	4.538028
0.081000	4.445008
0.081500	4.317065
0.082000	4.176569
0.082500	4.047500
0.083000	3.954963
0.083500	3.908292
0.084000	3.874979
0.084500	3.817203
0.085000	3.703101
0.085500	3.566306
0.086000	3.425006
0.086500	3.286441
0.087000	3.156567
0.087500	3.029107
0.088000	2.901647
0.088500	2.774509
0.089000	2.647693
0.089500	2.521359
0.090000	2.395669
0.090500	2.270945
0.091000	2.148152
0.091500	2.046603
0.092000	1.963722
0.092500	1.883576
0.093000	1.790234
0.093500	1.671465
0.094000	1.539161
0.094500	1.410542
0.095000	1.303022
0.095500	1.226143
0.096000	1.175674
0.096500	1.148428
0.097000	1.141170
0.097500	1.145354
0.098000	1.154576
0.098500	1.168818
0.099000	1.188130
0.099500	1.209454
0.100000	1.233112
0.100500	1.264140
0.101000	1.307528
0.101500	1.370018
0.102000	1.450631
0.102500	1.537101
0.103000	1.616908
0.103500	1.683857
0.104000	1.745977
0.104500	1.803914
0.105000	1.858149
0.105500	1.895968
0.106000	1.904498
0.106500	1.906429
0.107000	1.925902
0.107500	1.985770
0.108000	2.085549
0.108500	2.201583
0.109000	2.309891
0.109500	2.398566
0.110000	2.489333
0.110500	2.554834
0.111000	2.562237
0.111500	2.494161
0.112000	2.400015
0.112500	2.296373
0.113000	2.194019
0.113500	2.102125
0.114000	2.013611
0.114500	1.926867
0.115000	1.843182
0.115500	1.766255
0.116000	1.719584
0.116500	1.701881
0.117000	1.705744
0.117500	1.724573
0.118000	1.763680
0.118500	1.829180
0.119000	1.925580
0.119500	2.057385
0.120000	2.221056
0.120500	2.399371
0.121000	2.574629
0.121500	2.729125
0.122000	2.870748
0.122500	3.007059
0.123000	3.137094
0.123500	3.259565
0.124000	3.357091
0.124500	3.436593
0.125000	3.516578
0.125500	3.615713
0.126000	3.761520
0.126500	3.945629
0.127000	4.133439
0.127500	4.289706
0.128000	4.405257
0.128500	4.493289
0.129000	4.553156
0.129500	4.584538
0.130000	4.570859
0.130500	4.518394
0.131000	4.460940
0.131500	4.432455
0.132000	4.460297
0.132500	4.527567
0.133000	4.599344
0.133500	4.640865
0.134000	4.634911
0.134500	4.603367
0.135000	4.548972
0.135500	4.473976
0.136000	4.369208
0.136500	4.228551
0.137000	4.080814
0.137500	3.955767
0.138000	3.882864
0.138500	3.860333
0.139000	3.850677
0.139500	3.814467
0.140000	3.726758
0.140500	3.622794
0.141000	3.508370
0.141500	3.384128
0.142000	3.247817
0.142500	3.093320
0.143000	2.934800
0.143500	2.787867
0.144000	2.668936
0.144500	2.585089
0.145000	2.515405
0.145500	2.435581
0.146000	2.325341
0.146500	2.205445
0.147000	2.084744
0.147500	1.964526
0.148000	1.846239
0.148500	1.728918
0.149000	1.612241
0.149500	1.496336
0.150000	1.382072
0.150500	1.291595
0.151000	1.216954
0.151500	1.134073
0.152000	1.019648
0.152500	0.881084
0.153000	0.734601
0.153500	0.588360
0.154000	0.450166
0.154500	0.316091
0.155000	0.182516
0.155500	0.050107
0.156000	-0.080519
0.156500	-0.206801
0.157000	-0.329014
0.157500	-0.450874
0.158000	-0.575984
0.158500	-0.712585
0.159000	-0.859052
0.159500	-1.004408
0.160000	-1.137661
0.160500	-1.257429
0.161000	-1.371403
0.161500	-1.482254
0.162000	-1.592623
0.162500	-1.703330
0.163000	-1.811156
0.163500	-1.914476
0.164000	-2.011841
0.164500	-2.086997
0.165000	-2.114517
0.165500	-2.104056
0.166000	-2.067041
0.166500	-2.009266
0.167000	-1.934592
0.167500	-1.857666
0.168000	-1.794258
0.168500	-1.753219
0.169000	-1.716526
0.169500	-1.680316
0.170000	-1.642818
0.170500	-1.603068
0.171000	-1.561466
0.171500	-1.519285
0.172000	-1.477796
0.172500	-1.439623
0.173000	-1.410992
0.173500	-1.391970
0.174000	-1.381976
0.174500	-1.384100
0.175000	-1.422242
0.175500	-1.477088
0.176000	-1.519317
0.176500	-1.524371
0.177000	-1.517177
0.177500	-1.508663
0.178000	-1.501003
0.178500	-1.496658
0.179000	-1.497784
0.179500	-1.499023
0.180000	-1.493874
0.180500	-1.477120
0.181000	-1.456859
0.181500	-1.436098
0.182000	-1.415257
0.182500	-1.394738
0.183000	-1.374492
0.183500	-1.354327
0.184000	-1.334082
0.184500	-1.313418
0.185000	-1.286204
0.185500	-1.253067
0.186000	-1.218676
0.186500	-1.187213
0.187000	-1.151405
0.187500	-1.116949
0.188000	-1.097267
0.188500	-1.105764
0.189000	-1.134411
0.189500	-1.165229
0.190000	-1.196789
0.190500	-1.227624
0.191000	-1.257606
0.191500	-1.287475
0.192000	-1.317168
0.192500	-1.346586
0.193000	-1.359864
0.193500	-1.353153
0.194000	-1.344269
0.194500	-1.351076
0.195000	-1.382861
0.195500	-1.425879
0.196000	-1.471745
0.196500	-1.512429
0.197000	-1.544648
0.197500	-1.574003
0.198000	-1.599962
0.198500	-1.621736
0.199000	-1.635415
0.199500	-1.636381
0.200000	-1.629461
0.200500	-1.619966
0.201000	-1.601458
0.201500	-1.561418
0.202000	-1.513475
0.202500	-1.472083
0.203000	-1.454300
0.203500	-1.482270
0.204000	-1.564475
0.204500	-1.707997
0.205000	-1.939421
0.205500	-2.302328
0.206000	-2.713998
0.206500	-3.080285
0.207000	-3.341320
0.207500	-3.578537
0.208000	-3.793707
0.208500	-3.975240
0.209000	-4.117185
0.209500	-4.237724
0.210000	-4.344102
0.210500	-4.441790
0.211000	-4.542212
0.211500	-4.677237
0.212000	-4.782005
0.212500	-4.772188
0.213000	-4.581802
0.213500	-4.325112
0.214000	-4.052007
0.214500	-3.778096
0.215000	-3.516417
0.215500	-3.254576
0.216000	-2.993702
0.216500	-2.739747
0.217000	-2.499472
0.217500	-2.292993
0.218000	-2.115644
0.218500	-1.951169
0.219000	-1.783958
0.219500	-1.615299
0.220000	-1.452047
0.220500	-1.297099
0.221000	-1.153642
0.221500	-1.040344
0.222000	-0.958735
0.222500	-0.900106
0.223000	-0.855608
0.223500	-0.818110
0.224000	-0.795048
0.224500	-0.797526
0.225000	-0.836666
0.225500	-0.901538
0.226000	-0.970998
0.226500	-1.040892
0.227000	-1.107100
0.227500	-1.171184
0.228000	-1.235236
0.228500	-1.295924
0.229000	-1.349869
0.229500	-1.387383
0.230000	-1.408482
0.230500	-1.424302
0.231000	-1.445996
0.231500	-1.482898
0.232000	-1.529987
0.232500	-1.575451
0.233000	-1.607445
0.233500	-1.619322
0.234000	-1.620288
0.234500	-1.618034
0.235000	-1.620127
0.235500	-1.629300
0.236000	-1.639600
0.236500	-1.651187
0.237000	-1.664223
0.237500	-1.682247
0.238000	-1.708802
0.238500	-1.736643
0.239000	-1.759174
0.239500	-1.767060
0.240000	-1.759335
0.240500	-1.747104
0.241000	-1.741310
0.241500	-1.751771
0.242000	-1.774463
0.242500	-1.800856
0.243000	-1.823065
0.243500	-1.834974
0.244000	-1.839641
0.244500	-1.836583
0.245000	-1.824030
0.245500	-1.797798
0.246000	-1.750805
0.246500	-1.696571
0.247000	-1.650865
0.247500	-1.626242
0.248000	-1.610310
0.248500	-1.596260
0.249000	-1.581583
0.249500	-1.563510
0.250000	-1.538983
0.250500	-1.512429
0.251000	-1.489561
0.251500	-1.476637
0.252000	-1.491508
0.252500	-1.526431
0.253000	-1.562239
0.253500	-1.580344
0.254000	-1.587087
0.254500	-1.592172
0.255000	-1.597708
0.255500	-1.605836
0.256000	-1.619000
0.256500	-1.635255
0.257000	-1.651187
0.257500	-1.663257
0.258000	-1.664705
0.258500	-1.651187
0.259000	-1.619966
0.259500	-1.568145
0.260000	-1.491331
0.260500	-1.399083
0.261000	-1.305790
0.261500	-1.225821
0.262000	-1.157987
0.262500	-1.093356
0.263000	-1.034663
0.263500	-0.984677
0.264000	-0.944057
0.264500	-0.912064
0.265000	-0.889372
0.265500	-0.876626
0.266000	-0.874212
0.266500	-0.877913
0.267000	-0.881422
0.267500	-0.878444
0.268000	-0.867115
0.268500	-0.852019
0.269000	-0.836666
0.269500	-0.824515
0.270000	-0.822584
0.270500	-0.832546
0.271000	-0.841413
0.271500	-0.835797
0.272000	-0.812976
0.272500	-0.788804
0.273000	-0.764117
0.273500	-0.739236
0.274000	-0.714195
0.274500	-0.688864
0.275000	-0.663565
0.275500	-0.638588
0.276000	-0.616894
0.276500	-0.602796
0.277000	-0.594347
0.277500	-0.589438
0.278000	-0.588135
0.278500	-0.595473
0.279000	-0.606047
0.279500	-0.613337
0.280000	-0.612549
0.280500	-0.606336
0.281000	-0.593880
0.281500	-0.573795
0.282000	-0.543958
0.282500	-0.503725
0.283000	-0.459355
0.283500	-0.417641
0.284000	-0.382557
0.284500	-0.348648
0.285000	-0.319809
0.285500	-0.301044
0.286000	-0.297214
0.286500	-0.307449
0.287000	-0.324299
0.287500	-0.339926
0.288000	-0.347795
0.288500	-0.353653
0.289000	-0.358208
0.289500	-0.359688
0.290000	-0.356534
0.290500	-0.349630
0.291000	-0.339459
0.291500	-0.326150
0.292000	-0.309863
0.292500	-0.291307
0.293000	-0.271770
0.293500	-0.252554
0.294000	-0.234980
0.294500	-0.220335
0.295000	-0.207316
0.295500	-0.193974
0.296000	-0.178283
0.296500	-0.156953
0.297000	-0.130215
0.297500	-0.099749
0.298000	-0.066894
0.298500	-0.023896
0.299000	0.026767
0.299500	0.076510
0.300000	0.117006
0.300500	0.149107
0.301000	0.172425
0.301500	0.183063
0.302000	0.177430
0.302500	0.163606
0.303000	0.146537
0.303500	0.126317
0.304000	0.103000
0.304500	0.078145
0.305000	0.053263
0.305500	0.028358
0.306000	0.003429
0.306500	-0.021829
0.307000	-0.047368
0.307500	-0.072668
0.308000	-0.097201
0.308500	-0.109958
0.309000	-0.106027
0.309500	-0.094037
0.310000	-0.082616
0.310500	-0.072702
0.311000	-0.061079
0.311500	-0.050139
0.312000	-0.042274
0.312500	-0.039289
0.313000	-0.039785
0.313500	-0.041383
0.314000	-0.041709
0.314500	-0.039725
0.315000	-0.036596
0.315500	-0.031488
0.316000	-0.023485
0.316500	-0.010751
0.317000	0.008108
0.317500	0.031430
0.318000	0.057484
0.318500	0.085982
0.319000	0.117654
0.319500	0.149870
0.320000	0.179909
0.320500	0.205739
0.321000	0.228012
0.321500	0.247678
0.322000	0.265687
0.322500	0.282955
0.323000	0.297696
0.323500	0.304472
0.324000	0.297664
0.324500	0.274071
0.325000	0.242222
0.325500	0.207380
0.326000	0.173970
0.326500	0.145015
0.327000	0.117172
0.327500	0.090102
0.328000	0.063992
0.328500	0.039920
0.329000	0.021671
0.329500	0.009662
0.330000	0.003912
0.330500	0.004740
0.331000	0.014931
0.331500	0.035134
0.332000	0.065317
0.332500	0.105005
0.333000	0.149262
0.333500	0.194843
0.334000	0.239358
0.334500	0.280766
0.335000	0.320597
0.335500	0.359672
0.336000	0.398232
0.336500	0.437194
0.337000	0.479327
0.337500	0.516004
0.338000	0.536459
0.338500	0.531824
0.339000	0.513686
0.339500	0.489160
0.340000	0.461914
0.340500	0.435456
0.341000	0.408629
0.341500	0.381093
0.342000	0.354426
0.342500	0.330559
0.343000	0.320823
0.343500	0.320774
0.344000	0.318167
0.344500	0.301237
0.345000	0.276678
0.345500	0.251122
0.346000	0.224825
0.346500	0.197998
0.347000	0.169995
0.347500	0.141339
0.348000	0.113200
0.348500	0.087011
0.349000	0.070713
0.349500	0.061892
0.350000	0.052869
0.350500	0.035969
0.351000	0.011713
0.351500	-0.014160
0.352000	-0.041502
0.352500	-0.070169
0.353000	-0.100647
0.353500	-0.132517
0.354000	-0.164282
0.354500	-0.194425
0.355000	-0.222781
0.355500	-0.248676
0.356000	-0.269919
0.356500	-0.284307
0.357000	-0.294269
0.357500	-0.303796
0.358000	-0.313098
0.358500	-0.322303
0.359000	-0.331380
0.359500	-0.340296
0.360000	-0.349195
0.360500	-0.358240
0.361000	-0.372177
0.361500	-0.395673
0.362000	-0.420312
0.362500	-0.437323
0.363000	-0.442795
0.363500	-0.443616
0.364000	-0.441572
0.364500	-0.438240
0.365000	-0.434732
0.365500	-0.430306
0.366000	-0.423917
0.366500	-0.414519
0.367000	-0.400179
0.367500	-0.378807
0.368000	-0.350837
0.368500	-0.316832
0.369000	-0.277612
0.369500	-0.235769
0.370000	-0.193363
0.370500	-0.152427
0.371000	-0.114123
0.371500	-0.076260
0.372000	-0.038479
0.372500	-0.000727
0.373000	0.036994
0.373500	0.074427
0.374000	0.111386
0.374500	0.147701
0.375000	0.176786
0.375500	0.176191
0.376000	0.152204
0.376500	0.114218
0.377000	0.069174
0.377500	0.015379
0.378000	-0.041170
0.378500	-0.093445
0.379000	-0.136921
0.379500	-0.176931
0.380000	-0.212256
0.380500	-0.240726
0.381000	-0.260279
0.381500	-0.270595
0.382000	-0.271689
0.382500	-0.263401
0.383000	-0.245876
0.383500	-0.223087
0.384000	-0.198867
0.384500	-0.176642
0.385000	-0.159148
0.385500	-0.142879
0.386000	-0.126654
0.386500	-0.110499
0.387000	-0.094443
0.387500	-0.078457
0.388000	-0.062542
0.388500	-0.046716
0.389000	-0.031110
0.389500	-0.019027
0.390000	-0.009996
0.390500	-0.001349
0.391000	0.009722
0.391500	0.028442
0.392000	0.051502
0.392500	0.072287
0.393000	0.084288
0.393500	0.086713
0.394000	0.082899
0.394500	0.075395
0.395000	0.066516
0.395500	0.051903
0.396000	0.034123
0.396500	0.020056
0.397000	0.016401
0.397500	0.021774
0.398000	0.030936
0.398500	0.040329
0.399000	0.046391
0.399500	0.049341
0.400000	0.051969
0.400500	0.054586
0.401000	0.057505
0.401500	0.062117
0.402000	0.068293
0.402500	0.074065
0.403000	0.077464
0.403500	0.070319
0.404000	0.051739
0.404500	0.030679
0.405000	0.016093
0.405500	0.008500
0.406000	0.002722
0.406500	-0.000824
0.407000	-0.001717
0.407500	0.002537
0.408000	0.011442
0.408500	0.020936
0.409000	0.026955
0.409500	0.025004
0.410000	0.015712
0.410500	0.005255
0.411000	-0.000095
0.411500	0.002527
0.412000	0.009078
0.412500	0.019578
0.413000	0.034221
0.413500	0.053544
0.414000	0.077508
0.414500	0.102700
0.415000	0.125448
0.415500	0.142676
0.416000	0.156028
0.416500	0.168659
0.417000	0.183642
0.417500	0.203164
0.418000	0.224970
0.418500	0.247678
0.419000	0.270241
0.419500	0.293110
0.420000	0.318875
0.420500	0.340859
0.421000	0.351593
0.421500	0.341664
0.422000	0.305244
0.422500	0.255435
0.423000	0.206704
0.423500	0.167742
0.424000	0.126296
0.424500	0.087809
0.425000	0.060140
0.425500	0.047239
0.426000	0.037227
0.426500	0.027851
0.427000	0.018367
0.427500	0.008232
0.428000	-0.002114
0.428500	-0.012485
0.429000	-0.022766
0.429500	-0.031871
0.430000	-0.036300
0.430500	-0.036833
0.431000	-0.034717
0.431500	-0.030626
0.432000	-0.020246
0.432500	-0.002918
0.433000	0.020762
0.433500	0.051098
0.434000	0.093223
0.434500	0.140930
0.435000	0.185493
0.435500	0.219547
0.436000	0.249271
0.436500	0.274828
0.437000	0.293641
0.437500	0.303715
0.438000	0.309300
0.438500	0.313468
0.439000	0.318280
0.439500	0.325635
0.440000	0.335226
0.440500	0.345574
0.441000	0.355311
0.441500	0.363052
0.442000	0.367365
0.442500	0.366995
0.443000	0.360783
0.443500	0.347683
0.444000	0.330881
0.444500	0.312583
0.445000	0.293206
0.445500	0.273186
0.446000	0.251959
0.446500	0.230056
0.447000	0.208668
0.447500	0.188985
0.448000	0.173310
0.448500	0.161449
0.449000	0.152147
0.449500	0.144303
0.450000	0.140946
0.450500	0.140893
0.451000	0.140312
0.451500	0.135492
0.452000	0.126950
0.452500	0.114634
0.453000	0.096858
0.453500	0.071936
0.454000	0.041381
0.454500	0.008418
0.455000	-0.026058
0.455500	-0.061153
0.456000	-0.097887
0.456500	-0.136461
0.457000	-0.174775
0.457500	-0.210711
0.458000	-0.239326
0.458500	-0.258010
0.459000	-0.268294
0.459500	-0.271657
0.460000	-0.270531
0.460500	-0.265574
0.461000	-0.255612
0.461500	-0.239486
0.462000	-0.219756
0.462500	-0.199591
0.463000	-0.178782
0.463500	-0.157111
0.464000	-0.134551
0.464500	-0.111571
0.465000	-0.088503
0.465500	-0.065668
0.466000	-0.043441
0.466500	-0.022431
0.467000	-0.003288
0.467500	0.013342
0.468000	0.023234
0.468500	0.022780
0.469000	0.019227
0.469500	0.020093
0.470000	0.027819
0.470500	0.036291
0.471000	0.046900
0.471500	0.061321
0.472000	0.079225
0.472500	0.097249
0.473000	0.115276
0.473500	0.133294
0.474000	0.151304
0.474500	0.169319
0.475000	0.187328
0.475500	0.205336
0.476000	0.223361
0.476500	0.241434
0.477000	0.259475
0.477500	0.277419
0.478000	0.289215
0.478500	0.276035
0.479000	0.248000
0.479500	0.218243
0.480000	0.196388
0.480500	0.175644
0.481000	0.154885
0.481500	0.134198
0.482000	0.113858
0.482500	0.094456
0.483000	0.075486
0.483500	0.056340
0.484000	0.034300
0.484500	0.002591
0.485000	-0.034673
0.485500	-0.072284
0.486000	-0.134103
0.486500	-0.274812
0.487000	-0.366174
0.487500	-0.263289
0.488000	332860.625000
0.488500	3566467.250000
0.489000	8976116.000000
0.489500	14994741.000000
0.490000	20218188.000000
0.490500	25128298.000000
0.491000	30059328.000000
0.491500	35078872.000000
