0.000000	-0.291190
0.000500	-0.291190
0.001000	-0.291190
0.001500	-0.291190
0.002000	-0.291190
0.002500	-0.291190
0.003000	-0.291190
0.003500	-0.294010
0.004000	-0.303550
0.004500	-0.303370
0.005000	-0.290660
0.005500	-0.262550
0.006000	-0.218150
0.006500	-0.164240
0.007000	-0.109520
0.007500	-0.062694
0.008000	-0.020011
0.008500	0.021445
0.009000	0.051744
0.009500	0.060956
0.010000	0.055060
0.010500	0.047131
0.011000	0.037885
0.011500	0.028038
0.012000	0.017828
0.012500	0.007025
0.013000	-0.003610
0.013500	-0.013288
0.014000	-0.018386
0.014500	-0.016117
0.015000	-0.012581
0.015500	-0.014101
0.016000	-0.022719
0.016500	-0.032358
0.017000	-0.042504
0.017500	-0.052868
0.018000	-0.063613
0.018500	-0.075785
0.019000	-0.088116
0.019500	-0.099103
0.020000	-0.104990
0.020500	-0.097851
0.021000	-0.081630
0.021500	-0.061449
0.022000	-0.040675
0.022500	-0.016297
0.023000	0.009475
0.023500	0.033712
0.024000	0.053595
0.024500	0.068339
0.025000	0.078514
0.025500	0.084649
0.026000	0.085931
0.026500	0.073500
0.027000	0.053557
0.027500	0.035873
0.028000	0.030350
0.028500	0.044927
0.029000	0.068909
0.029500	0.086872
0.030000	0.084084
0.030500	0.071675
0.031000	0.059103
0.031500	0.046400
0.032000	0.033594
0.032500	0.020675
0.033000	0.007692
0.033500	-0.005273
0.034000	-0.018137
0.034500	-0.024994
0.035000	-0.024178
0.035500	-0.021974
0.036000	-0.024666
0.036500	-0.044769
0.037000	-0.080387
0.037500	-0.116190
0.038000	-0.136850
0.038500	-0.139230
0.039000	-0.130880
0.039500	-0.112540
0.040000	-0.084926
0.040500	-0.047492
0.041000	-0.001821
0.041500	0.045040
0.042000	0.085915
0.042500	0.117800
0.043000	0.145420
0.043500	0.167950
0.044000	0.184350
0.044500	0.193880
0.045000	0.196620
0.045500	0.192450
0.046000	0.181210
0.046500	0.161600
0.047000	0.132430
0.047500	0.101370
0.048000	0.076799
0.048500	0.063613
0.049000	0.052121
0.049500	0.040901
0.050000	0.029865
0.050500	0.018891
0.051000	0.007950
0.051500	-0.002630
0.052000	-0.012492
0.052500	-0.019287
0.053000	-0.008275
0.053500	0.013755
0.054000	0.034786
0.054500	0.044476
0.055000	0.049725
0.055500	0.052193
0.056000	0.050410
0.056500	0.042784
0.057000	0.028484
0.057500	0.010912
0.058000	-0.005921
0.058500	-0.018107
0.059000	-0.026055
0.059500	-0.031316
0.060000	-0.034277
0.060500	-0.034909
0.061000	-0.022793
0.061500	-0.002477
0.062000	0.013551
0.062500	0.013101
0.063000	-0.002166
0.063500	-0.023878
0.064000	-0.046495
0.064500	-0.064484
0.065000	-0.081072
0.065500	-0.097993
0.066000	-0.107470
0.066500	-0.101730
0.067000	-0.084735
0.067500	-0.066119
0.068000	-0.046609
0.068500	-0.026934
0.069000	-0.007312
0.069500	0.012460
0.070000	0.032283
0.070500	0.052059
0.071000	0.072918
0.071500	0.093498
0.072000	0.106790
0.072500	0.105670
0.073000	0.061007
0.073500	-0.057486
0.074000	-0.217530
0.074500	-0.385190
0.075000	-0.544740
0.075500	-0.713260
0.076000	-0.882840
0.076500	-1.044600
0.077000	-1.189800
0.077500	-1.314800
0.078000	-1.420000
0.078500	-1.505800
0.079000	-1.572600
0.079500	-1.618700
0.080000	-1.642300
0.080500	-1.641700
0.081000	-1.618500
0.081500	-1.585700
0.082000	-1.545300
0.082500	-1.498200
0.083000	-1.445400
0.083500	-1.388600
0.084000	-1.324800
0.084500	-1.250100
0.085000	-1.158300
0.085500	-1.032300
0.086000	-0.888090
0.086500	-0.748320
0.087000	-0.632390
0.087500	-0.527280
0.088000	-0.434960
0.088500	-0.364150
0.089000	-0.323190
0.089500	-0.309410
0.090000	-0.307980
0.090500	-0.303420
0.091000	-0.280950
0.091500	-0.249460
0.092000	-0.215660
0.092500	-0.177400
0.093000	-0.132480
0.093500	-0.078939
0.094000	-0.020250
0.094500	0.038583
0.095000	0.092557
0.095500	0.137310
0.096000	0.174070
0.096500	0.206260
0.097000	0.237260
0.097500	0.261040
0.098000	0.266260
0.098500	0.248340
0.099000	0.202720
0.099500	0.105870
0.100000	-0.053158
0.100500	-0.260110
0.101000	-0.500710
0.101500	-0.767720
0.102000	-1.057800
0.102500	-1.350500
0.103000	-1.625100
0.103500	-1.871900
0.104000	-2.105100
0.104500	-2.326700
0.105000	-2.537800
0.105500	-2.742600
0.106000	-2.933600
0.106500	-3.086000
0.107000	-3.174700
0.107500	-3.190200
0.108000	-3.184900
0.108500	-3.169300
0.109000	-3.148100
0.109500	-3.124300
0.110000	-3.097200
0.110500	-3.069600
0.111000	-3.044600
0.111500	-3.026900
0.112000	-3.024000
0.112500	-3.038200
0.113000	-3.071000
0.113500	-3.126500
0.114000	-3.219600
0.114500	-3.332300
0.115000	-3.439600
0.115500	-3.519400
0.116000	-3.582400
0.116500	-3.635800
0.117000	-3.681900
0.117500	-3.720700
0.118000	-3.734500
0.118500	-3.723000
0.119000	-3.690700
0.119500	-3.638300
0.120000	-3.467300
0.120500	-3.215000
0.121000	-2.992500
0.121500	-2.907600
0.122000	-2.928400
0.122500	-2.984100
0.123000	-3.040800
0.123500	-3.067400
0.124000	-3.113900
0.124500	-3.158000
0.125000	-3.128900
0.125500	-2.955600
0.126000	-2.678700
0.126500	-2.389900
0.127000	-2.095200
0.127500	-1.800900
0.128000	-1.507500
0.128500	-1.212800
0.129000	-0.918240
0.129500	-0.625230
0.130000	-0.351700
0.130500	-0.128540
0.131000	0.023292
0.131500	0.082850
0.132000	0.042698
0.132500	-0.066558
0.133000	-0.221460
0.133500	-0.399080
0.134000	-0.595260
0.134500	-0.820260
0.135000	-1.042300
0.135500	-1.228400
0.136000	-1.359400
0.136500	-1.450200
0.137000	-1.503400
0.137500	-1.521000
0.138000	-1.510600
0.138500	-1.491700
0.139000	-1.459200
0.139500	-1.405500
0.140000	-1.328500
0.140500	-1.248300
0.141000	-1.168000
0.141500	-1.088300
0.142000	-1.009500
0.142500	-0.931030
0.143000	-0.852610
0.143500	-0.774290
0.144000	-0.696350
0.144500	-0.621480
0.145000	-0.549920
0.145500	-0.481220
0.146000	-0.416670
0.146500	-0.371870
0.147000	-0.350570
0.147500	-0.352650
0.148000	-0.377380
0.148500	-0.416630
0.149000	-0.461710
0.149500	-0.504810
0.150000	-0.538300
0.150500	-0.563360
0.151000	-0.586270
0.151500	-0.611740
0.152000	-0.644420
0.152500	-0.685120
0.153000	-0.729980
0.153500	-0.775120
0.154000	-0.816980
0.154500	-0.860740
0.155000	-0.902790
0.155500	-0.933920
0.156000	-0.944940
0.156500	-0.939710
0.157000	-0.930200
0.157500	-0.919330
0.158000	-0.910030
0.158500	-0.905690
0.159000	-0.903750
0.159500	-0.898240
0.160000	-0.883190
0.160500	-0.855580
0.161000	-0.819620
0.161500	-0.780250
0.162000	-0.742370
0.162500	-0.708180
0.163000	-0.674380
0.163500	-0.641020
0.164000	-0.608270
0.164500	-0.582180
0.165000	-0.569600
0.165500	-0.561080
0.166000	-0.546750
0.166500	-0.522510
0.167000	-0.492860
0.167500	-0.452600
0.168000	-0.396220
0.168500	-0.322430
0.169000	-0.245460
0.169500	-0.167380
0.170000	-0.088506
0.170500	-0.009221
0.171000	0.070212
0.171500	0.149860
0.172000	0.229820
0.172500	0.311650
0.173000	0.399850
0.173500	0.491330
0.174000	0.582260
0.174500	0.670120
0.175000	0.758720
0.175500	0.834640
0.176000	0.880700
0.176500	0.883840
0.177000	0.871670
0.177500	0.855950
0.178000	0.840430
0.178500	0.828330
0.179000	0.817250
0.179500	0.806400
0.180000	0.796040
0.180500	0.787760
0.181000	0.791150
0.181500	0.800750
0.182000	0.807510
0.182500	0.802290
0.183000	0.777770
0.183500	0.741630
0.184000	0.705300
0.184500	0.679910
0.185000	0.664220
0.185500	0.654030
0.186000	0.648520
0.186500	0.647630
0.187000	0.670600
0.187500	0.710530
0.188000	0.746250
0.188500	0.756630
0.189000	0.737700
0.189500	0.702420
0.190000	0.654970
0.190500	0.599560
0.191000	0.530560
0.191500	0.450550
0.192000	0.375980
0.192500	0.323300
0.193000	0.290290
0.193500	0.261430
0.194000	0.233240
0.194500	0.202220
0.195000	0.167420
0.195500	0.132260
0.196000	0.096551
0.196500	0.059923
0.197000	0.021468
0.197500	-0.019802
0.198000	-0.063342
0.198500	-0.108560
0.199000	-0.155090
0.199500	-0.205350
0.200000	-0.263540
0.200500	-0.333850
0.201000	-0.414640
0.201500	-0.495780
0.202000	-0.576930
0.202500	-0.658070
0.203000	-0.739210
0.203500	-0.820350
0.204000	-0.901490
0.204500	-0.982600
0.205000	-1.054100
0.205500	-1.085200
0.206000	-1.090500
0.206500	-1.089400
0.207000	-1.096600
0.207500	-1.103000
0.208000	-1.106500
0.208500	-1.106300
0.209000	-1.096400
0.209500	-1.062000
0.210000	-1.018300
0.210500	-0.983310
0.211000	-0.973330
0.211500	-0.983730
0.212000	-1.010200
0.212500	-1.051200
0.213000	-1.106000
0.213500	-1.176800
0.214000	-1.254300
0.214500	-1.326700
0.215000	-1.384200
0.215500	-1.434100
0.216000	-1.477200
0.216500	-1.510600
0.217000	-1.531800
0.217500	-1.542200
0.218000	-1.544500
0.218500	-1.540300
0.219000	-1.531300
0.219500	-1.517300
0.220000	-1.498000
0.220500	-1.473800
0.221000	-1.445100
0.221500	-1.411100
0.222000	-1.365100
0.222500	-1.299000
0.223000	-1.205200
0.223500	-1.093200
0.224000	-0.974160
0.224500	-0.853730
0.225000	-0.737650
0.225500	-0.625010
0.226000	-0.513620
0.226500	-0.407230
0.227000	-0.309610
0.227500	-0.236020
0.228000	-0.192770
0.228500	-0.170190
0.229000	-0.158620
0.229500	-0.150060
0.230000	-0.143560
0.230500	-0.140120
0.231000	-0.140740
0.231500	-0.143690
0.232000	-0.146460
0.232500	-0.153780
0.233000	-0.170520
0.233500	-0.196650
0.234000	-0.223900
0.234500	-0.251470
0.235000	-0.278820
0.235500	-0.305660
0.236000	-0.332250
0.236500	-0.358560
0.237000	-0.384560
0.237500	-0.405400
0.238000	-0.411140
0.238500	-0.401510
0.239000	-0.376550
0.239500	-0.339400
0.240000	-0.296940
0.240500	-0.250160
0.241000	-0.199840
0.241500	-0.146890
0.242000	-0.092366
0.242500	-0.036650
0.243000	0.019924
0.243500	0.079603
0.244000	0.149600
0.244500	0.223730
0.245000	0.294460
0.245500	0.354280
0.246000	0.393320
0.246500	0.398480
0.247000	0.356500
0.247500	0.258550
0.248000	0.139040
0.248500	0.013721
0.249000	-0.110410
0.249500	-0.227560
0.250000	-0.343340
0.250500	-0.457830
0.251000	-0.568710
0.251500	-0.673220
0.252000	-0.756860
0.252500	-0.818490
0.253000	-0.864920
0.253500	-0.902820
0.254000	-0.933550
0.254500	-0.956710
0.255000	-0.973290
0.255500	-0.984440
0.256000	-0.994500
0.256500	-0.996290
0.257000	-0.978130
0.257500	-0.928940
0.258000	-0.860070
0.258500	-0.784620
0.259000	-0.708400
0.259500	-0.636970
0.260000	-0.566010
0.260500	-0.495680
0.261000	-0.430860
0.261500	-0.376420
0.262000	-0.342600
0.262500	-0.329940
0.263000	-0.328790
0.263500	-0.329520
0.264000	-0.326270
0.264500	-0.323440
0.265000	-0.326760
0.265500	-0.341970
0.266000	-0.366830
0.266500	-0.394430
0.267000	-0.423430
0.267500	-0.452500
0.268000	-0.483100
0.268500	-0.515850
0.269000	-0.548200
0.269500	-0.577580
0.270000	-0.592480
0.270500	-0.577670
0.271000	-0.540790
0.271500	-0.490060
0.272000	-0.433460
0.272500	-0.374410
0.273000	-0.313340
0.273500	-0.250650
0.274000	-0.183300
0.274500	-0.109040
0.275000	-0.036299
0.275500	0.026184
0.276000	0.068766
0.276500	0.090177
0.277000	0.098878
0.277500	0.103500
0.278000	0.111710
0.278500	0.121460
0.279000	0.125790
0.279500	0.117750
0.280000	0.091405
0.280500	0.050288
0.281000	0.002398
0.281500	-0.044317
0.282000	-0.084514
0.282500	-0.122710
0.283000	-0.156160
0.283500	-0.181070
0.284000	-0.185220
0.284500	-0.140520
0.285000	-0.062971
0.285500	0.027087
0.286000	0.115490
0.286500	0.235060
0.287000	0.367560
0.287500	0.480070
0.288000	0.539620
0.288500	0.530490
0.289000	0.470270
0.289500	0.379880
0.290000	0.273290
0.290500	0.117030
0.291000	-0.054954
0.291500	-0.191270
0.292000	-0.249090
0.292500	-0.274420
0.293000	-0.286500
0.293500	-0.288480
0.294000	-0.283600
0.294500	-0.276390
0.295000	-0.266440
0.295500	-0.251450
0.296000	-0.228260
0.296500	-0.174270
0.297000	-0.101730
0.297500	-0.039744
0.298000	-0.016275
0.298500	-0.015243
0.299000	-0.019846
0.299500	-0.028300
0.300000	-0.039037
0.300500	-0.055986
0.301000	-0.075582
0.301500	-0.090189
0.302000	-0.092251
0.302500	-0.080110
0.303000	-0.059701
0.303500	-0.037125
0.304000	-0.018482
0.304500	-0.011828
0.305000	-0.012138
0.305500	-0.005884
0.306000	0.020461
0.306500	0.070110
0.307000	0.131870
0.307500	0.197640
0.308000	0.259320
0.308500	0.315870
0.309000	0.371470
0.309500	0.425840
0.310000	0.478740
0.310500	0.523480
0.311000	0.552380
0.311500	0.563670
0.312000	0.555550
0.312500	0.525320
0.313000	0.477660
0.313500	0.426110
0.314000	0.384350
0.314500	0.356250
0.315000	0.329110
0.315500	0.304760
0.316000	0.285620
0.316500	0.272500
0.317000	0.262140
0.317500	0.252300
0.318000	0.240820
0.318500	0.224370
0.319000	0.202980
0.319500	0.182870
0.320000	0.170390
0.320500	0.167010
0.321000	0.165340
0.321500	0.164580
0.322000	0.164210
0.322500	0.163840
0.323000	0.163690
0.323500	0.163620
0.324000	0.163400
0.324500	0.161820
0.325000	0.155980
0.325500	0.148630
0.326000	0.143070
0.326500	0.142880
0.327000	0.150240
0.327500	0.163260
0.328000	0.179790
0.328500	0.199640
0.329000	0.227360
0.329500	0.258290
0.330000	0.286820
0.330500	0.307640
0.331000	0.320160
0.331500	0.325220
0.332000	0.323270
0.332500	0.313090
0.333000	0.284360
0.333500	0.247530
0.334000	0.217720
0.334500	0.207620
0.335000	0.205340
0.335500	0.206870
0.336000	0.212770
0.336500	0.223410
0.337000	0.237130
0.337500	0.251680
0.338000	0.265010
0.338500	0.274940
0.339000	0.280190
0.339500	0.284070
0.340000	0.290560
0.340500	0.303440
0.341000	0.319150
0.341500	0.334910
0.342000	0.350690
0.342500	0.366470
0.343000	0.382330
0.343500	0.398230
0.344000	0.414060
0.344500	0.428660
0.345000	0.413150
0.345500	0.369950
0.346000	0.320160
0.346500	0.284120
0.347000	0.254230
0.347500	0.226390
0.348000	0.207180
0.348500	0.203200
0.349000	0.218460
0.349500	0.245880
0.350000	0.276060
0.350500	0.299630
0.351000	0.316180
0.351500	0.330540
0.352000	0.341170
0.352500	0.346540
0.353000	0.339540
0.353500	0.316110
0.354000	0.279220
0.354500	0.231880
0.355000	0.171580
0.355500	0.100720
0.356000	0.029690
0.356500	-0.031137
0.357000	-0.083698
0.357500	-0.132620
0.358000	-0.171520
0.358500	-0.194020
0.359000	-0.204620
0.359500	-0.213120
0.360000	-0.221020
0.360500	-0.229860
0.361000	-0.240210
0.361500	-0.251080
0.362000	-0.262890
0.362500	-0.276140
0.363000	-0.301550
0.363500	-0.351280
0.364000	-0.409130
0.364500	-0.458120
0.365000	-0.490280
0.365500	-0.514310
0.366000	-0.526930
0.366500	-0.524430
0.367000	-0.501840
0.367500	-0.461650
0.368000	-0.416050
0.368500	-0.377450
0.369000	-0.352870
0.369500	-0.330200
0.370000	-0.314080
0.370500	-0.311420
0.371000	-0.325710
0.371500	-0.345720
0.372000	-0.367450
0.372500	-0.388180
0.373000	-0.406230
0.373500	-0.423830
0.374000	-0.440150
0.374500	-0.453940
0.375000	-0.460440
0.375500	-0.449650
0.376000	-0.431590
0.376500	-0.418230
0.377000	-0.418720
0.377500	-0.426500
0.378000	-0.436040
0.378500	-0.442610
0.379000	-0.440870
0.379500	-0.429190
0.380000	-0.415480
0.380500	-0.408280
0.381000	-0.414710
0.381500	-0.426770
0.382000	-0.440260
0.382500	-0.453570
0.383000	-0.465310
0.383500	-0.476400
0.384000	-0.486810
0.384500	-0.495980
0.385000	-0.501800
0.385500	-0.492420
0.386000	-0.474230
0.386500	-0.457870
0.387000	-0.453510
0.387500	-0.460940
0.388000	-0.472450
0.388500	-0.480380
0.389000	-0.477300
0.389500	-0.464600
0.390000	-0.448340
0.390500	-0.432860
0.391000	-0.422390
0.391500	-0.416250
0.392000	-0.411420
0.392500	-0.405890
0.393000	-0.397700
0.393500	-0.386400
0.394000	-0.372930
0.394500	-0.358060
0.395000	-0.342320
0.395500	-0.319330
0.396000	-0.291490
0.396500	-0.266150
0.397000	-0.250660
0.397500	-0.249810
0.398000	-0.258110
0.398500	-0.267950
0.399000	-0.271770
0.399500	-0.269530
0.400000	-0.264640
0.400500	-0.254620
0.401000	-0.236990
0.401500	-0.206120
0.402000	-0.163730
0.402500	-0.118460
0.403000	-0.078913
0.403500	-0.043005
0.404000	-0.009421
0.404500	0.012061
0.405000	0.011661
0.405500	-0.011425
0.406000	-0.047855
0.406500	-0.092188
0.407000	-0.138990
0.407500	-0.186780
0.408000	-0.236320
0.408500	-0.285500
0.409000	-0.332200
0.409500	-0.374440
0.410000	-0.411830
0.410500	-0.445000
0.411000	-0.474600
0.411500	-0.499320
0.412000	-0.516280
0.412500	-0.526900
0.413000	-0.532740
0.413500	-0.530690
0.414000	-0.510000
0.414500	-0.485680
0.415000	-0.475270
0.415500	-0.489930
0.416000	-0.512150
0.416500	-0.536590
0.417000	-0.560210
0.417500	-0.581190
0.418000	-0.601730
0.418500	-0.619980
0.419000	-0.633540
0.419500	-0.632060
0.420000	-0.592030
0.420500	-0.533940
0.421000	-0.482540
0.421500	-0.453810
0.422000	-0.428730
0.422500	-0.410770
0.423000	-0.406880
0.423500	-0.421110
0.424000	-0.443760
0.424500	-0.469390
0.425000	-0.493520
0.425500	-0.513620
0.426000	-0.533560
0.426500	-0.550360
0.427000	-0.560200
0.427500	-0.557470
0.428000	-0.535700
0.428500	-0.501140
0.429000	-0.461120
0.429500	-0.420090
0.430000	-0.372810
0.430500	-0.323770
0.431000	-0.278730
0.431500	-0.242830
0.432000	-0.214900
0.432500	-0.195140
0.433000	-0.184780
0.433500	-0.184320
0.434000	-0.187550
0.434500	-0.193050
0.435000	-0.201090
0.435500	-0.211670
0.436000	-0.222780
0.436500	-0.234460
0.437000	-0.247330
0.437500	-0.262030
0.438000	-0.278600
0.438500	-0.296170
0.439000	-0.313780
0.439500	-0.330420
0.440000	-0.344960
0.440500	-0.357370
0.441000	-0.367840
0.441500	-0.375100
0.442000	-0.340670
0.442500	-0.277020
0.443000	-0.224180
0.443500	-0.220520
0.444000	-0.240340
0.444500	-0.260450
0.445000	-0.280580
0.445500	-0.300460
0.446000	-0.320380
0.446500	-0.340240
0.447000	-0.359640
0.447500	-0.376940
0.448000	-0.358160
0.448500	-0.308140
0.449000	-0.254160
0.449500	-0.222600
0.450000	-0.203700
0.450500	-0.185620
0.451000	-0.168420
0.451500	-0.152290
0.452000	-0.141170
0.452500	-0.132790
0.453000	-0.121830
0.453500	-0.102940
0.454000	-0.066176
0.454500	-0.012780
0.455000	0.045821
0.455500	0.098197
0.456000	0.145770
0.456500	0.192630
0.457000	0.231330
0.457500	0.254450
0.458000	0.258640
0.458500	0.249140
0.459000	0.231350
0.459500	0.210690
0.460000	0.189690
0.460500	0.167940
0.461000	0.146460
0.461500	0.126230
0.462000	0.108380
0.462500	0.092344
0.463000	0.076599
0.463500	0.059619
0.464000	0.035488
0.464500	0.000121
0.465000	-0.036341
0.465500	-0.063403
0.466000	-0.076140
0.466500	-0.082212
0.467000	-0.083719
0.467500	-0.082494
0.468000	-0.077729
0.468500	-0.068137
0.469000	-0.059666
0.469500	-0.058458
0.470000	-0.066528
0.470500	-0.077198
0.471000	-0.088446
0.471500	-0.098451
0.472000	-0.106630
0.472500	-0.114700
0.473000	-0.122730
0.473500	-0.130710
0.474000	-0.138560
0.474500	-0.146100
0.475000	-0.153350
0.475500	-0.160340
0.476000	-0.165090
0.476500	-0.160910
0.477000	-0.150550
0.477500	-0.137720
0.478000	-0.121570
0.478500	-0.090971
0.479000	-0.056706
0.479500	-0.031837
0.480000	-0.029622
0.480500	-0.051732
0.481000	-0.083469
0.481500	-0.109280
0.482000	-0.120240
0.482500	-0.130270
0.483000	-0.131970
0.483500	-0.115130
0.484000	-0.075765
0.484500	-0.033686
0.485000	0.008505
0.485500	0.050704
0.486000	0.092852
0.486500	0.135070
0.487000	0.177380
0.487500	0.219770
0.488000	145.210007
0.488500	1627.900024
0.489000	4347.299805
0.489500	7849.000000
0.490000	11739.000000
0.490500	16262.000000
0.491000	21505.000000
0.491500	27445.000000
