0.000000	0.271915
0.000500	0.271915
0.001000	0.271915
0.001500	0.271915
0.002000	0.271915
0.002500	0.271915
0.003000	0.271915
0.003500	0.269629
0.004000	0.256336
0.004500	0.240098
0.005000	0.220947
0.005500	0.198963
0.006000	0.173584
0.006500	0.144712
0.007000	0.113198
0.007500	0.079878
0.008000	0.040417
0.008500	-0.005736
0.009000	-0.052082
0.009500	-0.092122
0.010000	-0.123810
0.010500	-0.147677
0.011000	-0.161095
0.011500	-0.161433
0.012000	-0.150784
0.012500	-0.137890
0.013000	-0.123522
0.013500	-0.108172
0.014000	-0.091665
0.014500	-0.073689
0.015000	-0.055744
0.015500	-0.039382
0.016000	-0.031830
0.016500	-0.039048
0.017000	-0.049536
0.017500	-0.051346
0.018000	-0.036917
0.018500	-0.018129
0.019000	0.001793
0.019500	0.021213
0.020000	0.039068
0.020500	0.056345
0.021000	0.072268
0.021500	0.085821
0.022000	0.090490
0.022500	0.069778
0.023000	0.036476
0.023500	0.006268
0.024000	-0.007203
0.024500	-0.012179
0.025000	-0.012203
0.025500	-0.007177
0.026000	0.005025
0.026500	0.037575
0.027000	0.078932
0.027500	0.111972
0.028000	0.120237
0.028500	0.113048
0.029000	0.100653
0.029500	0.084664
0.030000	0.066522
0.030500	0.043344
0.031000	0.017756
0.031500	-0.004516
0.032000	-0.017746
0.032500	-0.019084
0.033000	-0.013376
0.033500	-0.006715
0.034000	-0.005193
0.034500	-0.010987
0.035000	-0.019761
0.035500	-0.027834
0.036000	-0.031517
0.036500	-0.026049
0.037000	-0.013881
0.037500	-0.002153
0.038000	0.001994
0.038500	-0.001326
0.039000	-0.006259
0.039500	-0.011335
0.040000	-0.015086
0.040500	-0.017096
0.041000	-0.018718
0.041500	-0.019756
0.042000	-0.019956
0.042500	-0.018099
0.043000	-0.013256
0.043500	-0.007541
0.044000	-0.003140
0.044500	-0.001922
0.045000	-0.003746
0.045500	-0.007701
0.046000	-0.012879
0.046500	-0.019220
0.047000	-0.030133
0.047500	-0.046949
0.048000	-0.070673
0.048500	-0.103004
0.049000	-0.146117
0.049500	-0.197467
0.050000	-0.254099
0.050500	-0.313790
0.051000	-0.377472
0.051500	-0.444710
0.052000	-0.514749
0.052500	-0.588859
0.053000	-0.680238
0.053500	-0.780065
0.054000	-0.874244
0.054500	-0.949787
0.055000	-1.006162
0.055500	-1.041680
0.056000	-1.052752
0.056500	-1.038027
0.057000	-1.015947
0.057500	-0.992579
0.058000	-0.969356
0.058500	-0.947678
0.059000	-0.928624
0.059500	-0.910712
0.060000	-0.891850
0.060500	-0.869239
0.061000	-0.819655
0.061500	-0.739107
0.062000	-0.636222
0.062500	-0.519432
0.063000	-0.390894
0.063500	-0.254856
0.064000	-0.118313
0.064500	0.011704
0.065000	0.142429
0.065500	0.272559
0.066000	0.382251
0.066500	0.451695
0.067000	0.484928
0.067500	0.503789
0.068000	0.515248
0.068500	0.526239
0.069000	0.537360
0.069500	0.546324
0.070000	0.555674
0.070500	0.568034
0.071000	0.596407
0.071500	0.652219
0.072000	0.715257
0.072500	0.764438
0.073000	0.787613
0.073500	0.794340
0.074000	0.786792
0.074500	0.766724
0.075000	0.736452
0.075500	0.695414
0.076000	0.639119
0.076500	0.562949
0.077000	0.465277
0.077500	0.356727
0.078000	0.240774
0.078500	0.119724
0.079000	-0.007287
0.079500	-0.146930
0.080000	-0.288749
0.080500	-0.420586
0.081000	-0.530182
0.081500	-0.613723
0.082000	-0.678998
0.082500	-0.734408
0.083000	-0.787629
0.083500	-0.835748
0.084000	-0.871975
0.084500	-0.890321
0.085000	-0.884672
0.085500	-0.852212
0.086000	-0.797301
0.086500	-0.725106
0.087000	-0.640889
0.087500	-0.548963
0.088000	-0.449458
0.088500	-0.341953
0.089000	-0.225823
0.089500	-0.098864
0.090000	0.039472
0.090500	0.189227
0.091000	0.351465
0.091500	0.552069
0.092000	0.779357
0.092500	1.002171
0.093000	1.190158
0.093500	1.347182
0.094000	1.485843
0.094500	1.609505
0.095000	1.721354
0.095500	1.828054
0.096000	1.921396
0.096500	1.981585
0.097000	1.989310
0.097500	1.957928
0.098000	1.916729
0.098500	1.868931
0.099000	1.817915
0.099500	1.763358
0.100000	1.704778
0.100500	1.646681
0.101000	1.593508
0.101500	1.564926
0.102000	1.577028
0.102500	1.598352
0.103000	1.596147
0.103500	1.556976
0.104000	1.501824
0.104500	1.424784
0.105000	1.318970
0.105500	1.189933
0.106000	1.060107
0.106500	0.930217
0.107000	0.800278
0.107500	0.670292
0.108000	0.540257
0.108500	0.410206
0.109000	0.280171
0.109500	0.151737
0.110000	0.030936
0.110500	-0.082453
0.111000	-0.189372
0.111500	-0.282681
0.112000	-0.328515
0.112500	-0.320742
0.113000	-0.256706
0.113500	-0.137832
0.114000	-0.000603
0.114500	0.143608
0.115000	0.292225
0.115500	0.444356
0.116000	0.608976
0.116500	0.776364
0.117000	0.932438
0.117500	1.060123
0.118000	1.128826
0.118500	1.148267
0.119000	1.136728
0.119500	1.112411
0.120000	1.087160
0.120500	1.061330
0.121000	1.034148
0.121500	1.004907
0.122000	0.975134
0.122500	0.945329
0.123000	0.914880
0.123500	0.883192
0.124000	0.850329
0.124500	0.816565
0.125000	0.782012
0.125500	0.746816
0.126000	0.710220
0.126500	0.672143
0.127000	0.633711
0.127500	0.596004
0.128000	0.560019
0.128500	0.526304
0.129000	0.495227
0.129500	0.467160
0.130000	0.447205
0.130500	0.437613
0.131000	0.434587
0.131500	0.434265
0.132000	0.438997
0.132500	0.454076
0.133000	0.469397
0.133500	0.474451
0.134000	0.463217
0.134500	0.441813
0.135000	0.413585
0.135500	0.381688
0.136000	0.348262
0.136500	0.311891
0.137000	0.270917
0.137500	0.223747
0.138000	0.167581
0.138500	0.098302
0.139000	0.019201
0.139500	-0.065721
0.140000	-0.157252
0.140500	-0.266041
0.141000	-0.378920
0.141500	-0.480244
0.142000	-0.557766
0.142500	-0.618213
0.143000	-0.666977
0.143500	-0.708498
0.144000	-0.746993
0.144500	-0.781835
0.145000	-0.808583
0.145500	-0.822777
0.146000	-0.819929
0.146500	-0.797993
0.147000	-0.759900
0.147500	-0.709045
0.148000	-0.648212
0.148500	-0.576065
0.149000	-0.498752
0.149500	-0.424175
0.150000	-0.359865
0.150500	-0.301092
0.151000	-0.249030
0.151500	-0.210792
0.152000	-0.193202
0.152500	-0.189082
0.153000	-0.189677
0.153500	-0.190562
0.154000	-0.187553
0.154500	-0.182918
0.155000	-0.177205
0.155500	-0.168241
0.156000	-0.153860
0.156500	-0.125587
0.157000	-0.080689
0.157500	-0.025601
0.158000	0.033243
0.158500	0.098014
0.159000	0.169689
0.159500	0.240066
0.160000	0.300947
0.160500	0.351368
0.161000	0.395480
0.161500	0.432736
0.162000	0.462622
0.162500	0.486199
0.163000	0.506782
0.163500	0.525065
0.164000	0.541593
0.164500	0.555175
0.165000	0.564268
0.165500	0.572202
0.166000	0.582389
0.166500	0.597324
0.167000	0.620837
0.167500	0.660539
0.168000	0.724173
0.168500	0.815825
0.169000	0.922669
0.169500	1.038107
0.170000	1.156764
0.170500	1.276628
0.171000	1.404555
0.171500	1.533528
0.172000	1.654889
0.172500	1.756116
0.173000	1.820329
0.173500	1.855574
0.174000	1.872150
0.174500	1.880518
0.175000	1.885668
0.175500	1.882932
0.176000	1.866678
0.176500	1.832560
0.177000	1.789912
0.177500	1.745173
0.178000	1.701559
0.178500	1.662935
0.179000	1.629622
0.179500	1.598014
0.180000	1.564266
0.180500	1.522826
0.181000	1.460592
0.181500	1.386434
0.182000	1.313852
0.182500	1.256544
0.183000	1.226014
0.183500	1.207668
0.184000	1.180052
0.184500	1.122662
0.185000	1.051127
0.185500	0.978851
0.186000	0.906061
0.186500	0.833013
0.187000	0.759466
0.187500	0.685597
0.188000	0.611873
0.188500	0.538744
0.189000	0.480840
0.189500	0.440783
0.190000	0.400904
0.190500	0.343547
0.191000	0.265236
0.191500	0.178798
0.192000	0.090946
0.192500	0.008392
0.193000	-0.068091
0.193500	-0.141764
0.194000	-0.211951
0.194500	-0.277982
0.195000	-0.337254
0.195500	-0.383909
0.196000	-0.414953
0.196500	-0.427474
0.197000	-0.424625
0.197500	-0.417834
0.198000	-0.408275
0.198500	-0.396703
0.199000	-0.382927
0.199500	-0.366769
0.200000	-0.350692
0.200500	-0.337319
0.201000	-0.330286
0.201500	-0.332281
0.202000	-0.342066
0.202500	-0.358288
0.203000	-0.381254
0.203500	-0.413827
0.204000	-0.449731
0.204500	-0.481821
0.205000	-0.503419
0.205500	-0.515666
0.206000	-0.525531
0.206500	-0.540192
0.207000	-0.567052
0.207500	-0.607141
0.208000	-0.651285
0.208500	-0.689781
0.209000	-0.714018
0.209500	-0.726909
0.210000	-0.737257
0.210500	-0.753833
0.211000	-0.783734
0.211500	-0.817209
0.212000	-0.850828
0.212500	-0.884431
0.213000	-0.917922
0.213500	-0.951573
0.214000	-0.985063
0.214500	-1.017846
0.215000	-1.046943
0.215500	-1.052463
0.216000	-1.039427
0.216500	-1.019165
0.217000	-1.002831
0.217500	-0.990905
0.218000	-0.977483
0.218500	-0.958477
0.219000	-0.929670
0.219500	-0.886539
0.220000	-0.834944
0.220500	-0.783847
0.221000	-0.741843
0.221500	-0.704458
0.222000	-0.667089
0.222500	-0.629720
0.223000	-0.592287
0.223500	-0.554934
0.224000	-0.517581
0.224500	-0.479987
0.225000	-0.441958
0.225500	-0.396896
0.226000	-0.341970
0.226500	-0.282569
0.227000	-0.224069
0.227500	-0.163590
0.228000	-0.099549
0.228500	-0.039340
0.229000	0.009663
0.229500	0.049227
0.230000	0.086753
0.230500	0.123318
0.231000	0.159988
0.231500	0.197370
0.232000	0.234723
0.232500	0.271609
0.233000	0.307578
0.233500	0.331106
0.234000	0.325055
0.234500	0.299708
0.235000	0.266073
0.235500	0.232373
0.236000	0.197692
0.236500	0.161626
0.237000	0.123887
0.237500	0.083390
0.238000	0.039892
0.238500	-0.003901
0.239000	-0.045218
0.239500	-0.081648
0.240000	-0.111363
0.240500	-0.131957
0.241000	-0.141004
0.241500	-0.138458
0.242000	-0.133162
0.242500	-0.127162
0.243000	-0.121549
0.243500	-0.117332
0.244000	-0.114349
0.244500	-0.111473
0.245000	-0.107556
0.245500	-0.097468
0.246000	-0.069422
0.246500	-0.033531
0.247000	-0.002038
0.247500	0.014768
0.248000	0.026665
0.248500	0.037322
0.249000	0.046758
0.249500	0.054908
0.250000	0.061351
0.250500	0.066989
0.251000	0.072985
0.251500	0.080768
0.252000	0.097824
0.252500	0.120997
0.253000	0.141959
0.253500	0.152555
0.254000	0.153007
0.254500	0.147343
0.255000	0.137802
0.255500	0.126649
0.256000	0.115693
0.256500	0.102441
0.257000	0.083325
0.257500	0.054916
0.258000	0.019571
0.258500	-0.019994
0.259000	-0.062969
0.259500	-0.108492
0.260000	-0.154780
0.260500	-0.201120
0.261000	-0.247421
0.261500	-0.293625
0.262000	-0.339749
0.262500	-0.385840
0.263000	-0.431819
0.263500	-0.477669
0.264000	-0.522232
0.264500	-0.564703
0.265000	-0.605516
0.265500	-0.645089
0.266000	-0.683714
0.266500	-0.721646
0.267000	-0.759240
0.267500	-0.796851
0.268000	-0.833560
0.268500	-0.869078
0.269000	-0.904596
0.269500	-0.941337
0.270000	-0.988121
0.270500	-1.054056
0.271000	-1.126541
0.271500	-1.192411
0.272000	-1.244393
0.272500	-1.289423
0.273000	-1.329399
0.273500	-1.365899
0.274000	-1.402431
0.274500	-1.434762
0.275000	-1.446671
0.275500	-1.421695
0.276000	-1.361843
0.276500	-1.298210
0.277000	-1.232870
0.277500	-1.166903
0.278000	-1.101886
0.278500	-1.039041
0.279000	-0.974731
0.279500	-0.905031
0.280000	-0.822825
0.280500	-0.718202
0.281000	-0.601492
0.281500	-0.484863
0.282000	-0.374189
0.282500	-0.257157
0.283000	-0.146149
0.283500	-0.056438
0.284000	-0.002337
0.284500	0.017609
0.285000	0.017777
0.285500	0.012924
0.286000	0.015601
0.286500	0.017003
0.287000	0.017877
0.287500	0.023353
0.288000	0.039590
0.288500	0.075737
0.289000	0.123688
0.289500	0.172039
0.290000	0.211307
0.290500	0.249191
0.291000	0.282858
0.291500	0.305437
0.292000	0.310201
0.292500	0.295846
0.293000	0.268567
0.293500	0.235109
0.294000	0.201715
0.294500	0.160814
0.295000	0.115398
0.295500	0.076378
0.296000	0.054471
0.296500	0.050644
0.297000	0.058104
0.297500	0.071183
0.298000	0.084566
0.298500	0.103724
0.299000	0.127054
0.299500	0.147178
0.300000	0.156567
0.300500	0.146199
0.301000	0.118116
0.301500	0.078090
0.302000	0.031501
0.302500	-0.027602
0.303000	-0.095067
0.303500	-0.159875
0.304000	-0.211017
0.304500	-0.248467
0.305000	-0.279269
0.305500	-0.303072
0.306000	-0.319487
0.306500	-0.326745
0.307000	-0.327984
0.307500	-0.330205
0.308000	-0.340408
0.308500	-0.360751
0.309000	-0.385454
0.309500	-0.409594
0.310000	-0.428311
0.310500	-0.440494
0.311000	-0.450182
0.311500	-0.460144
0.312000	-0.473115
0.312500	-0.489997
0.313000	-0.507893
0.313500	-0.526143
0.314000	-0.544151
0.314500	-0.562755
0.315000	-0.582341
0.315500	-0.598901
0.316000	-0.608332
0.316500	-0.602039
0.317000	-0.574568
0.317500	-0.536024
0.318000	-0.496885
0.318500	-0.461689
0.319000	-0.424464
0.319500	-0.387353
0.320000	-0.352849
0.320500	-0.324766
0.321000	-0.306323
0.321500	-0.296232
0.322000	-0.293126
0.322500	-0.297230
0.323000	-0.311279
0.323500	-0.328580
0.324000	-0.341551
0.324500	-0.345526
0.325000	-0.346862
0.325500	-0.343885
0.326000	-0.333746
0.326500	-0.315238
0.327000	-0.293737
0.327500	-0.270482
0.328000	-0.246053
0.328500	-0.220319
0.329000	-0.191850
0.329500	-0.162914
0.330000	-0.136142
0.330500	-0.114207
0.331000	-0.098872
0.331500	-0.089182
0.332000	-0.083845
0.332500	-0.081447
0.333000	-0.079943
0.333500	-0.078855
0.334000	-0.078052
0.334500	-0.078130
0.335000	-0.083419
0.335500	-0.088895
0.336000	-0.087482
0.336500	-0.073206
0.337000	-0.052141
0.337500	-0.028289
0.338000	-0.003728
0.338500	0.019743
0.339000	0.043185
0.339500	0.066767
0.340000	0.090139
0.340500	0.112401
0.341000	0.118605
0.341500	0.112311
0.342000	0.107321
0.342500	0.116912
0.343000	0.134343
0.343500	0.152778
0.344000	0.172280
0.344500	0.192896
0.345000	0.214043
0.345500	0.235527
0.346000	0.257463
0.346500	0.279913
0.347000	0.303410
0.347500	0.329030
0.348000	0.357950
0.348500	0.391344
0.349000	0.429276
0.349500	0.470395
0.350000	0.513268
0.350500	0.556463
0.351000	0.602603
0.351500	0.651752
0.352000	0.698648
0.352500	0.738029
0.353000	0.769218
0.353500	0.796400
0.354000	0.821554
0.354500	0.846676
0.355000	0.872297
0.355500	0.897467
0.356000	0.921848
0.356500	0.945103
0.357000	0.964464
0.357500	0.977339
0.358000	0.983728
0.358500	0.983615
0.359000	0.978690
0.359500	0.971561
0.360000	0.963643
0.360500	0.956353
0.361000	0.951943
0.361500	0.950961
0.362000	0.949964
0.362500	0.945425
0.363000	0.920577
0.363500	0.854385
0.364000	0.760431
0.364500	0.653249
0.365000	0.538229
0.365500	0.409980
0.366000	0.280428
0.366500	0.162077
0.367000	0.058517
0.367500	-0.039962
0.368000	-0.128538
0.368500	-0.201860
0.369000	-0.258171
0.369500	-0.309396
0.370000	-0.357757
0.370500	-0.404042
0.371000	-0.448508
0.371500	-0.490254
0.372000	-0.531196
0.372500	-0.573570
0.373000	-0.623428
0.373500	-0.692211
0.374000	-0.769041
0.374500	-0.840882
0.375000	-0.896533
0.375500	-0.934643
0.376000	-0.952989
0.376500	-0.948789
0.377000	-0.920110
0.377500	-0.869641
0.378000	-0.799892
0.378500	-0.713133
0.379000	-0.611422
0.379500	-0.498607
0.380000	-0.382766
0.380500	-0.272204
0.381000	-0.174002
0.381500	-0.082638
0.382000	0.003498
0.382500	0.083684
0.383000	0.157336
0.383500	0.224053
0.384000	0.281201
0.384500	0.325683
0.385000	0.355359
0.385500	0.376973
0.386000	0.393018
0.386500	0.404122
0.387000	0.410866
0.387500	0.413923
0.388000	0.415372
0.388500	0.417496
0.389000	0.422855
0.389500	0.439270
0.390000	0.462123
0.390500	0.481355
0.391000	0.487052
0.391500	0.477331
0.392000	0.455911
0.392500	0.425334
0.393000	0.388190
0.393500	0.348986
0.394000	0.308624
0.394500	0.266346
0.395000	0.221446
0.395500	0.175547
0.396000	0.128944
0.396500	0.080760
0.397000	0.030133
0.397500	-0.022788
0.398000	-0.077129
0.398500	-0.132146
0.399000	-0.187102
0.399500	-0.244862
0.400000	-0.305904
0.400500	-0.365868
0.401000	-0.420409
0.401500	-0.455364
0.402000	-0.466275
0.402500	-0.463346
0.403000	-0.456812
0.403500	-0.445724
0.404000	-0.428005
0.404500	-0.412266
0.405000	-0.407067
0.405500	-0.415967
0.406000	-0.432495
0.406500	-0.450166
0.407000	-0.462509
0.407500	-0.470556
0.408000	-0.476350
0.408500	-0.474853
0.409000	-0.461045
0.409500	-0.433380
0.410000	-0.397717
0.410500	-0.356244
0.411000	-0.310893
0.411500	-0.263739
0.412000	-0.216087
0.412500	-0.168402
0.413000	-0.121073
0.413500	-0.074614
0.414000	-0.029261
0.414500	0.015622
0.415000	0.060721
0.415500	0.110068
0.416000	0.172972
0.416500	0.239921
0.417000	0.299612
0.417500	0.340521
0.418000	0.357805
0.418500	0.356550
0.419000	0.342404
0.419500	0.318328
0.420000	0.281362
0.420500	0.241691
0.421000	0.210776
0.421500	0.196758
0.422000	0.190482
0.422500	0.186507
0.423000	0.180407
0.423500	0.168965
0.424000	0.153910
0.424500	0.134245
0.425000	0.108539
0.425500	0.070006
0.426000	0.003902
0.426500	-0.073742
0.427000	-0.143986
0.427500	-0.194892
0.428000	-0.240420
0.428500	-0.274216
0.429000	-0.286994
0.429500	-0.274828
0.430000	-0.255387
0.430500	-0.233966
0.431000	-0.213850
0.431500	-0.197724
0.432000	-0.182403
0.432500	-0.167372
0.433000	-0.153300
0.433500	-0.140906
0.434000	-0.130951
0.434500	-0.122646
0.435000	-0.114946
0.435500	-0.108689
0.436000	-0.115400
0.436500	-0.124224
0.437000	-0.119165
0.437500	-0.085973
0.438000	-0.032769
0.438500	0.029654
0.439000	0.092978
0.439500	0.150141
0.440000	0.206431
0.440500	0.262162
0.441000	0.315254
0.441500	0.363406
0.442000	0.400823
0.442500	0.429083
0.443000	0.453159
0.443500	0.477879
0.444000	0.502695
0.444500	0.525177
0.445000	0.544200
0.445500	0.558410
0.446000	0.559553
0.446500	0.547837
0.447000	0.528364
0.447500	0.505575
0.448000	0.466903
0.448500	0.418011
0.449000	0.375701
0.449500	0.356293
0.450000	0.355231
0.450500	0.363937
0.451000	0.379966
0.451500	0.400904
0.452000	0.426943
0.452500	0.456152
0.453000	0.485105
0.453500	0.510355
0.454000	0.532081
0.454500	0.548336
0.455000	0.552504
0.455500	0.538020
0.456000	0.500409
0.456500	0.447623
0.457000	0.391698
0.457500	0.344609
0.458000	0.306644
0.458500	0.270434
0.459000	0.236686
0.459500	0.206077
0.460000	0.180778
0.460500	0.163477
0.461000	0.155585
0.461500	0.158559
0.462000	0.173359
0.462500	0.198271
0.463000	0.230716
0.463500	0.268101
0.464000	0.313194
0.464500	0.369167
0.465000	0.424094
0.465500	0.465712
0.466000	0.489820
0.466500	0.508215
0.467000	0.522506
0.467500	0.533836
0.468000	0.544055
0.468500	0.554161
0.469000	0.562353
0.469500	0.566747
0.470000	0.566795
0.470500	0.564542
0.471000	0.560535
0.471500	0.555256
0.472000	0.548690
0.472500	0.540659
0.473000	0.532113
0.473500	0.524051
0.474000	0.519754
0.474500	0.521733
0.475000	0.525242
0.475500	0.525386
0.476000	0.513751
0.476500	0.477138
0.477000	0.422533
0.477500	0.358803
0.478000	0.283341
0.478500	0.170558
0.479000	0.053575
0.479500	-0.028542
0.480000	-0.053347
0.480500	-0.067272
0.481000	-0.078048
0.481500	-0.087117
0.482000	-0.095313
0.482500	-0.101815
0.483000	-0.108264
0.483500	-0.116574
0.484000	-0.131910
0.484500	-0.164732
0.485000	-0.207493
0.485500	-0.250865
0.486000	-0.314321
0.486500	-0.463652
0.487000	-0.603826
0.487500	-0.624313
0.488000	332844.531250
0.488500	3566467.250000
0.489000	8976116.000000
0.489500	14994580.000000
0.490000	20218188.000000
0.490500	25128298.000000
0.491000	30059328.000000
0.491500	35077260.000000
