0.000000	-0.068290
0.000500	-0.068290
0.001000	-0.068290
0.001500	-0.068290
0.002000	-0.068290
0.002500	-0.068290
0.003000	-0.068290
0.003500	-0.068257
0.004000	-0.068095
0.004500	-0.067939
0.005000	-0.067786
0.005500	-0.067632
0.006000	-0.067482
0.006500	-0.067340
0.007000	-0.067207
0.007500	-0.067082
0.008000	-0.066995
0.008500	-0.066975
0.009000	-0.067014
0.009500	-0.067107
0.010000	-0.067235
0.010500	-0.067378
0.011000	-0.067535
0.011500	-0.067703
0.012000	-0.067884
0.012500	-0.068081
0.013000	-0.068278
0.013500	-0.068463
0.014000	-0.068624
0.014500	-0.068758
0.015000	-0.068850
0.015500	-0.068887
0.016000	-0.068875
0.016500	-0.068853
0.017000	-0.068824
0.017500	-0.068791
0.018000	-0.068752
0.018500	-0.068699
0.019000	-0.068648
0.019500	-0.068621
0.020000	-0.068625
0.020500	-0.068636
0.021000	-0.068650
0.021500	-0.068664
0.022000	-0.068678
0.022500	-0.068691
0.023000	-0.068705
0.023500	-0.068719
0.024000	-0.068733
0.024500	-0.068750
0.025000	-0.068767
0.025500	-0.068784
0.026000	-0.068795
0.026500	-0.068774
0.027000	-0.068721
0.027500	-0.068642
0.028000	-0.068543
0.028500	-0.068422
0.029000	-0.068290
0.029500	-0.068161
0.030000	-0.068047
0.030500	-0.067945
0.031000	-0.067848
0.031500	-0.067756
0.032000	-0.067670
0.032500	-0.067592
0.033000	-0.067528
0.033500	-0.067483
0.034000	-0.067463
0.034500	-0.067477
0.035000	-0.067516
0.035500	-0.067557
0.036000	-0.067576
0.036500	-0.067575
0.037000	-0.067573
0.037500	-0.067571
0.038000	-0.067570
0.038500	-0.067571
0.039000	-0.067572
0.039500	-0.067574
0.040000	-0.067577
0.040500	-0.067589
0.041000	-0.067621
0.041500	-0.067657
0.042000	-0.067685
0.042500	-0.067691
0.043000	-0.067682
0.043500	-0.067670
0.044000	-0.067664
0.044500	-0.067670
0.045000	-0.067680
0.045500	-0.067703
0.046000	-0.067750
0.046500	-0.067823
0.047000	-0.067907
0.047500	-0.067994
0.048000	-0.068080
0.048500	-0.068161
0.049000	-0.068241
0.049500	-0.068319
0.050000	-0.068394
0.050500	-0.068460
0.051000	-0.068499
0.051500	-0.068516
0.052000	-0.068521
0.052500	-0.068518
0.053000	-0.068506
0.053500	-0.068481
0.054000	-0.068440
0.054500	-0.068381
0.055000	-0.068297
0.055500	-0.068202
0.056000	-0.068110
0.056500	-0.068033
0.057000	-0.067967
0.057500	-0.067913
0.058000	-0.067881
0.058500	-0.067878
0.059000	-0.067912
0.059500	-0.067979
0.060000	-0.068071
0.060500	-0.068182
0.061000	-0.068303
0.061500	-0.068427
0.062000	-0.068550
0.062500	-0.068667
0.063000	-0.068780
0.063500	-0.068891
0.064000	-0.068998
0.064500	-0.069098
0.065000	-0.069184
0.065500	-0.069254
0.066000	-0.069316
0.066500	-0.069379
0.067000	-0.069439
0.067500	-0.069484
0.068000	-0.069518
0.068500	-0.069541
0.069000	-0.069515
0.069500	-0.069393
0.070000	-0.069168
0.070500	-0.068830
0.071000	-0.068402
0.071500	-0.067950
0.072000	-0.067479
0.072500	-0.066991
0.073000	-0.066492
0.073500	-0.065989
0.074000	-0.065484
0.074500	-0.064974
0.075000	-0.064455
0.075500	-0.063917
0.076000	-0.063358
0.076500	-0.062776
0.077000	-0.062158
0.077500	-0.061458
0.078000	-0.060670
0.078500	-0.059797
0.079000	-0.058852
0.079500	-0.057892
0.080000	-0.056924
0.080500	-0.055947
0.081000	-0.054963
0.081500	-0.053976
0.082000	-0.052987
0.082500	-0.051995
0.083000	-0.050996
0.083500	-0.049962
0.084000	-0.048907
0.084500	-0.047856
0.085000	-0.046838
0.085500	-0.045893
0.086000	-0.045022
0.086500	-0.044216
0.087000	-0.043472
0.087500	-0.042834
0.088000	-0.042303
0.088500	-0.041867
0.089000	-0.041512
0.089500	-0.041212
0.090000	-0.040965
0.090500	-0.040772
0.091000	-0.040634
0.091500	-0.040542
0.092000	-0.040494
0.092500	-0.040497
0.093000	-0.040557
0.093500	-0.040678
0.094000	-0.040858
0.094500	-0.041095
0.095000	-0.041387
0.095500	-0.041730
0.096000	-0.042130
0.096500	-0.042597
0.097000	-0.043144
0.097500	-0.043758
0.098000	-0.044419
0.098500	-0.045121
0.099000	-0.045860
0.099500	-0.046621
0.100000	-0.047404
0.100500	-0.048231
0.101000	-0.049123
0.101500	-0.050086
0.102000	-0.051094
0.102500	-0.052137
0.103000	-0.053205
0.103500	-0.054299
0.104000	-0.055423
0.104500	-0.056553
0.105000	-0.057664
0.105500	-0.058735
0.106000	-0.059759
0.106500	-0.060733
0.107000	-0.061653
0.107500	-0.062505
0.108000	-0.063259
0.108500	-0.063930
0.109000	-0.064536
0.109500	-0.065085
0.110000	-0.065559
0.110500	-0.066007
0.111000	-0.066485
0.111500	-0.067031
0.112000	-0.067619
0.112500	-0.068271
0.113000	-0.069014
0.113500	-0.069875
0.114000	-0.070847
0.114500	-0.071903
0.115000	-0.073020
0.115500	-0.074181
0.116000	-0.075409
0.116500	-0.076659
0.117000	-0.077865
0.117500	-0.078974
0.118000	-0.080037
0.118500	-0.081072
0.119000	-0.082082
0.119500	-0.083068
0.120000	-0.084038
0.120500	-0.084995
0.121000	-0.085944
0.121500	-0.086886
0.122000	-0.087810
0.122500	-0.088704
0.123000	-0.089562
0.123500	-0.090376
0.124000	-0.091086
0.124500	-0.091689
0.125000	-0.092215
0.125500	-0.092693
0.126000	-0.093141
0.126500	-0.093552
0.127000	-0.093917
0.127500	-0.094228
0.128000	-0.094497
0.128500	-0.094728
0.129000	-0.094907
0.129500	-0.095017
0.130000	-0.095080
0.130500	-0.095125
0.131000	-0.095148
0.131500	-0.095147
0.132000	-0.095121
0.132500	-0.095084
0.133000	-0.095049
0.133500	-0.095028
0.134000	-0.095023
0.134500	-0.095020
0.135000	-0.095017
0.135500	-0.095015
0.136000	-0.095018
0.136500	-0.095027
0.137000	-0.095035
0.137500	-0.095033
0.138000	-0.094999
0.138500	-0.094898
0.139000	-0.094753
0.139500	-0.094594
0.140000	-0.094446
0.140500	-0.094297
0.141000	-0.094146
0.141500	-0.093997
0.142000	-0.093852
0.142500	-0.093715
0.143000	-0.093587
0.143500	-0.093464
0.144000	-0.093349
0.144500	-0.093294
0.145000	-0.093324
0.145500	-0.093456
0.146000	-0.093700
0.146500	-0.094005
0.147000	-0.094351
0.147500	-0.094730
0.148000	-0.095133
0.148500	-0.095554
0.149000	-0.095979
0.149500	-0.096395
0.150000	-0.096787
0.150500	-0.097166
0.151000	-0.097538
0.151500	-0.097903
0.152000	-0.098257
0.152500	-0.098601
0.153000	-0.098940
0.153500	-0.099278
0.154000	-0.099624
0.154500	-0.099976
0.155000	-0.100330
0.155500	-0.100700
0.156000	-0.101090
0.156500	-0.101500
0.157000	-0.101930
0.157500	-0.102370
0.158000	-0.102810
0.158500	-0.103250
0.159000	-0.103710
0.159500	-0.104160
0.160000	-0.104610
0.160500	-0.105040
0.161000	-0.105450
0.161500	-0.105830
0.162000	-0.106210
0.162500	-0.106570
0.163000	-0.106860
0.163500	-0.107100
0.164000	-0.107290
0.164500	-0.107420
0.165000	-0.107470
0.165500	-0.107450
0.166000	-0.107330
0.166500	-0.107140
0.167000	-0.106940
0.167500	-0.106730
0.168000	-0.106510
0.168500	-0.106280
0.169000	-0.106030
0.169500	-0.105780
0.170000	-0.105530
0.170500	-0.105320
0.171000	-0.105200
0.171500	-0.105130
0.172000	-0.105120
0.172500	-0.105150
0.173000	-0.105250
0.173500	-0.105430
0.174000	-0.105680
0.174500	-0.106020
0.175000	-0.106410
0.175500	-0.106850
0.176000	-0.107340
0.176500	-0.107880
0.177000	-0.108440
0.177500	-0.109020
0.178000	-0.109630
0.178500	-0.110300
0.179000	-0.110990
0.179500	-0.111690
0.180000	-0.112380
0.180500	-0.113060
0.181000	-0.113730
0.181500	-0.114400
0.182000	-0.115070
0.182500	-0.115730
0.183000	-0.116380
0.183500	-0.117020
0.184000	-0.117650
0.184500	-0.118280
0.185000	-0.118880
0.185500	-0.119460
0.186000	-0.120020
0.186500	-0.120560
0.187000	-0.121050
0.187500	-0.121490
0.188000	-0.121880
0.188500	-0.122230
0.189000	-0.122540
0.189500	-0.122800
0.190000	-0.122990
0.190500	-0.123120
0.191000	-0.123200
0.191500	-0.123240
0.192000	-0.123240
0.192500	-0.123180
0.193000	-0.123090
0.193500	-0.123000
0.194000	-0.122890
0.194500	-0.122780
0.195000	-0.122660
0.195500	-0.122530
0.196000	-0.122400
0.196500	-0.122270
0.197000	-0.122160
0.197500	-0.122050
0.198000	-0.121940
0.198500	-0.121830
0.199000	-0.121710
0.199500	-0.121570
0.200000	-0.121400
0.200500	-0.121220
0.201000	-0.121010
0.201500	-0.120740
0.202000	-0.120460
0.202500	-0.120180
0.203000	-0.119920
0.203500	-0.119700
0.204000	-0.119530
0.204500	-0.119420
0.205000	-0.119460
0.205500	-0.119860
0.206000	-0.120530
0.206500	-0.121380
0.207000	-0.122270
0.207500	-0.123180
0.208000	-0.124190
0.208500	-0.125370
0.209000	-0.126750
0.209500	-0.128160
0.210000	-0.129560
0.210500	-0.130970
0.211000	-0.132370
0.211500	-0.133780
0.212000	-0.135180
0.212500	-0.136580
0.213000	-0.137940
0.213500	-0.138970
0.214000	-0.139690
0.214500	-0.140230
0.215000	-0.140690
0.215500	-0.141040
0.216000	-0.141250
0.216500	-0.141290
0.217000	-0.141160
0.217500	-0.140900
0.218000	-0.140500
0.218500	-0.139940
0.219000	-0.139190
0.219500	-0.138350
0.220000	-0.137440
0.220500	-0.136460
0.221000	-0.135380
0.221500	-0.134230
0.222000	-0.133060
0.222500	-0.131900
0.223000	-0.130790
0.223500	-0.129700
0.224000	-0.128640
0.224500	-0.127600
0.225000	-0.126570
0.225500	-0.125600
0.226000	-0.124680
0.226500	-0.123820
0.227000	-0.123020
0.227500	-0.122290
0.228000	-0.121630
0.228500	-0.121050
0.229000	-0.120570
0.229500	-0.120150
0.230000	-0.119740
0.230500	-0.119360
0.231000	-0.119020
0.231500	-0.118690
0.232000	-0.118370
0.232500	-0.118050
0.233000	-0.117750
0.233500	-0.117450
0.234000	-0.117160
0.234500	-0.116880
0.235000	-0.116610
0.235500	-0.116360
0.236000	-0.116120
0.236500	-0.115930
0.237000	-0.115780
0.237500	-0.115670
0.238000	-0.115580
0.238500	-0.115500
0.239000	-0.115440
0.239500	-0.115380
0.240000	-0.115330
0.240500	-0.115280
0.241000	-0.115220
0.241500	-0.115150
0.242000	-0.115060
0.242500	-0.114960
0.243000	-0.114840
0.243500	-0.114720
0.244000	-0.114580
0.244500	-0.114410
0.245000	-0.114220
0.245500	-0.114000
0.246000	-0.113730
0.246500	-0.113390
0.247000	-0.112980
0.247500	-0.112480
0.248000	-0.111970
0.248500	-0.111440
0.249000	-0.110910
0.249500	-0.110380
0.250000	-0.109850
0.250500	-0.109320
0.251000	-0.108780
0.251500	-0.108230
0.252000	-0.107660
0.252500	-0.107080
0.253000	-0.106490
0.253500	-0.105920
0.254000	-0.105340
0.254500	-0.104770
0.255000	-0.104220
0.255500	-0.103680
0.256000	-0.103200
0.256500	-0.102760
0.257000	-0.102350
0.257500	-0.101940
0.258000	-0.101540
0.258500	-0.101150
0.259000	-0.100750
0.259500	-0.100330
0.260000	-0.099870
0.260500	-0.099373
0.261000	-0.098849
0.261500	-0.098306
0.262000	-0.097727
0.262500	-0.097110
0.263000	-0.096490
0.263500	-0.095898
0.264000	-0.095351
0.264500	-0.094841
0.265000	-0.094372
0.265500	-0.093946
0.266000	-0.093576
0.266500	-0.093273
0.267000	-0.093035
0.267500	-0.092860
0.268000	-0.092721
0.268500	-0.092603
0.269000	-0.092517
0.269500	-0.092474
0.270000	-0.092469
0.270500	-0.092468
0.271000	-0.092468
0.271500	-0.092465
0.272000	-0.092461
0.272500	-0.092457
0.273000	-0.092447
0.273500	-0.092426
0.274000	-0.092367
0.274500	-0.092235
0.275000	-0.092054
0.275500	-0.091851
0.276000	-0.091645
0.276500	-0.091440
0.277000	-0.091234
0.277500	-0.091028
0.278000	-0.090820
0.278500	-0.090611
0.279000	-0.090402
0.279500	-0.090194
0.280000	-0.089989
0.280500	-0.089792
0.281000	-0.089599
0.281500	-0.089408
0.282000	-0.089217
0.282500	-0.089034
0.283000	-0.088861
0.283500	-0.088694
0.284000	-0.088546
0.284500	-0.088469
0.285000	-0.088462
0.285500	-0.088517
0.286000	-0.088626
0.286500	-0.088781
0.287000	-0.088984
0.287500	-0.089239
0.288000	-0.089546
0.288500	-0.089878
0.289000	-0.090217
0.289500	-0.090553
0.290000	-0.090874
0.290500	-0.091185
0.291000	-0.091486
0.291500	-0.091773
0.292000	-0.092037
0.292500	-0.092229
0.293000	-0.092347
0.293500	-0.092401
0.294000	-0.092404
0.294500	-0.092375
0.295000	-0.092314
0.295500	-0.092215
0.296000	-0.092072
0.296500	-0.091907
0.297000	-0.091736
0.297500	-0.091557
0.298000	-0.091372
0.298500	-0.091168
0.299000	-0.090953
0.299500	-0.090741
0.300000	-0.090550
0.300500	-0.090412
0.301000	-0.090332
0.301500	-0.090304
0.302000	-0.090323
0.302500	-0.090377
0.303000	-0.090464
0.303500	-0.090581
0.304000	-0.090726
0.304500	-0.090890
0.305000	-0.091068
0.305500	-0.091267
0.306000	-0.091491
0.306500	-0.091756
0.307000	-0.092054
0.307500	-0.092352
0.308000	-0.092617
0.308500	-0.092848
0.309000	-0.093061
0.309500	-0.093246
0.310000	-0.093394
0.310500	-0.093515
0.311000	-0.093628
0.311500	-0.093732
0.312000	-0.093828
0.312500	-0.093918
0.313000	-0.094006
0.313500	-0.094090
0.314000	-0.094170
0.314500	-0.094242
0.315000	-0.094300
0.315500	-0.094347
0.316000	-0.094386
0.316500	-0.094412
0.317000	-0.094405
0.317500	-0.094367
0.318000	-0.094299
0.318500	-0.094201
0.319000	-0.094070
0.319500	-0.093898
0.320000	-0.093680
0.320500	-0.093426
0.321000	-0.093167
0.321500	-0.092905
0.322000	-0.092640
0.322500	-0.092372
0.323000	-0.092098
0.323500	-0.091822
0.324000	-0.091552
0.324500	-0.091307
0.325000	-0.091129
0.325500	-0.091000
0.326000	-0.090895
0.326500	-0.090796
0.327000	-0.090715
0.327500	-0.090659
0.328000	-0.090631
0.328500	-0.090635
0.329000	-0.090671
0.329500	-0.090740
0.330000	-0.090845
0.330500	-0.090987
0.331000	-0.091165
0.331500	-0.091361
0.332000	-0.091550
0.332500	-0.091712
0.333000	-0.091861
0.333500	-0.091990
0.334000	-0.092087
0.334500	-0.092138
0.335000	-0.092133
0.335500	-0.092081
0.336000	-0.091995
0.336500	-0.091887
0.337000	-0.091748
0.337500	-0.091599
0.338000	-0.091465
0.338500	-0.091368
0.339000	-0.091292
0.339500	-0.091228
0.340000	-0.091178
0.340500	-0.091142
0.341000	-0.091130
0.341500	-0.091130
0.342000	-0.091127
0.342500	-0.091102
0.343000	-0.091042
0.343500	-0.090965
0.344000	-0.090892
0.344500	-0.090846
0.345000	-0.090823
0.345500	-0.090815
0.346000	-0.090825
0.346500	-0.090852
0.347000	-0.090906
0.347500	-0.090973
0.348000	-0.091035
0.348500	-0.091069
0.349000	-0.091085
0.349500	-0.091096
0.350000	-0.091108
0.350500	-0.091125
0.351000	-0.091150
0.351500	-0.091178
0.352000	-0.091209
0.352500	-0.091242
0.353000	-0.091275
0.353500	-0.091317
0.354000	-0.091382
0.354500	-0.091487
0.355000	-0.091622
0.355500	-0.091764
0.356000	-0.091911
0.356500	-0.092058
0.357000	-0.092209
0.357500	-0.092363
0.358000	-0.092513
0.358500	-0.092651
0.359000	-0.092777
0.359500	-0.092895
0.360000	-0.093010
0.360500	-0.093127
0.361000	-0.093249
0.361500	-0.093375
0.362000	-0.093501
0.362500	-0.093618
0.363000	-0.093708
0.363500	-0.093752
0.364000	-0.093770
0.364500	-0.093785
0.365000	-0.093805
0.365500	-0.093819
0.366000	-0.093833
0.366500	-0.093857
0.367000	-0.093896
0.367500	-0.093950
0.368000	-0.094016
0.368500	-0.094094
0.369000	-0.094182
0.369500	-0.094277
0.370000	-0.094375
0.370500	-0.094472
0.371000	-0.094565
0.371500	-0.094654
0.372000	-0.094736
0.372500	-0.094807
0.373000	-0.094853
0.373500	-0.094843
0.374000	-0.094790
0.374500	-0.094711
0.375000	-0.094619
0.375500	-0.094513
0.376000	-0.094404
0.376500	-0.094306
0.377000	-0.094228
0.377500	-0.094158
0.378000	-0.094091
0.378500	-0.094020
0.379000	-0.093943
0.379500	-0.093864
0.380000	-0.093779
0.380500	-0.093681
0.381000	-0.093565
0.381500	-0.093436
0.382000	-0.093300
0.382500	-0.093160
0.383000	-0.093020
0.383500	-0.092881
0.384000	-0.092739
0.384500	-0.092592
0.385000	-0.092435
0.385500	-0.092257
0.386000	-0.092061
0.386500	-0.091854
0.387000	-0.091642
0.387500	-0.091420
0.388000	-0.091192
0.388500	-0.090966
0.389000	-0.090751
0.389500	-0.090550
0.390000	-0.090358
0.390500	-0.090173
0.391000	-0.089989
0.391500	-0.089821
0.392000	-0.089674
0.392500	-0.089544
0.393000	-0.089428
0.393500	-0.089349
0.394000	-0.089331
0.394500	-0.089393
0.395000	-0.089551
0.395500	-0.089750
0.396000	-0.089958
0.396500	-0.090174
0.397000	-0.090397
0.397500	-0.090623
0.398000	-0.090849
0.398500	-0.091075
0.399000	-0.091301
0.399500	-0.091529
0.400000	-0.091759
0.400500	-0.091989
0.401000	-0.092217
0.401500	-0.092420
0.402000	-0.092581
0.402500	-0.092703
0.403000	-0.092788
0.403500	-0.092853
0.404000	-0.092910
0.404500	-0.092957
0.405000	-0.092996
0.405500	-0.093029
0.406000	-0.093061
0.406500	-0.093093
0.407000	-0.093126
0.407500	-0.093162
0.408000	-0.093199
0.408500	-0.093236
0.409000	-0.093270
0.409500	-0.093291
0.410000	-0.093284
0.410500	-0.093259
0.411000	-0.093225
0.411500	-0.093186
0.412000	-0.093142
0.412500	-0.093096
0.413000	-0.093052
0.413500	-0.093017
0.414000	-0.092991
0.414500	-0.092969
0.415000	-0.092945
0.415500	-0.092909
0.416000	-0.092851
0.416500	-0.092769
0.417000	-0.092657
0.417500	-0.092511
0.418000	-0.092330
0.418500	-0.092125
0.419000	-0.091909
0.419500	-0.091682
0.420000	-0.091418
0.420500	-0.091150
0.421000	-0.090912
0.421500	-0.090736
0.422000	-0.090614
0.422500	-0.090534
0.423000	-0.090486
0.423500	-0.090456
0.424000	-0.090429
0.424500	-0.090407
0.425000	-0.090394
0.425500	-0.090391
0.426000	-0.090391
0.426500	-0.090392
0.427000	-0.090396
0.427500	-0.090407
0.428000	-0.090431
0.428500	-0.090457
0.429000	-0.090470
0.429500	-0.090458
0.430000	-0.090430
0.430500	-0.090391
0.431000	-0.090349
0.431500	-0.090307
0.432000	-0.090267
0.432500	-0.090223
0.433000	-0.090171
0.433500	-0.090105
0.434000	-0.090007
0.434500	-0.089891
0.435000	-0.089781
0.435500	-0.089695
0.436000	-0.089618
0.436500	-0.089544
0.437000	-0.089474
0.437500	-0.089408
0.438000	-0.089348
0.438500	-0.089290
0.439000	-0.089232
0.439500	-0.089167
0.440000	-0.089090
0.440500	-0.089005
0.441000	-0.088921
0.441500	-0.088846
0.442000	-0.088794
0.442500	-0.088766
0.443000	-0.088753
0.443500	-0.088748
0.444000	-0.088769
0.444500	-0.088829
0.445000	-0.088937
0.445500	-0.089100
0.446000	-0.089313
0.446500	-0.089563
0.447000	-0.089843
0.447500	-0.090145
0.448000	-0.090477
0.448500	-0.090824
0.449000	-0.091160
0.449500	-0.091460
0.450000	-0.091733
0.450500	-0.091990
0.451000	-0.092233
0.451500	-0.092461
0.452000	-0.092666
0.452500	-0.092858
0.453000	-0.093053
0.453500	-0.093269
0.454000	-0.093512
0.454500	-0.093771
0.455000	-0.094042
0.455500	-0.094321
0.456000	-0.094622
0.456500	-0.094947
0.457000	-0.095273
0.457500	-0.095575
0.458000	-0.095841
0.458500	-0.096071
0.459000	-0.096263
0.459500	-0.096417
0.460000	-0.096542
0.460500	-0.096647
0.461000	-0.096724
0.461500	-0.096769
0.462000	-0.096795
0.462500	-0.096820
0.463000	-0.096845
0.463500	-0.096871
0.464000	-0.096898
0.464500	-0.096926
0.465000	-0.096955
0.465500	-0.096985
0.466000	-0.097029
0.466500	-0.097113
0.467000	-0.097236
0.467500	-0.097398
0.468000	-0.097592
0.468500	-0.097800
0.469000	-0.098018
0.469500	-0.098241
0.470000	-0.098470
0.470500	-0.098709
0.471000	-0.098950
0.471500	-0.099185
0.472000	-0.099397
0.472500	-0.099564
0.473000	-0.099689
0.473500	-0.099778
0.474000	-0.099824
0.474500	-0.099807
0.475000	-0.099726
0.475500	-0.099577
0.476000	-0.099364
0.476500	-0.099113
0.477000	-0.098851
0.477500	-0.098609
0.478000	-0.098402
0.478500	-0.098201
0.479000	-0.098007
0.479500	-0.097823
0.480000	-0.097652
0.480500	-0.097495
0.481000	-0.097348
0.481500	-0.097210
0.482000	-0.097079
0.482500	-0.096960
0.483000	-0.096863
0.483500	-0.096794
0.484000	-0.096761
0.484500	-0.096760
0.485000	-0.096777
0.485500	-0.096795
0.486000	-0.096798
0.486500	-0.096782
0.487000	-0.096747
0.487500	-0.096694
0.488000	144.850006
0.488500	1627.500000
0.489000	4346.899902
0.489500	7848.600098
0.490000	11739.000000
0.490500	16261.000000
0.491000	21504.000000
0.491500	27445.000000
