0.000000	0.242820
0.000500	0.242820
0.001000	0.242820
0.001500	0.242820
0.002000	0.242820
0.002500	0.242820
0.003000	0.242820
0.003500	0.242800
0.004000	0.242710
0.004500	0.242620
0.005000	0.242530
0.005500	0.242440
0.006000	0.242340
0.006500	0.242240
0.007000	0.242140
0.007500	0.242050
0.008000	0.241990
0.008500	0.241990
0.009000	0.242040
0.009500	0.242140
0.010000	0.242260
0.010500	0.242400
0.011000	0.242530
0.011500	0.242660
0.012000	0.242780
0.012500	0.242910
0.013000	0.243030
0.013500	0.243140
0.014000	0.243230
0.014500	0.243270
0.015000	0.243260
0.015500	0.243220
0.016000	0.243150
0.016500	0.243060
0.017000	0.242960
0.017500	0.242840
0.018000	0.242710
0.018500	0.242570
0.019000	0.242420
0.019500	0.242280
0.020000	0.242170
0.020500	0.242070
0.021000	0.241990
0.021500	0.241940
0.022000	0.241920
0.022500	0.241910
0.023000	0.241910
0.023500	0.241900
0.024000	0.241880
0.024500	0.241870
0.025000	0.241860
0.025500	0.241830
0.026000	0.241790
0.026500	0.241720
0.027000	0.241650
0.027500	0.241570
0.028000	0.241500
0.028500	0.241430
0.029000	0.241370
0.029500	0.241320
0.030000	0.241260
0.030500	0.241230
0.031000	0.241210
0.031500	0.241210
0.032000	0.241210
0.032500	0.241230
0.033000	0.241260
0.033500	0.241300
0.034000	0.241350
0.034500	0.241430
0.035000	0.241540
0.035500	0.241650
0.036000	0.241720
0.036500	0.241770
0.037000	0.241790
0.037500	0.241790
0.038000	0.241760
0.038500	0.241710
0.039000	0.241660
0.039500	0.241600
0.040000	0.241550
0.040500	0.241510
0.041000	0.241470
0.041500	0.241440
0.042000	0.241400
0.042500	0.241380
0.043000	0.241360
0.043500	0.241340
0.044000	0.241330
0.044500	0.241320
0.045000	0.241310
0.045500	0.241310
0.046000	0.241300
0.046500	0.241300
0.047000	0.241300
0.047500	0.241300
0.048000	0.241300
0.048500	0.241300
0.049000	0.241310
0.049500	0.241320
0.050000	0.241340
0.050500	0.241360
0.051000	0.241400
0.051500	0.241450
0.052000	0.241500
0.052500	0.241560
0.053000	0.241630
0.053500	0.241710
0.054000	0.241800
0.054500	0.241890
0.055000	0.242010
0.055500	0.242150
0.056000	0.242310
0.056500	0.242510
0.057000	0.242720
0.057500	0.242950
0.058000	0.243200
0.058500	0.243450
0.059000	0.243710
0.059500	0.243970
0.060000	0.244250
0.060500	0.244530
0.061000	0.244820
0.061500	0.245120
0.062000	0.245450
0.062500	0.245790
0.063000	0.246160
0.063500	0.246560
0.064000	0.246970
0.064500	0.247400
0.065000	0.247830
0.065500	0.248280
0.066000	0.248750
0.066500	0.249260
0.067000	0.249790
0.067500	0.250330
0.068000	0.250890
0.068500	0.251440
0.069000	0.252000
0.069500	0.252570
0.070000	0.253150
0.070500	0.253720
0.071000	0.254340
0.071500	0.255060
0.072000	0.255870
0.072500	0.256750
0.073000	0.257730
0.073500	0.258900
0.074000	0.260230
0.074500	0.261670
0.075000	0.263180
0.075500	0.264750
0.076000	0.266460
0.076500	0.268400
0.077000	0.270570
0.077500	0.272770
0.078000	0.274970
0.078500	0.277180
0.079000	0.279380
0.079500	0.281590
0.080000	0.283800
0.080500	0.286010
0.081000	0.288150
0.081500	0.290000
0.082000	0.291620
0.082500	0.293110
0.083000	0.294530
0.083500	0.295640
0.084000	0.296430
0.084500	0.296950
0.085000	0.297250
0.085500	0.297100
0.086000	0.296460
0.086500	0.295380
0.087000	0.293890
0.087500	0.291950
0.088000	0.289550
0.088500	0.286690
0.089000	0.283410
0.089500	0.279910
0.090000	0.276090
0.090500	0.271800
0.091000	0.266870
0.091500	0.261590
0.092000	0.256220
0.092500	0.250870
0.093000	0.245650
0.093500	0.240500
0.094000	0.235370
0.094500	0.230280
0.095000	0.225220
0.095500	0.220330
0.096000	0.215680
0.096500	0.211230
0.097000	0.206910
0.097500	0.202940
0.098000	0.199490
0.098500	0.196470
0.099000	0.193770
0.099500	0.191450
0.100000	0.189620
0.100500	0.188220
0.101000	0.187200
0.101500	0.186560
0.102000	0.186380
0.102500	0.186710
0.103000	0.187560
0.103500	0.188940
0.104000	0.190790
0.104500	0.193100
0.105000	0.195900
0.105500	0.199070
0.106000	0.202500
0.106500	0.206310
0.107000	0.210600
0.107500	0.215380
0.108000	0.220350
0.108500	0.225560
0.109000	0.231080
0.109500	0.236930
0.110000	0.242850
0.110500	0.248770
0.111000	0.254670
0.111500	0.260520
0.112000	0.266370
0.112500	0.272210
0.113000	0.278060
0.113500	0.283930
0.114000	0.289890
0.114500	0.295910
0.115000	0.301910
0.115500	0.307830
0.116000	0.313580
0.116500	0.319120
0.117000	0.324390
0.117500	0.329380
0.118000	0.334110
0.118500	0.338640
0.119000	0.343020
0.119500	0.347310
0.120000	0.351550
0.120500	0.355730
0.121000	0.359810
0.121500	0.363800
0.122000	0.367650
0.122500	0.371340
0.123000	0.374810
0.123500	0.378030
0.124000	0.381060
0.124500	0.383940
0.125000	0.386690
0.125500	0.389320
0.126000	0.391900
0.126500	0.394440
0.127000	0.396910
0.127500	0.399290
0.128000	0.401600
0.128500	0.403880
0.129000	0.406080
0.129500	0.408200
0.130000	0.410230
0.130500	0.412240
0.131000	0.414250
0.131500	0.416290
0.132000	0.418360
0.132500	0.420440
0.133000	0.422520
0.133500	0.424620
0.134000	0.426720
0.134500	0.428860
0.135000	0.431000
0.135500	0.433150
0.136000	0.435320
0.136500	0.437560
0.137000	0.439860
0.137500	0.442210
0.138000	0.444630
0.138500	0.447290
0.139000	0.450160
0.139500	0.453220
0.140000	0.456440
0.140500	0.459830
0.141000	0.463340
0.141500	0.466950
0.142000	0.470630
0.142500	0.474380
0.143000	0.478230
0.143500	0.482250
0.144000	0.486470
0.144500	0.490890
0.145000	0.495470
0.145500	0.500210
0.146000	0.505080
0.146500	0.510060
0.147000	0.515070
0.147500	0.520030
0.148000	0.524870
0.148500	0.529670
0.149000	0.534460
0.149500	0.539260
0.150000	0.544060
0.150500	0.548890
0.151000	0.553750
0.151500	0.558600
0.152000	0.563430
0.152500	0.568050
0.153000	0.572420
0.153500	0.576600
0.154000	0.580630
0.154500	0.584340
0.155000	0.587710
0.155500	0.590810
0.156000	0.593720
0.156500	0.596430
0.157000	0.598900
0.157500	0.601100
0.158000	0.603010
0.158500	0.604620
0.159000	0.605940
0.159500	0.606970
0.160000	0.607750
0.160500	0.608290
0.161000	0.608600
0.161500	0.608670
0.162000	0.608510
0.162500	0.608110
0.163000	0.607450
0.163500	0.606510
0.164000	0.605270
0.164500	0.603730
0.165000	0.601940
0.165500	0.599910
0.166000	0.597650
0.166500	0.595200
0.167000	0.592640
0.167500	0.589870
0.168000	0.586800
0.168500	0.583400
0.169000	0.579880
0.169500	0.576260
0.170000	0.572560
0.170500	0.568760
0.171000	0.564860
0.171500	0.560950
0.172000	0.557130
0.172500	0.553480
0.173000	0.549930
0.173500	0.546470
0.174000	0.543060
0.174500	0.539690
0.175000	0.536370
0.175500	0.533100
0.176000	0.529890
0.176500	0.526750
0.177000	0.523730
0.177500	0.520800
0.178000	0.517950
0.178500	0.515160
0.179000	0.512440
0.179500	0.509850
0.180000	0.507400
0.180500	0.505120
0.181000	0.502990
0.181500	0.500990
0.182000	0.499080
0.182500	0.497240
0.183000	0.495460
0.183500	0.493740
0.184000	0.492090
0.184500	0.490520
0.185000	0.489050
0.185500	0.487680
0.186000	0.486430
0.186500	0.485290
0.187000	0.484260
0.187500	0.483340
0.188000	0.482510
0.188500	0.481770
0.189000	0.481100
0.189500	0.480520
0.190000	0.480040
0.190500	0.479670
0.191000	0.479420
0.191500	0.479260
0.192000	0.479220
0.192500	0.479300
0.193000	0.479460
0.193500	0.479660
0.194000	0.479910
0.194500	0.480240
0.195000	0.480630
0.195500	0.481050
0.196000	0.481470
0.196500	0.481880
0.197000	0.482260
0.197500	0.482630
0.198000	0.482980
0.198500	0.483310
0.199000	0.483580
0.199500	0.483730
0.200000	0.483740
0.200500	0.483620
0.201000	0.483380
0.201500	0.483050
0.202000	0.482670
0.202500	0.482260
0.203000	0.481810
0.203500	0.481220
0.204000	0.480620
0.204500	0.480160
0.205000	0.479960
0.205500	0.480010
0.206000	0.480230
0.206500	0.480550
0.207000	0.480910
0.207500	0.481270
0.208000	0.481640
0.208500	0.482030
0.209000	0.482420
0.209500	0.482860
0.210000	0.483310
0.210500	0.483750
0.211000	0.484140
0.211500	0.484300
0.212000	0.484190
0.212500	0.483840
0.213000	0.483220
0.213500	0.482190
0.214000	0.480760
0.214500	0.479050
0.215000	0.477140
0.215500	0.475120
0.216000	0.472940
0.216500	0.470520
0.217000	0.467770
0.217500	0.464860
0.218000	0.461840
0.218500	0.458670
0.219000	0.455340
0.219500	0.451930
0.220000	0.448520
0.220500	0.445090
0.221000	0.441660
0.221500	0.438190
0.222000	0.434710
0.222500	0.431240
0.223000	0.427840
0.223500	0.424590
0.224000	0.421470
0.224500	0.418430
0.225000	0.415400
0.225500	0.412360
0.226000	0.409360
0.226500	0.406390
0.227000	0.403460
0.227500	0.400610
0.228000	0.397860
0.228500	0.395250
0.229000	0.392790
0.229500	0.390450
0.230000	0.388170
0.230500	0.385930
0.231000	0.383730
0.231500	0.381550
0.232000	0.379380
0.232500	0.377230
0.233000	0.375130
0.233500	0.373070
0.234000	0.371060
0.234500	0.369080
0.235000	0.367150
0.235500	0.365260
0.236000	0.363370
0.236500	0.361490
0.237000	0.359620
0.237500	0.357760
0.238000	0.355900
0.238500	0.354040
0.239000	0.352190
0.239500	0.350360
0.240000	0.348580
0.240500	0.346800
0.241000	0.344990
0.241500	0.343120
0.242000	0.341190
0.242500	0.339220
0.243000	0.337210
0.243500	0.335190
0.244000	0.333160
0.244500	0.331120
0.245000	0.329070
0.245500	0.327020
0.246000	0.324950
0.246500	0.322870
0.247000	0.320780
0.247500	0.318670
0.248000	0.316440
0.248500	0.314140
0.249000	0.311880
0.249500	0.309740
0.250000	0.307710
0.250500	0.305750
0.251000	0.303850
0.251500	0.301970
0.252000	0.300140
0.252500	0.298360
0.253000	0.296640
0.253500	0.294980
0.254000	0.293420
0.254500	0.291980
0.255000	0.290650
0.255500	0.289420
0.256000	0.288290
0.256500	0.287270
0.257000	0.286370
0.257500	0.285600
0.258000	0.284910
0.258500	0.284270
0.259000	0.283710
0.259500	0.283250
0.260000	0.282820
0.260500	0.282430
0.261000	0.282060
0.261500	0.281730
0.262000	0.281420
0.262500	0.281140
0.263000	0.280890
0.263500	0.280690
0.264000	0.280530
0.264500	0.280410
0.265000	0.280350
0.265500	0.280370
0.266000	0.280440
0.266500	0.280510
0.267000	0.280580
0.267500	0.280670
0.268000	0.280760
0.268500	0.280850
0.269000	0.280950
0.269500	0.281040
0.270000	0.281110
0.270500	0.281140
0.271000	0.281150
0.271500	0.281130
0.272000	0.281080
0.272500	0.281000
0.273000	0.280880
0.273500	0.280720
0.274000	0.280530
0.274500	0.280300
0.275000	0.280070
0.275500	0.279860
0.276000	0.279680
0.276500	0.279500
0.277000	0.279340
0.277500	0.279200
0.278000	0.279090
0.278500	0.278990
0.279000	0.278900
0.279500	0.278800
0.280000	0.278690
0.280500	0.278580
0.281000	0.278460
0.281500	0.278330
0.282000	0.278190
0.282500	0.278010
0.283000	0.277810
0.283500	0.277620
0.284000	0.277470
0.284500	0.277350
0.285000	0.277270
0.285500	0.277210
0.286000	0.277190
0.286500	0.277240
0.287000	0.277370
0.287500	0.277560
0.288000	0.277800
0.288500	0.278080
0.289000	0.278420
0.289500	0.278830
0.290000	0.279340
0.290500	0.279880
0.291000	0.280440
0.291500	0.281010
0.292000	0.281600
0.292500	0.282210
0.293000	0.282830
0.293500	0.283440
0.294000	0.284040
0.294500	0.284610
0.295000	0.285150
0.295500	0.285670
0.296000	0.286160
0.296500	0.286590
0.297000	0.286930
0.297500	0.287160
0.298000	0.287280
0.298500	0.287330
0.299000	0.287380
0.299500	0.287420
0.300000	0.287470
0.300500	0.287540
0.301000	0.287620
0.301500	0.287700
0.302000	0.287800
0.302500	0.287970
0.303000	0.288240
0.303500	0.288580
0.304000	0.288970
0.304500	0.289390
0.305000	0.289870
0.305500	0.290420
0.306000	0.291040
0.306500	0.291720
0.307000	0.292410
0.307500	0.293130
0.308000	0.293880
0.308500	0.294660
0.309000	0.295430
0.309500	0.296210
0.310000	0.296980
0.310500	0.297740
0.311000	0.298490
0.311500	0.299250
0.312000	0.300000
0.312500	0.300740
0.313000	0.301470
0.313500	0.302190
0.314000	0.302890
0.314500	0.303570
0.315000	0.304190
0.315500	0.304760
0.316000	0.305300
0.316500	0.305800
0.317000	0.306230
0.317500	0.306600
0.318000	0.306900
0.318500	0.307130
0.319000	0.307330
0.319500	0.307470
0.320000	0.307560
0.320500	0.307590
0.321000	0.307620
0.321500	0.307630
0.322000	0.307630
0.322500	0.307610
0.323000	0.307580
0.323500	0.307560
0.324000	0.307530
0.324500	0.307520
0.325000	0.307500
0.325500	0.307490
0.326000	0.307480
0.326500	0.307480
0.327000	0.307480
0.327500	0.307480
0.328000	0.307490
0.328500	0.307500
0.329000	0.307550
0.329500	0.307600
0.330000	0.307650
0.330500	0.307680
0.331000	0.307670
0.331500	0.307610
0.332000	0.307510
0.332500	0.307360
0.333000	0.307150
0.333500	0.306880
0.334000	0.306540
0.334500	0.306130
0.335000	0.305720
0.335500	0.305300
0.336000	0.304870
0.336500	0.304430
0.337000	0.303980
0.337500	0.303530
0.338000	0.303090
0.338500	0.302660
0.339000	0.302270
0.339500	0.301910
0.340000	0.301560
0.340500	0.301230
0.341000	0.300910
0.341500	0.300620
0.342000	0.300310
0.342500	0.299970
0.343000	0.299610
0.343500	0.299240
0.344000	0.298870
0.344500	0.298490
0.345000	0.298090
0.345500	0.297690
0.346000	0.297290
0.346500	0.296900
0.347000	0.296540
0.347500	0.296200
0.348000	0.295880
0.348500	0.295580
0.349000	0.295280
0.349500	0.295010
0.350000	0.294760
0.350500	0.294530
0.351000	0.294320
0.351500	0.294130
0.352000	0.293970
0.352500	0.293850
0.353000	0.293760
0.353500	0.293680
0.354000	0.293610
0.354500	0.293530
0.355000	0.293440
0.355500	0.293340
0.356000	0.293210
0.356500	0.293060
0.357000	0.292840
0.357500	0.292550
0.358000	0.292210
0.358500	0.291820
0.359000	0.291420
0.359500	0.291020
0.360000	0.290620
0.360500	0.290220
0.361000	0.289810
0.361500	0.289410
0.362000	0.289000
0.362500	0.288600
0.363000	0.288210
0.363500	0.287870
0.364000	0.287580
0.364500	0.287340
0.365000	0.287140
0.365500	0.286970
0.366000	0.286830
0.366500	0.286720
0.367000	0.286620
0.367500	0.286530
0.368000	0.286430
0.368500	0.286350
0.369000	0.286260
0.369500	0.286170
0.370000	0.286090
0.370500	0.286010
0.371000	0.285940
0.371500	0.285900
0.372000	0.285860
0.372500	0.285810
0.373000	0.285730
0.373500	0.285610
0.374000	0.285480
0.374500	0.285360
0.375000	0.285250
0.375500	0.285150
0.376000	0.285070
0.376500	0.285010
0.377000	0.284990
0.377500	0.285010
0.378000	0.285060
0.378500	0.285120
0.379000	0.285180
0.379500	0.285260
0.380000	0.285340
0.380500	0.285420
0.381000	0.285480
0.381500	0.285530
0.382000	0.285550
0.382500	0.285550
0.383000	0.285530
0.383500	0.285470
0.384000	0.285370
0.384500	0.285230
0.385000	0.285050
0.385500	0.284850
0.386000	0.284620
0.386500	0.284370
0.387000	0.284080
0.387500	0.283780
0.388000	0.283480
0.388500	0.283170
0.389000	0.282840
0.389500	0.282510
0.390000	0.282180
0.390500	0.281840
0.391000	0.281510
0.391500	0.281180
0.392000	0.280840
0.392500	0.280500
0.393000	0.280170
0.393500	0.279870
0.394000	0.279620
0.394500	0.279410
0.395000	0.279250
0.395500	0.279110
0.396000	0.278990
0.396500	0.278880
0.397000	0.278780
0.397500	0.278670
0.398000	0.278570
0.398500	0.278480
0.399000	0.278420
0.399500	0.278390
0.400000	0.278360
0.400500	0.278340
0.401000	0.278330
0.401500	0.278310
0.402000	0.278290
0.402500	0.278280
0.403000	0.278280
0.403500	0.278310
0.404000	0.278380
0.404500	0.278490
0.405000	0.278610
0.405500	0.278740
0.406000	0.278890
0.406500	0.279060
0.407000	0.279240
0.407500	0.279430
0.408000	0.279630
0.408500	0.279850
0.409000	0.280110
0.409500	0.280390
0.410000	0.280690
0.410500	0.280990
0.411000	0.281290
0.411500	0.281570
0.412000	0.281850
0.412500	0.282130
0.413000	0.282410
0.413500	0.282700
0.414000	0.282990
0.414500	0.283280
0.415000	0.283580
0.415500	0.283860
0.416000	0.284110
0.416500	0.284340
0.417000	0.284550
0.417500	0.284730
0.418000	0.284880
0.418500	0.285000
0.419000	0.285100
0.419500	0.285180
0.420000	0.285210
0.420500	0.285230
0.421000	0.285290
0.421500	0.285410
0.422000	0.285570
0.422500	0.285780
0.423000	0.286020
0.423500	0.286300
0.424000	0.286600
0.424500	0.286900
0.425000	0.287190
0.425500	0.287460
0.426000	0.287730
0.426500	0.287980
0.427000	0.288230
0.427500	0.288470
0.428000	0.288700
0.428500	0.288920
0.429000	0.289120
0.429500	0.289310
0.430000	0.289490
0.430500	0.289650
0.431000	0.289790
0.431500	0.289940
0.432000	0.290080
0.432500	0.290200
0.433000	0.290270
0.433500	0.290280
0.434000	0.290280
0.434500	0.290270
0.435000	0.290270
0.435500	0.290260
0.436000	0.290260
0.436500	0.290250
0.437000	0.290240
0.437500	0.290240
0.438000	0.290220
0.438500	0.290190
0.439000	0.290140
0.439500	0.290080
0.440000	0.289980
0.440500	0.289870
0.441000	0.289750
0.441500	0.289650
0.442000	0.289570
0.442500	0.289500
0.443000	0.289450
0.443500	0.289410
0.444000	0.289400
0.444500	0.289440
0.445000	0.289540
0.445500	0.289680
0.446000	0.289860
0.446500	0.290030
0.447000	0.290210
0.447500	0.290390
0.448000	0.290580
0.448500	0.290770
0.449000	0.290960
0.449500	0.291140
0.450000	0.291280
0.450500	0.291370
0.451000	0.291400
0.451500	0.291380
0.452000	0.291340
0.452500	0.291280
0.453000	0.291200
0.453500	0.291120
0.454000	0.291020
0.454500	0.290910
0.455000	0.290810
0.455500	0.290730
0.456000	0.290680
0.456500	0.290660
0.457000	0.290640
0.457500	0.290610
0.458000	0.290570
0.458500	0.290520
0.459000	0.290460
0.459500	0.290370
0.460000	0.290250
0.460500	0.290100
0.461000	0.289920
0.461500	0.289730
0.462000	0.289530
0.462500	0.289340
0.463000	0.289120
0.463500	0.288890
0.464000	0.288630
0.464500	0.288370
0.465000	0.288110
0.465500	0.287850
0.466000	0.287600
0.466500	0.287340
0.467000	0.287080
0.467500	0.286830
0.468000	0.286600
0.468500	0.286440
0.469000	0.286320
0.469500	0.286220
0.470000	0.286140
0.470500	0.286080
0.471000	0.286030
0.471500	0.286030
0.472000	0.286060
0.472500	0.286090
0.473000	0.286130
0.473500	0.286170
0.474000	0.286200
0.474500	0.286240
0.475000	0.286280
0.475500	0.286320
0.476000	0.286360
0.476500	0.286390
0.477000	0.286420
0.477500	0.286450
0.478000	0.286500
0.478500	0.286600
0.479000	0.286730
0.479500	0.286890
0.480000	0.287060
0.480500	0.287250
0.481000	0.287470
0.481500	0.287710
0.482000	0.287960
0.482500	0.288250
0.483000	0.288560
0.483500	0.288920
0.484000	0.289310
0.484500	0.289750
0.485000	0.290220
0.485500	0.290700
0.486000	0.291130
0.486500	0.291480
0.487000	0.291790
0.487500	0.292130
0.488000	145.240005
0.488500	1627.900024
0.489000	4347.299805
0.489500	7849.000000
0.490000	11739.000000
0.490500	16262.000000
0.491000	21505.000000
0.491500	27445.000000
