0.000000	10120.375977
0.000500	10120.375977
0.001000	10120.375977
0.001500	10120.375977
0.002000	10120.375977
0.002500	10120.375977
0.003000	10120.375977
0.003500	10120.375977
0.004000	10120.375977
0.004500	10120.375977
0.005000	10120.375977
0.005500	10120.375977
0.006000	10120.629883
0.006500	10120.629883
0.007000	10120.629883
0.007500	10120.883789
0.008000	10120.883789
0.008500	10120.883789
0.009000	10120.883789
0.009500	10120.883789
0.010000	10120.883789
0.010500	10120.883789
0.011000	10120.883789
0.011500	10120.883789
0.012000	10120.883789
0.012500	10120.883789
0.013000	10120.629883
0.013500	10120.629883
0.014000	10120.375977
0.014500	10120.375977
0.015000	10120.122070
0.015500	10119.868164
0.016000	10119.868164
0.016500	10119.868164
0.017000	10119.868164
0.017500	10119.868164
0.018000	10119.868164
0.018500	10119.868164
0.019000	10119.868164
0.019500	10119.868164
0.020000	10119.868164
0.020500	10120.122070
0.021000	10120.122070
0.021500	10120.122070
0.022000	10119.868164
0.022500	10119.868164
0.023000	10119.868164
0.023500	10119.613281
0.024000	10119.613281
0.024500	10119.613281
0.025000	10119.360352
0.025500	10119.360352
0.026000	10119.360352
0.026500	10119.360352
0.027000	10119.360352
0.027500	10119.360352
0.028000	10119.613281
0.028500	10119.868164
0.029000	10119.868164
0.029500	10120.122070
0.030000	10120.375977
0.030500	10120.375977
0.031000	10120.629883
0.031500	10120.629883
0.032000	10120.883789
0.032500	10120.883789
0.033000	10120.883789
0.033500	10121.137695
0.034000	10121.137695
0.034500	10121.137695
0.035000	10121.137695
0.035500	10121.137695
0.036000	10121.137695
0.036500	10121.137695
0.037000	10121.137695
0.037500	10121.137695
0.038000	10121.137695
0.038500	10121.137695
0.039000	10120.883789
0.039500	10120.883789
0.040000	10120.883789
0.040500	10120.629883
0.041000	10120.629883
0.041500	10120.375977
0.042000	10120.122070
0.042500	10120.122070
0.043000	10119.868164
0.043500	10119.613281
0.044000	10119.360352
0.044500	10119.360352
0.045000	10119.106445
0.045500	10119.106445
0.046000	10118.851562
0.046500	10118.851562
0.047000	10118.851562
0.047500	10118.851562
0.048000	10118.851562
0.048500	10118.851562
0.049000	10118.851562
0.049500	10119.106445
0.050000	10119.106445
0.050500	10119.360352
0.051000	10119.613281
0.051500	10119.613281
0.052000	10119.868164
0.052500	10120.122070
0.053000	10120.122070
0.053500	10120.375977
0.054000	10120.629883
0.054500	10120.629883
0.055000	10120.883789
0.055500	10121.137695
0.056000	10121.392578
0.056500	10121.645508
0.057000	10121.645508
0.057500	10121.899414
0.058000	10122.154297
0.058500	10122.408203
0.059000	10122.661133
0.059500	10122.661133
0.060000	10122.916016
0.060500	10123.169922
0.061000	10123.169922
0.061500	10123.169922
0.062000	10123.169922
0.062500	10123.169922
0.063000	10123.169922
0.063500	10123.169922
0.064000	10123.169922
0.064500	10123.169922
0.065000	10123.169922
0.065500	10122.916016
0.066000	10122.916016
0.066500	10122.916016
0.067000	10122.661133
0.067500	10122.408203
0.068000	10122.154297
0.068500	10121.645508
0.069000	10121.137695
0.069500	10120.883789
0.070000	10120.122070
0.070500	10119.613281
0.071000	10118.851562
0.071500	10118.089844
0.072000	10117.328125
0.072500	10116.312500
0.073000	10115.295898
0.073500	10114.279297
0.074000	10113.263672
0.074500	10112.247070
0.075000	10111.231445
0.075500	10110.215820
0.076000	10109.199219
0.076500	10108.183594
0.077000	10106.913086
0.077500	10105.643555
0.078000	10104.374023
0.078500	10102.849609
0.079000	10101.326172
0.079500	10099.801758
0.080000	10098.023438
0.080500	10096.246094
0.081000	10094.467773
0.081500	10092.690430
0.082000	10090.404297
0.082500	10088.371094
0.083000	10086.084961
0.083500	10083.545898
0.084000	10080.498047
0.084500	10077.704102
0.085000	10074.402344
0.085500	10071.100586
0.086000	10067.542969
0.086500	10063.480469
0.087000	10059.162109
0.087500	10054.589844
0.088000	10049.763672
0.088500	10044.429688
0.089000	10039.095703
0.089500	10033.507812
0.090000	10027.666016
0.090500	10021.316406
0.091000	10014.204102
0.091500	10006.837891
0.092000	9999.217773
0.092500	9991.343750
0.093000	9983.469727
0.093500	9975.595703
0.094000	9967.721680
0.094500	9959.593750
0.095000	9951.211914
0.095500	9942.576172
0.096000	9933.686523
0.096500	9924.541992
0.097000	9915.397461
0.097500	9906.000000
0.098000	9896.601562
0.098500	9887.204102
0.099000	9877.806641
0.099500	9868.154297
0.100000	9858.501953
0.100500	9848.341797
0.101000	9837.927734
0.101500	9826.751953
0.102000	9815.575195
0.102500	9804.399414
0.103000	9792.969727
0.103500	9781.540039
0.104000	9769.856445
0.104500	9758.425781
0.105000	9746.996094
0.105500	9735.819336
0.106000	9724.643555
0.106500	9713.721680
0.107000	9702.544922
0.107500	9691.116211
0.108000	9679.685547
0.108500	9668.001953
0.109000	9656.318359
0.109500	9644.887695
0.110000	9633.711914
0.110500	9623.042969
0.111000	9612.375977
0.111500	9602.215820
0.112000	9592.309570
0.112500	9582.658203
0.113000	9572.751953
0.113500	9562.592773
0.114000	9552.430664
0.114500	9542.017578
0.115000	9531.857422
0.115500	9521.698242
0.116000	9511.537109
0.116500	9501.631836
0.117000	9491.471680
0.117500	9481.566406
0.118000	9471.914062
0.118500	9462.515625
0.119000	9453.118164
0.119500	9443.211914
0.120000	9433.306641
0.120500	9422.892578
0.121000	9412.223633
0.121500	9401.047852
0.122000	9389.872070
0.122500	9378.441406
0.123000	9367.011719
0.123500	9355.835938
0.124000	9344.914062
0.124500	9333.992188
0.125000	9323.069336
0.125500	9312.148438
0.126000	9300.971680
0.126500	9290.049805
0.127000	9278.873047
0.127500	9267.952148
0.128000	9257.030273
0.128500	9246.361328
0.129000	9235.694336
0.129500	9225.280273
0.130000	9215.374023
0.130500	9205.467773
0.131000	9195.816406
0.131500	9185.909180
0.132000	9175.496094
0.132500	9165.082031
0.133000	9154.667969
0.133500	9144.253906
0.134000	9133.839844
0.134500	9123.679688
0.135000	9113.265625
0.135500	9103.106445
0.136000	9092.946289
0.136500	9083.293945
0.137000	9073.641602
0.137500	9063.989258
0.138000	9054.083984
0.138500	9044.177734
0.139000	9034.018555
0.139500	9023.858398
0.140000	9013.952148
0.140500	9004.045898
0.141000	8994.139648
0.141500	8984.742188
0.142000	8975.597656
0.142500	8966.707031
0.143000	8958.071289
0.143500	8949.181641
0.144000	8940.291992
0.144500	8931.656250
0.145000	8922.765625
0.145500	8914.129883
0.146000	8905.494141
0.146500	8897.112305
0.147000	8888.983398
0.147500	8881.110352
0.148000	8873.490234
0.148500	8866.377930
0.149000	8859.266602
0.149500	8852.407227
0.150000	8845.549805
0.150500	8838.945312
0.151000	8832.341797
0.151500	8825.738281
0.152000	8819.388672
0.152500	8813.292969
0.153000	8807.450195
0.153500	8801.861328
0.154000	8796.781250
0.154500	8791.956055
0.155000	8787.129883
0.155500	8782.557617
0.156000	8778.240234
0.156500	8773.921875
0.157000	8769.857422
0.157500	8765.793945
0.158000	8761.730469
0.158500	8758.173828
0.159000	8754.618164
0.159500	8751.316406
0.160000	8748.268555
0.160500	8745.473633
0.161000	8742.680664
0.161500	8740.393555
0.162000	8738.107422
0.162500	8736.076172
0.163000	8734.042969
0.163500	8732.266602
0.164000	8730.742188
0.164500	8729.471680
0.165000	8728.456055
0.165500	8727.693359
0.166000	8727.186523
0.166500	8726.677734
0.167000	8726.677734
0.167500	8726.677734
0.168000	8727.186523
0.168500	8727.693359
0.169000	8728.456055
0.169500	8729.471680
0.170000	8730.488281
0.170500	8732.011719
0.171000	8733.536133
0.171500	8735.059570
0.172000	8737.091797
0.172500	8739.124023
0.173000	8741.156250
0.173500	8743.442383
0.174000	8745.981445
0.174500	8748.775391
0.175000	8751.823242
0.175500	8754.871094
0.176000	8758.427734
0.176500	8761.983398
0.177000	8765.793945
0.177500	8769.603516
0.178000	8773.921875
0.178500	8778.240234
0.179000	8782.812500
0.179500	8787.383789
0.180000	8791.956055
0.180500	8796.781250
0.181000	8801.608398
0.181500	8806.433594
0.182000	8811.258789
0.182500	8816.340820
0.183000	8821.673828
0.183500	8827.261719
0.184000	8832.849609
0.184500	8838.438477
0.185000	8844.280273
0.185500	8850.121094
0.186000	8855.709961
0.186500	8861.551758
0.187000	8867.139648
0.187500	8872.728516
0.188000	8878.569336
0.188500	8884.157227
0.189000	8890.253906
0.189500	8896.349609
0.190000	8902.699219
0.190500	8908.794922
0.191000	8915.145508
0.191500	8921.495117
0.192000	8927.591797
0.192500	8933.941406
0.193000	8940.038086
0.193500	8946.133789
0.194000	8951.975586
0.194500	8958.326172
0.195000	8964.675781
0.195500	8971.026367
0.196000	8977.630859
0.196500	8984.233398
0.197000	8990.837891
0.197500	8997.442383
0.198000	9004.299805
0.198500	9010.904297
0.199000	9017.507812
0.199500	9024.366211
0.200000	9031.224609
0.200500	9037.828125
0.201000	9044.431641
0.201500	9050.781250
0.202000	9056.877930
0.202500	9063.227539
0.203000	9069.832031
0.203500	9076.181641
0.204000	9082.785156
0.204500	9089.389648
0.205000	9095.740234
0.205500	9102.089844
0.206000	9108.440430
0.206500	9114.790039
0.207000	9121.140625
0.207500	9127.490234
0.208000	9133.839844
0.208500	9140.190430
0.209000	9146.286133
0.209500	9152.381836
0.210000	9158.223633
0.210500	9164.066406
0.211000	9170.416016
0.211500	9176.766602
0.212000	9183.116211
0.212500	9189.466797
0.213000	9196.069336
0.213500	9202.673828
0.214000	9209.278320
0.214500	9215.881836
0.215000	9222.231445
0.215500	9228.581055
0.216000	9234.931641
0.216500	9241.028320
0.217000	9247.630859
0.217500	9253.981445
0.218000	9260.585938
0.218500	9267.190430
0.219000	9273.540039
0.219500	9280.143555
0.220000	9286.493164
0.220500	9292.843750
0.221000	9299.193359
0.221500	9305.797852
0.222000	9312.148438
0.222500	9318.498047
0.223000	9324.848633
0.223500	9331.197266
0.224000	9337.293945
0.224500	9343.390625
0.225000	9349.740234
0.225500	9356.343750
0.226000	9363.202148
0.226500	9369.806641
0.227000	9376.664062
0.227500	9383.268555
0.228000	9390.125977
0.228500	9396.984375
0.229000	9403.587891
0.229500	9410.192383
0.230000	9416.541992
0.230500	9422.892578
0.231000	9429.242188
0.231500	9435.845703
0.232000	9442.449219
0.232500	9449.307617
0.233000	9455.912109
0.233500	9462.515625
0.234000	9468.866211
0.234500	9475.469727
0.235000	9481.819336
0.235500	9488.423828
0.236000	9494.519531
0.236500	9500.870117
0.237000	9506.965820
0.237500	9513.061523
0.238000	9519.157227
0.238500	9525.000000
0.239000	9530.841797
0.239500	9536.683594
0.240000	9542.017578
0.240500	9547.606445
0.241000	9553.193359
0.241500	9558.781250
0.242000	9564.624023
0.242500	9570.465820
0.243000	9576.054688
0.243500	9581.895508
0.244000	9587.738281
0.244500	9593.580078
0.245000	9599.167969
0.245500	9605.009766
0.246000	9610.343750
0.246500	9615.677734
0.247000	9621.011719
0.247500	9626.600586
0.248000	9632.187500
0.248500	9637.521484
0.249000	9642.856445
0.249500	9647.681641
0.250000	9652.253906
0.250500	9656.826172
0.251000	9661.651367
0.251500	9666.223633
0.252000	9671.049805
0.252500	9675.622070
0.253000	9680.194336
0.253500	9685.019531
0.254000	9689.592773
0.254500	9694.164062
0.255000	9698.736328
0.255500	9703.054688
0.256000	9707.625977
0.256500	9711.943359
0.257000	9716.261719
0.257500	9720.833984
0.258000	9725.152344
0.258500	9729.469727
0.259000	9733.534180
0.259500	9737.597656
0.260000	9741.407227
0.260500	9745.218750
0.261000	9749.028320
0.261500	9752.583984
0.262000	9756.139648
0.262500	9759.696289
0.263000	9763.251953
0.263500	9766.553711
0.264000	9769.856445
0.264500	9773.158203
0.265000	9776.206055
0.265500	9779.000000
0.266000	9781.793945
0.266500	9784.587891
0.267000	9787.128906
0.267500	9789.414062
0.268000	9791.445312
0.268500	9793.731445
0.269000	9796.018555
0.269500	9798.049805
0.270000	9800.335938
0.270500	9802.622070
0.271000	9804.908203
0.271500	9807.193359
0.272000	9809.480469
0.272500	9811.765625
0.273000	9814.306641
0.273500	9816.591797
0.274000	9819.131836
0.274500	9821.671875
0.275000	9824.211914
0.275500	9826.751953
0.276000	9829.291992
0.276500	9831.832031
0.277000	9834.118164
0.277500	9836.657227
0.278000	9839.198242
0.278500	9841.992188
0.279000	9844.532227
0.279500	9847.326172
0.280000	9849.866211
0.280500	9852.660156
0.281000	9855.200195
0.281500	9857.993164
0.282000	9860.534180
0.282500	9863.073242
0.283000	9865.614258
0.283500	9867.899414
0.284000	9869.931641
0.284500	9871.963867
0.285000	9873.996094
0.285500	9876.028320
0.286000	9878.059570
0.286500	9880.092773
0.287000	9882.124023
0.287500	9884.156250
0.288000	9886.187500
0.288500	9888.219727
0.289000	9889.997070
0.289500	9891.521484
0.290000	9892.791992
0.290500	9893.807617
0.291000	9894.569336
0.291500	9894.824219
0.292000	9894.824219
0.292500	9894.824219
0.293000	9894.824219
0.293500	9894.569336
0.294000	9894.569336
0.294500	9894.315430
0.295000	9893.807617
0.295500	9893.553711
0.296000	9893.553711
0.296500	9893.807617
0.297000	9894.062500
0.297500	9894.315430
0.298000	9894.569336
0.298500	9894.824219
0.299000	9895.078125
0.299500	9895.585938
0.300000	9895.839844
0.300500	9895.839844
0.301000	9895.839844
0.301500	9896.093750
0.302000	9896.093750
0.302500	9896.347656
0.303000	9896.601562
0.303500	9897.110352
0.304000	9897.618164
0.304500	9898.379883
0.305000	9898.887695
0.305500	9899.904297
0.306000	9900.919922
0.306500	9901.935547
0.307000	9902.952148
0.307500	9903.967773
0.308000	9904.983398
0.308500	9906.253906
0.309000	9907.269531
0.309500	9908.286133
0.310000	9909.301758
0.310500	9910.318359
0.311000	9911.080078
0.311500	9911.842773
0.312000	9912.604492
0.312500	9913.366211
0.313000	9913.874023
0.313500	9914.635742
0.314000	9915.143555
0.314500	9915.652344
0.315000	9915.906250
0.315500	9916.414062
0.316000	9916.921875
0.316500	9917.429688
0.317000	9918.192383
0.317500	9918.700195
0.318000	9919.461914
0.318500	9920.477539
0.319000	9921.240234
0.319500	9922.256836
0.320000	9923.018555
0.320500	9924.034180
0.321000	9924.795898
0.321500	9925.557617
0.322000	9926.319336
0.322500	9927.335938
0.323000	9927.842773
0.323500	9928.606445
0.324000	9929.368164
0.324500	9929.875977
0.325000	9930.638672
0.325500	9931.145508
0.326000	9931.654297
0.326500	9932.162109
0.327000	9932.923828
0.327500	9933.431641
0.328000	9934.193359
0.328500	9934.957031
0.329000	9935.718750
0.329500	9936.733398
0.330000	9938.004883
0.330500	9939.273438
0.331000	9940.797852
0.331500	9942.322266
0.332000	9944.099609
0.332500	9945.877930
0.333000	9947.656250
0.333500	9949.433594
0.334000	9951.466797
0.334500	9953.751953
0.335000	9956.037109
0.335500	9958.323242
0.336000	9960.356445
0.336500	9962.641602
0.337000	9964.927734
0.337500	9967.213867
0.338000	9969.500000
0.338500	9971.532227
0.339000	9973.564453
0.339500	9975.595703
0.340000	9977.374023
0.340500	9979.151367
0.341000	9980.930664
0.341500	9982.708008
0.342000	9984.485352
0.342500	9986.264648
0.343000	9988.041992
0.343500	9989.565430
0.344000	9991.089844
0.344500	9992.360352
0.345000	9993.630859
0.345500	9994.899414
0.346000	9996.169922
0.346500	9997.440430
0.347000	9998.709961
0.347500	9999.979492
0.348000	10000.996094
0.348500	10002.012695
0.349000	10003.028320
0.349500	10004.043945
0.350000	10005.060547
0.350500	10006.076172
0.351000	10007.092773
0.351500	10008.107422
0.352000	10009.124023
0.352500	10010.140625
0.353000	10011.156250
0.353500	10011.917969
0.354000	10012.933594
0.354500	10013.695312
0.355000	10014.204102
0.355500	10014.965820
0.356000	10015.473633
0.356500	10015.981445
0.357000	10016.235352
0.357500	10016.744141
0.358000	10016.997070
0.358500	10017.251953
0.359000	10017.759766
0.359500	10018.013672
0.360000	10018.521484
0.360500	10018.776367
0.361000	10019.283203
0.361500	10019.538086
0.362000	10020.044922
0.362500	10020.554688
0.363000	10020.807617
0.363500	10021.061523
0.364000	10021.061523
0.364500	10021.316406
0.365000	10021.316406
0.365500	10021.316406
0.366000	10021.316406
0.366500	10021.316406
0.367000	10021.569336
0.367500	10021.569336
0.368000	10021.824219
0.368500	10021.824219
0.369000	10022.078125
0.369500	10022.331055
0.370000	10022.585938
0.370500	10022.840820
0.371000	10023.092773
0.371500	10023.347656
0.372000	10023.347656
0.372500	10023.601562
0.373000	10023.601562
0.373500	10023.601562
0.374000	10023.601562
0.374500	10023.347656
0.375000	10023.347656
0.375500	10023.092773
0.376000	10023.092773
0.376500	10022.840820
0.377000	10022.840820
0.377500	10022.585938
0.378000	10022.331055
0.378500	10022.331055
0.379000	10022.078125
0.379500	10021.824219
0.380000	10021.569336
0.380500	10021.569336
0.381000	10021.316406
0.381500	10021.061523
0.382000	10020.807617
0.382500	10020.807617
0.383000	10020.554688
0.383500	10020.554688
0.384000	10020.554688
0.384500	10020.299805
0.385000	10020.299805
0.385500	10020.554688
0.386000	10020.554688
0.386500	10020.554688
0.387000	10020.554688
0.387500	10020.554688
0.388000	10020.807617
0.388500	10020.807617
0.389000	10021.061523
0.389500	10021.316406
0.390000	10021.569336
0.390500	10021.824219
0.391000	10022.331055
0.391500	10022.585938
0.392000	10022.840820
0.392500	10023.092773
0.393000	10023.347656
0.393500	10023.601562
0.394000	10023.856445
0.394500	10024.109375
0.395000	10024.363281
0.395500	10024.618164
0.396000	10025.125977
0.396500	10025.379883
0.397000	10025.633789
0.397500	10026.142578
0.398000	10026.395508
0.398500	10026.649414
0.399000	10026.904297
0.399500	10027.158203
0.400000	10027.411133
0.400500	10027.666016
0.401000	10027.919922
0.401500	10028.173828
0.402000	10028.427734
0.402500	10028.681641
0.403000	10028.935547
0.403500	10029.190430
0.404000	10029.443359
0.404500	10029.697266
0.405000	10029.697266
0.405500	10029.697266
0.406000	10029.697266
0.406500	10029.697266
0.407000	10029.697266
0.407500	10029.697266
0.408000	10029.443359
0.408500	10029.443359
0.409000	10029.190430
0.409500	10029.190430
0.410000	10028.935547
0.410500	10028.681641
0.411000	10028.681641
0.411500	10028.427734
0.412000	10028.173828
0.412500	10027.919922
0.413000	10027.919922
0.413500	10027.666016
0.414000	10027.411133
0.414500	10027.158203
0.415000	10027.158203
0.415500	10026.904297
0.416000	10026.649414
0.416500	10026.649414
0.417000	10026.395508
0.417500	10026.142578
0.418000	10025.887695
0.418500	10025.633789
0.419000	10025.125977
0.419500	10024.872070
0.420000	10024.363281
0.420500	10023.856445
0.421000	10023.347656
0.421500	10022.840820
0.422000	10022.331055
0.422500	10021.824219
0.423000	10021.061523
0.423500	10020.044922
0.424000	10019.283203
0.424500	10018.268555
0.425000	10017.506836
0.425500	10016.490234
0.426000	10015.727539
0.426500	10014.710938
0.427000	10013.950195
0.427500	10013.188477
0.428000	10012.426758
0.428500	10011.917969
0.429000	10011.410156
0.429500	10010.902344
0.430000	10010.647461
0.430500	10010.140625
0.431000	10009.885742
0.431500	10009.630859
0.432000	10009.124023
0.432500	10008.616211
0.433000	10008.362305
0.433500	10007.854492
0.434000	10007.344727
0.434500	10006.837891
0.435000	10006.330078
0.435500	10005.821289
0.436000	10005.313477
0.436500	10004.806641
0.437000	10004.297852
0.437500	10003.790039
0.438000	10003.281250
0.438500	10003.028320
0.439000	10002.519531
0.439500	10002.012695
0.440000	10001.503906
0.440500	10001.250000
0.441000	10000.996094
0.441500	10000.996094
0.442000	10000.996094
0.442500	10001.250000
0.443000	10001.250000
0.443500	10001.503906
0.444000	10002.012695
0.444500	10002.265625
0.445000	10002.519531
0.445500	10002.774414
0.446000	10003.028320
0.446500	10003.281250
0.447000	10003.536133
0.447500	10003.790039
0.448000	10004.043945
0.448500	10004.043945
0.449000	10004.297852
0.449500	10004.297852
0.450000	10004.551758
0.450500	10004.806641
0.451000	10005.060547
0.451500	10005.060547
0.452000	10005.313477
0.452500	10005.568359
0.453000	10005.568359
0.453500	10005.821289
0.454000	10005.821289
0.454500	10005.821289
0.455000	10005.821289
0.455500	10006.076172
0.456000	10006.076172
0.456500	10006.076172
0.457000	10006.076172
0.457500	10006.076172
0.458000	10006.330078
0.458500	10006.330078
0.459000	10006.583008
0.459500	10006.583008
0.460000	10006.583008
0.460500	10006.837891
0.461000	10006.837891
0.461500	10006.837891
0.462000	10006.837891
0.462500	10006.837891
0.463000	10006.583008
0.463500	10006.583008
0.464000	10006.330078
0.464500	10006.330078
0.465000	10006.076172
0.465500	10005.821289
0.466000	10005.568359
0.466500	10005.313477
0.467000	10005.060547
0.467500	10004.551758
0.468000	10004.297852
0.468500	10004.043945
0.469000	10003.536133
0.469500	10003.281250
0.470000	10002.774414
0.470500	10002.519531
0.471000	10002.012695
0.471500	10001.757812
0.472000	10001.503906
0.472500	10000.996094
0.473000	10000.742188
0.473500	10000.233398
0.474000	9999.726562
0.474500	9999.471680
0.475000	9998.963867
0.475500	9998.456055
0.476000	9997.947266
0.476500	9997.440430
0.477000	9996.678711
0.477500	9996.169922
0.478000	9995.408203
0.478500	9994.646484
0.479000	9993.883789
0.479500	9993.122070
0.480000	9992.360352
0.480500	9991.597656
0.481000	9990.581055
0.481500	9989.819336
0.482000	9988.803711
0.482500	9988.041992
0.483000	9987.280273
0.483500	9986.264648
0.484000	9985.501953
0.484500	9984.740234
0.485000	9983.978516
0.485500	9983.215820
0.486000	9982.454102
0.486500	9981.692383
0.487000	9981.183594
0.487500	9980.675781
0.488000	945108.562500
0.488500	10510520.000000
0.489000	28054298.000000
0.489500	50645060.000000
0.490000	75742800.000000
0.490500	104919784.000000
0.491000	138747504.000000
0.491500	177068480.000000
