0.000000	-8647.175781
0.000500	-8647.175781
0.001000	-8647.175781
0.001500	-8647.175781
0.002000	-8647.175781
0.002500	-8647.175781
0.003000	-8647.175781
0.003500	-8647.175781
0.004000	-8646.921875
0.004500	-8646.667969
0.005000	-8646.414062
0.005500	-8646.414062
0.006000	-8646.160156
0.006500	-8645.906250
0.007000	-8645.651367
0.007500	-8645.398438
0.008000	-8645.398438
0.008500	-8645.143555
0.009000	-8645.143555
0.009500	-8645.143555
0.010000	-8645.143555
0.010500	-8644.889648
0.011000	-8644.889648
0.011500	-8644.889648
0.012000	-8645.143555
0.012500	-8645.143555
0.013000	-8645.143555
0.013500	-8645.143555
0.014000	-8645.398438
0.014500	-8645.398438
0.015000	-8645.398438
0.015500	-8645.651367
0.016000	-8645.651367
0.016500	-8645.651367
0.017000	-8645.651367
0.017500	-8645.906250
0.018000	-8645.906250
0.018500	-8645.906250
0.019000	-8645.906250
0.019500	-8645.906250
0.020000	-8645.906250
0.020500	-8645.906250
0.021000	-8645.906250
0.021500	-8645.906250
0.022000	-8645.906250
0.022500	-8646.160156
0.023000	-8646.160156
0.023500	-8646.160156
0.024000	-8646.160156
0.024500	-8646.414062
0.025000	-8646.414062
0.025500	-8646.414062
0.026000	-8646.414062
0.026500	-8646.160156
0.027000	-8646.160156
0.027500	-8646.160156
0.028000	-8645.906250
0.028500	-8645.906250
0.029000	-8645.651367
0.029500	-8645.651367
0.030000	-8645.398438
0.030500	-8645.398438
0.031000	-8645.143555
0.031500	-8644.889648
0.032000	-8644.889648
0.032500	-8644.635742
0.033000	-8644.381836
0.033500	-8644.381836
0.034000	-8644.127930
0.034500	-8643.874023
0.035000	-8643.619141
0.035500	-8643.619141
0.036000	-8643.366211
0.036500	-8643.112305
0.037000	-8642.857422
0.037500	-8642.857422
0.038000	-8642.603516
0.038500	-8642.350586
0.039000	-8642.350586
0.039500	-8642.095703
0.040000	-8642.095703
0.040500	-8641.841797
0.041000	-8641.841797
0.041500	-8641.587891
0.042000	-8641.587891
0.042500	-8641.587891
0.043000	-8641.587891
0.043500	-8641.333984
0.044000	-8641.333984
0.044500	-8641.333984
0.045000	-8641.080078
0.045500	-8641.080078
0.046000	-8641.080078
0.046500	-8640.826172
0.047000	-8640.826172
0.047500	-8640.571289
0.048000	-8640.318359
0.048500	-8640.064453
0.049000	-8639.809570
0.049500	-8639.555664
0.050000	-8639.047852
0.050500	-8638.540039
0.051000	-8638.032227
0.051500	-8637.523438
0.052000	-8637.016602
0.052500	-8636.253906
0.053000	-8635.492188
0.053500	-8634.730469
0.054000	-8633.713867
0.054500	-8632.698242
0.055000	-8631.681641
0.055500	-8630.666016
0.056000	-8629.395508
0.056500	-8628.125977
0.057000	-8626.855469
0.057500	-8625.332031
0.058000	-8623.807617
0.058500	-8622.030273
0.059000	-8620.251953
0.059500	-8618.219727
0.060000	-8616.188477
0.060500	-8613.647461
0.061000	-8611.361328
0.061500	-8608.568359
0.062000	-8606.028320
0.062500	-8602.980469
0.063000	-8600.185547
0.063500	-8596.883789
0.064000	-8593.581055
0.064500	-8590.280273
0.065000	-8586.469727
0.065500	-8582.406250
0.066000	-8577.833984
0.066500	-8573.262695
0.067000	-8568.435547
0.067500	-8563.101562
0.068000	-8558.021484
0.068500	-8552.433594
0.069000	-8546.845703
0.069500	-8541.257812
0.070000	-8535.162109
0.070500	-8529.066406
0.071000	-8522.461914
0.071500	-8515.350586
0.072000	-8507.730469
0.072500	-8500.109375
0.073000	-8491.981445
0.073500	-8483.854492
0.074000	-8475.471680
0.074500	-8467.089844
0.075000	-8458.454102
0.075500	-8450.071289
0.076000	-8441.435547
0.076500	-8432.291992
0.077000	-8423.148438
0.077500	-8413.242188
0.078000	-8403.082031
0.078500	-8392.667969
0.079000	-8382.000000
0.079500	-8371.078125
0.080000	-8360.156250
0.080500	-8349.233398
0.081000	-8338.312500
0.081500	-8327.389648
0.082000	-8316.467773
0.082500	-8305.545898
0.083000	-8294.370117
0.083500	-8282.686523
0.084000	-8270.493164
0.084500	-8258.047852
0.085000	-8245.856445
0.085500	-8233.410156
0.086000	-8220.964844
0.086500	-8208.517578
0.087000	-8196.071289
0.087500	-8183.625977
0.088000	-8170.926270
0.088500	-8158.226074
0.089000	-8145.780762
0.089500	-8133.587891
0.090000	-8121.649902
0.090500	-8109.458008
0.091000	-8097.266113
0.091500	-8084.565918
0.092000	-8071.611328
0.092500	-8058.657715
0.093000	-8046.465820
0.093500	-8034.273926
0.094000	-8022.589844
0.094500	-8010.651367
0.095000	-7998.713867
0.095500	-7986.521484
0.096000	-7974.583496
0.096500	-7962.392090
0.097000	-7950.200195
0.097500	-7938.262207
0.098000	-7926.323730
0.098500	-7914.893555
0.099000	-7903.718262
0.099500	-7893.304199
0.100000	-7882.890137
0.100500	-7872.983398
0.101000	-7862.823730
0.101500	-7852.917969
0.102000	-7843.011719
0.102500	-7833.105957
0.103000	-7823.199707
0.103500	-7813.547852
0.104000	-7804.149902
0.104500	-7795.006348
0.105000	-7786.116211
0.105500	-7777.987793
0.106000	-7769.859863
0.106500	-7761.731445
0.107000	-7753.604004
0.107500	-7745.221680
0.108000	-7737.093262
0.108500	-7728.966309
0.109000	-7720.583984
0.109500	-7712.456055
0.110000	-7704.073730
0.110500	-7695.945801
0.111000	-7687.563965
0.111500	-7679.689941
0.112000	-7672.069336
0.112500	-7664.449707
0.113000	-7656.830078
0.113500	-7649.209961
0.114000	-7641.335938
0.114500	-7633.716309
0.115000	-7625.842285
0.115500	-7617.968262
0.116000	-7610.093750
0.116500	-7601.711914
0.117000	-7593.583496
0.117500	-7585.709473
0.118000	-7578.090332
0.118500	-7570.469238
0.119000	-7562.850098
0.119500	-7555.229980
0.120000	-7547.863770
0.120500	-7540.497559
0.121000	-7533.131836
0.121500	-7526.019531
0.122000	-7519.161621
0.122500	-7512.811523
0.123000	-7506.461914
0.123500	-7500.619629
0.124000	-7494.778320
0.124500	-7489.189941
0.125000	-7483.347656
0.125500	-7477.506348
0.126000	-7471.409668
0.126500	-7465.567871
0.127000	-7459.471680
0.127500	-7453.375977
0.128000	-7447.533691
0.128500	-7441.692383
0.129000	-7435.850098
0.129500	-7430.007324
0.130000	-7424.419434
0.130500	-7419.085938
0.131000	-7413.751953
0.131500	-7408.671875
0.132000	-7403.845703
0.132500	-7399.019531
0.133000	-7394.447754
0.133500	-7390.129883
0.134000	-7386.065918
0.134500	-7382.256348
0.135000	-7378.699707
0.135500	-7375.651855
0.136000	-7372.604492
0.136500	-7370.063965
0.137000	-7367.269531
0.137500	-7364.730469
0.138000	-7362.443359
0.138500	-7360.157715
0.139000	-7357.871582
0.139500	-7355.585938
0.140000	-7353.554199
0.140500	-7351.268066
0.141000	-7349.235840
0.141500	-7347.204102
0.142000	-7345.171875
0.142500	-7343.393555
0.143000	-7341.361816
0.143500	-7339.583984
0.144000	-7337.552246
0.144500	-7335.773926
0.145000	-7333.742188
0.145500	-7331.709961
0.146000	-7329.678223
0.146500	-7327.645996
0.147000	-7325.868164
0.147500	-7323.835938
0.148000	-7322.057617
0.148500	-7320.280273
0.149000	-7318.756348
0.149500	-7317.231445
0.150000	-7315.707520
0.150500	-7314.183594
0.151000	-7312.914062
0.151500	-7311.643555
0.152000	-7310.627930
0.152500	-7309.357422
0.153000	-7308.595703
0.153500	-7307.833496
0.154000	-7307.071777
0.154500	-7306.309570
0.155000	-7306.056641
0.155500	-7305.801758
0.156000	-7305.547852
0.156500	-7305.547852
0.157000	-7305.547852
0.157500	-7306.056641
0.158000	-7306.563965
0.158500	-7307.325684
0.159000	-7308.341797
0.159500	-7309.611816
0.160000	-7310.627930
0.160500	-7311.897949
0.161000	-7313.421875
0.161500	-7314.691895
0.162000	-7316.469727
0.162500	-7318.247559
0.163000	-7320.025879
0.163500	-7321.804199
0.164000	-7323.581543
0.164500	-7325.359863
0.165000	-7327.392090
0.165500	-7329.169922
0.166000	-7331.202148
0.166500	-7332.979980
0.167000	-7334.503906
0.167500	-7336.028320
0.168000	-7337.552246
0.168500	-7339.076172
0.169000	-7340.345703
0.169500	-7341.869629
0.170000	-7343.140137
0.170500	-7344.410156
0.171000	-7345.680176
0.171500	-7346.950195
0.172000	-7348.219238
0.172500	-7349.490234
0.173000	-7350.759766
0.173500	-7352.030273
0.174000	-7353.300293
0.174500	-7354.824219
0.175000	-7356.347656
0.175500	-7357.871582
0.176000	-7359.395508
0.176500	-7360.919434
0.177000	-7362.443359
0.177500	-7363.714355
0.178000	-7365.237793
0.178500	-7366.507324
0.179000	-7367.778320
0.179500	-7369.047852
0.180000	-7370.318359
0.180500	-7371.587891
0.181000	-7372.604492
0.181500	-7373.619629
0.182000	-7374.635742
0.182500	-7375.651855
0.183000	-7376.668457
0.183500	-7377.430664
0.184000	-7378.445801
0.184500	-7379.461914
0.185000	-7380.223633
0.185500	-7380.985840
0.186000	-7381.747559
0.186500	-7382.509766
0.187000	-7383.018066
0.187500	-7383.525879
0.188000	-7384.033691
0.188500	-7384.795898
0.189000	-7385.304199
0.189500	-7386.065918
0.190000	-7386.828125
0.190500	-7387.589844
0.191000	-7388.352051
0.191500	-7389.368164
0.192000	-7390.383789
0.192500	-7391.399902
0.193000	-7392.416016
0.193500	-7393.431641
0.194000	-7394.447754
0.194500	-7395.718262
0.195000	-7396.987793
0.195500	-7398.003906
0.196000	-7399.273926
0.196500	-7400.543457
0.197000	-7401.813965
0.197500	-7403.083984
0.198000	-7404.354004
0.198500	-7405.624023
0.199000	-7406.893555
0.199500	-7408.164062
0.200000	-7409.434082
0.200500	-7410.704102
0.201000	-7411.974121
0.201500	-7413.243652
0.202000	-7414.514160
0.202500	-7415.783691
0.203000	-7417.054199
0.203500	-7418.578125
0.204000	-7420.102051
0.204500	-7421.625977
0.205000	-7423.149902
0.205500	-7424.928223
0.206000	-7426.706543
0.206500	-7428.738281
0.207000	-7430.769531
0.207500	-7432.802246
0.208000	-7434.833496
0.208500	-7436.866211
0.209000	-7439.152344
0.209500	-7441.183594
0.210000	-7443.469727
0.210500	-7445.756348
0.211000	-7448.295410
0.211500	-7451.089844
0.212000	-7453.630371
0.212500	-7456.423828
0.213000	-7458.963867
0.213500	-7461.757812
0.214000	-7464.551758
0.214500	-7467.345703
0.215000	-7469.885742
0.215500	-7472.680176
0.216000	-7475.474121
0.216500	-7478.268066
0.217000	-7481.315918
0.217500	-7484.364258
0.218000	-7487.412109
0.218500	-7490.713867
0.219000	-7494.016113
0.219500	-7497.318359
0.220000	-7500.874023
0.220500	-7504.176270
0.221000	-7507.478027
0.221500	-7511.033691
0.222000	-7514.335449
0.222500	-7517.892578
0.223000	-7521.193359
0.223500	-7524.495605
0.224000	-7527.797852
0.224500	-7531.099609
0.225000	-7534.401855
0.225500	-7537.957520
0.226000	-7541.259766
0.226500	-7544.815918
0.227000	-7548.371582
0.227500	-7551.928223
0.228000	-7555.483887
0.228500	-7559.040039
0.229000	-7562.595703
0.229500	-7565.897949
0.230000	-7569.200195
0.230500	-7572.501953
0.231000	-7576.057617
0.231500	-7579.359375
0.232000	-7582.916504
0.232500	-7586.471680
0.233000	-7589.773438
0.233500	-7593.330566
0.234000	-7596.631348
0.234500	-7599.933594
0.235000	-7603.489746
0.235500	-7606.791992
0.236000	-7610.347656
0.236500	-7613.903809
0.237000	-7617.713867
0.237500	-7621.269531
0.238000	-7625.080078
0.238500	-7628.890137
0.239000	-7632.700195
0.239500	-7636.509766
0.240000	-7640.065918
0.240500	-7643.622070
0.241000	-7647.431152
0.241500	-7651.242188
0.242000	-7655.052246
0.242500	-7659.116211
0.243000	-7662.926270
0.243500	-7666.735840
0.244000	-7670.545410
0.244500	-7674.356445
0.245000	-7678.166016
0.245500	-7681.976074
0.246000	-7685.531738
0.246500	-7689.087891
0.247000	-7692.643555
0.247500	-7696.454102
0.248000	-7700.264160
0.248500	-7704.073730
0.249000	-7707.630371
0.249500	-7711.439941
0.250000	-7714.996094
0.250500	-7718.552246
0.251000	-7722.107422
0.251500	-7725.918457
0.252000	-7729.474121
0.252500	-7733.283691
0.253000	-7736.840332
0.253500	-7740.649902
0.254000	-7744.206543
0.254500	-7747.761719
0.255000	-7751.318359
0.255500	-7755.127930
0.256000	-7758.683594
0.256500	-7762.239746
0.257000	-7766.049805
0.257500	-7769.605957
0.258000	-7773.416016
0.258500	-7776.971680
0.259000	-7780.781738
0.259500	-7784.337891
0.260000	-7787.893555
0.260500	-7791.450195
0.261000	-7794.751953
0.261500	-7798.562012
0.262000	-7802.118164
0.262500	-7805.928223
0.263000	-7809.738281
0.263500	-7813.293457
0.264000	-7817.104492
0.264500	-7820.913574
0.265000	-7824.723633
0.265500	-7828.533691
0.266000	-7832.343750
0.266500	-7836.407715
0.267000	-7840.471680
0.267500	-7844.281738
0.268000	-7848.092285
0.268500	-7851.901855
0.269000	-7855.711914
0.269500	-7859.521973
0.270000	-7863.585938
0.270500	-7867.395996
0.271000	-7871.459961
0.271500	-7875.523926
0.272000	-7879.587891
0.272500	-7883.652344
0.273000	-7887.461426
0.273500	-7891.525879
0.274000	-7895.589844
0.274500	-7899.654297
0.275000	-7903.463867
0.275500	-7907.273926
0.276000	-7910.830078
0.276500	-7914.385742
0.277000	-7917.941895
0.277500	-7921.498047
0.278000	-7925.054199
0.278500	-7928.863770
0.279000	-7932.419922
0.279500	-7935.976074
0.280000	-7939.531250
0.280500	-7942.833984
0.281000	-7946.390137
0.281500	-7949.692383
0.282000	-7952.993164
0.282500	-7956.295410
0.283000	-7959.597656
0.283500	-7962.645508
0.284000	-7965.693359
0.284500	-7968.742188
0.285000	-7971.790039
0.285500	-7974.837891
0.286000	-7977.885742
0.286500	-7980.933594
0.287000	-7983.981445
0.287500	-7986.775879
0.288000	-7989.823730
0.288500	-7992.871582
0.289000	-7995.666016
0.289500	-7998.713867
0.290000	-8001.761230
0.290500	-8004.809570
0.291000	-8007.857422
0.291500	-8010.906250
0.292000	-8013.954102
0.292500	-8017.001953
0.293000	-8020.050293
0.293500	-8022.843262
0.294000	-8025.892090
0.294500	-8029.193848
0.295000	-8032.241699
0.295500	-8035.543457
0.296000	-8038.592285
0.296500	-8041.640137
0.297000	-8044.687988
0.297500	-8047.736328
0.298000	-8050.530273
0.298500	-8053.578613
0.299000	-8056.371582
0.299500	-8059.166016
0.300000	-8061.706543
0.300500	-8064.500000
0.301000	-8067.292969
0.301500	-8069.833984
0.302000	-8072.373535
0.302500	-8074.659180
0.303000	-8076.945312
0.303500	-8079.231445
0.304000	-8081.263672
0.304500	-8083.549316
0.305000	-8085.835449
0.305500	-8087.868652
0.306000	-8090.153809
0.306500	-8092.186035
0.307000	-8094.218262
0.307500	-8096.249512
0.308000	-8098.281738
0.308500	-8100.059570
0.309000	-8102.091797
0.309500	-8104.124023
0.310000	-8105.901855
0.310500	-8107.934082
0.311000	-8109.711426
0.311500	-8111.490234
0.312000	-8113.268066
0.312500	-8115.300293
0.313000	-8117.077637
0.313500	-8118.856445
0.314000	-8120.887695
0.314500	-8122.666504
0.315000	-8124.442871
0.315500	-8126.221680
0.316000	-8128.000488
0.316500	-8129.777832
0.317000	-8131.556641
0.317500	-8133.333984
0.318000	-8135.111816
0.318500	-8136.635742
0.319000	-8138.414551
0.319500	-8139.938477
0.320000	-8141.715820
0.320500	-8142.985352
0.321000	-8144.509277
0.321500	-8146.033203
0.322000	-8147.304688
0.322500	-8148.828613
0.323000	-8150.352539
0.323500	-8151.621582
0.324000	-8153.145996
0.324500	-8154.416016
0.325000	-8155.939941
0.325500	-8157.209473
0.326000	-8158.733398
0.326500	-8160.004395
0.327000	-8161.273926
0.327500	-8162.797852
0.328000	-8164.068359
0.328500	-8165.337402
0.329000	-8166.607910
0.329500	-8167.623535
0.330000	-8168.640137
0.330500	-8169.909668
0.331000	-8170.926270
0.331500	-8171.941895
0.332000	-8173.211914
0.332500	-8174.227539
0.333000	-8174.989746
0.333500	-8176.006348
0.334000	-8177.021973
0.334500	-8177.784180
0.335000	-8178.545898
0.335500	-8179.561523
0.336000	-8180.323730
0.336500	-8181.085449
0.337000	-8181.593750
0.337500	-8182.355957
0.338000	-8182.864258
0.338500	-8183.625977
0.339000	-8184.133301
0.339500	-8184.641602
0.340000	-8185.150391
0.340500	-8185.657715
0.341000	-8186.166016
0.341500	-8186.674316
0.342000	-8186.927734
0.342500	-8187.436035
0.343000	-8187.943359
0.343500	-8188.198242
0.344000	-8188.706543
0.344500	-8188.959961
0.345000	-8189.213867
0.345500	-8189.722168
0.346000	-8189.975586
0.346500	-8190.230469
0.347000	-8190.483887
0.347500	-8190.737793
0.348000	-8190.992188
0.348500	-8191.246094
0.349000	-8191.499512
0.349500	-8191.754395
0.350000	-8192.007812
0.350500	-8192.261719
0.351000	-8192.516602
0.351500	-8192.769531
0.352000	-8193.023438
0.352500	-8193.278320
0.353000	-8193.532227
0.353500	-8193.786133
0.354000	-8194.040039
0.354500	-8194.293945
0.355000	-8194.547852
0.355500	-8194.802734
0.356000	-8195.055664
0.356500	-8195.309570
0.357000	-8195.564453
0.357500	-8195.818359
0.358000	-8196.326172
0.358500	-8196.580078
0.359000	-8197.087891
0.359500	-8197.341797
0.360000	-8197.850586
0.360500	-8198.357422
0.361000	-8198.866211
0.361500	-8199.374023
0.362000	-8199.881836
0.362500	-8200.389648
0.363000	-8200.898438
0.363500	-8201.660156
0.364000	-8202.168945
0.364500	-8202.675781
0.365000	-8203.184570
0.365500	-8203.946289
0.366000	-8204.454102
0.366500	-8204.961914
0.367000	-8205.468750
0.367500	-8205.978516
0.368000	-8206.485352
0.368500	-8206.993164
0.369000	-8207.501953
0.369500	-8208.009766
0.370000	-8208.264648
0.370500	-8208.771484
0.371000	-8209.026367
0.371500	-8209.280273
0.372000	-8209.534180
0.372500	-8209.788086
0.373000	-8209.788086
0.373500	-8210.041992
0.374000	-8210.041992
0.374500	-8210.295898
0.375000	-8210.295898
0.375500	-8210.295898
0.376000	-8210.550781
0.376500	-8210.550781
0.377000	-8210.550781
0.377500	-8210.550781
0.378000	-8210.550781
0.378500	-8210.550781
0.379000	-8210.550781
0.379500	-8210.550781
0.380000	-8210.550781
0.380500	-8210.550781
0.381000	-8210.550781
0.381500	-8210.295898
0.382000	-8210.295898
0.382500	-8210.041992
0.383000	-8210.041992
0.383500	-8209.788086
0.384000	-8209.534180
0.384500	-8209.280273
0.385000	-8209.026367
0.385500	-8208.771484
0.386000	-8208.517578
0.386500	-8208.264648
0.387000	-8208.009766
0.387500	-8208.009766
0.388000	-8207.755859
0.388500	-8207.501953
0.389000	-8207.248047
0.389500	-8206.993164
0.390000	-8206.740234
0.390500	-8206.231445
0.391000	-8205.978516
0.391500	-8205.723633
0.392000	-8205.468750
0.392500	-8205.216797
0.393000	-8204.961914
0.393500	-8204.707031
0.394000	-8204.454102
0.394500	-8204.200195
0.395000	-8203.946289
0.395500	-8203.692383
0.396000	-8203.437500
0.396500	-8203.184570
0.397000	-8202.930664
0.397500	-8202.930664
0.398000	-8202.675781
0.398500	-8202.675781
0.399000	-8202.421875
0.399500	-8202.168945
0.400000	-8202.168945
0.400500	-8201.914062
0.401000	-8201.914062
0.401500	-8201.660156
0.402000	-8201.660156
0.402500	-8201.660156
0.403000	-8201.406250
0.403500	-8201.406250
0.404000	-8201.406250
0.404500	-8201.406250
0.405000	-8201.406250
0.405500	-8201.406250
0.406000	-8201.406250
0.406500	-8201.406250
0.407000	-8201.406250
0.407500	-8201.406250
0.408000	-8201.151367
0.408500	-8201.151367
0.409000	-8200.898438
0.409500	-8200.898438
0.410000	-8200.643555
0.410500	-8200.389648
0.411000	-8200.135742
0.411500	-8199.881836
0.412000	-8199.627930
0.412500	-8199.374023
0.413000	-8198.866211
0.413500	-8198.357422
0.414000	-8197.850586
0.414500	-8197.341797
0.415000	-8196.833984
0.415500	-8196.326172
0.416000	-8195.564453
0.416500	-8195.055664
0.417000	-8194.547852
0.417500	-8193.786133
0.418000	-8193.278320
0.418500	-8192.516602
0.419000	-8192.007812
0.419500	-8191.246094
0.420000	-8190.737793
0.420500	-8189.975586
0.421000	-8189.468262
0.421500	-8188.706543
0.422000	-8188.198242
0.422500	-8187.689941
0.423000	-8187.181641
0.423500	-8186.674316
0.424000	-8186.166016
0.424500	-8185.657715
0.425000	-8185.150391
0.425500	-8184.641602
0.426000	-8184.133301
0.426500	-8183.879883
0.427000	-8183.371582
0.427500	-8182.864258
0.428000	-8182.355957
0.428500	-8181.847656
0.429000	-8181.593750
0.429500	-8181.085449
0.430000	-8180.578125
0.430500	-8180.069824
0.431000	-8179.816406
0.431500	-8179.308105
0.432000	-8178.799805
0.432500	-8178.292480
0.433000	-8178.037598
0.433500	-8177.530273
0.434000	-8177.021973
0.434500	-8176.513672
0.435000	-8176.006348
0.435500	-8175.498047
0.436000	-8174.989746
0.436500	-8174.227539
0.437000	-8173.719238
0.437500	-8173.211914
0.438000	-8172.450195
0.438500	-8171.941895
0.439000	-8171.179688
0.439500	-8170.671387
0.440000	-8169.909668
0.440500	-8169.147461
0.441000	-8168.385742
0.441500	-8167.623535
0.442000	-8166.861328
0.442500	-8166.099609
0.443000	-8165.083984
0.443500	-8164.321777
0.444000	-8163.306152
0.444500	-8162.289551
0.445000	-8161.273926
0.445500	-8160.257324
0.446000	-8159.242676
0.446500	-8158.226074
0.447000	-8157.209473
0.447500	-8156.193848
0.448000	-8155.431641
0.448500	-8154.416016
0.449000	-8153.399414
0.449500	-8152.383789
0.450000	-8151.621582
0.450500	-8150.605957
0.451000	-8149.843262
0.451500	-8148.828613
0.452000	-8148.066406
0.452500	-8147.304688
0.453000	-8146.542480
0.453500	-8145.780762
0.454000	-8145.018555
0.454500	-8144.509277
0.455000	-8143.747559
0.455500	-8142.985352
0.456000	-8142.478027
0.456500	-8141.969727
0.457000	-8141.462402
0.457500	-8140.700195
0.458000	-8140.191895
0.458500	-8139.683594
0.459000	-8139.176270
0.459500	-8138.667969
0.460000	-8138.159668
0.460500	-8137.906250
0.461000	-8137.397949
0.461500	-8136.890625
0.462000	-8136.635742
0.462500	-8136.381348
0.463000	-8135.874023
0.463500	-8135.619141
0.464000	-8135.111816
0.464500	-8134.857422
0.465000	-8134.349609
0.465500	-8133.842285
0.466000	-8133.587891
0.466500	-8133.080566
0.467000	-8132.572266
0.467500	-8132.063965
0.468000	-8131.556641
0.468500	-8131.048340
0.469000	-8130.540039
0.469500	-8130.031738
0.470000	-8129.524414
0.470500	-8128.762207
0.471000	-8128.253906
0.471500	-8127.492188
0.472000	-8126.983887
0.472500	-8126.221680
0.473000	-8125.714355
0.473500	-8124.952148
0.474000	-8124.442871
0.474500	-8123.682129
0.475000	-8123.173828
0.475500	-8122.666504
0.476000	-8121.904297
0.476500	-8121.395996
0.477000	-8120.887695
0.477500	-8120.380371
0.478000	-8119.618652
0.478500	-8119.110352
0.479000	-8118.856445
0.479500	-8118.348145
0.480000	-8117.839844
0.480500	-8117.331543
0.481000	-8117.077637
0.481500	-8116.569336
0.482000	-8116.062012
0.482500	-8115.807617
0.483000	-8115.300293
0.483500	-8114.791992
0.484000	-8114.538086
0.484500	-8114.029785
0.485000	-8113.776367
0.485500	-8113.268066
0.486000	-8113.014160
0.486500	-8112.759766
0.487000	-8112.505859
0.487500	-8111.997559
0.488000	-8100.059570
0.488500	-7979.409668
0.489000	-7758.683594
0.489500	-7474.457520
0.490000	-7158.735840
0.490500	-6791.959961
0.491000	-6366.509766
0.491500	-5884.671875
