0.000000	0.000033
0.000500	0.000258
0.001000	0.000544
0.001500	0.000545
0.002000	0.000380
0.002500	0.000378
0.003000	0.000196
0.003500	-0.000349
0.004000	-0.001064
0.004500	-0.002054
0.005000	-0.003055
0.005500	-0.003988
0.006000	-0.004952
0.006500	-0.006037
0.007000	-0.007375
0.007500	-0.008694
0.008000	-0.010014
0.008500	-0.011508
0.009000	-0.013109
0.009500	-0.014924
0.010000	-0.016984
0.010500	-0.019052
0.011000	-0.021113
0.011500	-0.023494
0.012000	-0.025899
0.012500	-0.028327
0.013000	-0.030956
0.013500	-0.033307
0.014000	-0.035576
0.014500	-0.038195
0.015000	-0.040848
0.015500	-0.043572
0.016000	-0.046630
0.016500	-0.049572
0.017000	-0.052341
0.017500	-0.055204
0.018000	-0.058198
0.018500	-0.061266
0.019000	-0.064323
0.019500	-0.067314
0.020000	-0.070429
0.020500	-0.073441
0.021000	-0.076159
0.021500	-0.078984
0.022000	-0.081955
0.022500	-0.084927
0.023000	-0.087736
0.023500	-0.090226
0.024000	-0.092451
0.024500	-0.094644
0.025000	-0.096935
0.025500	-0.099063
0.026000	-0.100980
0.026500	-0.102800
0.027000	-0.104590
0.027500	-0.106580
0.028000	-0.108510
0.028500	-0.110150
0.029000	-0.111560
0.029500	-0.112530
0.030000	-0.113340
0.030500	-0.114210
0.031000	-0.114870
0.031500	-0.115680
0.032000	-0.116550
0.032500	-0.117270
0.033000	-0.117800
0.033500	-0.117880
0.034000	-0.117770
0.034500	-0.117720
0.035000	-0.117460
0.035500	-0.116770
0.036000	-0.116160
0.036500	-0.115670
0.037000	-0.114910
0.037500	-0.114100
0.038000	-0.113420
0.038500	-0.112380
0.039000	-0.110920
0.039500	-0.109430
0.040000	-0.107900
0.040500	-0.106160
0.041000	-0.104200
0.041500	-0.102000
0.042000	-0.099811
0.042500	-0.097559
0.043000	-0.095532
0.043500	-0.093536
0.044000	-0.091242
0.044500	-0.088921
0.045000	-0.086352
0.045500	-0.083524
0.046000	-0.080536
0.046500	-0.077807
0.047000	-0.075095
0.047500	-0.071952
0.048000	-0.068395
0.048500	-0.064663
0.049000	-0.060964
0.049500	-0.056874
0.050000	-0.052145
0.050500	-0.047102
0.051000	-0.041860
0.051500	-0.036347
0.052000	-0.030553
0.052500	-0.024805
0.053000	-0.018741
0.053500	-0.012193
0.054000	-0.005670
0.054500	0.001210
0.055000	0.007903
0.055500	0.014181
0.056000	0.020352
0.056500	0.026248
0.057000	0.032462
0.057500	0.039184
0.058000	0.045673
0.058500	0.050937
0.059000	0.053972
0.059500	0.054955
0.060000	0.054775
0.060500	0.054409
0.061000	0.055291
0.061500	0.057533
0.062000	0.060833
0.062500	0.065253
0.063000	0.070359
0.063500	0.076398
0.064000	0.083339
0.064500	0.090376
0.065000	0.096435
0.065500	0.101020
0.066000	0.104540
0.066500	0.107610
0.067000	0.110790
0.067500	0.114250
0.068000	0.118330
0.068500	0.123550
0.069000	0.129870
0.069500	0.137070
0.070000	0.145180
0.070500	0.154240
0.071000	0.163500
0.071500	0.171920
0.072000	0.179200
0.072500	0.184980
0.073000	0.189380
0.073500	0.192650
0.074000	0.194930
0.074500	0.196950
0.075000	0.199110
0.075500	0.201230
0.076000	0.203630
0.076500	0.206860
0.077000	0.210220
0.077500	0.213750
0.078000	0.217370
0.078500	0.219760
0.079000	0.221310
0.079500	0.222840
0.080000	0.224980
0.080500	0.228980
0.081000	0.235410
0.081500	0.243550
0.082000	0.252260
0.082500	0.260540
0.083000	0.269370
0.083500	0.281530
0.084000	0.298810
0.084500	0.322360
0.085000	0.352620
0.085500	0.388750
0.086000	0.430090
0.086500	0.477940
0.087000	0.533730
0.087500	0.599670
0.088000	0.677670
0.088500	0.768690
0.089000	0.872320
0.089500	0.982160
0.090000	1.089200
0.090500	1.188900
0.091000	1.278000
0.091500	1.350200
0.092000	1.404600
0.092500	1.450300
0.093000	1.491100
0.093500	1.528900
0.094000	1.558100
0.094500	1.566700
0.095000	1.567200
0.095500	1.569900
0.096000	1.569900
0.096500	1.571800
0.097000	1.580200
0.097500	1.587200
0.098000	1.585400
0.098500	1.573400
0.099000	1.550700
0.099500	1.520100
0.100000	1.486600
0.100500	1.455700
0.101000	1.430600
0.101500	1.411700
0.102000	1.400000
0.102500	1.395600
0.103000	1.395900
0.103500	1.397200
0.104000	1.396000
0.104500	1.387800
0.105000	1.369400
0.105500	1.341900
0.106000	1.308600
0.106500	1.274200
0.107000	1.243400
0.107500	1.218000
0.108000	1.197600
0.108500	1.182000
0.109000	1.169800
0.109500	1.158100
0.110000	1.144900
0.110500	1.129500
0.111000	1.111900
0.111500	1.092500
0.112000	1.074600
0.112500	1.062700
0.113000	1.058700
0.113500	1.060700
0.114000	1.064700
0.114500	1.065000
0.115000	1.056900
0.115500	1.038900
0.116000	1.010100
0.116500	0.972240
0.117000	0.928640
0.117500	0.881340
0.118000	0.831900
0.118500	0.783530
0.119000	0.739810
0.119500	0.702030
0.120000	0.671060
0.120500	0.645420
0.121000	0.622200
0.121500	0.597740
0.122000	0.567900
0.122500	0.531710
0.123000	0.489440
0.123500	0.441380
0.124000	0.389290
0.124500	0.335370
0.125000	0.281430
0.125500	0.229140
0.126000	0.179730
0.126500	0.133880
0.127000	0.090625
0.127500	0.049306
0.128000	0.009310
0.128500	-0.031192
0.129000	-0.072909
0.129500	-0.115190
0.130000	-0.157120
0.130500	-0.197210
0.131000	-0.233880
0.131500	-0.266860
0.132000	-0.297250
0.132500	-0.326700
0.133000	-0.355830
0.133500	-0.384010
0.134000	-0.409980
0.134500	-0.432440
0.135000	-0.451520
0.135500	-0.470320
0.136000	-0.488670
0.136500	-0.506300
0.137000	-0.526070
0.137500	-0.543920
0.138000	-0.555260
0.138500	-0.558840
0.139000	-0.551540
0.139500	-0.532570
0.140000	-0.505490
0.140500	-0.474130
0.141000	-0.442090
0.141500	-0.412220
0.142000	-0.384840
0.142500	-0.357880
0.143000	-0.327190
0.143500	-0.289680
0.144000	-0.245020
0.144500	-0.195700
0.145000	-0.146170
0.145500	-0.099988
0.146000	-0.058718
0.146500	-0.022107
0.147000	0.011508
0.147500	0.043973
0.148000	0.076724
0.148500	0.111450
0.149000	0.147720
0.149500	0.189000
0.150000	0.236990
0.150500	0.289220
0.151000	0.344400
0.151500	0.397080
0.152000	0.443720
0.152500	0.484020
0.153000	0.520070
0.153500	0.555800
0.154000	0.591270
0.154500	0.623700
0.155000	0.652750
0.155500	0.678180
0.156000	0.713300
0.156500	0.768740
0.157000	0.831460
0.157500	0.891600
0.158000	0.942500
0.158500	0.976820
0.159000	0.995510
0.159500	1.008300
0.160000	1.024500
0.160500	1.045400
0.161000	1.069900
0.161500	1.095600
0.162000	1.123400
0.162500	1.156300
0.163000	1.196300
0.163500	1.243400
0.164000	1.294200
0.164500	1.343800
0.165000	1.386800
0.165500	1.421600
0.166000	1.448900
0.166500	1.471900
0.167000	1.494200
0.167500	1.518100
0.168000	1.544600
0.168500	1.573900
0.169000	1.607100
0.169500	1.644500
0.170000	1.685400
0.170500	1.728100
0.171000	1.771600
0.171500	1.814900
0.172000	1.856400
0.172500	1.895900
0.173000	1.932600
0.173500	1.967000
0.174000	2.001000
0.174500	2.035600
0.175000	2.073200
0.175500	2.114100
0.176000	2.155800
0.176500	2.196600
0.177000	2.233500
0.177500	2.265700
0.178000	2.294600
0.178500	2.320500
0.179000	2.343700
0.179500	2.365300
0.180000	2.384800
0.180500	2.403500
0.181000	2.423500
0.181500	2.444900
0.182000	2.466800
0.182500	2.490100
0.183000	2.514300
0.183500	2.537200
0.184000	2.559400
0.184500	2.581600
0.185000	2.602200
0.185500	2.619700
0.186000	2.633000
0.186500	2.640300
0.187000	2.640500
0.187500	2.635500
0.188000	2.628800
0.188500	2.624300
0.189000	2.626000
0.189500	2.635600
0.190000	2.652300
0.190500	2.671600
0.191000	2.687500
0.191500	2.696800
0.192000	2.699300
0.192500	2.696700
0.193000	2.692800
0.193500	2.691200
0.194000	2.692700
0.194500	2.696000
0.195000	2.699400
0.195500	2.701200
0.196000	2.701300
0.196500	2.700600
0.197000	2.699600
0.197500	2.699800
0.198000	2.700900
0.198500	2.701700
0.199000	2.702000
0.199500	2.701800
0.200000	2.700700
0.200500	2.698500
0.201000	2.694600
0.201500	2.689500
0.202000	2.683800
0.202500	2.677800
0.203000	2.671700
0.203500	2.665900
0.204000	2.659500
0.204500	2.651800
0.205000	2.641700
0.205500	2.629200
0.206000	2.614900
0.206500	2.599200
0.207000	2.583000
0.207500	2.566000
0.208000	2.548400
0.208500	2.530400
0.209000	2.512700
0.209500	2.495500
0.210000	2.479200
0.210500	2.464200
0.211000	2.451000
0.211500	2.439400
0.212000	2.428900
0.212500	2.420000
0.213000	2.413000
0.213500	2.407400
0.214000	2.403300
0.214500	2.401100
0.215000	2.400100
0.215500	2.400000
0.216000	2.401300
0.216500	2.404400
0.217000	2.409300
0.217500	2.415900
0.218000	2.424100
0.218500	2.433700
0.219000	2.444600
0.219500	2.456400
0.220000	2.469100
0.220500	2.482400
0.221000	2.496700
0.221500	2.512200
0.222000	2.529300
0.222500	2.548000
0.223000	2.568400
0.223500	2.590200
0.224000	2.612500
0.224500	2.635000
0.225000	2.657000
0.225500	2.678600
0.226000	2.700100
0.226500	2.721000
0.227000	2.741300
0.227500	2.760600
0.228000	2.778800
0.228500	2.795900
0.229000	2.812600
0.229500	2.829000
0.230000	2.844800
0.230500	2.859600
0.231000	2.872900
0.231500	2.884700
0.232000	2.895900
0.232500	2.906800
0.233000	2.917500
0.233500	2.928100
0.234000	2.938000
0.234500	2.946600
0.235000	2.953500
0.235500	2.958400
0.236000	2.961600
0.236500	2.963500
0.237000	2.964400
0.237500	2.964300
0.238000	2.963000
0.238500	2.960700
0.239000	2.956900
0.239500	2.951400
0.240000	2.944700
0.240500	2.936800
0.241000	2.927500
0.241500	2.916300
0.242000	2.903500
0.242500	2.889300
0.243000	2.873700
0.243500	2.857300
0.244000	2.840500
0.244500	2.822800
0.245000	2.803900
0.245500	2.784300
0.246000	2.763500
0.246500	2.741400
0.247000	2.718600
0.247500	2.695500
0.248000	2.672700
0.248500	2.650500
0.249000	2.628900
0.249500	2.608200
0.250000	2.588400
0.250500	2.569500
0.251000	2.551200
0.251500	2.533400
0.252000	2.515900
0.252500	2.498500
0.253000	2.481300
0.253500	2.464700
0.254000	2.448800
0.254500	2.433400
0.255000	2.419000
0.255500	2.406200
0.256000	2.394700
0.256500	2.384700
0.257000	2.376100
0.257500	2.368200
0.258000	2.360700
0.258500	2.354000
0.259000	2.348500
0.259500	2.344500
0.260000	2.341700
0.260500	2.340200
0.261000	2.339700
0.261500	2.339900
0.262000	2.340700
0.262500	2.341700
0.263000	2.343200
0.263500	2.345500
0.264000	2.349100
0.264500	2.353300
0.265000	2.358100
0.265500	2.362900
0.266000	2.367900
0.266500	2.373700
0.267000	2.380800
0.267500	2.388600
0.268000	2.396800
0.268500	2.405300
0.269000	2.414200
0.269500	2.423200
0.270000	2.432200
0.270500	2.441300
0.271000	2.450600
0.271500	2.459800
0.272000	2.469100
0.272500	2.478200
0.273000	2.487000
0.273500	2.495900
0.274000	2.505200
0.274500	2.514900
0.275000	2.524700
0.275500	2.534600
0.276000	2.544700
0.276500	2.555000
0.277000	2.565800
0.277500	2.577400
0.278000	2.589300
0.278500	2.601400
0.279000	2.614000
0.279500	2.626900
0.280000	2.640000
0.280500	2.653700
0.281000	2.668200
0.281500	2.683100
0.282000	2.697900
0.282500	2.713300
0.283000	2.729200
0.283500	2.745200
0.284000	2.761700
0.284500	2.779100
0.285000	2.797300
0.285500	2.816000
0.286000	2.834900
0.286500	2.853300
0.287000	2.871300
0.287500	2.889000
0.288000	2.906000
0.288500	2.922500
0.289000	2.938700
0.289500	2.954600
0.290000	2.970000
0.290500	2.984600
0.291000	2.998300
0.291500	3.011100
0.292000	3.023400
0.292500	3.035200
0.293000	3.046500
0.293500	3.057700
0.294000	3.068900
0.294500	3.079500
0.295000	3.089300
0.295500	3.098300
0.296000	3.106500
0.296500	3.114000
0.297000	3.120100
0.297500	3.124900
0.298000	3.128400
0.298500	3.130600
