0.000000	0.997580
0.000500	0.997580
0.001000	0.997580
0.001500	0.997580
0.002000	0.997580
0.002500	0.997580
0.003000	0.997580
0.003500	0.997580
0.004000	0.997580
0.004500	0.997580
0.005000	0.997580
0.005500	0.997580
0.006000	0.997580
0.006500	0.997590
0.007000	0.997590
0.007500	0.997590
0.008000	0.997590
0.008500	0.997590
0.009000	0.997590
0.009500	0.997590
0.010000	0.997600
0.010500	0.997600
0.011000	0.997600
0.011500	0.997600
0.012000	0.997600
0.012500	0.997600
0.013000	0.997600
0.013500	0.997600
0.014000	0.997600
0.014500	0.997600
0.015000	0.997600
0.015500	0.997600
0.016000	0.997600
0.016500	0.997600
0.017000	0.997600
0.017500	0.997610
0.018000	0.997610
0.018500	0.997620
0.019000	0.997620
0.019500	0.997630
0.020000	0.997630
0.020500	0.997630
0.021000	0.997640
0.021500	0.997640
0.022000	0.997640
0.022500	0.997640
0.023000	0.997640
0.023500	0.997630
0.024000	0.997630
0.024500	0.997630
0.025000	0.997630
0.025500	0.997620
0.026000	0.997620
0.026500	0.997620
0.027000	0.997620
0.027500	0.997620
0.028000	0.997630
0.028500	0.997630
0.029000	0.997630
0.029500	0.997640
0.030000	0.997640
0.030500	0.997640
0.031000	0.997650
0.031500	0.997650
0.032000	0.997660
0.032500	0.997660
0.033000	0.997660
0.033500	0.997670
0.034000	0.997670
0.034500	0.997670
0.035000	0.997680
0.035500	0.997680
0.036000	0.997690
0.036500	0.997690
0.037000	0.997690
0.037500	0.997700
0.038000	0.997700
0.038500	0.997700
0.039000	0.997710
0.039500	0.997710
0.040000	0.997710
0.040500	0.997710
0.041000	0.997710
0.041500	0.997700
0.042000	0.997700
0.042500	0.997700
0.043000	0.997690
0.043500	0.997690
0.044000	0.997680
0.044500	0.997680
0.045000	0.997680
0.045500	0.997670
0.046000	0.997670
0.046500	0.997670
0.047000	0.997660
0.047500	0.997660
0.048000	0.997660
0.048500	0.997660
0.049000	0.997660
0.049500	0.997660
0.050000	0.997670
0.050500	0.997670
0.051000	0.997670
0.051500	0.997680
0.052000	0.997680
0.052500	0.997680
0.053000	0.997690
0.053500	0.997690
0.054000	0.997700
0.054500	0.997700
0.055000	0.997700
0.055500	0.997710
0.056000	0.997710
0.056500	0.997720
0.057000	0.997730
0.057500	0.997730
0.058000	0.997740
0.058500	0.997750
0.059000	0.997750
0.059500	0.997760
0.060000	0.997770
0.060500	0.997770
0.061000	0.997780
0.061500	0.997780
0.062000	0.997790
0.062500	0.997790
0.063000	0.997800
0.063500	0.997800
0.064000	0.997810
0.064500	0.997810
0.065000	0.997820
0.065500	0.997820
0.066000	0.997830
0.066500	0.997830
0.067000	0.997840
0.067500	0.997840
0.068000	0.997850
0.068500	0.997850
0.069000	0.997860
0.069500	0.997860
0.070000	0.997870
0.070500	0.997870
0.071000	0.997880
0.071500	0.997890
0.072000	0.997890
0.072500	0.997900
0.073000	0.997910
0.073500	0.997930
0.074000	0.997940
0.074500	0.997960
0.075000	0.997990
0.075500	0.998010
0.076000	0.998040
0.076500	0.998060
0.077000	0.998100
0.077500	0.998130
0.078000	0.998160
0.078500	0.998200
0.079000	0.998240
0.079500	0.998280
0.080000	0.998320
0.080500	0.998360
0.081000	0.998390
0.081500	0.998430
0.082000	0.998460
0.082500	0.998500
0.083000	0.998530
0.083500	0.998570
0.084000	0.998600
0.084500	0.998640
0.085000	0.998670
0.085500	0.998700
0.086000	0.998730
0.086500	0.998760
0.087000	0.998790
0.087500	0.998810
0.088000	0.998840
0.088500	0.998860
0.089000	0.998890
0.089500	0.998920
0.090000	0.998940
0.090500	0.998970
0.091000	0.999000
0.091500	0.999030
0.092000	0.999070
0.092500	0.999110
0.093000	0.999140
0.093500	0.999180
0.094000	0.999210
0.094500	0.999250
0.095000	0.999280
0.095500	0.999320
0.096000	0.999340
0.096500	0.999360
0.097000	0.999380
0.097500	0.999380
0.098000	0.999360
0.098500	0.999340
0.099000	0.999310
0.099500	0.999260
0.100000	0.999210
0.100500	0.999130
0.101000	0.999050
0.101500	0.998950
0.102000	0.998810
0.102500	0.998640
0.103000	0.998440
0.103500	0.998210
0.104000	0.997930
0.104500	0.997610
0.105000	0.997270
0.105500	0.996910
0.106000	0.996490
0.106500	0.996030
0.107000	0.995530
0.107500	0.994990
0.108000	0.994360
0.108500	0.993640
0.109000	0.992840
0.109500	0.991970
0.110000	0.991000
0.110500	0.989960
0.111000	0.988860
0.111500	0.987700
0.112000	0.986500
0.112500	0.985220
0.113000	0.983880
0.113500	0.982460
0.114000	0.980950
0.114500	0.979330
0.115000	0.977590
0.115500	0.975720
0.116000	0.973780
0.116500	0.971790
0.117000	0.969740
0.117500	0.967660
0.118000	0.965570
0.118500	0.963460
0.119000	0.961260
0.119500	0.958950
0.120000	0.956570
0.120500	0.954170
0.121000	0.951730
0.121500	0.949290
0.122000	0.946830
0.122500	0.944370
0.123000	0.941920
0.123500	0.939460
0.124000	0.936990
0.124500	0.934520
0.125000	0.932040
0.125500	0.929530
0.126000	0.926910
0.126500	0.924140
0.127000	0.921260
0.127500	0.918340
0.128000	0.915390
0.128500	0.912420
0.129000	0.909450
0.129500	0.906510
0.130000	0.903610
0.130500	0.900710
0.131000	0.897820
0.131500	0.894920
0.132000	0.891980
0.132500	0.889010
0.133000	0.886030
0.133500	0.883060
0.134000	0.880120
0.134500	0.877220
0.135000	0.874370
0.135500	0.871590
0.136000	0.868910
0.136500	0.866300
0.137000	0.863720
0.137500	0.861110
0.138000	0.858430
0.138500	0.855740
0.139000	0.853050
0.139500	0.850360
0.140000	0.847670
0.140500	0.844990
0.141000	0.842310
0.141500	0.839640
0.142000	0.837000
0.142500	0.834470
0.143000	0.831980
0.143500	0.829450
0.144000	0.826830
0.144500	0.824160
0.145000	0.821470
0.145500	0.818790
0.146000	0.816120
0.146500	0.813450
0.147000	0.810800
0.147500	0.808200
0.148000	0.805680
0.148500	0.803260
0.149000	0.800900
0.149500	0.798580
0.150000	0.796250
0.150500	0.793920
0.151000	0.791600
0.151500	0.789300
0.152000	0.787020
0.152500	0.784790
0.153000	0.782650
0.153500	0.780600
0.154000	0.778630
0.154500	0.776750
0.155000	0.774950
0.155500	0.773200
0.156000	0.771480
0.156500	0.769800
0.157000	0.768140
0.157500	0.766530
0.158000	0.764980
0.158500	0.763490
0.159000	0.762070
0.159500	0.760730
0.160000	0.759480
0.160500	0.758290
0.161000	0.757140
0.161500	0.756030
0.162000	0.754940
0.162500	0.753890
0.163000	0.752860
0.163500	0.751850
0.164000	0.750880
0.164500	0.749960
0.165000	0.749100
0.165500	0.748300
0.166000	0.747560
0.166500	0.746880
0.167000	0.746250
0.167500	0.745670
0.168000	0.745130
0.168500	0.744610
0.169000	0.744140
0.169500	0.743700
0.170000	0.743310
0.170500	0.742960
0.171000	0.742700
0.171500	0.742520
0.172000	0.742400
0.172500	0.742350
0.173000	0.742380
0.173500	0.742490
0.174000	0.742680
0.174500	0.742950
0.175000	0.743290
0.175500	0.743710
0.176000	0.744200
0.176500	0.744760
0.177000	0.745370
0.177500	0.746050
0.178000	0.746800
0.178500	0.747650
0.179000	0.748560
0.179500	0.749520
0.180000	0.750520
0.180500	0.751550
0.181000	0.752600
0.181500	0.753700
0.182000	0.754840
0.182500	0.756050
0.183000	0.757320
0.183500	0.758660
0.184000	0.760070
0.184500	0.761550
0.185000	0.763060
0.185500	0.764580
0.186000	0.766100
0.186500	0.767640
0.187000	0.769180
0.187500	0.770730
0.188000	0.772290
0.188500	0.773870
0.189000	0.775530
0.189500	0.777270
0.190000	0.779090
0.190500	0.780980
0.191000	0.782890
0.191500	0.784810
0.192000	0.786740
0.192500	0.788670
0.193000	0.790600
0.193500	0.792530
0.194000	0.794470
0.194500	0.796440
0.195000	0.798480
0.195500	0.800580
0.196000	0.802730
0.196500	0.804890
0.197000	0.807060
0.197500	0.809220
0.198000	0.811390
0.198500	0.813550
0.199000	0.815720
0.199500	0.817900
0.200000	0.820080
0.200500	0.822250
0.201000	0.824370
0.201500	0.826410
0.202000	0.828420
0.202500	0.830450
0.203000	0.832530
0.203500	0.834640
0.204000	0.836750
0.204500	0.838850
0.205000	0.840930
0.205500	0.842980
0.206000	0.845020
0.206500	0.847060
0.207000	0.849090
0.207500	0.851120
0.208000	0.853120
0.208500	0.855070
0.209000	0.856950
0.209500	0.858790
0.210000	0.860610
0.210500	0.862430
0.211000	0.864280
0.211500	0.866140
0.212000	0.868010
0.212500	0.869870
0.213000	0.871730
0.213500	0.873560
0.214000	0.875360
0.214500	0.877140
0.215000	0.878870
0.215500	0.880560
0.216000	0.882210
0.216500	0.883870
0.217000	0.885570
0.217500	0.887300
0.218000	0.889040
0.218500	0.890780
0.219000	0.892500
0.219500	0.894200
0.220000	0.895890
0.220500	0.897570
0.221000	0.899240
0.221500	0.900920
0.222000	0.902570
0.222500	0.904170
0.223000	0.905670
0.223500	0.907140
0.224000	0.908590
0.224500	0.910040
0.225000	0.911480
0.225500	0.912930
0.226000	0.914370
0.226500	0.915820
0.227000	0.917260
0.227500	0.918700
0.228000	0.920110
0.228500	0.921480
0.229000	0.922790
0.229500	0.924060
0.230000	0.925310
0.230500	0.926560
0.231000	0.927810
0.231500	0.929060
0.232000	0.930310
0.232500	0.931560
0.233000	0.932800
0.233500	0.934020
0.234000	0.935200
0.234500	0.936350
0.235000	0.937490
0.235500	0.938620
0.236000	0.939740
0.236500	0.940850
0.237000	0.941960
0.237500	0.943050
0.238000	0.944150
0.238500	0.945210
0.239000	0.946230
0.239500	0.947200
0.240000	0.948150
0.240500	0.949090
0.241000	0.950030
0.241500	0.950960
0.242000	0.951890
0.242500	0.952820
0.243000	0.953750
0.243500	0.954660
0.244000	0.955560
0.244500	0.956430
0.245000	0.957250
0.245500	0.958020
0.246000	0.958790
0.246500	0.959550
0.247000	0.960320
0.247500	0.961090
0.248000	0.961860
0.248500	0.962630
0.249000	0.963400
0.249500	0.964150
0.250000	0.964870
0.250500	0.965570
0.251000	0.966250
0.251500	0.966950
0.252000	0.967650
0.252500	0.968350
0.253000	0.969040
0.253500	0.969730
0.254000	0.970400
0.254500	0.971040
0.255000	0.971680
0.255500	0.972300
0.256000	0.972920
0.256500	0.973530
0.257000	0.974130
0.257500	0.974730
0.258000	0.975320
0.258500	0.975900
0.259000	0.976460
0.259500	0.977000
0.260000	0.977520
0.260500	0.978040
0.261000	0.978550
0.261500	0.979070
0.262000	0.979600
0.262500	0.980120
0.263000	0.980640
0.263500	0.981160
0.264000	0.981670
0.264500	0.982170
0.265000	0.982660
0.265500	0.983150
0.266000	0.983640
0.266500	0.984120
0.267000	0.984600
0.267500	0.985060
0.268000	0.985500
0.268500	0.985930
0.269000	0.986350
0.269500	0.986770
0.270000	0.987190
0.270500	0.987610
0.271000	0.988020
0.271500	0.988430
0.272000	0.988830
0.272500	0.989220
0.273000	0.989590
0.273500	0.989960
0.274000	0.990320
0.274500	0.990670
0.275000	0.991010
0.275500	0.991340
0.276000	0.991640
0.276500	0.991940
0.277000	0.992230
0.277500	0.992520
0.278000	0.992800
0.278500	0.993080
0.279000	0.993350
0.279500	0.993620
0.280000	0.993880
0.280500	0.994120
0.281000	0.994360
0.281500	0.994590
0.282000	0.994820
0.282500	0.995040
0.283000	0.995250
0.283500	0.995460
0.284000	0.995660
0.284500	0.995860
0.285000	0.996050
0.285500	0.996230
0.286000	0.996410
0.286500	0.996590
0.287000	0.996770
0.287500	0.996940
0.288000	0.997110
0.288500	0.997260
0.289000	0.997410
0.289500	0.997560
0.290000	0.997700
0.290500	0.997840
0.291000	0.997980
0.291500	0.998120
0.292000	0.998250
0.292500	0.998370
0.293000	0.998490
0.293500	0.998600
0.294000	0.998710
0.294500	0.998820
0.295000	0.998930
0.295500	0.999030
0.296000	0.999130
0.296500	0.999220
0.297000	0.999300
0.297500	0.999380
0.298000	0.999450
0.298500	0.999510
0.299000	0.999570
0.299500	0.999620
0.300000	0.999660
0.300500	0.999690
0.301000	0.999720
0.301500	0.999740
0.302000	0.999760
0.302500	0.999770
0.303000	0.999780
0.303500	0.999780
0.304000	0.999790
0.304500	0.999790
0.305000	0.999780
0.305500	0.999780
0.306000	0.999770
0.306500	0.999760
0.307000	0.999750
0.307500	0.999730
0.308000	0.999720
0.308500	0.999700
0.309000	0.999670
0.309500	0.999640
0.310000	0.999620
0.310500	0.999590
0.311000	0.999550
0.311500	0.999520
0.312000	0.999480
0.312500	0.999430
0.313000	0.999380
0.313500	0.999330
0.314000	0.999270
0.314500	0.999220
0.315000	0.999160
0.315500	0.999100
0.316000	0.999030
0.316500	0.998970
0.317000	0.998910
0.317500	0.998840
0.318000	0.998780
0.318500	0.998720
0.319000	0.998660
0.319500	0.998600
0.320000	0.998530
0.320500	0.998470
0.321000	0.998410
0.321500	0.998350
0.322000	0.998280
0.322500	0.998220
0.323000	0.998150
0.323500	0.998070
0.324000	0.998000
0.324500	0.997920
0.325000	0.997840
0.325500	0.997760
0.326000	0.997680
0.326500	0.997600
0.327000	0.997530
0.327500	0.997450
0.328000	0.997370
0.328500	0.997290
0.329000	0.997230
0.329500	0.997170
0.330000	0.997110
0.330500	0.997050
0.331000	0.997000
0.331500	0.996950
0.332000	0.996900
0.332500	0.996850
0.333000	0.996800
0.333500	0.996760
0.334000	0.996720
0.334500	0.996690
0.335000	0.996660
0.335500	0.996630
0.336000	0.996610
0.336500	0.996590
0.337000	0.996580
0.337500	0.996560
0.338000	0.996550
0.338500	0.996540
0.339000	0.996530
0.339500	0.996520
0.340000	0.996510
0.340500	0.996500
0.341000	0.996500
0.341500	0.996490
0.342000	0.996490
0.342500	0.996480
0.343000	0.996470
0.343500	0.996460
0.344000	0.996450
0.344500	0.996440
0.345000	0.996430
0.345500	0.996420
0.346000	0.996410
0.346500	0.996390
0.347000	0.996390
0.347500	0.996380
0.348000	0.996380
0.348500	0.996370
0.349000	0.996370
0.349500	0.996370
0.350000	0.996370
0.350500	0.996370
0.351000	0.996380
0.351500	0.996380
0.352000	0.996390
0.352500	0.996390
0.353000	0.996400
0.353500	0.996410
0.354000	0.996420
0.354500	0.996420
0.355000	0.996430
0.355500	0.996430
0.356000	0.996440
0.356500	0.996440
0.357000	0.996450
0.357500	0.996450
0.358000	0.996460
0.358500	0.996460
0.359000	0.996470
0.359500	0.996480
0.360000	0.996490
0.360500	0.996510
0.361000	0.996530
0.361500	0.996550
0.362000	0.996570
0.362500	0.996590
0.363000	0.996600
0.363500	0.996620
0.364000	0.996640
0.364500	0.996660
0.365000	0.996670
0.365500	0.996690
0.366000	0.996700
0.366500	0.996720
0.367000	0.996730
0.367500	0.996750
0.368000	0.996770
0.368500	0.996790
0.369000	0.996810
0.369500	0.996840
0.370000	0.996860
0.370500	0.996890
0.371000	0.996910
0.371500	0.996930
0.372000	0.996960
0.372500	0.996980
0.373000	0.997000
0.373500	0.997020
0.374000	0.997030
0.374500	0.997050
0.375000	0.997060
0.375500	0.997080
0.376000	0.997090
0.376500	0.997110
0.377000	0.997120
0.377500	0.997140
0.378000	0.997150
0.378500	0.997170
0.379000	0.997180
0.379500	0.997200
0.380000	0.997210
0.380500	0.997220
0.381000	0.997230
0.381500	0.997250
0.382000	0.997260
0.382500	0.997280
0.383000	0.997290
0.383500	0.997310
0.384000	0.997320
0.384500	0.997340
0.385000	0.997360
0.385500	0.997370
0.386000	0.997390
0.386500	0.997410
0.387000	0.997420
0.387500	0.997440
0.388000	0.997460
0.388500	0.997480
0.389000	0.997490
0.389500	0.997510
0.390000	0.997540
0.390500	0.997560
0.391000	0.997580
0.391500	0.997600
0.392000	0.997630
0.392500	0.997650
0.393000	0.997670
0.393500	0.997700
0.394000	0.997720
0.394500	0.997750
0.395000	0.997780
0.395500	0.997810
0.396000	0.997830
0.396500	0.997860
0.397000	0.997890
0.397500	0.997920
0.398000	0.997950
0.398500	0.997980
0.399000	0.998010
0.399500	0.998040
0.400000	0.998070
0.400500	0.998100
0.401000	0.998130
0.401500	0.998160
0.402000	0.998190
0.402500	0.998220
0.403000	0.998250
0.403500	0.998280
0.404000	0.998310
0.404500	0.998340
0.405000	0.998370
0.405500	0.998400
0.406000	0.998420
0.406500	0.998450
0.407000	0.998470
0.407500	0.998490
0.408000	0.998510
0.408500	0.998530
0.409000	0.998550
0.409500	0.998570
0.410000	0.998590
0.410500	0.998610
0.411000	0.998630
0.411500	0.998650
0.412000	0.998670
0.412500	0.998680
0.413000	0.998700
0.413500	0.998720
0.414000	0.998740
0.414500	0.998760
0.415000	0.998780
0.415500	0.998800
0.416000	0.998820
0.416500	0.998840
0.417000	0.998860
0.417500	0.998870
0.418000	0.998890
0.418500	0.998900
0.419000	0.998920
0.419500	0.998930
0.420000	0.998940
0.420500	0.998950
0.421000	0.998960
0.421500	0.998970
0.422000	0.998980
0.422500	0.998980
0.423000	0.998990
0.423500	0.998990
0.424000	0.998990
0.424500	0.998990
0.425000	0.998990
0.425500	0.998990
0.426000	0.998990
0.426500	0.998990
0.427000	0.998990
0.427500	0.999000
0.428000	0.999000
0.428500	0.999010
0.429000	0.999020
0.429500	0.999020
0.430000	0.999030
0.430500	0.999040
0.431000	0.999050
0.431500	0.999060
0.432000	0.999070
0.432500	0.999080
0.433000	0.999090
0.433500	0.999100
0.434000	0.999110
0.434500	0.999120
0.435000	0.999130
0.435500	0.999140
0.436000	0.999140
0.436500	0.999150
0.437000	0.999160
0.437500	0.999170
0.438000	0.999170
0.438500	0.999180
0.439000	0.999180
0.439500	0.999190
0.440000	0.999200
0.440500	0.999210
0.441000	0.999220
0.441500	0.999230
0.442000	0.999240
0.442500	0.999250
0.443000	0.999270
0.443500	0.999290
0.444000	0.999300
0.444500	0.999320
0.445000	0.999340
0.445500	0.999350
0.446000	0.999370
0.446500	0.999380
0.447000	0.999400
0.447500	0.999420
0.448000	0.999430
0.448500	0.999450
0.449000	0.999460
0.449500	0.999480
0.450000	0.999500
0.450500	0.999520
0.451000	0.999530
0.451500	0.999550
0.452000	0.999570
0.452500	0.999580
0.453000	0.999600
0.453500	0.999610
0.454000	0.999630
0.454500	0.999640
0.455000	0.999660
0.455500	0.999670
0.456000	0.999690
0.456500	0.999700
0.457000	0.999710
0.457500	0.999730
0.458000	0.999740
0.458500	0.999750
0.459000	0.999760
0.459500	0.999780
0.460000	0.999790
0.460500	0.999800
0.461000	0.999810
0.461500	0.999820
0.462000	0.999830
0.462500	0.999840
0.463000	0.999840
0.463500	0.999850
0.464000	0.999860
0.464500	0.999860
0.465000	0.999870
0.465500	0.999880
0.466000	0.999880
0.466500	0.999890
0.467000	0.999890
0.467500	0.999900
0.468000	0.999900
0.468500	0.999910
0.469000	0.999910
0.469500	0.999910
0.470000	0.999920
0.470500	0.999920
0.471000	0.999920
0.471500	0.999930
0.472000	0.999930
0.472500	0.999930
0.473000	0.999930
0.473500	0.999930
0.474000	0.999940
0.474500	0.999940
0.475000	0.999940
0.475500	0.999940
0.476000	0.999940
0.476500	0.999940
0.477000	0.999940
0.477500	0.999940
0.478000	0.999940
0.478500	0.999950
0.479000	0.999950
0.479500	0.999950
0.480000	0.999950
0.480500	0.999950
0.481000	0.999950
0.481500	0.999950
0.482000	0.999950
0.482500	0.999940
0.483000	0.999940
0.483500	0.999940
0.484000	0.999940
0.484500	0.999940
0.485000	0.999940
0.485500	0.999940
0.486000	0.999940
0.486500	0.999940
0.487000	0.999940
0.487500	0.999950
0.488000	145.949997
0.488500	1628.599976
0.489000	4347.899902
0.489500	7849.600098
0.490000	11740.000000
0.490500	16262.000000
0.491000	21505.000000
0.491500	27445.000000
