0.000000	0.991510
0.000500	0.991510
0.001000	0.991510
0.001500	0.991510
0.002000	0.991510
0.002500	0.991510
0.003000	0.991510
0.003500	0.991520
0.004000	0.991520
0.004500	0.991530
0.005000	0.991540
0.005500	0.991550
0.006000	0.991560
0.006500	0.991570
0.007000	0.991580
0.007500	0.991580
0.008000	0.991590
0.008500	0.991590
0.009000	0.991590
0.009500	0.991580
0.010000	0.991570
0.010500	0.991560
0.011000	0.991550
0.011500	0.991540
0.012000	0.991530
0.012500	0.991510
0.013000	0.991500
0.013500	0.991490
0.014000	0.991480
0.014500	0.991470
0.015000	0.991470
0.015500	0.991470
0.016000	0.991480
0.016500	0.991480
0.017000	0.991490
0.017500	0.991490
0.018000	0.991500
0.018500	0.991510
0.019000	0.991520
0.019500	0.991530
0.020000	0.991540
0.020500	0.991540
0.021000	0.991540
0.021500	0.991550
0.022000	0.991550
0.022500	0.991550
0.023000	0.991550
0.023500	0.991550
0.024000	0.991550
0.024500	0.991550
0.025000	0.991550
0.025500	0.991550
0.026000	0.991550
0.026500	0.991560
0.027000	0.991560
0.027500	0.991570
0.028000	0.991580
0.028500	0.991580
0.029000	0.991590
0.029500	0.991590
0.030000	0.991600
0.030500	0.991600
0.031000	0.991610
0.031500	0.991610
0.032000	0.991610
0.032500	0.991610
0.033000	0.991610
0.033500	0.991610
0.034000	0.991610
0.034500	0.991610
0.035000	0.991600
0.035500	0.991590
0.036000	0.991590
0.036500	0.991580
0.037000	0.991580
0.037500	0.991580
0.038000	0.991580
0.038500	0.991590
0.039000	0.991590
0.039500	0.991600
0.040000	0.991600
0.040500	0.991600
0.041000	0.991600
0.041500	0.991600
0.042000	0.991600
0.042500	0.991610
0.043000	0.991610
0.043500	0.991610
0.044000	0.991610
0.044500	0.991610
0.045000	0.991610
0.045500	0.991610
0.046000	0.991620
0.046500	0.991620
0.047000	0.991620
0.047500	0.991620
0.048000	0.991620
0.048500	0.991620
0.049000	0.991620
0.049500	0.991620
0.050000	0.991620
0.050500	0.991630
0.051000	0.991630
0.051500	0.991630
0.052000	0.991640
0.052500	0.991640
0.053000	0.991650
0.053500	0.991650
0.054000	0.991660
0.054500	0.991660
0.055000	0.991670
0.055500	0.991670
0.056000	0.991670
0.056500	0.991680
0.057000	0.991680
0.057500	0.991670
0.058000	0.991670
0.058500	0.991660
0.059000	0.991650
0.059500	0.991650
0.060000	0.991640
0.060500	0.991630
0.061000	0.991620
0.061500	0.991600
0.062000	0.991590
0.062500	0.991570
0.063000	0.991550
0.063500	0.991530
0.064000	0.991500
0.064500	0.991470
0.065000	0.991440
0.065500	0.991420
0.066000	0.991380
0.066500	0.991350
0.067000	0.991310
0.067500	0.991280
0.068000	0.991240
0.068500	0.991200
0.069000	0.991170
0.069500	0.991130
0.070000	0.991100
0.070500	0.991060
0.071000	0.991020
0.071500	0.990980
0.072000	0.990930
0.072500	0.990880
0.073000	0.990820
0.073500	0.990750
0.074000	0.990670
0.074500	0.990570
0.075000	0.990480
0.075500	0.990380
0.076000	0.990270
0.076500	0.990150
0.077000	0.990010
0.077500	0.989870
0.078000	0.989740
0.078500	0.989600
0.079000	0.989460
0.079500	0.989330
0.080000	0.989190
0.080500	0.989060
0.081000	0.988930
0.081500	0.988820
0.082000	0.988730
0.082500	0.988640
0.083000	0.988570
0.083500	0.988510
0.084000	0.988470
0.084500	0.988460
0.085000	0.988460
0.085500	0.988490
0.086000	0.988550
0.086500	0.988640
0.087000	0.988750
0.087500	0.988900
0.088000	0.989060
0.088500	0.989260
0.089000	0.989480
0.089500	0.989720
0.090000	0.989970
0.090500	0.990240
0.091000	0.990530
0.091500	0.990840
0.092000	0.991170
0.092500	0.991490
0.093000	0.991790
0.093500	0.992090
0.094000	0.992370
0.094500	0.992650
0.095000	0.992930
0.095500	0.993190
0.096000	0.993430
0.096500	0.993660
0.097000	0.993880
0.097500	0.994080
0.098000	0.994250
0.098500	0.994390
0.099000	0.994510
0.099500	0.994610
0.100000	0.994690
0.100500	0.994740
0.101000	0.994770
0.101500	0.994780
0.102000	0.994760
0.102500	0.994720
0.103000	0.994640
0.103500	0.994540
0.104000	0.994420
0.104500	0.994260
0.105000	0.994080
0.105500	0.993890
0.106000	0.993670
0.106500	0.993430
0.107000	0.993170
0.107500	0.992890
0.108000	0.992590
0.108500	0.992270
0.109000	0.991940
0.109500	0.991590
0.110000	0.991230
0.110500	0.990870
0.111000	0.990500
0.111500	0.990120
0.112000	0.989750
0.112500	0.989370
0.113000	0.988970
0.113500	0.988540
0.114000	0.988100
0.114500	0.987650
0.115000	0.987210
0.115500	0.986770
0.116000	0.986330
0.116500	0.985890
0.117000	0.985450
0.117500	0.985010
0.118000	0.984610
0.118500	0.984230
0.119000	0.983860
0.119500	0.983490
0.120000	0.983120
0.120500	0.982750
0.121000	0.982380
0.121500	0.982010
0.122000	0.981660
0.122500	0.981310
0.123000	0.980980
0.123500	0.980670
0.124000	0.980370
0.124500	0.980090
0.125000	0.979830
0.125500	0.979570
0.126000	0.979310
0.126500	0.979060
0.127000	0.978810
0.127500	0.978580
0.128000	0.978340
0.128500	0.978120
0.129000	0.977890
0.129500	0.977680
0.130000	0.977470
0.130500	0.977260
0.131000	0.977060
0.131500	0.976850
0.132000	0.976640
0.132500	0.976420
0.133000	0.976200
0.133500	0.975980
0.134000	0.975750
0.134500	0.975520
0.135000	0.975290
0.135500	0.975060
0.136000	0.974820
0.136500	0.974570
0.137000	0.974310
0.137500	0.974050
0.138000	0.973770
0.138500	0.973470
0.139000	0.973150
0.139500	0.972800
0.140000	0.972430
0.140500	0.972040
0.141000	0.971640
0.141500	0.971210
0.142000	0.970780
0.142500	0.970340
0.143000	0.969880
0.143500	0.969400
0.144000	0.968890
0.144500	0.968350
0.145000	0.967790
0.145500	0.967200
0.146000	0.966560
0.146500	0.965920
0.147000	0.965280
0.147500	0.964640
0.148000	0.964000
0.148500	0.963360
0.149000	0.962720
0.149500	0.962080
0.150000	0.961440
0.150500	0.960780
0.151000	0.960120
0.151500	0.959450
0.152000	0.958790
0.152500	0.958160
0.153000	0.957550
0.153500	0.956960
0.154000	0.956390
0.154500	0.955860
0.155000	0.955380
0.155500	0.954930
0.156000	0.954510
0.156500	0.954120
0.157000	0.953760
0.157500	0.953430
0.158000	0.953140
0.158500	0.952890
0.159000	0.952680
0.159500	0.952520
0.160000	0.952380
0.160500	0.952280
0.161000	0.952220
0.161500	0.952180
0.162000	0.952180
0.162500	0.952220
0.163000	0.952290
0.163500	0.952410
0.164000	0.952570
0.164500	0.952770
0.165000	0.953010
0.165500	0.953290
0.166000	0.953600
0.166500	0.953940
0.167000	0.954290
0.167500	0.954670
0.168000	0.955100
0.168500	0.955570
0.169000	0.956060
0.169500	0.956550
0.170000	0.957040
0.170500	0.957550
0.171000	0.958060
0.171500	0.958580
0.172000	0.959080
0.172500	0.959570
0.173000	0.960020
0.173500	0.960460
0.174000	0.960880
0.174500	0.961300
0.175000	0.961710
0.175500	0.962110
0.176000	0.962490
0.176500	0.962860
0.177000	0.963220
0.177500	0.963560
0.178000	0.963880
0.178500	0.964190
0.179000	0.964500
0.179500	0.964780
0.180000	0.965040
0.180500	0.965280
0.181000	0.965510
0.181500	0.965720
0.182000	0.965920
0.182500	0.966110
0.183000	0.966290
0.183500	0.966470
0.184000	0.966630
0.184500	0.966790
0.185000	0.966940
0.185500	0.967080
0.186000	0.967210
0.186500	0.967320
0.187000	0.967430
0.187500	0.967520
0.188000	0.967610
0.188500	0.967680
0.189000	0.967750
0.189500	0.967820
0.190000	0.967870
0.190500	0.967910
0.191000	0.967950
0.191500	0.967970
0.192000	0.967990
0.192500	0.967990
0.193000	0.967990
0.193500	0.967980
0.194000	0.967970
0.194500	0.967950
0.195000	0.967930
0.195500	0.967900
0.196000	0.967880
0.196500	0.967850
0.197000	0.967830
0.197500	0.967810
0.198000	0.967790
0.198500	0.967780
0.199000	0.967770
0.199500	0.967770
0.200000	0.967800
0.200500	0.967840
0.201000	0.967900
0.201500	0.967970
0.202000	0.968040
0.202500	0.968120
0.203000	0.968200
0.203500	0.968290
0.204000	0.968380
0.204500	0.968460
0.205000	0.968510
0.205500	0.968490
0.206000	0.968440
0.206500	0.968360
0.207000	0.968280
0.207500	0.968200
0.208000	0.968110
0.208500	0.968010
0.209000	0.967910
0.209500	0.967790
0.210000	0.967670
0.210500	0.967550
0.211000	0.967440
0.211500	0.967350
0.212000	0.967290
0.212500	0.967260
0.213000	0.967260
0.213500	0.967340
0.214000	0.967470
0.214500	0.967650
0.215000	0.967860
0.215500	0.968080
0.216000	0.968330
0.216500	0.968610
0.217000	0.968940
0.217500	0.969290
0.218000	0.969660
0.218500	0.970060
0.219000	0.970480
0.219500	0.970910
0.220000	0.971340
0.220500	0.971780
0.221000	0.972220
0.221500	0.972660
0.222000	0.973110
0.222500	0.973550
0.223000	0.973980
0.223500	0.974400
0.224000	0.974790
0.224500	0.975170
0.225000	0.975540
0.225500	0.975910
0.226000	0.976270
0.226500	0.976630
0.227000	0.976970
0.227500	0.977300
0.228000	0.977610
0.228500	0.977910
0.229000	0.978180
0.229500	0.978430
0.230000	0.978680
0.230500	0.978920
0.231000	0.979150
0.231500	0.979370
0.232000	0.979590
0.232500	0.979810
0.233000	0.980020
0.233500	0.980220
0.234000	0.980410
0.234500	0.980600
0.235000	0.980790
0.235500	0.980960
0.236000	0.981140
0.236500	0.981310
0.237000	0.981480
0.237500	0.981650
0.238000	0.981810
0.238500	0.981970
0.239000	0.982130
0.239500	0.982290
0.240000	0.982440
0.240500	0.982590
0.241000	0.982740
0.241500	0.982900
0.242000	0.983060
0.242500	0.983220
0.243000	0.983390
0.243500	0.983550
0.244000	0.983720
0.244500	0.983890
0.245000	0.984060
0.245500	0.984230
0.246000	0.984400
0.246500	0.984570
0.247000	0.984750
0.247500	0.984920
0.248000	0.985110
0.248500	0.985300
0.249000	0.985490
0.249500	0.985670
0.250000	0.985840
0.250500	0.986000
0.251000	0.986160
0.251500	0.986310
0.252000	0.986460
0.252500	0.986610
0.253000	0.986750
0.253500	0.986890
0.254000	0.987020
0.254500	0.987140
0.255000	0.987250
0.255500	0.987350
0.256000	0.987440
0.256500	0.987520
0.257000	0.987600
0.257500	0.987660
0.258000	0.987720
0.258500	0.987780
0.259000	0.987830
0.259500	0.987870
0.260000	0.987920
0.260500	0.987960
0.261000	0.988010
0.261500	0.988050
0.262000	0.988090
0.262500	0.988130
0.263000	0.988170
0.263500	0.988200
0.264000	0.988240
0.264500	0.988270
0.265000	0.988290
0.265500	0.988300
0.266000	0.988320
0.266500	0.988330
0.267000	0.988330
0.267500	0.988340
0.268000	0.988340
0.268500	0.988340
0.269000	0.988340
0.269500	0.988350
0.270000	0.988350
0.270500	0.988350
0.271000	0.988360
0.271500	0.988360
0.272000	0.988370
0.272500	0.988380
0.273000	0.988400
0.273500	0.988420
0.274000	0.988440
0.274500	0.988470
0.275000	0.988490
0.275500	0.988520
0.276000	0.988540
0.276500	0.988560
0.277000	0.988580
0.277500	0.988600
0.278000	0.988610
0.278500	0.988630
0.279000	0.988640
0.279500	0.988650
0.280000	0.988660
0.280500	0.988680
0.281000	0.988690
0.281500	0.988700
0.282000	0.988720
0.282500	0.988730
0.283000	0.988750
0.283500	0.988770
0.284000	0.988780
0.284500	0.988790
0.285000	0.988800
0.285500	0.988810
0.286000	0.988810
0.286500	0.988810
0.287000	0.988800
0.287500	0.988780
0.288000	0.988760
0.288500	0.988740
0.289000	0.988710
0.289500	0.988680
0.290000	0.988640
0.290500	0.988590
0.291000	0.988550
0.291500	0.988510
0.292000	0.988470
0.292500	0.988420
0.293000	0.988380
0.293500	0.988340
0.294000	0.988300
0.294500	0.988260
0.295000	0.988230
0.295500	0.988200
0.296000	0.988170
0.296500	0.988150
0.297000	0.988130
0.297500	0.988120
0.298000	0.988120
0.298500	0.988120
0.299000	0.988120
0.299500	0.988120
0.300000	0.988120
0.300500	0.988120
0.301000	0.988120
0.301500	0.988110
0.302000	0.988110
0.302500	0.988100
0.303000	0.988080
0.303500	0.988050
0.304000	0.988020
0.304500	0.987990
0.305000	0.987950
0.305500	0.987910
0.306000	0.987850
0.306500	0.987800
0.307000	0.987740
0.307500	0.987670
0.308000	0.987610
0.308500	0.987550
0.309000	0.987480
0.309500	0.987420
0.310000	0.987350
0.310500	0.987290
0.311000	0.987230
0.311500	0.987170
0.312000	0.987110
0.312500	0.987050
0.313000	0.986990
0.313500	0.986930
0.314000	0.986880
0.314500	0.986820
0.315000	0.986770
0.315500	0.986730
0.316000	0.986690
0.316500	0.986650
0.317000	0.986620
0.317500	0.986590
0.318000	0.986570
0.318500	0.986560
0.319000	0.986550
0.319500	0.986550
0.320000	0.986550
0.320500	0.986550
0.321000	0.986560
0.321500	0.986570
0.322000	0.986580
0.322500	0.986590
0.323000	0.986600
0.323500	0.986610
0.324000	0.986620
0.324500	0.986630
0.325000	0.986640
0.325500	0.986640
0.326000	0.986640
0.326500	0.986650
0.327000	0.986650
0.327500	0.986650
0.328000	0.986650
0.328500	0.986640
0.329000	0.986640
0.329500	0.986630
0.330000	0.986620
0.330500	0.986620
0.331000	0.986620
0.331500	0.986620
0.332000	0.986620
0.332500	0.986630
0.333000	0.986640
0.333500	0.986660
0.334000	0.986690
0.334500	0.986720
0.335000	0.986750
0.335500	0.986790
0.336000	0.986830
0.336500	0.986860
0.337000	0.986910
0.337500	0.986950
0.338000	0.986990
0.338500	0.987020
0.339000	0.987060
0.339500	0.987090
0.340000	0.987120
0.340500	0.987150
0.341000	0.987180
0.341500	0.987200
0.342000	0.987230
0.342500	0.987260
0.343000	0.987290
0.343500	0.987320
0.344000	0.987360
0.344500	0.987390
0.345000	0.987420
0.345500	0.987450
0.346000	0.987480
0.346500	0.987520
0.347000	0.987540
0.347500	0.987570
0.348000	0.987590
0.348500	0.987610
0.349000	0.987630
0.349500	0.987650
0.350000	0.987670
0.350500	0.987690
0.351000	0.987700
0.351500	0.987710
0.352000	0.987730
0.352500	0.987730
0.353000	0.987740
0.353500	0.987740
0.354000	0.987740
0.354500	0.987750
0.355000	0.987750
0.355500	0.987760
0.356000	0.987760
0.356500	0.987770
0.357000	0.987780
0.357500	0.987800
0.358000	0.987820
0.358500	0.987840
0.359000	0.987870
0.359500	0.987890
0.360000	0.987910
0.360500	0.987940
0.361000	0.987960
0.361500	0.987980
0.362000	0.988010
0.362500	0.988030
0.363000	0.988050
0.363500	0.988070
0.364000	0.988090
0.364500	0.988110
0.365000	0.988120
0.365500	0.988130
0.366000	0.988140
0.366500	0.988150
0.367000	0.988150
0.367500	0.988160
0.368000	0.988160
0.368500	0.988160
0.369000	0.988170
0.369500	0.988170
0.370000	0.988180
0.370500	0.988180
0.371000	0.988180
0.371500	0.988190
0.372000	0.988190
0.372500	0.988190
0.373000	0.988200
0.373500	0.988210
0.374000	0.988230
0.374500	0.988250
0.375000	0.988260
0.375500	0.988270
0.376000	0.988290
0.376500	0.988300
0.377000	0.988310
0.377500	0.988310
0.378000	0.988310
0.378500	0.988310
0.379000	0.988310
0.379500	0.988300
0.380000	0.988300
0.380500	0.988290
0.381000	0.988290
0.381500	0.988290
0.382000	0.988290
0.382500	0.988290
0.383000	0.988290
0.383500	0.988300
0.384000	0.988310
0.384500	0.988320
0.385000	0.988340
0.385500	0.988360
0.386000	0.988380
0.386500	0.988400
0.387000	0.988420
0.387500	0.988450
0.388000	0.988480
0.388500	0.988510
0.389000	0.988530
0.389500	0.988560
0.390000	0.988590
0.390500	0.988620
0.391000	0.988650
0.391500	0.988670
0.392000	0.988700
0.392500	0.988730
0.393000	0.988760
0.393500	0.988780
0.394000	0.988800
0.394500	0.988810
0.395000	0.988820
0.395500	0.988820
0.396000	0.988820
0.396500	0.988830
0.397000	0.988830
0.397500	0.988830
0.398000	0.988830
0.398500	0.988840
0.399000	0.988830
0.399500	0.988830
0.400000	0.988830
0.400500	0.988830
0.401000	0.988820
0.401500	0.988820
0.402000	0.988820
0.402500	0.988820
0.403000	0.988810
0.403500	0.988810
0.404000	0.988800
0.404500	0.988790
0.405000	0.988780
0.405500	0.988770
0.406000	0.988750
0.406500	0.988740
0.407000	0.988720
0.407500	0.988710
0.408000	0.988690
0.408500	0.988670
0.409000	0.988660
0.409500	0.988640
0.410000	0.988610
0.410500	0.988590
0.411000	0.988570
0.411500	0.988550
0.412000	0.988530
0.412500	0.988510
0.413000	0.988490
0.413500	0.988470
0.414000	0.988450
0.414500	0.988430
0.415000	0.988410
0.415500	0.988390
0.416000	0.988370
0.416500	0.988360
0.417000	0.988350
0.417500	0.988340
0.418000	0.988330
0.418500	0.988330
0.419000	0.988320
0.419500	0.988320
0.420000	0.988330
0.420500	0.988340
0.421000	0.988340
0.421500	0.988340
0.422000	0.988330
0.422500	0.988310
0.423000	0.988300
0.423500	0.988280
0.424000	0.988260
0.424500	0.988230
0.425000	0.988210
0.425500	0.988190
0.426000	0.988180
0.426500	0.988160
0.427000	0.988140
0.427500	0.988120
0.428000	0.988100
0.428500	0.988090
0.429000	0.988070
0.429500	0.988060
0.430000	0.988050
0.430500	0.988030
0.431000	0.988020
0.431500	0.988010
0.432000	0.988000
0.432500	0.987990
0.433000	0.987980
0.433500	0.987980
0.434000	0.987990
0.434500	0.987990
0.435000	0.987990
0.435500	0.987990
0.436000	0.988000
0.436500	0.988000
0.437000	0.988000
0.437500	0.988000
0.438000	0.988010
0.438500	0.988010
0.439000	0.988010
0.439500	0.988020
0.440000	0.988030
0.440500	0.988040
0.441000	0.988050
0.441500	0.988050
0.442000	0.988060
0.442500	0.988070
0.443000	0.988070
0.443500	0.988070
0.444000	0.988070
0.444500	0.988070
0.445000	0.988060
0.445500	0.988040
0.446000	0.988020
0.446500	0.988000
0.447000	0.987980
0.447500	0.987960
0.448000	0.987940
0.448500	0.987920
0.449000	0.987900
0.449500	0.987880
0.450000	0.987860
0.450500	0.987850
0.451000	0.987840
0.451500	0.987840
0.452000	0.987840
0.452500	0.987840
0.453000	0.987830
0.453500	0.987830
0.454000	0.987830
0.454500	0.987830
0.455000	0.987830
0.455500	0.987830
0.456000	0.987830
0.456500	0.987820
0.457000	0.987810
0.457500	0.987810
0.458000	0.987800
0.458500	0.987800
0.459000	0.987800
0.459500	0.987800
0.460000	0.987810
0.460500	0.987810
0.461000	0.987820
0.461500	0.987830
0.462000	0.987850
0.462500	0.987860
0.463000	0.987870
0.463500	0.987890
0.464000	0.987910
0.464500	0.987920
0.465000	0.987940
0.465500	0.987960
0.466000	0.987970
0.466500	0.987990
0.467000	0.988000
0.467500	0.988020
0.468000	0.988030
0.468500	0.988030
0.469000	0.988030
0.469500	0.988030
0.470000	0.988030
0.470500	0.988020
0.471000	0.988020
0.471500	0.988010
0.472000	0.988000
0.472500	0.988000
0.473000	0.987990
0.473500	0.987980
0.474000	0.987970
0.474500	0.987970
0.475000	0.987960
0.475500	0.987960
0.476000	0.987960
0.476500	0.987970
0.477000	0.987970
0.477500	0.987970
0.478000	0.987970
0.478500	0.987970
0.479000	0.987970
0.479500	0.987960
0.480000	0.987950
0.480500	0.987940
0.481000	0.987930
0.481500	0.987910
0.482000	0.987900
0.482500	0.987880
0.483000	0.987860
0.483500	0.987830
0.484000	0.987800
0.484500	0.987770
0.485000	0.987740
0.485500	0.987700
0.486000	0.987670
0.486500	0.987640
0.487000	0.987610
0.487500	0.987590
0.488000	145.929993
0.488500	1628.599976
0.489000	4347.899902
0.489500	7849.600098
0.490000	11740.000000
0.490500	16262.000000
0.491000	21505.000000
0.491500	27445.000000
