0.000000	9029.700195
0.000500	9029.700195
0.001000	9029.700195
0.001500	9029.700195
0.002000	9029.700195
0.002500	9029.700195
0.003000	9029.700195
0.003500	9029.700195
0.004000	9029.700195
0.004500	9029.700195
0.005000	9029.700195
0.005500	9029.700195
0.006000	9029.700195
0.006500	9029.700195
0.007000	9029.700195
0.007500	9029.700195
0.008000	9029.700195
0.008500	9029.700195
0.009000	9029.700195
0.009500	9029.700195
0.010000	9029.700195
0.010500	9029.700195
0.011000	9029.700195
0.011500	9029.700195
0.012000	9029.700195
0.012500	9029.700195
0.013000	9029.700195
0.013500	9029.700195
0.014000	9029.700195
0.014500	9029.700195
0.015000	9029.700195
0.015500	9029.700195
0.016000	9029.700195
0.016500	9029.700195
0.017000	9029.700195
0.017500	9029.700195
0.018000	9029.700195
0.018500	9029.700195
0.019000	9029.700195
0.019500	9029.700195
0.020000	9029.700195
0.020500	9029.700195
0.021000	9029.700195
0.021500	9029.700195
0.022000	9029.700195
0.022500	9029.700195
0.023000	9029.700195
0.023500	9029.700195
0.024000	9029.700195
0.024500	9029.700195
0.025000	9029.700195
0.025500	9029.700195
0.026000	9029.700195
0.026500	9029.700195
0.027000	9029.700195
0.027500	9029.700195
0.028000	9029.700195
0.028500	9029.700195
0.029000	9029.700195
0.029500	9029.700195
0.030000	9029.700195
0.030500	9029.700195
0.031000	9029.700195
0.031500	9029.700195
0.032000	9029.700195
0.032500	9029.700195
0.033000	9029.700195
0.033500	9029.700195
0.034000	9029.700195
0.034500	9029.700195
0.035000	9029.700195
0.035500	9029.700195
0.036000	9029.700195
0.036500	9029.700195
0.037000	9029.700195
0.037500	9029.700195
0.038000	9029.700195
0.038500	9029.700195
0.039000	9029.700195
0.039500	9029.700195
0.040000	9029.700195
0.040500	9029.700195
0.041000	9029.700195
0.041500	9029.700195
0.042000	9029.954102
0.042500	9029.954102
0.043000	9029.954102
0.043500	9029.954102
0.044000	9029.954102
0.044500	9029.954102
0.045000	9029.954102
0.045500	9029.954102
0.046000	9029.954102
0.046500	9029.954102
0.047000	9029.954102
0.047500	9029.954102
0.048000	9029.954102
0.048500	9029.954102
0.049000	9029.954102
0.049500	9029.954102
0.050000	9029.954102
0.050500	9029.954102
0.051000	9029.954102
0.051500	9029.954102
0.052000	9029.954102
0.052500	9029.954102
0.053000	9029.954102
0.053500	9029.954102
0.054000	9029.954102
0.054500	9029.700195
0.055000	9029.700195
0.055500	9029.700195
0.056000	9029.700195
0.056500	9029.700195
0.057000	9029.445312
0.057500	9029.445312
0.058000	9029.445312
0.058500	9029.192383
0.059000	9028.938477
0.059500	9028.938477
0.060000	9028.683594
0.060500	9028.429688
0.061000	9028.176758
0.061500	9027.921875
0.062000	9027.667969
0.062500	9027.414062
0.063000	9026.906250
0.063500	9026.652344
0.064000	9026.397461
0.064500	9026.143555
0.065000	9025.635742
0.065500	9025.380859
0.066000	9025.127930
0.066500	9024.620117
0.067000	9024.366211
0.067500	9024.111328
0.068000	9023.604492
0.068500	9023.349609
0.069000	9022.842773
0.069500	9022.333984
0.070000	9021.826172
0.070500	9021.318359
0.071000	9020.810547
0.071500	9020.301758
0.072000	9019.540039
0.072500	9019.031250
0.073000	9018.269531
0.073500	9017.507812
0.074000	9016.745117
0.074500	9015.729492
0.075000	9014.713867
0.075500	9013.697266
0.076000	9012.681641
0.076500	9011.666016
0.077000	9010.396484
0.077500	9009.125977
0.078000	9007.601562
0.078500	9006.331055
0.079000	9004.807617
0.079500	9003.283203
0.080000	9001.759766
0.080500	8999.981445
0.081000	8998.204102
0.081500	8996.425781
0.082000	8994.648438
0.082500	8992.869141
0.083000	8991.091797
0.083500	8989.314453
0.084000	8987.535156
0.084500	8986.011719
0.085000	8984.487305
0.085500	8982.963867
0.086000	8981.693359
0.086500	8980.677734
0.087000	8979.662109
0.087500	8978.900391
0.088000	8978.137695
0.088500	8977.883789
0.089000	8977.630859
0.089500	8977.375977
0.090000	8977.630859
0.090500	8978.137695
0.091000	8978.645508
0.091500	8979.407227
0.092000	8980.677734
0.092500	8981.948242
0.093000	8983.471680
0.093500	8985.250000
0.094000	8987.028320
0.094500	8989.059570
0.095000	8991.091797
0.095500	8993.124023
0.096000	8995.156250
0.096500	8996.933594
0.097000	8998.711914
0.097500	9000.235352
0.098000	9001.759766
0.098500	9003.030273
0.099000	9004.045898
0.099500	9005.062500
0.100000	9005.824219
0.100500	9006.585938
0.101000	9007.093750
0.101500	9007.856445
0.102000	9008.618164
0.102500	9009.125977
0.103000	9009.887695
0.103500	9010.649414
0.104000	9011.412109
0.104500	9012.173828
0.105000	9012.681641
0.105500	9013.190430
0.106000	9013.697266
0.106500	9013.952148
0.107000	9013.952148
0.107500	9013.697266
0.108000	9013.190430
0.108500	9012.173828
0.109000	9011.158203
0.109500	9009.887695
0.110000	9008.363281
0.110500	9006.839844
0.111000	9004.807617
0.111500	9003.030273
0.112000	9000.997070
0.112500	8999.219727
0.113000	8997.187500
0.113500	8995.664062
0.114000	8993.885742
0.114500	8992.615234
0.115000	8991.599609
0.115500	8990.583008
0.116000	8990.076172
0.116500	8989.567383
0.117000	8989.567383
0.117500	8989.567383
0.118000	8989.821289
0.118500	8990.330078
0.119000	8991.091797
0.119500	8991.853516
0.120000	8992.615234
0.120500	8993.377930
0.121000	8994.139648
0.121500	8995.156250
0.122000	8996.171875
0.122500	8996.933594
0.123000	8997.949219
0.123500	8998.965820
0.124000	8999.981445
0.124500	9000.997070
0.125000	9002.014648
0.125500	9003.030273
0.126000	9004.045898
0.126500	9005.315430
0.127000	9006.331055
0.127500	9007.601562
0.128000	9008.618164
0.128500	9009.887695
0.129000	9011.158203
0.129500	9012.173828
0.130000	9013.444336
0.130500	9014.713867
0.131000	9015.983398
0.131500	9017.253906
0.132000	9018.524414
0.132500	9019.793945
0.133000	9021.318359
0.133500	9022.587891
0.134000	9023.858398
0.134500	9025.127930
0.135000	9026.397461
0.135500	9027.667969
0.136000	9028.938477
0.136500	9029.954102
0.137000	9031.224609
0.137500	9031.986328
0.138000	9033.001953
0.138500	9034.018555
0.139000	9034.780273
0.139500	9035.542969
0.140000	9036.304688
0.140500	9037.066406
0.141000	9037.828125
0.141500	9038.590820
0.142000	9039.097656
0.142500	9039.606445
0.143000	9040.368164
0.143500	9040.875977
0.144000	9041.129883
0.144500	9041.638672
0.145000	9041.891602
0.145500	9042.400391
0.146000	9042.654297
0.146500	9042.654297
0.147000	9042.908203
0.147500	9042.908203
0.148000	9042.908203
0.148500	9042.654297
0.149000	9042.654297
0.149500	9042.400391
0.150000	9042.145508
0.150500	9041.638672
0.151000	9041.383789
0.151500	9040.875977
0.152000	9040.368164
0.152500	9039.859375
0.153000	9039.097656
0.153500	9038.590820
0.154000	9037.828125
0.154500	9037.319336
0.155000	9036.811523
0.155500	9036.304688
0.156000	9035.794922
0.156500	9035.542969
0.157000	9035.288086
0.157500	9035.288086
0.158000	9035.542969
0.158500	9036.049805
0.159000	9036.811523
0.159500	9038.081055
0.160000	9039.352539
0.160500	9041.129883
0.161000	9043.161133
0.161500	9045.447266
0.162000	9047.988281
0.162500	9051.036133
0.163000	9054.083984
0.163500	9057.385742
0.164000	9060.941406
0.164500	9064.751953
0.165000	9068.816406
0.165500	9072.879883
0.166000	9077.452148
0.166500	9082.023438
0.167000	9086.850586
0.167500	9091.930664
0.168000	9097.009766
0.168500	9102.343750
0.169000	9107.678711
0.169500	9113.265625
0.170000	9118.854492
0.170500	9124.442383
0.171000	9130.030273
0.171500	9135.872070
0.172000	9141.713867
0.172500	9147.301758
0.173000	9153.143555
0.173500	9158.731445
0.174000	9164.320312
0.174500	9169.907227
0.175000	9175.496094
0.175500	9181.083984
0.176000	9186.670898
0.176500	9192.005859
0.177000	9197.339844
0.177500	9202.673828
0.178000	9208.007812
0.178500	9213.087891
0.179000	9218.421875
0.179500	9223.501953
0.180000	9228.581055
0.180500	9233.408203
0.181000	9238.488281
0.181500	9243.313477
0.182000	9248.392578
0.182500	9253.219727
0.183000	9258.044922
0.183500	9262.872070
0.184000	9267.697266
0.184500	9272.523438
0.185000	9277.095703
0.185500	9281.921875
0.186000	9286.493164
0.186500	9291.066406
0.187000	9295.891602
0.187500	9300.209961
0.188000	9304.782227
0.188500	9309.353516
0.189000	9313.671875
0.189500	9318.244141
0.190000	9322.562500
0.190500	9326.880859
0.191000	9330.943359
0.191500	9335.262695
0.192000	9339.580078
0.192500	9343.643555
0.193000	9347.708008
0.193500	9351.771484
0.194000	9355.835938
0.194500	9359.899414
0.195000	9363.963867
0.195500	9368.027344
0.196000	9372.091797
0.196500	9375.902344
0.197000	9379.965820
0.197500	9384.030273
0.198000	9388.093750
0.198500	9392.157227
0.199000	9396.221680
0.199500	9400.286133
0.200000	9404.603516
0.200500	9408.668945
0.201000	9412.985352
0.201500	9417.303711
0.202000	9421.621094
0.202500	9425.940430
0.203000	9430.511719
0.203500	9435.083008
0.204000	9439.656250
0.204500	9444.228516
0.205000	9449.053711
0.205500	9453.879883
0.206000	9458.706055
0.206500	9463.531250
0.207000	9468.611328
0.207500	9473.692383
0.208000	9479.025391
0.208500	9484.359375
0.209000	9489.693359
0.209500	9495.028320
0.210000	9500.616211
0.210500	9506.205078
0.211000	9512.045898
0.211500	9517.633789
0.212000	9523.475586
0.212500	9529.317383
0.213000	9535.414062
0.213500	9541.255859
0.214000	9547.351562
0.214500	9553.447266
0.215000	9559.543945
0.215500	9565.893555
0.216000	9571.990234
0.216500	9578.339844
0.217000	9584.690430
0.217500	9591.040039
0.218000	9597.390625
0.218500	9603.739258
0.219000	9610.343750
0.219500	9616.693359
0.220000	9623.042969
0.220500	9629.648438
0.221000	9635.998047
0.221500	9642.347656
0.222000	9648.952148
0.222500	9655.301758
0.223000	9661.651367
0.223500	9668.001953
0.224000	9674.606445
0.224500	9680.956055
0.225000	9687.306641
0.225500	9693.402344
0.226000	9699.751953
0.226500	9706.102539
0.227000	9712.197266
0.227500	9718.547852
0.228000	9724.643555
0.228500	9730.739258
0.229000	9736.835938
0.229500	9742.931641
0.230000	9749.028320
0.230500	9754.869141
0.231000	9760.965820
0.231500	9766.807617
0.232000	9772.904297
0.232500	9778.746094
0.233000	9784.842773
0.233500	9790.683594
0.234000	9796.526367
0.234500	9802.368164
0.235000	9808.208984
0.235500	9814.051758
0.236000	9819.893555
0.236500	9825.736328
0.237000	9831.578125
0.237500	9837.419922
0.238000	9843.261719
0.238500	9848.850586
0.239000	9854.692383
0.239500	9860.280273
0.240000	9866.121094
0.240500	9871.709961
0.241000	9877.551758
0.241500	9883.139648
0.242000	9888.728516
0.242500	9894.315430
0.243000	9900.158203
0.243500	9905.745117
0.244000	9911.333984
0.244500	9916.667969
0.245000	9922.256836
0.245500	9927.590820
0.246000	9933.177734
0.246500	9938.511719
0.247000	9943.845703
0.247500	9949.180664
0.248000	9954.259766
0.248500	9959.593750
0.249000	9964.673828
0.249500	9969.753906
0.250000	9974.833008
0.250500	9979.660156
0.251000	9984.485352
0.251500	9989.312500
0.252000	9994.137695
0.252500	9998.963867
0.253000	10003.536133
0.253500	10008.107422
0.254000	10012.426758
0.254500	10016.997070
0.255000	10021.316406
0.255500	10025.633789
0.256000	10029.697266
0.256500	10033.761719
0.257000	10037.825195
0.257500	10041.890625
0.258000	10045.700195
0.258500	10049.509766
0.259000	10053.320312
0.259500	10057.129883
0.260000	10060.686523
0.260500	10064.496094
0.261000	10068.052734
0.261500	10071.607422
0.262000	10075.164062
0.262500	10078.466797
0.263000	10082.021484
0.263500	10085.324219
0.264000	10088.625977
0.264500	10091.928711
0.265000	10095.230469
0.265500	10098.531250
0.266000	10101.833008
0.266500	10104.880859
0.267000	10108.183594
0.267500	10111.485352
0.268000	10114.533203
0.268500	10117.581055
0.269000	10120.629883
0.269500	10123.931641
0.270000	10126.979492
0.270500	10130.027344
0.271000	10132.822266
0.271500	10135.870117
0.272000	10138.917969
0.272500	10141.965820
0.273000	10144.759766
0.273500	10147.807617
0.274000	10150.856445
0.274500	10153.650391
0.275000	10156.698242
0.275500	10159.492188
0.276000	10162.540039
0.276500	10165.333984
0.277000	10168.127930
0.277500	10170.920898
0.278000	10173.716797
0.278500	10176.509766
0.279000	10179.303711
0.279500	10182.097656
0.280000	10184.891602
0.280500	10187.431641
0.281000	10190.225586
0.281500	10192.766602
0.282000	10195.559570
0.282500	10198.099609
0.283000	10200.639648
0.283500	10203.180664
0.284000	10205.719727
0.284500	10208.259766
0.285000	10210.799805
0.285500	10213.339844
0.286000	10215.625977
0.286500	10218.166016
0.287000	10220.452148
0.287500	10222.738281
0.288000	10225.024414
0.288500	10227.310547
0.289000	10229.594727
0.289500	10231.880859
0.290000	10233.914062
0.290500	10236.200195
0.291000	10238.231445
0.291500	10240.263672
0.292000	10242.294922
0.292500	10244.581055
0.293000	10246.613281
0.293500	10248.645508
0.294000	10250.677734
0.294500	10252.963867
0.295000	10254.995117
0.295500	10257.281250
0.296000	10259.313477
0.296500	10261.345703
0.297000	10263.631836
0.297500	10265.664062
0.298000	10267.950195
0.298500	10269.981445
