0.000000	-0.000428
0.000500	-0.001259
0.001000	-0.002152
0.001500	-0.003110
0.002000	-0.004037
0.002500	-0.005026
0.003000	-0.006073
0.003500	-0.007132
0.004000	-0.008177
0.004500	-0.009270
0.005000	-0.010501
0.005500	-0.011802
0.006000	-0.013006
0.006500	-0.014242
0.007000	-0.015542
0.007500	-0.016805
0.008000	-0.018115
0.008500	-0.019457
0.009000	-0.020846
0.009500	-0.022182
0.010000	-0.023476
0.010500	-0.024827
0.011000	-0.026157
0.011500	-0.027418
0.012000	-0.028757
0.012500	-0.030164
0.013000	-0.031546
0.013500	-0.032958
0.014000	-0.034405
0.014500	-0.035906
0.015000	-0.037422
0.015500	-0.038940
0.016000	-0.040419
0.016500	-0.041874
0.017000	-0.043380
0.017500	-0.044875
0.018000	-0.046399
0.018500	-0.047942
0.019000	-0.049445
0.019500	-0.050950
0.020000	-0.052521
0.020500	-0.054098
0.021000	-0.055616
0.021500	-0.057124
0.022000	-0.058664
0.022500	-0.060193
0.023000	-0.061701
0.023500	-0.063252
0.024000	-0.064834
0.024500	-0.066426
0.025000	-0.067996
0.025500	-0.069619
0.026000	-0.071262
0.026500	-0.072869
0.027000	-0.074506
0.027500	-0.076156
0.028000	-0.077776
0.028500	-0.079391
0.029000	-0.081090
0.029500	-0.082835
0.030000	-0.084495
0.030500	-0.086156
0.031000	-0.087992
0.031500	-0.089830
0.032000	-0.091676
0.032500	-0.093596
0.033000	-0.095500
0.033500	-0.097463
0.034000	-0.099483
0.034500	-0.101583
0.035000	-0.103719
0.035500	-0.105858
0.036000	-0.108084
0.036500	-0.110420
0.037000	-0.112749
0.037500	-0.115094
0.038000	-0.117526
0.038500	-0.120052
0.039000	-0.122618
0.039500	-0.125110
0.040000	-0.127648
0.040500	-0.130199
0.041000	-0.132792
0.041500	-0.135471
0.042000	-0.138154
0.042500	-0.140885
0.043000	-0.143594
0.043500	-0.146280
0.044000	-0.149012
0.044500	-0.151780
0.045000	-0.154505
0.045500	-0.157198
0.046000	-0.159916
0.046500	-0.162640
0.047000	-0.165360
0.047500	-0.168096
0.048000	-0.170848
0.048500	-0.173568
0.049000	-0.176255
0.049500	-0.178927
0.050000	-0.181614
0.050500	-0.184254
0.051000	-0.186941
0.051500	-0.189693
0.052000	-0.192397
0.052500	-0.195101
0.053000	-0.197933
0.053500	-0.200830
0.054000	-0.203743
0.054500	-0.206785
0.055000	-0.209987
0.055500	-0.213399
0.056000	-0.216988
0.056500	-0.220882
0.057000	-0.225260
0.057500	-0.230040
0.058000	-0.235286
0.058500	-0.241048
0.059000	-0.247469
0.059500	-0.254663
0.060000	-0.262677
0.060500	-0.271625
0.061000	-0.281329
0.061500	-0.291661
0.062000	-0.302492
0.062500	-0.313693
0.063000	-0.325265
0.063500	-0.337351
0.064000	-0.350145
0.064500	-0.363776
0.065000	-0.378019
0.065500	-0.392809
0.066000	-0.408210
0.066500	-0.424207
0.067000	-0.440944
0.067500	-0.458566
0.068000	-0.477267
0.068500	-0.497191
0.069000	-0.518402
0.069500	-0.541013
0.070000	-0.565266
0.070500	-0.591112
0.071000	-0.618471
0.071500	-0.647423
0.072000	-0.678065
0.072500	-0.710397
0.073000	-0.744547
0.073500	-0.780612
0.074000	-0.818657
0.074500	-0.858698
0.075000	-0.900766
0.075500	-0.944781
0.076000	-0.990760
0.076500	-1.038735
0.077000	-1.088673
0.077500	-1.140478
0.078000	-1.194133
0.078500	-1.249640
0.079000	-1.307013
0.079500	-1.366188
0.080000	-1.427054
0.080500	-1.489593
0.081000	-1.554047
0.081500	-1.620448
0.082000	-1.689328
0.082500	-1.760944
0.083000	-1.836101
0.083500	-1.915441
0.084000	-1.999610
0.084500	-2.089250
0.085000	-2.185489
0.085500	-2.288970
0.086000	-2.401463
0.086500	-2.525061
0.087000	-2.661694
0.087500	-2.814260
0.088000	-2.985494
0.088500	-3.178615
0.089000	-3.395394
0.089500	-3.635669
0.090000	-3.897188
0.090500	-4.179788
0.091000	-4.484437
0.091500	-4.810973
0.092000	-5.156338
0.092500	-5.517314
0.093000	-5.893257
0.093500	-6.284971
0.094000	-6.691009
0.094500	-7.108956
0.095000	-7.542191
0.095500	-7.995704
0.096000	-8.469495
0.096500	-8.959540
0.097000	-9.459885
0.097500	-9.966185
0.098000	-10.475703
0.098500	-10.986670
0.099000	-11.497476
0.099500	-12.006994
0.100000	-12.513777
0.100500	-13.017501
0.101000	-13.517042
0.101500	-14.011110
0.102000	-14.498258
0.102500	-14.976716
0.103000	-15.445356
0.103500	-15.902894
0.104000	-16.347717
0.104500	-16.780630
0.105000	-17.199060
0.105500	-17.604614
0.106000	-17.998903
0.106500	-18.378708
0.107000	-18.748857
0.107500	-19.107742
0.108000	-19.458578
0.108500	-19.798149
0.109000	-20.132895
0.109500	-20.459591
0.110000	-20.783068
0.110500	-21.101719
0.111000	-21.418760
0.111500	-21.730972
0.112000	-22.041576
0.112500	-22.348961
0.113000	-22.654736
0.113500	-22.958900
0.114000	-23.259850
0.114500	-23.557577
0.115000	-23.852087
0.115500	-24.143379
0.116000	-24.431452
0.116500	-24.716305
0.117000	-24.999550
0.117500	-25.281185
0.118000	-25.566038
0.118500	-25.852501
0.119000	-26.145403
0.119500	-26.444740
0.120000	-26.750515
0.120500	-27.064337
0.121000	-27.386208
0.121500	-27.711294
0.122000	-28.039600
0.122500	-28.369516
0.123000	-28.699432
0.123500	-29.029346
0.124000	-29.356043
0.124500	-29.685959
0.125000	-30.017485
0.125500	-30.353838
0.126000	-30.698238
0.126500	-31.049072
0.127000	-31.407959
0.127500	-31.770060
0.128000	-32.135384
0.128500	-32.500702
0.129000	-32.867634
0.129500	-33.232952
0.130000	-33.599884
0.130500	-33.965206
0.131000	-34.332134
0.131500	-34.702286
0.132000	-35.075653
0.132500	-35.450630
0.133000	-35.825607
0.133500	-36.203804
0.134000	-36.583607
0.134500	-36.965023
0.135000	-37.344826
0.135500	-37.723022
0.136000	-38.096394
0.136500	-38.464928
0.137000	-38.827034
0.137500	-39.184307
0.138000	-39.544804
0.138500	-39.906906
0.139000	-40.273834
0.139500	-40.647202
0.140000	-41.023788
0.140500	-41.400375
0.141000	-41.773743
0.141500	-42.143890
0.142000	-42.514042
0.142500	-42.885799
0.143000	-43.257557
0.143500	-43.635754
0.144000	-44.018776
0.144500	-44.400192
0.145000	-44.779999
0.145500	-45.153362
0.146000	-45.523514
0.146500	-45.892056
0.147000	-46.258984
0.147500	-46.629135
0.148000	-47.002499
0.148500	-47.379089
0.149000	-47.758892
0.149500	-48.140308
0.150000	-48.523331
0.150500	-48.906353
0.151000	-49.287769
0.151500	-49.667572
0.152000	-50.044163
0.152500	-50.414310
0.153000	-50.778023
0.153500	-51.136906
0.154000	-51.489353
0.154500	-51.833752
0.155000	-52.171711
0.155500	-52.503239
0.156000	-52.826717
0.156500	-53.146973
0.157000	-53.460800
0.157500	-53.764965
0.158000	-54.057865
0.158500	-54.337891
0.159000	-54.603436
0.159500	-54.856098
0.160000	-55.094284
0.160500	-55.319592
0.161000	-55.533634
0.161500	-55.738018
0.162000	-55.937576
0.162500	-56.132313
0.163000	-56.322216
0.163500	-56.505676
0.164000	-56.679489
0.164500	-56.842030
0.165000	-56.991695
0.165500	-57.128494
0.166000	-57.252415
0.166500	-57.363461
0.167000	-57.466457
0.167500	-57.561405
0.168000	-57.651535
0.168500	-57.738434
0.169000	-57.822121
0.169500	-57.904198
0.170000	-57.983055
0.170500	-58.057087
0.171000	-58.127895
0.171500	-58.192272
0.172000	-58.255039
0.172500	-58.314583
0.173000	-58.372517
0.173500	-58.428844
0.174000	-58.485168
0.174500	-58.539886
0.175000	-58.594608
0.175500	-58.646107
0.176000	-58.697605
0.176500	-58.747498
0.177000	-58.795776
0.177500	-58.844051
0.178000	-58.893948
0.178500	-58.943832
0.179000	-58.995335
0.179500	-59.048443
0.180000	-59.103157
0.180500	-59.161098
0.181000	-59.222248
0.181500	-59.286625
0.182000	-59.352608
0.182500	-59.421810
0.183000	-59.494228
0.183500	-59.566650
0.184000	-59.642292
0.184500	-59.716316
0.185000	-59.791958
0.185500	-59.865990
0.186000	-59.941624
0.186500	-60.017265
0.187000	-60.094513
0.187500	-60.173370
0.188000	-60.255451
0.188500	-60.339134
0.189000	-60.426041
0.189500	-60.514557
0.190000	-60.606285
0.190500	-60.696411
0.191000	-60.788139
0.191500	-60.878265
0.192000	-60.966778
0.192500	-61.056900
0.193000	-61.143806
0.193500	-61.230713
0.194000	-61.319225
0.194500	-61.406128
0.195000	-61.493034
0.195500	-61.579941
0.196000	-61.668453
0.196500	-61.755360
0.197000	-61.842258
0.197500	-61.929165
0.198000	-62.014462
0.198500	-62.099758
0.199000	-62.185051
0.199500	-62.270348
0.200000	-62.355640
0.200500	-62.442547
0.201000	-62.527843
0.201500	-62.613136
0.202000	-62.698433
0.202500	-62.782120
0.203000	-62.864197
0.203500	-62.944660
0.204000	-63.023518
0.204500	-63.099159
0.205000	-63.173191
0.205500	-63.245609
0.206000	-63.316418
0.206500	-63.384010
0.207000	-63.451603
0.207500	-63.515980
0.208000	-63.578747
0.208500	-63.639896
0.209000	-63.699448
0.209500	-63.757381
0.210000	-63.815319
0.210500	-63.871643
0.211000	-63.927971
0.211500	-63.982689
0.212000	-64.037407
0.212500	-64.090515
0.213000	-64.143623
0.213500	-64.193512
0.214000	-64.243401
0.214500	-64.290077
0.215000	-64.335136
0.215500	-64.378586
0.216000	-64.418823
0.216500	-64.457443
0.217000	-64.494461
0.217500	-64.528259
0.218000	-64.560448
0.218500	-64.591019
0.219000	-64.619987
0.219500	-64.647346
0.220000	-64.673103
0.220500	-64.697235
0.221000	-64.721375
0.221500	-64.743912
0.222000	-64.764832
0.222500	-64.785751
0.223000	-64.806679
0.223500	-64.825981
0.224000	-64.845299
0.224500	-64.862999
0.225000	-64.879089
0.225500	-64.893578
0.226000	-64.906456
0.226500	-64.919327
0.227000	-64.928986
0.227500	-64.938644
0.228000	-64.946686
0.228500	-64.953125
0.229000	-64.957947
0.229500	-64.962784
0.230000	-64.965996
0.230500	-64.969215
0.231000	-64.969215
0.231500	-64.970825
0.232000	-64.970825
0.232500	-64.970825
0.233000	-64.969215
0.233500	-64.967606
0.234000	-64.965996
0.234500	-64.964394
0.235000	-64.959557
0.235500	-64.956345
0.236000	-64.951515
0.236500	-64.945076
0.237000	-64.938644
0.237500	-64.932205
0.238000	-64.924156
0.238500	-64.917717
0.239000	-64.911278
0.239500	-64.903229
0.240000	-64.898407
0.240500	-64.891968
0.241000	-64.887138
0.241500	-64.882317
0.242000	-64.877487
0.242500	-64.874268
0.243000	-64.871048
0.243500	-64.867828
0.244000	-64.866219
0.244500	-64.864609
0.245000	-64.862999
0.245500	-64.861397
0.246000	-64.859779
0.246500	-64.858170
0.247000	-64.858170
0.247500	-64.856560
0.248000	-64.856560
0.248500	-64.856560
0.249000	-64.856560
0.249500	-64.858170
0.250000	-64.859779
0.250500	-64.861397
0.251000	-64.862999
0.251500	-64.866219
0.252000	-64.869438
0.252500	-64.872658
0.253000	-64.875877
0.253500	-64.880699
0.254000	-64.883926
0.254500	-64.888748
0.255000	-64.891968
0.255500	-64.896797
0.256000	-64.900017
0.256500	-64.904846
0.257000	-64.908066
0.257500	-64.911278
0.258000	-64.914497
0.258500	-64.917717
0.259000	-64.919327
0.259500	-64.920937
0.260000	-64.922546
0.260500	-64.920937
0.261000	-64.920937
0.261500	-64.917717
0.262000	-64.914497
0.262500	-64.908066
0.263000	-64.901627
0.263500	-64.893578
0.264000	-64.883926
0.264500	-64.874268
0.265000	-64.862999
0.265500	-64.850128
0.266000	-64.835640
0.266500	-64.821159
0.267000	-64.806679
0.267500	-64.790581
0.268000	-64.772881
0.268500	-64.756783
0.269000	-64.739082
0.269500	-64.719772
0.270000	-64.700455
0.270500	-64.681145
0.271000	-64.660225
0.271500	-64.639305
0.272000	-64.616776
0.272500	-64.594238
0.273000	-64.570107
0.273500	-64.544350
0.274000	-64.518600
0.274500	-64.492851
0.275000	-64.465492
0.275500	-64.436523
0.276000	-64.407555
0.276500	-64.376976
0.277000	-64.346405
0.277500	-64.315826
0.278000	-64.283638
0.278500	-64.251450
0.279000	-64.219261
0.279500	-64.187073
0.280000	-64.154884
0.280500	-64.121094
0.281000	-64.087296
0.281500	-64.055107
0.282000	-64.021309
0.282500	-63.987514
0.283000	-63.955334
0.283500	-63.921539
0.284000	-63.889351
0.284500	-63.855553
0.285000	-63.823364
0.285500	-63.791180
0.286000	-63.758991
0.286500	-63.726803
0.287000	-63.694614
0.287500	-63.662430
0.288000	-63.631855
0.288500	-63.599667
0.289000	-63.567478
0.289500	-63.535294
0.290000	-63.501495
0.290500	-63.467701
0.291000	-63.433903
0.291500	-63.398499
0.292000	-63.363094
0.292500	-63.326077
0.293000	-63.289062
0.293500	-63.252048
0.294000	-63.215031
0.294500	-63.178017
0.295000	-63.139397
0.295500	-63.100769
0.296000	-63.062145
0.296500	-63.023518
0.297000	-62.983288
0.297500	-62.944660
0.298000	-62.906040
0.298500	-62.867413
