0.000000	0.075968
0.000500	0.075968
0.001000	0.075967
0.001500	0.075966
0.002000	0.075964
0.002500	0.075963
0.003000	0.075962
0.003500	0.075961
0.004000	0.075960
0.004500	0.075958
0.005000	0.075956
0.005500	0.075954
0.006000	0.075952
0.006500	0.075950
0.007000	0.075948
0.007500	0.075946
0.008000	0.075943
0.008500	0.075941
0.009000	0.075939
0.009500	0.075937
0.010000	0.075936
0.010500	0.075935
0.011000	0.075934
0.011500	0.075934
0.012000	0.075935
0.012500	0.075936
0.013000	0.075937
0.013500	0.075939
0.014000	0.075942
0.014500	0.075944
0.015000	0.075947
0.015500	0.075950
0.016000	0.075953
0.016500	0.075956
0.017000	0.075960
0.017500	0.075963
0.018000	0.075966
0.018500	0.075969
0.019000	0.075972
0.019500	0.075976
0.020000	0.075979
0.020500	0.075982
0.021000	0.075985
0.021500	0.075988
0.022000	0.075991
0.022500	0.075994
0.023000	0.075997
0.023500	0.075999
0.024000	0.076001
0.024500	0.076003
0.025000	0.076006
0.025500	0.076008
0.026000	0.076011
0.026500	0.076013
0.027000	0.076016
0.027500	0.076019
0.028000	0.076022
0.028500	0.076025
0.029000	0.076028
0.029500	0.076031
0.030000	0.076034
0.030500	0.076037
0.031000	0.076040
0.031500	0.076043
0.032000	0.076047
0.032500	0.076050
0.033000	0.076053
0.033500	0.076055
0.034000	0.076057
0.034500	0.076060
0.035000	0.076063
0.035500	0.076065
0.036000	0.076069
0.036500	0.076072
0.037000	0.076076
0.037500	0.076079
0.038000	0.076084
0.038500	0.076088
0.039000	0.076093
0.039500	0.076098
0.040000	0.076105
0.040500	0.076112
0.041000	0.076119
0.041500	0.076128
0.042000	0.076136
0.042500	0.076146
0.043000	0.076156
0.043500	0.076167
0.044000	0.076179
0.044500	0.076191
0.045000	0.076205
0.045500	0.076221
0.046000	0.076239
0.046500	0.076259
0.047000	0.076282
0.047500	0.076309
0.048000	0.076338
0.048500	0.076371
0.049000	0.076409
0.049500	0.076450
0.050000	0.076497
0.050500	0.076549
0.051000	0.076606
0.051500	0.076669
0.052000	0.076736
0.052500	0.076807
0.053000	0.076882
0.053500	0.076959
0.054000	0.077037
0.054500	0.077115
0.055000	0.077192
0.055500	0.077265
0.056000	0.077332
0.056500	0.077391
0.057000	0.077438
0.057500	0.077472
0.058000	0.077489
0.058500	0.077489
0.059000	0.077469
0.059500	0.077429
0.060000	0.077369
0.060500	0.077291
0.061000	0.077198
0.061500	0.077092
0.062000	0.076977
0.062500	0.076858
0.063000	0.076738
0.063500	0.076621
0.064000	0.076508
0.064500	0.076402
0.065000	0.076300
0.065500	0.076204
0.066000	0.076109
0.066500	0.076013
0.067000	0.075912
0.067500	0.075804
0.068000	0.075684
0.068500	0.075550
0.069000	0.075397
0.069500	0.075223
0.070000	0.075025
0.070500	0.074801
0.071000	0.074551
0.071500	0.074273
0.072000	0.073969
0.072500	0.073639
0.073000	0.073286
0.073500	0.072911
0.074000	0.072516
0.074500	0.072105
0.075000	0.071678
0.075500	0.071236
0.076000	0.070780
0.076500	0.070309
0.077000	0.069822
0.077500	0.069316
0.078000	0.068787
0.078500	0.068233
0.079000	0.067647
0.079500	0.067027
0.080000	0.066366
0.080500	0.065661
0.081000	0.064906
0.081500	0.064100
0.082000	0.063238
0.082500	0.062321
0.083000	0.061348
0.083500	0.060322
0.084000	0.059246
0.084500	0.058126
0.085000	0.056970
0.085500	0.055786
0.086000	0.054584
0.086500	0.053375
0.087000	0.052165
0.087500	0.050963
0.088000	0.049772
0.088500	0.048594
0.089000	0.047427
0.089500	0.046269
0.090000	0.045117
0.090500	0.043964
0.091000	0.042808
0.091500	0.041646
0.092000	0.040478
0.092500	0.039307
0.093000	0.038140
0.093500	0.036986
0.094000	0.035858
0.094500	0.034772
0.095000	0.033745
0.095500	0.032797
0.096000	0.031950
0.096500	0.031223
0.097000	0.030637
0.097500	0.030212
0.098000	0.029963
0.098500	0.029905
0.099000	0.030048
0.099500	0.030395
0.100000	0.030946
0.100500	0.031694
0.101000	0.032629
0.101500	0.033733
0.102000	0.034986
0.102500	0.036365
0.103000	0.037844
0.103500	0.039396
0.104000	0.040994
0.104500	0.042611
0.105000	0.044221
0.105500	0.045799
0.106000	0.047323
0.106500	0.048775
0.107000	0.050135
0.107500	0.051389
0.108000	0.052523
0.108500	0.053528
0.109000	0.054393
0.109500	0.055116
0.110000	0.055693
0.110500	0.056125
0.111000	0.056414
0.111500	0.056567
0.112000	0.056589
0.112500	0.056489
0.113000	0.056275
0.113500	0.055958
0.114000	0.055551
0.114500	0.055066
0.115000	0.054517
0.115500	0.053918
0.116000	0.053283
0.116500	0.052628
0.117000	0.051967
0.117500	0.051315
0.118000	0.050688
0.118500	0.050099
0.119000	0.049563
0.119500	0.049090
0.120000	0.048689
0.120500	0.048362
0.121000	0.048107
0.121500	0.047917
0.122000	0.047780
0.122500	0.047686
0.123000	0.047622
0.123500	0.047578
0.124000	0.047545
0.124500	0.047513
0.125000	0.047476
0.125500	0.047426
0.126000	0.047358
0.126500	0.047268
0.127000	0.047153
0.127500	0.047011
0.128000	0.046843
0.128500	0.046649
0.129000	0.046433
0.129500	0.046198
0.130000	0.045948
0.130500	0.045690
0.131000	0.045430
0.131500	0.045175
0.132000	0.044932
0.132500	0.044708
0.133000	0.044511
0.133500	0.044349
0.134000	0.044226
0.134500	0.044148
0.135000	0.044117
0.135500	0.044133
0.136000	0.044195
0.136500	0.044298
0.137000	0.044435
0.137500	0.044598
0.138000	0.044773
0.138500	0.044950
0.139000	0.045112
0.139500	0.045248
0.140000	0.045346
0.140500	0.045393
0.141000	0.045382
0.141500	0.045309
0.142000	0.045170
0.142500	0.044965
0.143000	0.044700
0.143500	0.044377
0.144000	0.044007
0.144500	0.043597
0.145000	0.043157
0.145500	0.042698
0.146000	0.042230
0.146500	0.041760
0.147000	0.041298
0.147500	0.040852
0.148000	0.040427
0.148500	0.040027
0.149000	0.039657
0.149500	0.039318
0.150000	0.039011
0.150500	0.038737
0.151000	0.038496
0.151500	0.038283
0.152000	0.038095
0.152500	0.037925
0.153000	0.037765
0.153500	0.037605
0.154000	0.037434
0.154500	0.037243
0.155000	0.037021
0.155500	0.036760
0.156000	0.036450
0.156500	0.036078
0.157000	0.035632
0.157500	0.035099
0.158000	0.034467
0.158500	0.033724
0.159000	0.032865
0.159500	0.031886
0.160000	0.030785
0.160500	0.029570
0.161000	0.028247
0.161500	0.026830
0.162000	0.025336
0.162500	0.023781
0.163000	0.022184
0.163500	0.020562
0.164000	0.018932
0.164500	0.017310
0.165000	0.015711
0.165500	0.014151
0.166000	0.012647
0.166500	0.011217
0.167000	0.009876
0.167500	0.008642
0.168000	0.007529
0.168500	0.006548
0.169000	0.005709
0.169500	0.005017
0.170000	0.004475
0.170500	0.004083
0.171000	0.003837
0.171500	0.003731
0.172000	0.003759
0.172500	0.003911
0.173000	0.004181
0.173500	0.004560
0.174000	0.005042
0.174500	0.005621
0.175000	0.006290
0.175500	0.007045
0.176000	0.007878
0.176500	0.008784
0.177000	0.009757
0.177500	0.010789
0.178000	0.011872
0.178500	0.012998
0.179000	0.014159
0.179500	0.015343
0.180000	0.016540
0.180500	0.017737
0.181000	0.018925
0.181500	0.020092
0.182000	0.021232
0.182500	0.022337
0.183000	0.023401
0.183500	0.024423
0.184000	0.025399
0.184500	0.026326
0.185000	0.027200
0.185500	0.028018
0.186000	0.028774
0.186500	0.029464
0.187000	0.030082
0.187500	0.030623
0.188000	0.031080
0.188500	0.031448
0.189000	0.031721
0.189500	0.031893
0.190000	0.031959
0.190500	0.031916
0.191000	0.031761
0.191500	0.031492
0.192000	0.031109
0.192500	0.030614
0.193000	0.030010
0.193500	0.029301
0.194000	0.028492
0.194500	0.027590
0.195000	0.026602
0.195500	0.025536
0.196000	0.024398
0.196500	0.023198
0.197000	0.021942
0.197500	0.020640
0.198000	0.019299
0.198500	0.017930
0.199000	0.016540
0.199500	0.015137
0.200000	0.013730
0.200500	0.012324
0.201000	0.010927
0.201500	0.009545
0.202000	0.008182
0.202500	0.006843
0.203000	0.005533
0.203500	0.004252
0.204000	0.003005
0.204500	0.001791
0.205000	0.000611
0.205500	-0.000534
0.206000	-0.001645
0.206500	-0.002723
0.207000	-0.003768
0.207500	-0.004784
0.208000	-0.005772
0.208500	-0.006734
0.209000	-0.007674
0.209500	-0.008595
0.210000	-0.009502
0.210500	-0.010398
0.211000	-0.011289
0.211500	-0.012177
0.212000	-0.013068
0.212500	-0.013965
0.213000	-0.014870
0.213500	-0.015787
0.214000	-0.016716
0.214500	-0.017659
0.215000	-0.018616
0.215500	-0.019589
0.216000	-0.020577
0.216500	-0.021580
0.217000	-0.022596
0.217500	-0.023623
0.218000	-0.024658
0.218500	-0.025699
0.219000	-0.026743
0.219500	-0.027788
0.220000	-0.028831
0.220500	-0.029869
0.221000	-0.030901
0.221500	-0.031924
0.222000	-0.032935
0.222500	-0.033931
0.223000	-0.034910
0.223500	-0.035870
0.224000	-0.036807
0.224500	-0.037719
0.225000	-0.038604
0.225500	-0.039460
0.226000	-0.040285
0.226500	-0.041077
0.227000	-0.041836
0.227500	-0.042560
0.228000	-0.043248
0.228500	-0.043898
0.229000	-0.044509
0.229500	-0.045080
0.230000	-0.045609
0.230500	-0.046094
0.231000	-0.046532
0.231500	-0.046921
0.232000	-0.047261
0.232500	-0.047549
0.233000	-0.047784
0.233500	-0.047967
0.234000	-0.048098
0.234500	-0.048177
0.235000	-0.048206
0.235500	-0.048188
0.236000	-0.048125
0.236500	-0.048020
0.237000	-0.047878
0.237500	-0.047701
0.238000	-0.047493
0.238500	-0.047258
0.239000	-0.046999
0.239500	-0.046721
0.240000	-0.046428
0.240500	-0.046123
0.241000	-0.045808
0.241500	-0.045488
0.242000	-0.045165
0.242500	-0.044841
0.243000	-0.044518
0.243500	-0.044199
0.244000	-0.043883
0.244500	-0.043574
0.245000	-0.043270
0.245500	-0.042975
0.246000	-0.042687
0.246500	-0.042408
0.247000	-0.042137
0.247500	-0.041875
0.248000	-0.041621
0.248500	-0.041376
0.249000	-0.041141
0.249500	-0.040917
0.250000	-0.040705
0.250500	-0.040508
0.251000	-0.040329
0.251500	-0.040170
0.252000	-0.040035
0.252500	-0.039927
0.253000	-0.039851
0.253500	-0.039808
0.254000	-0.039802
0.254500	-0.039834
0.255000	-0.039906
0.255500	-0.040019
0.256000	-0.040172
0.256500	-0.040365
0.257000	-0.040596
0.257500	-0.040864
0.258000	-0.041163
0.258500	-0.041493
0.259000	-0.041847
0.259500	-0.042223
0.260000	-0.042616
0.260500	-0.043021
0.261000	-0.043435
0.261500	-0.043854
0.262000	-0.044274
0.262500	-0.044692
0.263000	-0.045104
0.263500	-0.045509
0.264000	-0.045903
0.264500	-0.046285
0.265000	-0.046653
0.265500	-0.047006
0.266000	-0.047343
0.266500	-0.047664
0.267000	-0.047967
0.267500	-0.048253
0.268000	-0.048523
0.268500	-0.048776
0.269000	-0.049012
0.269500	-0.049231
0.270000	-0.049434
0.270500	-0.049622
0.271000	-0.049793
0.271500	-0.049951
0.272000	-0.050096
0.272500	-0.050229
0.273000	-0.050354
0.273500	-0.050472
0.274000	-0.050585
0.274500	-0.050696
0.275000	-0.050809
0.275500	-0.050924
0.276000	-0.051044
0.276500	-0.051172
0.277000	-0.051307
0.277500	-0.051451
0.278000	-0.051605
0.278500	-0.051769
0.279000	-0.051942
0.279500	-0.052124
0.280000	-0.052314
0.280500	-0.052511
0.281000	-0.052715
0.281500	-0.052924
0.282000	-0.053139
0.282500	-0.053357
0.283000	-0.053579
0.283500	-0.053803
0.284000	-0.054029
0.284500	-0.054255
0.285000	-0.054483
0.285500	-0.054709
0.286000	-0.054936
0.286500	-0.055161
0.287000	-0.055386
0.287500	-0.055609
0.288000	-0.055832
0.288500	-0.056053
0.289000	-0.056273
0.289500	-0.056493
0.290000	-0.056712
0.290500	-0.056931
0.291000	-0.057150
0.291500	-0.057369
0.292000	-0.057588
0.292500	-0.057806
0.293000	-0.058023
0.293500	-0.058238
0.294000	-0.058449
0.294500	-0.058656
0.295000	-0.058858
0.295500	-0.059052
0.296000	-0.059237
0.296500	-0.059411
0.297000	-0.059573
0.297500	-0.059722
0.298000	-0.059856
0.298500	-0.059974
