0.000000	-0.000517
0.000500	-0.001485
0.001000	-0.002565
0.001500	-0.003760
0.002000	-0.005001
0.002500	-0.006491
0.003000	-0.007926
0.003500	-0.009131
0.004000	-0.010561
0.004500	-0.012260
0.005000	-0.013670
0.005500	-0.014807
0.006000	-0.015822
0.006500	-0.016665
0.007000	-0.017645
0.007500	-0.018417
0.008000	-0.018940
0.008500	-0.019607
0.009000	-0.020239
0.009500	-0.020706
0.010000	-0.021187
0.010500	-0.021575
0.011000	-0.021791
0.011500	-0.022203
0.012000	-0.022812
0.012500	-0.023455
0.013000	-0.024251
0.013500	-0.025146
0.014000	-0.025849
0.014500	-0.026446
0.015000	-0.027103
0.015500	-0.027666
0.016000	-0.028254
0.016500	-0.029168
0.017000	-0.030153
0.017500	-0.030948
0.018000	-0.031741
0.018500	-0.032676
0.019000	-0.033632
0.019500	-0.034619
0.020000	-0.035742
0.020500	-0.036823
0.021000	-0.037778
0.021500	-0.038800
0.022000	-0.040021
0.022500	-0.041552
0.023000	-0.043148
0.023500	-0.045002
0.024000	-0.047276
0.024500	-0.049717
0.025000	-0.052167
0.025500	-0.054679
0.026000	-0.057439
0.026500	-0.060566
0.027000	-0.063920
0.027500	-0.067340
0.028000	-0.070890
0.028500	-0.074482
0.029000	-0.078356
0.029500	-0.082588
0.030000	-0.086922
0.030500	-0.091140
0.031000	-0.095321
0.031500	-0.099591
0.032000	-0.103803
0.032500	-0.107858
0.033000	-0.111978
0.033500	-0.116306
0.034000	-0.120374
0.034500	-0.124257
0.035000	-0.128311
0.035500	-0.132385
0.036000	-0.136369
0.036500	-0.140105
0.037000	-0.143669
0.037500	-0.147353
0.038000	-0.150947
0.038500	-0.154124
0.039000	-0.157286
0.039500	-0.160635
0.040000	-0.163928
0.040500	-0.167130
0.041000	-0.170623
0.041500	-0.174372
0.042000	-0.177993
0.042500	-0.181711
0.043000	-0.185686
0.043500	-0.189854
0.044000	-0.194360
0.044500	-0.199317
0.045000	-0.204709
0.045500	-0.210744
0.046000	-0.217374
0.046500	-0.224632
0.047000	-0.232550
0.047500	-0.241096
0.048000	-0.250494
0.048500	-0.260778
0.049000	-0.272140
0.049500	-0.284950
0.050000	-0.299290
0.050500	-0.315270
0.051000	-0.333054
0.051500	-0.352961
0.052000	-0.375009
0.052500	-0.399391
0.053000	-0.426508
0.053500	-0.456635
0.054000	-0.490029
0.054500	-0.526851
0.055000	-0.567551
0.055500	-0.612259
0.056000	-0.660748
0.056500	-0.712714
0.057000	-0.767705
0.057500	-0.826189
0.058000	-0.888583
0.058500	-0.954035
0.059000	-1.022239
0.059500	-1.093324
0.060000	-1.166951
0.060500	-1.242285
0.061000	-1.319549
0.061500	-1.399309
0.062000	-1.481031
0.062500	-1.564781
0.063000	-1.651509
0.063500	-1.741471
0.064000	-1.834491
0.064500	-1.931696
0.065000	-2.034211
0.065500	-2.142359
0.066000	-2.257105
0.066500	-2.379576
0.067000	-2.510255
0.067500	-2.649785
0.068000	-2.798488
0.068500	-2.956687
0.069000	-3.124863
0.069500	-3.302696
0.070000	-3.489541
0.070500	-3.685237
0.071000	-3.889302
0.071500	-4.101091
0.072000	-4.320284
0.072500	-4.546719
0.073000	-4.779912
0.073500	-5.019866
0.074000	-5.267061
0.074500	-5.521338
0.075000	-5.783339
0.075500	-6.054352
0.076000	-6.334217
0.076500	-6.623255
0.077000	-6.922271
0.077500	-7.231427
0.078000	-7.551525
0.078500	-7.883210
0.079000	-8.225196
0.079500	-8.577321
0.080000	-8.939261
0.080500	-9.309411
0.081000	-9.686803
0.081500	-10.069987
0.082000	-10.455748
0.082500	-10.842794
0.083000	-11.231451
0.083500	-11.618498
0.084000	-12.001683
0.084500	-12.382615
0.085000	-12.763386
0.085500	-13.143189
0.086000	-13.522191
0.086500	-13.901997
0.087000	-14.280353
0.087500	-14.652595
0.088000	-15.017271
0.088500	-15.372615
0.089000	-15.713634
0.089500	-16.037113
0.090000	-16.342888
0.090500	-16.632570
0.091000	-16.902941
0.091500	-17.158825
0.092000	-17.408276
0.092500	-17.657722
0.093000	-17.915218
0.093500	-18.192024
0.094000	-18.494581
0.094500	-18.821278
0.095000	-19.167286
0.095500	-19.529390
0.096000	-19.901148
0.096500	-20.274515
0.097000	-20.638227
0.097500	-20.989065
0.098000	-21.315762
0.098500	-21.618317
0.099000	-21.893517
0.099500	-22.141356
0.100000	-22.363443
0.100500	-22.558176
0.101000	-22.731983
0.101500	-22.888090
0.102000	-23.031322
0.102500	-23.169725
0.103000	-23.311348
0.103500	-23.461018
0.104000	-23.628389
0.104500	-23.815073
0.105000	-24.024288
0.105500	-24.259253
0.106000	-24.519966
0.106500	-24.801601
0.107000	-25.104156
0.107500	-25.427635
0.108000	-25.765598
0.108500	-26.116436
0.109000	-26.478535
0.109500	-26.847075
0.110000	-27.220444
0.110500	-27.592203
0.111000	-27.955915
0.111500	-28.311579
0.112000	-28.649542
0.112500	-28.969801
0.113000	-29.267532
0.113500	-29.541121
0.114000	-29.788958
0.114500	-30.011047
0.115000	-30.208996
0.115500	-30.382805
0.116000	-30.540520
0.116500	-30.683752
0.117000	-30.815720
0.117500	-30.944468
0.118000	-31.074823
0.118500	-31.210009
0.119000	-31.351631
0.119500	-31.502911
0.120000	-31.665453
0.120500	-31.844091
0.121000	-32.033993
0.121500	-32.233551
0.122000	-32.439545
0.122500	-32.647152
0.123000	-32.851540
0.123500	-33.047878
0.124000	-33.236172
0.124500	-33.416420
0.125000	-33.590229
0.125500	-33.762428
0.126000	-33.937847
0.126500	-34.119701
0.127000	-34.311214
0.127500	-34.512383
0.128000	-34.719986
0.128500	-34.934032
0.129000	-35.152901
0.129500	-35.371773
0.130000	-35.592251
0.130500	-35.811123
0.131000	-36.031601
0.131500	-36.252083
0.132000	-36.474171
0.132500	-36.701092
0.133000	-36.934444
0.133500	-37.175846
0.134000	-37.423683
0.134500	-37.679573
0.135000	-37.940285
0.135500	-38.205826
0.136000	-38.474586
0.136500	-38.748177
0.137000	-39.021763
0.137500	-39.296959
0.138000	-39.572163
0.138500	-39.850574
0.139000	-40.132214
0.139500	-40.418674
0.140000	-40.713184
0.140500	-41.015743
0.141000	-41.329563
0.141500	-41.653042
0.142000	-41.986176
0.142500	-42.330574
0.143000	-42.683022
0.143500	-43.043514
0.144000	-43.412056
0.144500	-43.787033
0.145000	-44.168446
0.145500	-44.556301
0.146000	-44.948978
0.146500	-45.344879
0.147000	-45.745602
0.147500	-46.149551
0.148000	-46.556713
0.148500	-46.967094
0.149000	-47.380695
0.149500	-47.799126
0.150000	-48.222385
0.150500	-48.650467
0.151000	-49.084991
0.151500	-49.522732
0.152000	-49.960476
0.152500	-50.399826
0.153000	-50.835957
0.153500	-51.270481
0.154000	-51.705002
0.154500	-52.145966
0.155000	-52.590145
0.155500	-53.026279
0.156000	-53.441486
0.156500	-53.826118
0.157000	-54.170521
0.157500	-54.468250
0.158000	-54.722523
0.158500	-54.939785
0.159000	-55.131298
0.159500	-55.305111
0.160000	-55.469257
0.160500	-55.635021
0.161000	-55.807220
0.161500	-55.987473
0.162000	-56.175758
0.162500	-56.372101
0.163000	-56.570053
0.163500	-56.767998
0.164000	-56.961124
0.164500	-57.142979
0.165000	-57.311958
0.165500	-57.466457
0.166000	-57.608082
0.166500	-57.735218
0.167000	-57.852703
0.167500	-57.963741
0.168000	-58.068352
0.168500	-58.171349
0.169000	-58.274345
0.169500	-58.378956
0.170000	-58.486778
0.170500	-58.601040
0.171000	-58.720135
0.171500	-58.842445
0.172000	-58.971195
0.172500	-59.104771
0.173000	-59.241562
0.173500	-59.379963
0.174000	-59.519981
0.174500	-59.659988
0.175000	-59.796783
0.175500	-59.931973
0.176000	-60.065548
0.176500	-60.195904
0.177000	-60.324654
0.177500	-60.450180
0.178000	-60.574100
0.178500	-60.693192
0.179000	-60.807453
0.179500	-60.915283
0.180000	-61.015057
0.180500	-61.105186
0.181000	-61.188869
0.181500	-61.269333
0.182000	-61.344975
0.182500	-61.420616
0.183000	-61.497864
0.183500	-61.575115
0.184000	-61.652355
0.184500	-61.731220
0.185000	-61.806854
0.185500	-61.880886
0.186000	-61.951694
0.186500	-62.022511
0.187000	-62.091713
0.187500	-62.160912
0.188000	-62.230114
0.188500	-62.302536
0.189000	-62.376564
0.189500	-62.453812
0.190000	-62.532669
0.190500	-62.614750
0.191000	-62.698433
0.191500	-62.783730
0.192000	-62.870636
0.192500	-62.959145
0.193000	-63.049267
0.193500	-63.139397
0.194000	-63.229519
0.194500	-63.319641
0.195000	-63.406540
0.195500	-63.493446
0.196000	-63.578747
0.196500	-63.659210
0.197000	-63.738068
0.197500	-63.812099
0.198000	-63.881302
0.198500	-63.945675
0.199000	-64.006828
0.199500	-64.059937
0.200000	-64.108215
0.200500	-64.153282
0.201000	-64.191910
0.201500	-64.224091
0.202000	-64.253059
0.202500	-64.277199
0.203000	-64.298119
0.203500	-64.312607
0.204000	-64.323875
0.204500	-64.330307
0.205000	-64.331917
0.205500	-64.328697
0.206000	-64.319038
0.206500	-64.306168
0.207000	-64.288460
0.207500	-64.267540
0.208000	-64.245010
0.208500	-64.222481
0.209000	-64.198341
0.209500	-64.175812
0.210000	-64.154884
0.210500	-64.135582
0.211000	-64.119484
0.211500	-64.106606
0.212000	-64.095345
0.212500	-64.085686
0.213000	-64.077644
0.213500	-64.069595
0.214000	-64.059937
0.214500	-64.050285
0.215000	-64.040627
0.215500	-64.027748
0.216000	-64.013268
0.216500	-64.000397
0.217000	-63.985905
0.217500	-63.973034
0.218000	-63.960159
0.218500	-63.948895
0.219000	-63.939236
0.219500	-63.927971
0.220000	-63.918316
0.220500	-63.907047
0.221000	-63.895782
0.221500	-63.884518
0.222000	-63.873253
0.222500	-63.861988
0.223000	-63.852329
0.223500	-63.842674
0.224000	-63.834633
0.224500	-63.829800
0.225000	-63.824974
0.225500	-63.823364
0.226000	-63.823364
0.226500	-63.826584
0.227000	-63.829800
0.227500	-63.836239
0.228000	-63.841064
0.228500	-63.844288
0.229000	-63.845898
0.229500	-63.845898
0.230000	-63.842674
0.230500	-63.836239
0.231000	-63.826584
0.231500	-63.815319
0.232000	-63.800835
0.232500	-63.784737
0.233000	-63.765430
0.233500	-63.746117
0.234000	-63.726803
0.234500	-63.707489
0.235000	-63.688183
0.235500	-63.668869
0.236000	-63.652771
0.236500	-63.636681
0.237000	-63.622196
0.237500	-63.607708
0.238000	-63.593227
0.238500	-63.577137
0.239000	-63.562649
0.239500	-63.546558
0.240000	-63.528851
0.240500	-63.509544
0.241000	-63.491840
0.241500	-63.472527
0.242000	-63.454826
0.242500	-63.437122
0.243000	-63.421032
0.243500	-63.406540
0.244000	-63.393669
0.244500	-63.382404
0.245000	-63.369530
0.245500	-63.356655
0.246000	-63.343781
0.246500	-63.327682
0.247000	-63.311592
0.247500	-63.290672
0.248000	-63.269749
0.248500	-63.243999
0.249000	-63.218254
0.249500	-63.189281
0.250000	-63.160313
0.250500	-63.131348
0.251000	-63.102379
0.251500	-63.075020
0.252000	-63.049267
0.252500	-63.026737
0.253000	-63.004204
0.253500	-62.983288
0.254000	-62.963974
0.254500	-62.946270
0.255000	-62.930180
0.255500	-62.914082
0.256000	-62.897991
0.256500	-62.883511
0.257000	-62.867413
0.257500	-62.852932
0.258000	-62.840057
0.258500	-62.825569
0.259000	-62.814304
0.259500	-62.801430
0.260000	-62.788555
0.260500	-62.775681
0.261000	-62.762806
0.261500	-62.746712
0.262000	-62.730621
0.262500	-62.711308
0.263000	-62.688774
0.263500	-62.664635
0.264000	-62.638889
0.264500	-62.611526
0.265000	-62.582561
0.265500	-62.551983
0.266000	-62.523014
0.266500	-62.494049
0.267000	-62.466686
0.267500	-62.440937
0.268000	-62.416798
0.268500	-62.394268
0.269000	-62.373344
0.269500	-62.352425
0.270000	-62.333111
0.270500	-62.312195
0.271000	-62.289661
0.271500	-62.263908
0.272000	-62.233330
0.272500	-62.202755
0.273000	-62.170570
0.273500	-62.138382
0.274000	-62.106194
0.274500	-62.075615
0.275000	-62.049866
0.275500	-62.022511
0.276000	-61.999981
0.276500	-61.977451
0.277000	-61.958138
0.277500	-61.937214
0.278000	-61.916290
0.278500	-61.895370
0.279000	-61.874447
0.279500	-61.853523
0.280000	-61.832607
0.280500	-61.811687
0.281000	-61.790764
0.281500	-61.773060
0.282000	-61.756969
0.282500	-61.742485
0.283000	-61.731220
0.283500	-61.723171
0.284000	-61.716732
0.284500	-61.715122
0.285000	-61.716732
0.285500	-61.721561
0.286000	-61.727997
0.286500	-61.737656
0.287000	-61.748920
0.287500	-61.758575
0.288000	-61.769840
0.288500	-61.779499
0.289000	-61.787548
0.289500	-61.790764
0.290000	-61.792374
0.290500	-61.789154
0.291000	-61.779499
0.291500	-61.766624
0.292000	-61.748920
0.292500	-61.727997
0.293000	-61.703857
0.293500	-61.676502
0.294000	-61.647530
0.294500	-61.618561
0.295000	-61.591206
0.295500	-61.563847
0.296000	-61.538094
0.296500	-61.513954
0.297000	-61.489815
0.297500	-61.467285
0.298000	-61.446362
0.298500	-61.425442
