0.000000	-29.872940
0.000500	-29.872940
0.001000	-29.872940
0.001500	-29.872940
0.002000	-29.872940
0.002500	-29.872940
0.003000	-29.872940
0.003500	-29.827219
0.004000	-29.616400
0.004500	-29.430981
0.005000	-29.265879
0.005500	-29.123640
0.006000	-28.999180
0.006500	-28.900118
0.007000	-28.841698
0.007500	-28.836620
0.008000	-28.879799
0.008500	-28.950918
0.009000	-29.049980
0.009500	-29.166821
0.010000	-29.306520
0.010500	-29.458921
0.011000	-29.608778
0.011500	-29.743399
0.012000	-29.862778
0.012500	-29.974539
0.013000	-30.068518
0.013500	-30.137100
0.014000	-30.175198
0.014500	-30.208220
0.015000	-30.236160
0.015500	-30.269180
0.016000	-30.307280
0.016500	-30.353001
0.017000	-30.398720
0.017500	-30.439360
0.018000	-30.464760
0.018500	-30.454599
0.019000	-30.419041
0.019500	-30.370781
0.020000	-30.309820
0.020500	-30.208220
0.021000	-30.101538
0.021500	-30.032959
0.022000	-30.027880
0.022500	-30.030418
0.023000	-30.035500
0.023500	-30.038040
0.024000	-30.043121
0.024500	-30.045658
0.025000	-30.048199
0.025500	-30.048199
0.026000	-30.038040
0.026500	-29.951681
0.027000	-29.817060
0.027500	-29.677361
0.028000	-29.575760
0.028500	-29.489399
0.029000	-29.410658
0.029500	-29.354778
0.030000	-29.339539
0.030500	-29.352238
0.031000	-29.370020
0.031500	-29.387798
0.032000	-29.397961
0.032500	-29.403040
0.033000	-29.405579
0.033500	-29.410658
0.034000	-29.418280
0.034500	-29.438601
0.035000	-29.474159
0.035500	-29.509720
0.036000	-29.530041
0.036500	-29.532581
0.037000	-29.524960
0.037500	-29.519878
0.038000	-29.522419
0.038500	-29.535118
0.039000	-29.547819
0.039500	-29.563061
0.040000	-29.578300
0.040500	-29.596079
0.041000	-29.613859
0.041500	-29.634180
0.042000	-29.649420
0.042500	-29.659580
0.043000	-29.662119
0.043500	-29.659580
0.044000	-29.662119
0.044500	-29.667198
0.045000	-29.679897
0.045500	-29.695141
0.046000	-29.712921
0.046500	-29.735779
0.047000	-29.791658
0.047500	-29.872940
0.048000	-29.971998
0.048500	-30.096460
0.049000	-30.297121
0.049500	-30.563820
0.050000	-30.876240
0.050500	-31.219139
0.051000	-31.622999
0.051500	-32.108139
0.052000	-32.697422
0.052500	-33.403538
0.053000	-34.178238
0.053500	-35.001198
0.054000	-35.872417
0.054500	-36.781738
0.055000	-37.729160
0.055500	-38.684200
0.056000	-39.621460
0.056500	-40.515541
0.057000	-41.381680
0.057500	-42.232582
0.058000	-43.075859
0.058500	-43.911522
0.059000	-44.726860
0.059500	-45.511719
0.060000	-46.278801
0.060500	-47.025562
0.061000	-47.670719
0.061500	-48.183800
0.062000	-48.580040
0.062500	-48.879757
0.063000	-49.075344
0.063500	-49.136299
0.064000	-49.047398
0.064500	-48.783241
0.065000	-48.417484
0.065500	-48.028862
0.066000	-47.612301
0.066500	-47.165260
0.067000	-46.700439
0.067500	-46.230541
0.068000	-45.758099
0.068500	-45.278038
0.069000	-44.810680
0.069500	-44.345860
0.070000	-43.842937
0.070500	-43.258739
0.071000	-42.593258
0.071500	-41.902382
0.072000	-41.201340
0.072500	-40.505379
0.073000	-39.819580
0.073500	-39.136322
0.074000	-38.453060
0.074500	-37.774879
0.075000	-37.137341
0.075500	-36.614098
0.076000	-36.177219
0.076500	-35.801300
0.077000	-35.476181
0.077500	-35.283138
0.078000	-35.232338
0.078500	-35.328861
0.079000	-35.560001
0.079500	-35.885117
0.080000	-36.306759
0.080500	-36.840160
0.081000	-37.470081
0.081500	-38.127937
0.082000	-38.811199
0.082500	-39.524940
0.083000	-40.274239
0.083500	-41.071800
0.084000	-41.889679
0.084500	-42.697399
0.085000	-43.451778
0.085500	-44.124878
0.086000	-44.724319
0.086500	-45.270420
0.087000	-45.770802
0.087500	-46.134022
0.088000	-46.367702
0.088500	-46.507401
0.089000	-46.575977
0.089500	-46.504860
0.090000	-46.261021
0.090500	-45.839382
0.091000	-45.229778
0.091500	-44.434761
0.092000	-43.459396
0.092500	-42.293537
0.093000	-40.937183
0.093500	-39.491920
0.094000	-37.990780
0.094500	-36.415977
0.095000	-34.744659
0.095500	-32.976822
0.096000	-31.165798
0.096500	-29.362400
0.097000	-27.614880
0.097500	-25.907999
0.098000	-24.219662
0.098500	-22.600410
0.099000	-21.098763
0.099500	-19.675856
0.100000	-18.257519
0.100500	-16.840963
0.101000	-15.422372
0.101500	-13.999718
0.102000	-12.574017
0.102500	-11.148060
0.103000	-9.723882
0.103500	-8.355077
0.104000	-7.130795
0.104500	-6.023102
0.105000	-4.999990
0.105500	-4.071620
0.106000	-3.300984
0.106500	-2.670810
0.107000	-2.161057
0.107500	-1.742338
0.108000	-1.390244
0.108500	-1.161440
0.109000	-1.119200
0.109500	-1.281024
0.110000	-1.488313
0.110500	-1.705838
0.111000	-1.916481
0.111500	-2.108327
0.112000	-2.291537
0.112500	-2.464486
0.113000	-2.623566
0.113500	-2.747264
0.114000	-2.669286
0.114500	-2.350211
0.115000	-1.790751
0.115500	-1.007008
0.116000	-0.143038
0.116500	0.763829
0.117000	1.710792
0.117500	2.694686
0.118000	3.704336
0.118500	4.720082
0.119000	5.722620
0.119500	6.693408
0.120000	7.631430
0.120500	8.543545
0.121000	9.431528
0.121500	10.296906
0.122000	11.133328
0.122500	11.938254
0.123000	12.713717
0.123500	13.461492
0.124000	14.178025
0.124500	14.860778
0.125000	15.509748
0.125500	16.124683
0.126000	16.712692
0.126500	17.272255
0.127000	17.792191
0.127500	18.260822
0.128000	18.695415
0.128500	19.119850
0.129000	19.533360
0.129500	19.935190
0.130000	20.326603
0.130500	20.712685
0.131000	21.098763
0.131500	21.489923
0.132000	21.897085
0.132500	22.325584
0.133000	22.759668
0.133500	23.183596
0.134000	23.576025
0.134500	23.926546
0.135000	24.247093
0.135500	24.550369
0.136000	24.826468
0.136500	25.041098
0.137000	25.204929
0.137500	25.330912
0.138000	25.417780
0.138500	25.422859
0.139000	25.328117
0.139500	25.126188
0.140000	24.816309
0.140500	24.426926
0.141000	23.959566
0.141500	23.412449
0.142000	22.796753
0.142500	22.162008
0.143000	21.509228
0.143500	20.834604
0.144000	20.131533
0.144500	19.393917
0.145000	18.641060
0.145500	17.897602
0.146000	17.186655
0.146500	16.520159
0.147000	15.905732
0.147500	15.351252
0.148000	14.864079
0.148500	14.444726
0.149000	14.095476
0.149500	13.818616
0.150000	13.615923
0.150500	13.438631
0.151000	13.263119
0.151500	13.089636
0.152000	12.918694
0.152500	12.749022
0.153000	12.580112
0.153500	12.411456
0.154000	12.243563
0.154500	12.088367
0.155000	11.947906
0.155500	11.819128
0.156000	11.697716
0.156500	11.620246
0.157000	11.619739
0.157500	11.688064
0.158000	11.817096
0.158500	12.001246
0.159000	12.241783
0.159500	12.539472
0.160000	12.895580
0.160500	13.285216
0.161000	13.687551
0.161500	14.110462
0.162000	14.561312
0.162500	15.037816
0.163000	15.521940
0.163500	16.012413
0.164000	16.508223
0.164500	17.012920
0.165000	17.532349
0.165500	18.061939
0.166000	18.597372
0.166500	19.160744
0.167000	19.798285
0.167500	20.498055
0.168000	21.247101
0.168500	22.052280
0.169000	22.991062
0.169500	24.080215
0.170000	25.327610
0.170500	26.720802
0.171000	28.178761
0.171500	29.702759
0.172000	31.300423
0.172500	32.969200
0.173000	34.655762
0.173500	36.342319
0.174000	38.026340
0.174500	39.697659
0.175000	41.363899
0.175500	43.025059
0.176000	44.670979
0.176500	46.296581
0.177000	47.845978
0.177500	49.334419
0.178000	50.792377
0.178500	52.247795
0.179000	53.682899
0.179500	55.082439
0.180000	56.421017
0.180500	57.685940
0.181000	58.869579
0.181500	59.997334
0.182000	61.092079
0.182500	62.169037
0.183000	63.230759
0.183500	64.261993
0.184000	65.260216
0.184500	66.215263
0.185000	67.089020
0.185500	67.871338
0.186000	68.567299
0.186500	69.184517
0.187000	69.735695
0.187500	70.230995
0.188000	70.680580
0.188500	71.094604
0.189000	71.475594
0.189500	71.815964
0.190000	72.100441
0.190500	72.326500
0.191000	72.471275
0.191500	72.527161
0.192000	72.489059
0.192500	72.354439
0.193000	72.161400
0.193500	71.932800
0.194000	71.661018
0.194500	71.335899
0.195000	70.959976
0.195500	70.568825
0.196000	70.180199
0.196500	69.801743
0.197000	69.438515
0.197500	69.077835
0.198000	68.722244
0.198500	68.381874
0.199000	68.064377
0.199500	67.767197
0.200000	67.475105
0.200500	67.177925
0.201000	66.868042
0.201500	66.553078
0.202000	66.227959
0.202500	65.882523
0.203000	65.506599
0.203500	65.082413
0.204000	64.627762
0.204500	64.160400
0.205000	63.695580
0.205500	63.225677
0.206000	62.740536
0.206500	62.224922
0.207000	61.663578
0.207500	61.056522
0.208000	60.416439
0.208500	59.756042
0.209000	59.093098
0.209500	58.419998
0.210000	57.734200
0.210500	57.028076
0.211000	56.296558
0.211500	55.534557
0.212000	54.734463
0.212500	53.883564
0.213000	52.986942
0.213500	52.057301
0.214000	51.120041
0.214500	50.185318
0.215000	49.270920
0.215500	48.364136
0.216000	47.462440
0.216500	46.565819
0.217000	45.671738
0.217500	44.797977
0.218000	43.952160
0.218500	43.131741
0.219000	42.339260
0.219500	41.602661
0.220000	40.927017
0.220500	40.294563
0.221000	39.690041
0.221500	39.113457
0.222000	38.567356
0.222500	38.051739
0.223000	37.564056
0.223500	37.111938
0.224000	36.703003
0.224500	36.329620
0.225000	35.994339
0.225500	35.707321
0.226000	35.473640
0.226500	35.303459
0.227000	35.191700
0.227500	35.135818
0.228000	35.123119
0.228500	35.153599
0.229000	35.227257
0.229500	35.328861
0.230000	35.448238
0.230500	35.603180
0.231000	35.808922
0.231500	36.068001
0.232000	36.357559
0.232500	36.652199
0.233000	36.931599
0.233500	37.188137
0.234000	37.429440
0.234500	37.660580
0.235000	37.873940
0.235500	38.059357
0.236000	38.196518
0.236500	38.285419
0.237000	38.328598
0.237500	38.331139
0.238000	38.308281
0.238500	38.252403
0.239000	38.163502
0.239500	38.041580
0.240000	37.912037
0.240500	37.779961
0.241000	37.655499
0.241500	37.543736
0.242000	37.437057
0.242500	37.330379
0.243000	37.223701
0.243500	37.119560
0.244000	37.015419
0.244500	36.916359
0.245000	36.832539
0.245500	36.771580
0.246000	36.758877
0.246500	36.779198
0.247000	36.814758
0.247500	36.855400
0.248000	36.898579
0.248500	36.944302
0.249000	36.992561
0.249500	37.048439
0.250000	37.104321
0.250500	37.167820
0.251000	37.246559
0.251500	37.345619
0.252000	37.470081
0.252500	37.614861
0.253000	37.759640
0.253500	37.891720
0.254000	38.011101
0.254500	38.127937
0.255000	38.239700
0.255500	38.348915
0.256000	38.435280
0.256500	38.493698
0.257000	38.529259
0.257500	38.549580
0.258000	38.524181
0.258500	38.442898
0.259000	38.318439
0.259500	38.155880
0.260000	37.955219
0.260500	37.708839
0.261000	37.419277
0.261500	37.086544
0.262000	36.718243
0.262500	36.309299
0.263000	35.864796
0.263500	35.374577
0.264000	34.848797
0.264500	34.287460
0.265000	33.693100
0.265500	33.063179
0.266000	32.395161
0.266500	31.691578
0.267000	30.962599
0.267500	30.208220
0.268000	29.425900
0.268500	28.608019
0.269000	27.741880
0.269500	26.824940
0.270000	25.852119
0.270500	24.818848
0.271000	23.723854
0.271500	22.562565
0.272000	21.349463
0.272500	20.124165
0.273000	18.889980
0.273500	17.649696
0.274000	16.396717
0.274500	15.123668
0.275000	13.848842
0.275500	12.592051
0.276000	11.404600
0.276500	10.340086
0.277000	9.360154
0.277500	8.423656
0.278000	7.506462
0.278500	6.655054
0.279000	5.877306
0.279500	5.175758
0.280000	4.551934
0.280500	4.020312
0.281000	3.616706
0.281500	3.377692
0.282000	3.303016
0.282500	3.259836
0.283000	3.233928
0.283500	3.226562
0.284000	3.235706
0.284500	3.246628
0.285000	3.258566
0.285500	3.272028
0.286000	3.287268
0.286500	3.306318
0.287000	3.331718
0.287500	3.366008
0.288000	3.418332
0.288500	3.542030
0.289000	3.728720
0.289500	3.953256
0.290000	4.196334
0.290500	4.475480
0.291000	4.772406
0.291500	5.057394
0.292000	5.305806
0.292500	5.538216
0.293000	5.745734
0.293500	5.908802
0.294000	6.009386
0.294500	6.067806
0.295000	6.110732
0.295500	6.153912
0.296000	6.212332
0.296500	6.279896
0.297000	6.351016
0.297500	6.426962
0.298000	6.511036
0.298500	6.634226
0.299000	6.788658
0.299500	6.944868
0.300000	7.074662
0.300500	7.172198
0.301000	7.231888
0.301500	7.240016
0.302000	7.182866
0.302500	7.062470
0.303000	6.888226
0.303500	6.666992
0.304000	6.405880
0.304500	6.125718
0.305000	5.842254
0.305500	5.554218
0.306000	5.260848
0.306500	4.964938
0.307000	4.666996
0.307500	4.360672
0.308000	4.040632
0.308500	3.692398
0.309000	3.312414
0.309500	2.913126
0.310000	2.505634
0.310500	2.095145
0.311000	1.676654
0.311500	1.247191
0.312000	0.803732
0.312500	0.341503
0.313000	-0.141524
0.313500	-0.639801
0.314000	-1.147623
0.314500	-1.672895
0.315000	-2.227605
0.315500	-2.787904
0.316000	-3.328924
0.316500	-3.833368
0.317000	-4.303014
0.317500	-4.732782
0.318000	-5.117338
0.318500	-5.461508
0.319000	-5.784342
0.319500	-6.088380
0.320000	-6.374892
0.320500	-6.642862
0.321000	-6.895592
0.321500	-7.149084
0.322000	-7.418831
0.322500	-7.715250
0.323000	-8.023606
0.323500	-8.335518
0.324000	-8.645144
0.324500	-8.947911
0.325000	-9.245600
0.325500	-9.538207
0.326000	-9.825735
0.326500	-10.102342
0.327000	-10.345927
0.327500	-10.553699
0.328000	-10.726420
0.328500	-10.867390
0.329000	-10.992612
0.329500	-11.103102
0.330000	-11.197082
0.330500	-11.275313
0.331000	-11.350497
0.331500	-11.424920
0.332000	-11.497563
0.332500	-11.567923
0.333000	-11.637518
0.333500	-11.706860
0.334000	-11.776456
0.334500	-11.846306
0.335000	-11.918442
0.335500	-11.991594
0.336000	-12.063984
0.336500	-12.131293
0.337000	-12.166599
0.337500	-12.162028
0.338000	-12.116562
0.338500	-12.031471
0.339000	-11.936477
0.339500	-11.839193
0.340000	-11.740388
0.340500	-11.640567
0.341000	-11.540745
0.341500	-11.439652
0.342000	-11.337291
0.342500	-11.231626
0.343000	-11.096244
0.343500	-10.927334
0.344000	-10.737087
0.344500	-10.536682
0.345000	-10.316464
0.345500	-10.072878
0.346000	-9.810496
0.346500	-9.533890
0.347000	-9.230106
0.347500	-8.893302
0.348000	-8.526525
0.348500	-8.131809
0.349000	-7.698486
0.349500	-7.219188
0.350000	-6.693154
0.350500	-6.119114
0.351000	-5.504942
0.351500	-4.859528
0.352000	-4.182364
0.352500	-3.473958
0.353000	-2.746756
0.353500	-2.006295
0.354000	-1.240993
0.354500	-0.439318
0.355000	0.389534
0.355500	1.229436
0.356000	2.081809
0.356500	2.948178
0.357000	3.828796
0.357500	4.716780
0.358000	5.601716
0.358500	6.473444
0.359000	7.332726
0.359500	8.188705
0.360000	9.042653
0.360500	9.896855
0.361000	10.749788
0.361500	11.597894
0.362000	12.441682
0.362500	13.282423
0.363000	14.069060
0.363500	14.707870
0.364000	15.222728
0.364500	15.639795
0.365000	15.966187
0.365500	16.174719
0.366000	16.264889
0.366500	16.237965
0.367000	16.120871
0.367500	15.962884
0.368000	15.756382
0.368500	15.492730
0.369000	15.171165
0.369500	14.820137
0.370000	14.440662
0.370500	14.029689
0.371000	13.589253
0.371500	13.124434
0.372000	12.607037
0.372500	12.006580
0.373000	11.306302
0.373500	10.552176
0.374000	9.764522
0.374500	8.958835
0.375000	8.141209
0.375500	7.293102
0.376000	6.435344
0.376500	5.592572
0.377000	4.799838
0.377500	4.110482
0.378000	3.521710
0.378500	3.024124
0.379000	2.616962
0.379500	2.323973
0.380000	2.139975
0.380500	2.056638
0.381000	2.060143
0.381500	2.103272
0.382000	2.196668
0.382500	2.365121
0.383000	2.624328
0.383500	2.910078
0.384000	3.211576
0.384500	3.537966
0.385000	3.894328
0.385500	4.258056
0.386000	4.623562
0.386500	4.991608
0.387000	5.362701
0.387500	5.736336
0.388000	6.113018
0.388500	6.492748
0.389000	6.877304
0.389500	7.298436
0.390000	7.749286
0.390500	8.201659
0.391000	8.627872
0.391500	9.018016
0.392000	9.378695
0.392500	9.713214
0.393000	10.025126
0.393500	10.289794
0.394000	10.503153
0.394500	10.675874
0.395000	10.817606
0.395500	10.916158
0.396000	10.965179
0.396500	10.967212
0.397000	10.925048
0.397500	10.848340
0.398000	10.722863
0.398500	10.525252
0.399000	10.232643
0.399500	9.877044
0.400000	9.506966
0.400500	9.122917
0.401000	8.725662
0.401500	8.316215
0.402000	7.901178
0.402500	7.488936
0.403000	7.088377
0.403500	6.716776
0.404000	6.367527
0.404500	6.013958
0.405000	5.629402
0.405500	5.217922
0.406000	4.802632
0.406500	4.386326
0.407000	3.971798
0.407500	3.559810
0.408000	3.149600
0.408500	2.741422
0.409000	2.335327
0.409500	1.958721
0.410000	1.658087
0.410500	1.415567
0.411000	1.211529
0.411500	1.040689
0.412000	0.919480
0.412500	0.841045
0.413000	0.797687
0.413500	0.777291
0.414000	0.774497
0.414500	0.827024
0.415000	0.975843
0.415500	1.234948
0.416000	1.515542
0.416500	1.803806
0.417000	2.096745
0.417500	2.395474
0.418000	2.707640
0.418500	3.017266
0.419000	3.306826
0.419500	3.556000
0.420000	3.753612
0.420500	3.919728
0.421000	4.076954
0.421500	4.241546
0.422000	4.403090
0.422500	4.560062
0.423000	4.713732
0.423500	4.861560
0.424000	4.986274
0.424500	5.075428
0.425000	5.117846
0.425500	5.097272
0.426000	4.993640
0.426500	4.825746
0.427000	4.615942
0.427500	4.379468
0.428000	4.113530
0.428500	3.842512
0.429000	3.593846
0.429500	3.384042
0.430000	3.186430
0.430500	3.000756
0.431000	2.831592
0.431500	2.681478
0.432000	2.538832
0.432500	2.404440
0.433000	2.282901
0.433500	2.177390
0.434000	2.077466
0.434500	1.979244
0.435000	1.881734
0.435500	1.784223
0.436000	1.688744
0.436500	1.596136
0.437000	1.506703
0.437500	1.430833
0.438000	1.454023
0.438500	1.575689
0.439000	1.771015
0.439500	2.015058
0.440000	2.290902
0.440500	2.599436
0.441000	2.943860
0.441500	3.325876
0.442000	3.724910
0.442500	4.136644
0.443000	4.571238
0.443500	5.037328
0.444000	5.530850
0.444500	6.036310
0.445000	6.540754
0.445500	7.031736
0.446000	7.518146
0.446500	7.993381
0.447000	8.440166
0.447500	8.839962
0.448000	9.181592
0.448500	9.487408
0.449000	9.788906
0.449500	10.115295
0.450000	10.450068
0.450500	10.790174
0.451000	11.151870
0.451500	11.551920
0.452000	11.988545
0.452500	12.448031
0.453000	12.918440
0.453500	13.388848
0.454000	13.867638
0.454500	14.359635
0.455000	14.848586
0.455500	15.317216
0.456000	15.725902
0.456500	16.056864
0.457000	16.326866
0.457500	16.552416
0.458000	16.755110
0.458500	16.945356
0.459000	17.123919
0.459500	17.291050
0.460000	17.440147
0.460500	17.574514
0.461000	17.709389
0.461500	17.859249
0.462000	18.037048
0.462500	18.250916
0.463000	18.511265
0.463500	18.826988
0.464000	19.197575
0.464500	19.601942
0.465000	20.035265
0.465500	20.492975
0.466000	20.964144
0.466500	21.436583
0.467000	21.915880
0.467500	22.407372
0.468000	22.912323
0.468500	23.422102
0.469000	23.932386
0.469500	24.439117
0.470000	24.943560
0.470500	25.448259
0.471000	25.946100
0.471500	26.431238
0.472000	26.901140
0.472500	27.368500
0.473000	27.838398
0.473500	28.305759
0.474000	28.773119
0.474500	29.243019
0.475000	29.712921
0.475500	30.180279
0.476000	30.642559
0.476500	31.046421
0.477000	31.356300
0.477500	31.534101
0.478000	31.569660
0.478500	31.554420
0.479000	31.506159
0.479500	31.437580
0.480000	31.361380
0.480500	31.282640
0.481000	31.201359
0.481500	31.117540
0.482000	31.028641
0.482500	30.927040
0.483000	30.815279
0.483500	30.698441
0.484000	30.556198
0.484500	30.335222
0.485000	30.065977
0.485500	29.794199
0.486000	29.497019
0.486500	28.994101
0.487000	28.409901
0.487500	27.896820
0.488000	935177.187500
0.488500	10500868.000000
0.489000	28044140.000000
0.489500	50637436.000000
0.490000	75732640.000000
0.490500	104912160.000000
0.491000	138737344.000000
0.491500	177063392.000000
