0.000000	0.075130
0.000500	0.075130
0.001000	0.075130
0.001500	0.075130
0.002000	0.075130
0.002500	0.075130
0.003000	0.075130
0.003500	0.075133
0.004000	0.075145
0.004500	0.075145
0.005000	0.075126
0.005500	0.075079
0.006000	0.075013
0.006500	0.074945
0.007000	0.074876
0.007500	0.074808
0.008000	0.074742
0.008500	0.074677
0.009000	0.074614
0.009500	0.074554
0.010000	0.074530
0.010500	0.074565
0.011000	0.074643
0.011500	0.074751
0.012000	0.074880
0.012500	0.075030
0.013000	0.075184
0.013500	0.075325
0.014000	0.075454
0.014500	0.075586
0.015000	0.075696
0.015500	0.075758
0.016000	0.075774
0.016500	0.075788
0.017000	0.075802
0.017500	0.075816
0.018000	0.075830
0.018500	0.075845
0.019000	0.075859
0.019500	0.075873
0.020000	0.075895
0.020500	0.075948
0.021000	0.076016
0.021500	0.076076
0.022000	0.076116
0.022500	0.076149
0.023000	0.076174
0.023500	0.076189
0.024000	0.076190
0.024500	0.076183
0.025000	0.076171
0.025500	0.076154
0.026000	0.076135
0.026500	0.076114
0.027000	0.076091
0.027500	0.076061
0.028000	0.076023
0.028500	0.075974
0.029000	0.075917
0.029500	0.075861
0.030000	0.075813
0.030500	0.075771
0.031000	0.075731
0.031500	0.075691
0.032000	0.075649
0.032500	0.075597
0.033000	0.075540
0.033500	0.075487
0.034000	0.075448
0.034500	0.075434
0.035000	0.075437
0.035500	0.075445
0.036000	0.075443
0.036500	0.075432
0.037000	0.075420
0.037500	0.075407
0.038000	0.075394
0.038500	0.075379
0.039000	0.075361
0.039500	0.075343
0.040000	0.075326
0.040500	0.075320
0.041000	0.075332
0.041500	0.075345
0.042000	0.075340
0.042500	0.075311
0.043000	0.075273
0.043500	0.075231
0.044000	0.075188
0.044500	0.075144
0.045000	0.075098
0.045500	0.075051
0.046000	0.075002
0.046500	0.074949
0.047000	0.074875
0.047500	0.074784
0.048000	0.074681
0.048500	0.074556
0.049000	0.074367
0.049500	0.074125
0.050000	0.073848
0.050500	0.073548
0.051000	0.073202
0.051500	0.072798
0.052000	0.072324
0.052500	0.071774
0.053000	0.071170
0.053500	0.070519
0.054000	0.069820
0.054500	0.069074
0.055000	0.068294
0.055500	0.067504
0.056000	0.066728
0.056500	0.065988
0.057000	0.065265
0.057500	0.064550
0.058000	0.063843
0.058500	0.063141
0.059000	0.062458
0.059500	0.061793
0.060000	0.061143
0.060500	0.060502
0.061000	0.059915
0.061500	0.059401
0.062000	0.058954
0.062500	0.058569
0.063000	0.058270
0.063500	0.058068
0.064000	0.057962
0.064500	0.057951
0.065000	0.057995
0.065500	0.058065
0.066000	0.058176
0.066500	0.058344
0.067000	0.058546
0.067500	0.058750
0.068000	0.058953
0.068500	0.059154
0.069000	0.059350
0.069500	0.059544
0.070000	0.059739
0.070500	0.059939
0.071000	0.060153
0.071500	0.060391
0.072000	0.060641
0.072500	0.060893
0.073000	0.061148
0.073500	0.061418
0.074000	0.061694
0.074500	0.061963
0.075000	0.062194
0.075500	0.062347
0.076000	0.062434
0.076500	0.062467
0.077000	0.062441
0.077500	0.062280
0.078000	0.061970
0.078500	0.061502
0.079000	0.060892
0.079500	0.060226
0.080000	0.059504
0.080500	0.058714
0.081000	0.057861
0.081500	0.056999
0.082000	0.056137
0.082500	0.055275
0.083000	0.054415
0.083500	0.053557
0.084000	0.052702
0.084500	0.051849
0.085000	0.051014
0.085500	0.050333
0.086000	0.049799
0.086500	0.049366
0.087000	0.048996
0.087500	0.048736
0.088000	0.048588
0.088500	0.048535
0.089000	0.048562
0.089500	0.048672
0.090000	0.048882
0.090500	0.049205
0.091000	0.049654
0.091500	0.050218
0.092000	0.050889
0.092500	0.051667
0.093000	0.052553
0.093500	0.053486
0.094000	0.054466
0.094500	0.055532
0.095000	0.056723
0.095500	0.057994
0.096000	0.059272
0.096500	0.060559
0.097000	0.061855
0.097500	0.063165
0.098000	0.064484
0.098500	0.065795
0.099000	0.067080
0.099500	0.068318
0.100000	0.069516
0.100500	0.070699
0.101000	0.071894
0.101500	0.073119
0.102000	0.074365
0.102500	0.075615
0.103000	0.076857
0.103500	0.078049
0.104000	0.079147
0.104500	0.080175
0.105000	0.081158
0.105500	0.082067
0.106000	0.082808
0.106500	0.083401
0.107000	0.083869
0.107500	0.084224
0.108000	0.084431
0.108500	0.084448
0.109000	0.084238
0.109500	0.083791
0.110000	0.083220
0.110500	0.082610
0.111000	0.082033
0.111500	0.081540
0.112000	0.081076
0.112500	0.080658
0.113000	0.080311
0.113500	0.080072
0.114000	0.080052
0.114500	0.080261
0.115000	0.080682
0.115500	0.081288
0.116000	0.081975
0.116500	0.082683
0.117000	0.083376
0.117500	0.084022
0.118000	0.084662
0.118500	0.085290
0.119000	0.085889
0.119500	0.086436
0.120000	0.086910
0.120500	0.087322
0.121000	0.087693
0.121500	0.088045
0.122000	0.088380
0.122500	0.088692
0.123000	0.088978
0.123500	0.089235
0.124000	0.089450
0.124500	0.089621
0.125000	0.089746
0.125500	0.089824
0.126000	0.089866
0.126500	0.089869
0.127000	0.089819
0.127500	0.089698
0.128000	0.089535
0.128500	0.089371
0.129000	0.089206
0.129500	0.089040
0.130000	0.088873
0.130500	0.088705
0.131000	0.088537
0.131500	0.088370
0.132000	0.088224
0.132500	0.088132
0.133000	0.088084
0.133500	0.088070
0.134000	0.088089
0.134500	0.088166
0.135000	0.088310
0.135500	0.088527
0.136000	0.088804
0.136500	0.089097
0.137000	0.089409
0.137500	0.089744
0.138000	0.090098
0.138500	0.090454
0.139000	0.090812
0.139500	0.091173
0.140000	0.091538
0.140500	0.091904
0.141000	0.092270
0.141500	0.092636
0.142000	0.093003
0.142500	0.093370
0.143000	0.093738
0.143500	0.094106
0.144000	0.094478
0.144500	0.094888
0.145000	0.095354
0.145500	0.095889
0.146000	0.096500
0.146500	0.097145
0.147000	0.097800
0.147500	0.098454
0.148000	0.099096
0.148500	0.099732
0.149000	0.100360
0.149500	0.100990
0.150000	0.101610
0.150500	0.102180
0.151000	0.102680
0.151500	0.103120
0.152000	0.103510
0.152500	0.103860
0.153000	0.104170
0.153500	0.104470
0.154000	0.104740
0.154500	0.104980
0.155000	0.105210
0.155500	0.105440
0.156000	0.105690
0.156500	0.105970
0.157000	0.106280
0.157500	0.106630
0.158000	0.107020
0.158500	0.107460
0.159000	0.107970
0.159500	0.108550
0.160000	0.109200
0.160500	0.109900
0.161000	0.110600
0.161500	0.111300
0.162000	0.112000
0.162500	0.112690
0.163000	0.113390
0.163500	0.114080
0.164000	0.114780
0.164500	0.115420
0.165000	0.115980
0.165500	0.116480
0.166000	0.116970
0.166500	0.117450
0.167000	0.117900
0.167500	0.118350
0.168000	0.118810
0.168500	0.119300
0.169000	0.119840
0.169500	0.120410
0.170000	0.121040
0.170500	0.121710
0.171000	0.122450
0.171500	0.123260
0.172000	0.124110
0.172500	0.125000
0.173000	0.125900
0.173500	0.126850
0.174000	0.127850
0.174500	0.128920
0.175000	0.130010
0.175500	0.131120
0.176000	0.132250
0.176500	0.133400
0.177000	0.134550
0.177500	0.135710
0.178000	0.136860
0.178500	0.138020
0.179000	0.139180
0.179500	0.140340
0.180000	0.141500
0.180500	0.142650
0.181000	0.143680
0.181500	0.144610
0.182000	0.145480
0.182500	0.146320
0.183000	0.147110
0.183500	0.147840
0.184000	0.148500
0.184500	0.149090
0.185000	0.149610
0.185500	0.150040
0.186000	0.150400
0.186500	0.150680
0.187000	0.150900
0.187500	0.151050
0.188000	0.151150
0.188500	0.151200
0.189000	0.151200
0.189500	0.151140
0.190000	0.151020
0.190500	0.150820
0.191000	0.150550
0.191500	0.150200
0.192000	0.149770
0.192500	0.149260
0.193000	0.148690
0.193500	0.148090
0.194000	0.147440
0.194500	0.146720
0.195000	0.145950
0.195500	0.145180
0.196000	0.144390
0.196500	0.143590
0.197000	0.142780
0.197500	0.141980
0.198000	0.141160
0.198500	0.140340
0.199000	0.139500
0.199500	0.138630
0.200000	0.137750
0.200500	0.136850
0.201000	0.135940
0.201500	0.135000
0.202000	0.134040
0.202500	0.133090
0.203000	0.132160
0.203500	0.131270
0.204000	0.130430
0.204500	0.129660
0.205000	0.129070
0.205500	0.128970
0.206000	0.129270
0.206500	0.129800
0.207000	0.130410
0.207500	0.131060
0.208000	0.131840
0.208500	0.132830
0.209000	0.134070
0.209500	0.135340
0.210000	0.136610
0.210500	0.137890
0.211000	0.139170
0.211500	0.140460
0.212000	0.141760
0.212500	0.143050
0.213000	0.144280
0.213500	0.145080
0.214000	0.145480
0.214500	0.145630
0.215000	0.145670
0.215500	0.145570
0.216000	0.145290
0.216500	0.144820
0.217000	0.144130
0.217500	0.143280
0.218000	0.142290
0.218500	0.141110
0.219000	0.139710
0.219500	0.138190
0.220000	0.136600
0.220500	0.134930
0.221000	0.133160
0.221500	0.131300
0.222000	0.129400
0.222500	0.127520
0.223000	0.125710
0.223500	0.123960
0.224000	0.122270
0.224500	0.120610
0.225000	0.119000
0.225500	0.117450
0.226000	0.116000
0.226500	0.114630
0.227000	0.113340
0.227500	0.112140
0.228000	0.111060
0.228500	0.110090
0.229000	0.109220
0.229500	0.108440
0.230000	0.107720
0.230500	0.107080
0.231000	0.106520
0.231500	0.106030
0.232000	0.105580
0.232500	0.105180
0.233000	0.104840
0.233500	0.104560
0.234000	0.104300
0.234500	0.104060
0.235000	0.103870
0.235500	0.103700
0.236000	0.103540
0.236500	0.103410
0.237000	0.103300
0.237500	0.103210
0.238000	0.103140
0.238500	0.103080
0.239000	0.103050
0.239500	0.103040
0.240000	0.103030
0.240500	0.103030
0.241000	0.103040
0.241500	0.103060
0.242000	0.103090
0.242500	0.103130
0.243000	0.103150
0.243500	0.103170
0.244000	0.103180
0.244500	0.103180
0.245000	0.103170
0.245500	0.103140
0.246000	0.103090
0.246500	0.103010
0.247000	0.102890
0.247500	0.102740
0.248000	0.102560
0.248500	0.102370
0.249000	0.102190
0.249500	0.102020
0.250000	0.101860
0.250500	0.101710
0.251000	0.101570
0.251500	0.101440
0.252000	0.101330
0.252500	0.101230
0.253000	0.101130
0.253500	0.101040
0.254000	0.100960
0.254500	0.100880
0.255000	0.100800
0.255500	0.100730
0.256000	0.100670
0.256500	0.100640
0.257000	0.100600
0.257500	0.100550
0.258000	0.100470
0.258500	0.100340
0.259000	0.100180
0.259500	0.099988
0.260000	0.099750
0.260500	0.099457
0.261000	0.099101
0.261500	0.098675
0.262000	0.098208
0.262500	0.097733
0.263000	0.097250
0.263500	0.096760
0.264000	0.096261
0.264500	0.095755
0.265000	0.095252
0.265500	0.094758
0.266000	0.094285
0.266500	0.093839
0.267000	0.093418
0.267500	0.093023
0.268000	0.092648
0.268500	0.092287
0.269000	0.091940
0.269500	0.091605
0.270000	0.091284
0.270500	0.090975
0.271000	0.090666
0.271500	0.090347
0.272000	0.090010
0.272500	0.089661
0.273000	0.089304
0.273500	0.088943
0.274000	0.088569
0.274500	0.088168
0.275000	0.087762
0.275500	0.087376
0.276000	0.087034
0.276500	0.086745
0.277000	0.086499
0.277500	0.086289
0.278000	0.086103
0.278500	0.085937
0.279000	0.085795
0.279500	0.085688
0.280000	0.085616
0.280500	0.085555
0.281000	0.085500
0.281500	0.085453
0.282000	0.085414
0.282500	0.085390
0.283000	0.085370
0.283500	0.085337
0.284000	0.085276
0.284500	0.085179
0.285000	0.085055
0.285500	0.084913
0.286000	0.084757
0.286500	0.084573
0.287000	0.084378
0.287500	0.084199
0.288000	0.084060
0.288500	0.083937
0.289000	0.083822
0.289500	0.083711
0.290000	0.083605
0.290500	0.083511
0.291000	0.083420
0.291500	0.083322
0.292000	0.083204
0.292500	0.083060
0.293000	0.082897
0.293500	0.082723
0.294000	0.082546
0.294500	0.082352
0.295000	0.082145
0.295500	0.081946
0.296000	0.081774
0.296500	0.081631
0.297000	0.081512
0.297500	0.081418
0.298000	0.081347
0.298500	0.081283
0.299000	0.081220
0.299500	0.081157
0.300000	0.081094
0.300500	0.081030
0.301000	0.080967
0.301500	0.080903
0.302000	0.080840
0.302500	0.080779
0.303000	0.080722
0.303500	0.080666
0.304000	0.080612
0.304500	0.080580
0.305000	0.080598
0.305500	0.080672
0.306000	0.080809
0.306500	0.080995
0.307000	0.081210
0.307500	0.081447
0.308000	0.081702
0.308500	0.081970
0.309000	0.082244
0.309500	0.082517
0.310000	0.082780
0.310500	0.083031
0.311000	0.083272
0.311500	0.083505
0.312000	0.083732
0.312500	0.083947
0.313000	0.084137
0.313500	0.084303
0.314000	0.084445
0.314500	0.084556
0.315000	0.084629
0.315500	0.084671
0.316000	0.084693
0.316500	0.084702
0.317000	0.084690
0.317500	0.084652
0.318000	0.084577
0.318500	0.084464
0.319000	0.084324
0.319500	0.084153
0.320000	0.083952
0.320500	0.083723
0.321000	0.083483
0.321500	0.083240
0.322000	0.083001
0.322500	0.082773
0.323000	0.082551
0.323500	0.082339
0.324000	0.082141
0.324500	0.081970
0.325000	0.081860
0.325500	0.081803
0.326000	0.081789
0.326500	0.081803
0.327000	0.081828
0.327500	0.081865
0.328000	0.081915
0.328500	0.081979
0.329000	0.082054
0.329500	0.082134
0.330000	0.082210
0.330500	0.082274
0.331000	0.082320
0.331500	0.082348
0.332000	0.082358
0.332500	0.082349
0.333000	0.082298
0.333500	0.082203
0.334000	0.082065
0.334500	0.081889
0.335000	0.081691
0.335500	0.081473
0.336000	0.081235
0.336500	0.080975
0.337000	0.080689
0.337500	0.080395
0.338000	0.080118
0.338500	0.079876
0.339000	0.079646
0.339500	0.079419
0.340000	0.079195
0.340500	0.078973
0.341000	0.078754
0.341500	0.078537
0.342000	0.078319
0.342500	0.078098
0.343000	0.077858
0.343500	0.077603
0.344000	0.077349
0.344500	0.077110
0.345000	0.076896
0.345500	0.076711
0.346000	0.076564
0.346500	0.076458
0.347000	0.076383
0.347500	0.076328
0.348000	0.076289
0.348500	0.076263
0.349000	0.076236
0.349500	0.076213
0.350000	0.076202
0.350500	0.076212
0.351000	0.076238
0.351500	0.076267
0.352000	0.076298
0.352500	0.076331
0.353000	0.076366
0.353500	0.076403
0.354000	0.076439
0.354500	0.076474
0.355000	0.076501
0.355500	0.076520
0.356000	0.076538
0.356500	0.076561
0.357000	0.076598
0.357500	0.076653
0.358000	0.076724
0.358500	0.076810
0.359000	0.076915
0.359500	0.077040
0.360000	0.077182
0.360500	0.077339
0.361000	0.077512
0.361500	0.077703
0.362000	0.077897
0.362500	0.078079
0.363000	0.078240
0.363500	0.078390
0.364000	0.078525
0.364500	0.078641
0.365000	0.078735
0.365500	0.078816
0.366000	0.078885
0.366500	0.078945
0.367000	0.078998
0.367500	0.079045
0.368000	0.079084
0.368500	0.079119
0.369000	0.079146
0.369500	0.079152
0.370000	0.079141
0.370500	0.079120
0.371000	0.079095
0.371500	0.079055
0.372000	0.078960
0.372500	0.078769
0.373000	0.078469
0.373500	0.078148
0.374000	0.077821
0.374500	0.077492
0.375000	0.077162
0.375500	0.076829
0.376000	0.076495
0.376500	0.076164
0.377000	0.075856
0.377500	0.075637
0.378000	0.075510
0.378500	0.075475
0.379000	0.075514
0.379500	0.075566
0.380000	0.075624
0.380500	0.075686
0.381000	0.075754
0.381500	0.075827
0.382000	0.075901
0.382500	0.075971
0.383000	0.076029
0.383500	0.076060
0.384000	0.076066
0.384500	0.076052
0.385000	0.076024
0.385500	0.075986
0.386000	0.075937
0.386500	0.075874
0.387000	0.075794
0.387500	0.075704
0.388000	0.075612
0.388500	0.075521
0.389000	0.075437
0.389500	0.075358
0.390000	0.075280
0.390500	0.075203
0.391000	0.075123
0.391500	0.075032
0.392000	0.074934
0.392500	0.074838
0.393000	0.074754
0.393500	0.074706
0.394000	0.074693
0.394500	0.074707
0.395000	0.074739
0.395500	0.074802
0.396000	0.074882
0.396500	0.074954
0.397000	0.074992
0.397500	0.075010
0.398000	0.075022
0.398500	0.075027
0.399000	0.075026
0.399500	0.075016
0.400000	0.074999
0.400500	0.074982
0.401000	0.074970
0.401500	0.074962
0.402000	0.074965
0.402500	0.074988
0.403000	0.075045
0.403500	0.075142
0.404000	0.075269
0.404500	0.075413
0.405000	0.075562
0.405500	0.075724
0.406000	0.075899
0.406500	0.076065
0.407000	0.076195
0.407500	0.076294
0.408000	0.076382
0.408500	0.076464
0.409000	0.076542
0.409500	0.076622
0.410000	0.076703
0.410500	0.076781
0.411000	0.076848
0.411500	0.076906
0.412000	0.076961
0.412500	0.077014
0.413000	0.077067
0.413500	0.077120
0.414000	0.077173
0.414500	0.077225
0.415000	0.077277
0.415500	0.077331
0.416000	0.077391
0.416500	0.077453
0.417000	0.077512
0.417500	0.077551
0.418000	0.077531
0.418500	0.077467
0.419000	0.077380
0.419500	0.077276
0.420000	0.077123
0.420500	0.076958
0.421000	0.076823
0.421500	0.076748
0.422000	0.076703
0.422500	0.076685
0.423000	0.076692
0.423500	0.076727
0.424000	0.076784
0.424500	0.076844
0.425000	0.076891
0.425500	0.076912
0.426000	0.076921
0.426500	0.076926
0.427000	0.076935
0.427500	0.076953
0.428000	0.076973
0.428500	0.077004
0.429000	0.077057
0.429500	0.077140
0.430000	0.077236
0.430500	0.077340
0.431000	0.077446
0.431500	0.077552
0.432000	0.077664
0.432500	0.077779
0.433000	0.077890
0.433500	0.077984
0.434000	0.078026
0.434500	0.078024
0.435000	0.077997
0.435500	0.077959
0.436000	0.077894
0.436500	0.077817
0.437000	0.077757
0.437500	0.077736
0.438000	0.077730
0.438500	0.077734
0.439000	0.077749
0.439500	0.077778
0.440000	0.077809
0.440500	0.077841
0.441000	0.077872
0.441500	0.077904
0.442000	0.077935
0.442500	0.077967
0.443000	0.077998
0.443500	0.078031
0.444000	0.078088
0.444500	0.078173
0.445000	0.078273
0.445500	0.078377
0.446000	0.078495
0.446500	0.078622
0.447000	0.078745
0.447500	0.078850
0.448000	0.078937
0.448500	0.079013
0.449000	0.079080
0.449500	0.079138
0.450000	0.079181
0.450500	0.079214
0.451000	0.079249
0.451500	0.079298
0.452000	0.079356
0.452500	0.079424
0.453000	0.079511
0.453500	0.079626
0.454000	0.079758
0.454500	0.079891
0.455000	0.080025
0.455500	0.080160
0.456000	0.080295
0.456500	0.080431
0.457000	0.080566
0.457500	0.080701
0.458000	0.080821
0.458500	0.080919
0.459000	0.080997
0.459500	0.081057
0.460000	0.081109
0.460500	0.081160
0.461000	0.081210
0.461500	0.081262
0.462000	0.081316
0.462500	0.081370
0.463000	0.081424
0.463500	0.081477
0.464000	0.081528
0.464500	0.081576
0.465000	0.081622
0.465500	0.081669
0.466000	0.081719
0.466500	0.081777
0.467000	0.081846
0.467500	0.081932
0.468000	0.082042
0.468500	0.082173
0.469000	0.082322
0.469500	0.082482
0.470000	0.082647
0.470500	0.082813
0.471000	0.082978
0.471500	0.083143
0.472000	0.083309
0.472500	0.083474
0.473000	0.083640
0.473500	0.083805
0.474000	0.083967
0.474500	0.084120
0.475000	0.084258
0.475500	0.084378
0.476000	0.084470
0.476500	0.084510
0.477000	0.084513
0.477500	0.084496
0.478000	0.084468
0.478500	0.084412
0.479000	0.084352
0.479500	0.084315
0.480000	0.084321
0.480500	0.084345
0.481000	0.084384
0.481500	0.084439
0.482000	0.084507
0.482500	0.084579
0.483000	0.084653
0.483500	0.084727
0.484000	0.084804
0.484500	0.084885
0.485000	0.084968
0.485500	0.085052
0.486000	0.085116
0.486500	0.085107
0.487000	0.085070
0.487500	0.085058
0.488000	145.029999
0.488500	1627.699951
0.489000	4347.100098
0.489500	7848.799805
0.490000	11739.000000
0.490500	16261.000000
0.491000	21505.000000
0.491500	27445.000000
