0.000000	0.991580
0.000500	0.991580
0.001000	0.991580
0.001500	0.991580
0.002000	0.991580
0.002500	0.991580
0.003000	0.991580
0.003500	0.991580
0.004000	0.991580
0.004500	0.991580
0.005000	0.991570
0.005500	0.991570
0.006000	0.991570
0.006500	0.991570
0.007000	0.991570
0.007500	0.991570
0.008000	0.991570
0.008500	0.991570
0.009000	0.991570
0.009500	0.991570
0.010000	0.991570
0.010500	0.991570
0.011000	0.991570
0.011500	0.991570
0.012000	0.991570
0.012500	0.991570
0.013000	0.991570
0.013500	0.991570
0.014000	0.991570
0.014500	0.991570
0.015000	0.991570
0.015500	0.991570
0.016000	0.991570
0.016500	0.991580
0.017000	0.991580
0.017500	0.991580
0.018000	0.991580
0.018500	0.991580
0.019000	0.991580
0.019500	0.991580
0.020000	0.991580
0.020500	0.991580
0.021000	0.991580
0.021500	0.991580
0.022000	0.991580
0.022500	0.991580
0.023000	0.991580
0.023500	0.991580
0.024000	0.991580
0.024500	0.991580
0.025000	0.991580
0.025500	0.991580
0.026000	0.991580
0.026500	0.991580
0.027000	0.991580
0.027500	0.991580
0.028000	0.991580
0.028500	0.991580
0.029000	0.991580
0.029500	0.991580
0.030000	0.991580
0.030500	0.991580
0.031000	0.991580
0.031500	0.991580
0.032000	0.991580
0.032500	0.991580
0.033000	0.991580
0.033500	0.991580
0.034000	0.991570
0.034500	0.991570
0.035000	0.991570
0.035500	0.991570
0.036000	0.991570
0.036500	0.991570
0.037000	0.991570
0.037500	0.991570
0.038000	0.991570
0.038500	0.991570
0.039000	0.991570
0.039500	0.991570
0.040000	0.991570
0.040500	0.991570
0.041000	0.991570
0.041500	0.991570
0.042000	0.991570
0.042500	0.991570
0.043000	0.991570
0.043500	0.991570
0.044000	0.991570
0.044500	0.991570
0.045000	0.991570
0.045500	0.991570
0.046000	0.991570
0.046500	0.991570
0.047000	0.991570
0.047500	0.991570
0.048000	0.991570
0.048500	0.991570
0.049000	0.991570
0.049500	0.991560
0.050000	0.991560
0.050500	0.991560
0.051000	0.991550
0.051500	0.991550
0.052000	0.991540
0.052500	0.991540
0.053000	0.991530
0.053500	0.991520
0.054000	0.991510
0.054500	0.991500
0.055000	0.991490
0.055500	0.991480
0.056000	0.991470
0.056500	0.991450
0.057000	0.991440
0.057500	0.991420
0.058000	0.991400
0.058500	0.991370
0.059000	0.991350
0.059500	0.991320
0.060000	0.991280
0.060500	0.991250
0.061000	0.991210
0.061500	0.991170
0.062000	0.991130
0.062500	0.991090
0.063000	0.991040
0.063500	0.991000
0.064000	0.990950
0.064500	0.990900
0.065000	0.990850
0.065500	0.990800
0.066000	0.990740
0.066500	0.990680
0.067000	0.990620
0.067500	0.990560
0.068000	0.990490
0.068500	0.990420
0.069000	0.990350
0.069500	0.990270
0.070000	0.990190
0.070500	0.990100
0.071000	0.990010
0.071500	0.989910
0.072000	0.989810
0.072500	0.989700
0.073000	0.989580
0.073500	0.989460
0.074000	0.989330
0.074500	0.989200
0.075000	0.989060
0.075500	0.988910
0.076000	0.988760
0.076500	0.988600
0.077000	0.988430
0.077500	0.988260
0.078000	0.988080
0.078500	0.987900
0.079000	0.987710
0.079500	0.987510
0.080000	0.987310
0.080500	0.987100
0.081000	0.986900
0.081500	0.986690
0.082000	0.986480
0.082500	0.986280
0.083000	0.986090
0.083500	0.985900
0.084000	0.985730
0.084500	0.985570
0.085000	0.985440
0.085500	0.985330
0.086000	0.985250
0.086500	0.985200
0.087000	0.985190
0.087500	0.985210
0.088000	0.985270
0.088500	0.985370
0.089000	0.985510
0.089500	0.985690
0.090000	0.985920
0.090500	0.986190
0.091000	0.986500
0.091500	0.986860
0.092000	0.987250
0.092500	0.987680
0.093000	0.988140
0.093500	0.988620
0.094000	0.989120
0.094500	0.989630
0.095000	0.990130
0.095500	0.990610
0.096000	0.991080
0.096500	0.991530
0.097000	0.991940
0.097500	0.992320
0.098000	0.992670
0.098500	0.992990
0.099000	0.993270
0.099500	0.993520
0.100000	0.993740
0.100500	0.993930
0.101000	0.994090
0.101500	0.994230
0.102000	0.994340
0.102500	0.994420
0.103000	0.994480
0.103500	0.994520
0.104000	0.994530
0.104500	0.994520
0.105000	0.994470
0.105500	0.994400
0.106000	0.994300
0.106500	0.994160
0.107000	0.993990
0.107500	0.993770
0.108000	0.993520
0.108500	0.993240
0.109000	0.992910
0.109500	0.992540
0.110000	0.992140
0.110500	0.991700
0.111000	0.991230
0.111500	0.990740
0.112000	0.990210
0.112500	0.989670
0.113000	0.989120
0.113500	0.988560
0.114000	0.988000
0.114500	0.987440
0.115000	0.986890
0.115500	0.986360
0.116000	0.985840
0.116500	0.985330
0.117000	0.984850
0.117500	0.984390
0.118000	0.983950
0.118500	0.983520
0.119000	0.983110
0.119500	0.982710
0.120000	0.982310
0.120500	0.981920
0.121000	0.981530
0.121500	0.981140
0.122000	0.980750
0.122500	0.980360
0.123000	0.979970
0.123500	0.979580
0.124000	0.979200
0.124500	0.978810
0.125000	0.978430
0.125500	0.978050
0.126000	0.977680
0.126500	0.977310
0.127000	0.976940
0.127500	0.976570
0.128000	0.976210
0.128500	0.975840
0.129000	0.975470
0.129500	0.975100
0.130000	0.974730
0.130500	0.974360
0.131000	0.973990
0.131500	0.973630
0.132000	0.973260
0.132500	0.972900
0.133000	0.972530
0.133500	0.972170
0.134000	0.971800
0.134500	0.971420
0.135000	0.971040
0.135500	0.970650
0.136000	0.970250
0.136500	0.969840
0.137000	0.969420
0.137500	0.968980
0.138000	0.968540
0.138500	0.968080
0.139000	0.967610
0.139500	0.967140
0.140000	0.966650
0.140500	0.966150
0.141000	0.965640
0.141500	0.965110
0.142000	0.964570
0.142500	0.964020
0.143000	0.963460
0.143500	0.962870
0.144000	0.962270
0.144500	0.961650
0.145000	0.961010
0.145500	0.960350
0.146000	0.959660
0.146500	0.958960
0.147000	0.958230
0.147500	0.957480
0.148000	0.956700
0.148500	0.955900
0.149000	0.955080
0.149500	0.954230
0.150000	0.953360
0.150500	0.952470
0.151000	0.951560
0.151500	0.950620
0.152000	0.949670
0.152500	0.948700
0.153000	0.947720
0.153500	0.946730
0.154000	0.945720
0.154500	0.944720
0.155000	0.943720
0.155500	0.942720
0.156000	0.941750
0.156500	0.940800
0.157000	0.939900
0.157500	0.939060
0.158000	0.938290
0.158500	0.937610
0.159000	0.937010
0.159500	0.936510
0.160000	0.936110
0.160500	0.935800
0.161000	0.935570
0.161500	0.935430
0.162000	0.935360
0.162500	0.935350
0.163000	0.935400
0.163500	0.935500
0.164000	0.935630
0.164500	0.935810
0.165000	0.936030
0.165500	0.936280
0.166000	0.936570
0.166500	0.936880
0.167000	0.937230
0.167500	0.937600
0.168000	0.938000
0.168500	0.938420
0.169000	0.938860
0.169500	0.939310
0.170000	0.939770
0.170500	0.940240
0.171000	0.940710
0.171500	0.941180
0.172000	0.941650
0.172500	0.942110
0.173000	0.942570
0.173500	0.943010
0.174000	0.943450
0.174500	0.943870
0.175000	0.944270
0.175500	0.944670
0.176000	0.945040
0.176500	0.945410
0.177000	0.945750
0.177500	0.946080
0.178000	0.946390
0.178500	0.946680
0.179000	0.946950
0.179500	0.947200
0.180000	0.947440
0.180500	0.947650
0.181000	0.947860
0.181500	0.948040
0.182000	0.948210
0.182500	0.948370
0.183000	0.948520
0.183500	0.948650
0.184000	0.948760
0.184500	0.948860
0.185000	0.948950
0.185500	0.949020
0.186000	0.949080
0.186500	0.949130
0.187000	0.949160
0.187500	0.949190
0.188000	0.949190
0.188500	0.949190
0.189000	0.949170
0.189500	0.949140
0.190000	0.949090
0.190500	0.949030
0.191000	0.948960
0.191500	0.948870
0.192000	0.948770
0.192500	0.948650
0.193000	0.948530
0.193500	0.948390
0.194000	0.948240
0.194500	0.948080
0.195000	0.947900
0.195500	0.947720
0.196000	0.947530
0.196500	0.947330
0.197000	0.947120
0.197500	0.946910
0.198000	0.946700
0.198500	0.946480
0.199000	0.946270
0.199500	0.946050
0.200000	0.945830
0.200500	0.945620
0.201000	0.945420
0.201500	0.945220
0.202000	0.945030
0.202500	0.944850
0.203000	0.944680
0.203500	0.944520
0.204000	0.944370
0.204500	0.944230
0.205000	0.944110
0.205500	0.944010
0.206000	0.943930
0.206500	0.943860
0.207000	0.943820
0.207500	0.943800
0.208000	0.943800
0.208500	0.943820
0.209000	0.943860
0.209500	0.943920
0.210000	0.944000
0.210500	0.944100
0.211000	0.944220
0.211500	0.944360
0.212000	0.944510
0.212500	0.944680
0.213000	0.944860
0.213500	0.945050
0.214000	0.945260
0.214500	0.945480
0.215000	0.945710
0.215500	0.945950
0.216000	0.946200
0.216500	0.946460
0.217000	0.946730
0.217500	0.947000
0.218000	0.947280
0.218500	0.947570
0.219000	0.947860
0.219500	0.948150
0.220000	0.948450
0.220500	0.948740
0.221000	0.949030
0.221500	0.949330
0.222000	0.949620
0.222500	0.949900
0.223000	0.950190
0.223500	0.950470
0.224000	0.950740
0.224500	0.951010
0.225000	0.951260
0.225500	0.951520
0.226000	0.951760
0.226500	0.951990
0.227000	0.952210
0.227500	0.952420
0.228000	0.952630
0.228500	0.952820
0.229000	0.953000
0.229500	0.953170
0.230000	0.953330
0.230500	0.953480
0.231000	0.953620
0.231500	0.953760
0.232000	0.953890
0.232500	0.954020
0.233000	0.954140
0.233500	0.954260
0.234000	0.954370
0.234500	0.954480
0.235000	0.954590
0.235500	0.954690
0.236000	0.954800
0.236500	0.954900
0.237000	0.955000
0.237500	0.955100
0.238000	0.955200
0.238500	0.955300
0.239000	0.955390
0.239500	0.955490
0.240000	0.955590
0.240500	0.955700
0.241000	0.955800
0.241500	0.955910
0.242000	0.956010
0.242500	0.956120
0.243000	0.956230
0.243500	0.956340
0.244000	0.956450
0.244500	0.956560
0.245000	0.956670
0.245500	0.956780
0.246000	0.956890
0.246500	0.956990
0.247000	0.957090
0.247500	0.957190
0.248000	0.957290
0.248500	0.957380
0.249000	0.957470
0.249500	0.957560
0.250000	0.957650
0.250500	0.957730
0.251000	0.957800
0.251500	0.957870
0.252000	0.957930
0.252500	0.957990
0.253000	0.958040
0.253500	0.958070
0.254000	0.958100
0.254500	0.958120
0.255000	0.958130
0.255500	0.958130
0.256000	0.958120
0.256500	0.958100
0.257000	0.958070
0.257500	0.958030
0.258000	0.957980
0.258500	0.957920
0.259000	0.957850
0.259500	0.957770
0.260000	0.957680
0.260500	0.957590
0.261000	0.957480
0.261500	0.957370
0.262000	0.957250
0.262500	0.957120
0.263000	0.956980
0.263500	0.956840
0.264000	0.956700
0.264500	0.956540
0.265000	0.956390
0.265500	0.956230
0.266000	0.956070
0.266500	0.955910
0.267000	0.955750
0.267500	0.955580
0.268000	0.955410
0.268500	0.955240
0.269000	0.955060
0.269500	0.954890
0.270000	0.954710
0.270500	0.954530
0.271000	0.954350
0.271500	0.954170
0.272000	0.953990
0.272500	0.953810
0.273000	0.953630
0.273500	0.953460
0.274000	0.953290
0.274500	0.953130
0.275000	0.952960
0.275500	0.952800
0.276000	0.952640
0.276500	0.952480
0.277000	0.952320
0.277500	0.952160
0.278000	0.952010
0.278500	0.951850
0.279000	0.951690
0.279500	0.951540
0.280000	0.951380
0.280500	0.951220
0.281000	0.951070
0.281500	0.950910
0.282000	0.950750
0.282500	0.950590
0.283000	0.950430
0.283500	0.950270
0.284000	0.950100
0.284500	0.949930
0.285000	0.949760
0.285500	0.949580
0.286000	0.949390
0.286500	0.949200
0.287000	0.949000
0.287500	0.948790
0.288000	0.948570
0.288500	0.948340
0.289000	0.948110
0.289500	0.947870
0.290000	0.947620
0.290500	0.947360
0.291000	0.947100
0.291500	0.946830
0.292000	0.946560
0.292500	0.946290
0.293000	0.946020
0.293500	0.945750
0.294000	0.945480
0.294500	0.945210
0.295000	0.944950
0.295500	0.944680
0.296000	0.944410
0.296500	0.944140
0.297000	0.943880
0.297500	0.943610
0.298000	0.943340
0.298500	0.943070
