0.000000	0.997640
0.000500	0.997640
0.001000	0.997640
0.001500	0.997640
0.002000	0.997640
0.002500	0.997640
0.003000	0.997640
0.003500	0.997640
0.004000	0.997640
0.004500	0.997640
0.005000	0.997640
0.005500	0.997640
0.006000	0.997640
0.006500	0.997640
0.007000	0.997640
0.007500	0.997640
0.008000	0.997640
0.008500	0.997640
0.009000	0.997640
0.009500	0.997640
0.010000	0.997640
0.010500	0.997640
0.011000	0.997640
0.011500	0.997640
0.012000	0.997640
0.012500	0.997640
0.013000	0.997640
0.013500	0.997640
0.014000	0.997640
0.014500	0.997640
0.015000	0.997640
0.015500	0.997640
0.016000	0.997640
0.016500	0.997640
0.017000	0.997640
0.017500	0.997640
0.018000	0.997640
0.018500	0.997640
0.019000	0.997640
0.019500	0.997640
0.020000	0.997640
0.020500	0.997640
0.021000	0.997640
0.021500	0.997640
0.022000	0.997640
0.022500	0.997640
0.023000	0.997640
0.023500	0.997640
0.024000	0.997630
0.024500	0.997630
0.025000	0.997630
0.025500	0.997630
0.026000	0.997630
0.026500	0.997630
0.027000	0.997630
0.027500	0.997630
0.028000	0.997630
0.028500	0.997630
0.029000	0.997630
0.029500	0.997630
0.030000	0.997630
0.030500	0.997630
0.031000	0.997630
0.031500	0.997630
0.032000	0.997630
0.032500	0.997630
0.033000	0.997630
0.033500	0.997630
0.034000	0.997630
0.034500	0.997630
0.035000	0.997630
0.035500	0.997630
0.036000	0.997630
0.036500	0.997630
0.037000	0.997630
0.037500	0.997630
0.038000	0.997630
0.038500	0.997620
0.039000	0.997620
0.039500	0.997620
0.040000	0.997620
0.040500	0.997620
0.041000	0.997620
0.041500	0.997620
0.042000	0.997620
0.042500	0.997620
0.043000	0.997620
0.043500	0.997620
0.044000	0.997620
0.044500	0.997620
0.045000	0.997620
0.045500	0.997620
0.046000	0.997620
0.046500	0.997620
0.047000	0.997620
0.047500	0.997620
0.048000	0.997620
0.048500	0.997620
0.049000	0.997620
0.049500	0.997620
0.050000	0.997620
0.050500	0.997620
0.051000	0.997620
0.051500	0.997620
0.052000	0.997620
0.052500	0.997620
0.053000	0.997620
0.053500	0.997620
0.054000	0.997620
0.054500	0.997610
0.055000	0.997610
0.055500	0.997610
0.056000	0.997610
0.056500	0.997610
0.057000	0.997610
0.057500	0.997610
0.058000	0.997610
0.058500	0.997610
0.059000	0.997610
0.059500	0.997610
0.060000	0.997600
0.060500	0.997600
0.061000	0.997600
0.061500	0.997600
0.062000	0.997600
0.062500	0.997610
0.063000	0.997610
0.063500	0.997610
0.064000	0.997610
0.064500	0.997610
0.065000	0.997620
0.065500	0.997620
0.066000	0.997620
0.066500	0.997630
0.067000	0.997630
0.067500	0.997640
0.068000	0.997640
0.068500	0.997650
0.069000	0.997660
0.069500	0.997670
0.070000	0.997670
0.070500	0.997680
0.071000	0.997690
0.071500	0.997700
0.072000	0.997720
0.072500	0.997730
0.073000	0.997740
0.073500	0.997760
0.074000	0.997780
0.074500	0.997790
0.075000	0.997810
0.075500	0.997830
0.076000	0.997850
0.076500	0.997870
0.077000	0.997900
0.077500	0.997920
0.078000	0.997950
0.078500	0.997970
0.079000	0.998000
0.079500	0.998030
0.080000	0.998060
0.080500	0.998090
0.081000	0.998120
0.081500	0.998160
0.082000	0.998190
0.082500	0.998230
0.083000	0.998260
0.083500	0.998300
0.084000	0.998340
0.084500	0.998380
0.085000	0.998410
0.085500	0.998450
0.086000	0.998490
0.086500	0.998530
0.087000	0.998570
0.087500	0.998610
0.088000	0.998650
0.088500	0.998690
0.089000	0.998720
0.089500	0.998760
0.090000	0.998800
0.090500	0.998840
0.091000	0.998880
0.091500	0.998930
0.092000	0.998970
0.092500	0.999020
0.093000	0.999070
0.093500	0.999130
0.094000	0.999190
0.094500	0.999240
0.095000	0.999300
0.095500	0.999360
0.096000	0.999420
0.096500	0.999470
0.097000	0.999510
0.097500	0.999550
0.098000	0.999590
0.098500	0.999610
0.099000	0.999610
0.099500	0.999600
0.100000	0.999580
0.100500	0.999530
0.101000	0.999450
0.101500	0.999350
0.102000	0.999230
0.102500	0.999070
0.103000	0.998870
0.103500	0.998640
0.104000	0.998370
0.104500	0.998060
0.105000	0.997700
0.105500	0.997300
0.106000	0.996840
0.106500	0.996340
0.107000	0.995780
0.107500	0.995160
0.108000	0.994480
0.108500	0.993740
0.109000	0.992940
0.109500	0.992070
0.110000	0.991130
0.110500	0.990120
0.111000	0.989040
0.111500	0.987890
0.112000	0.986660
0.112500	0.985360
0.113000	0.983980
0.113500	0.982530
0.114000	0.980990
0.114500	0.979380
0.115000	0.977680
0.115500	0.975910
0.116000	0.974050
0.116500	0.972120
0.117000	0.970100
0.117500	0.968010
0.118000	0.965840
0.118500	0.963600
0.119000	0.961280
0.119500	0.958890
0.120000	0.956430
0.120500	0.953910
0.121000	0.951330
0.121500	0.948690
0.122000	0.945990
0.122500	0.943250
0.123000	0.940450
0.123500	0.937600
0.124000	0.934700
0.124500	0.931760
0.125000	0.928780
0.125500	0.925750
0.126000	0.922690
0.126500	0.919600
0.127000	0.916480
0.127500	0.913330
0.128000	0.910150
0.128500	0.906960
0.129000	0.903750
0.129500	0.900510
0.130000	0.897270
0.130500	0.894000
0.131000	0.890730
0.131500	0.887440
0.132000	0.884150
0.132500	0.880860
0.133000	0.877570
0.133500	0.874270
0.134000	0.870980
0.134500	0.867700
0.135000	0.864430
0.135500	0.861160
0.136000	0.857910
0.136500	0.854660
0.137000	0.851430
0.137500	0.848220
0.138000	0.845010
0.138500	0.841830
0.139000	0.838660
0.139500	0.835520
0.140000	0.832410
0.140500	0.829320
0.141000	0.826270
0.141500	0.823240
0.142000	0.820240
0.142500	0.817270
0.143000	0.814330
0.143500	0.811430
0.144000	0.808550
0.144500	0.805710
0.145000	0.802910
0.145500	0.800140
0.146000	0.797400
0.146500	0.794700
0.147000	0.792030
0.147500	0.789400
0.148000	0.786800
0.148500	0.784250
0.149000	0.781740
0.149500	0.779270
0.150000	0.776850
0.150500	0.774490
0.151000	0.772170
0.151500	0.769910
0.152000	0.767700
0.152500	0.765550
0.153000	0.763450
0.153500	0.761400
0.154000	0.759410
0.154500	0.757470
0.155000	0.755580
0.155500	0.753740
0.156000	0.751960
0.156500	0.750220
0.157000	0.748550
0.157500	0.746920
0.158000	0.745360
0.158500	0.743850
0.159000	0.742390
0.159500	0.740980
0.160000	0.739630
0.160500	0.738320
0.161000	0.737060
0.161500	0.735840
0.162000	0.734680
0.162500	0.733560
0.163000	0.732500
0.163500	0.731490
0.164000	0.730540
0.164500	0.729640
0.165000	0.728790
0.165500	0.728000
0.166000	0.727250
0.166500	0.726550
0.167000	0.725900
0.167500	0.725290
0.168000	0.724730
0.168500	0.724220
0.169000	0.723750
0.169500	0.723340
0.170000	0.722980
0.170500	0.722670
0.171000	0.722420
0.171500	0.722220
0.172000	0.722070
0.172500	0.721970
0.173000	0.721930
0.173500	0.721940
0.174000	0.722000
0.174500	0.722120
0.175000	0.722300
0.175500	0.722530
0.176000	0.722810
0.176500	0.723150
0.177000	0.723540
0.177500	0.723990
0.178000	0.724490
0.178500	0.725040
0.179000	0.725640
0.179500	0.726310
0.180000	0.727020
0.180500	0.727790
0.181000	0.728620
0.181500	0.729500
0.182000	0.730440
0.182500	0.731440
0.183000	0.732500
0.183500	0.733610
0.184000	0.734780
0.184500	0.736000
0.185000	0.737280
0.185500	0.738610
0.186000	0.740000
0.186500	0.741430
0.187000	0.742910
0.187500	0.744450
0.188000	0.746030
0.188500	0.747650
0.189000	0.749330
0.189500	0.751050
0.190000	0.752810
0.190500	0.754620
0.191000	0.756470
0.191500	0.758360
0.192000	0.760280
0.192500	0.762240
0.193000	0.764230
0.193500	0.766250
0.194000	0.768300
0.194500	0.770370
0.195000	0.772460
0.195500	0.774580
0.196000	0.776720
0.196500	0.778870
0.197000	0.781040
0.197500	0.783220
0.198000	0.785410
0.198500	0.787620
0.199000	0.789830
0.199500	0.792040
0.200000	0.794260
0.200500	0.796480
0.201000	0.798710
0.201500	0.800930
0.202000	0.803160
0.202500	0.805380
0.203000	0.807600
0.203500	0.809820
0.204000	0.812030
0.204500	0.814230
0.205000	0.816430
0.205500	0.818620
0.206000	0.820790
0.206500	0.822960
0.207000	0.825110
0.207500	0.827250
0.208000	0.829380
0.208500	0.831490
0.209000	0.833590
0.209500	0.835670
0.210000	0.837740
0.210500	0.839800
0.211000	0.841840
0.211500	0.843860
0.212000	0.845870
0.212500	0.847860
0.213000	0.849840
0.213500	0.851810
0.214000	0.853760
0.214500	0.855690
0.215000	0.857610
0.215500	0.859510
0.216000	0.861390
0.216500	0.863260
0.217000	0.865100
0.217500	0.866930
0.218000	0.868750
0.218500	0.870540
0.219000	0.872320
0.219500	0.874070
0.220000	0.875810
0.220500	0.877530
0.221000	0.879230
0.221500	0.880920
0.222000	0.882580
0.222500	0.884230
0.223000	0.885860
0.223500	0.887470
0.224000	0.889070
0.224500	0.890640
0.225000	0.892200
0.225500	0.893740
0.226000	0.895260
0.226500	0.896770
0.227000	0.898250
0.227500	0.899710
0.228000	0.901160
0.228500	0.902590
0.229000	0.904000
0.229500	0.905390
0.230000	0.906760
0.230500	0.908120
0.231000	0.909450
0.231500	0.910770
0.232000	0.912070
0.232500	0.913350
0.233000	0.914620
0.233500	0.915870
0.234000	0.917100
0.234500	0.918310
0.235000	0.919510
0.235500	0.920690
0.236000	0.921850
0.236500	0.922990
0.237000	0.924120
0.237500	0.925240
0.238000	0.926330
0.238500	0.927410
0.239000	0.928470
0.239500	0.929520
0.240000	0.930550
0.240500	0.931570
0.241000	0.932570
0.241500	0.933550
0.242000	0.934530
0.242500	0.935480
0.243000	0.936420
0.243500	0.937350
0.244000	0.938270
0.244500	0.939170
0.245000	0.940050
0.245500	0.940930
0.246000	0.941790
0.246500	0.942640
0.247000	0.943470
0.247500	0.944300
0.248000	0.945110
0.248500	0.945910
0.249000	0.946690
0.249500	0.947460
0.250000	0.948230
0.250500	0.948980
0.251000	0.949710
0.251500	0.950440
0.252000	0.951150
0.252500	0.951850
0.253000	0.952540
0.253500	0.953220
0.254000	0.953890
0.254500	0.954540
0.255000	0.955190
0.255500	0.955820
0.256000	0.956450
0.256500	0.957060
0.257000	0.957660
0.257500	0.958260
0.258000	0.958840
0.258500	0.959410
0.259000	0.959980
0.259500	0.960530
0.260000	0.961080
0.260500	0.961610
0.261000	0.962140
0.261500	0.962660
0.262000	0.963160
0.262500	0.963660
0.263000	0.964150
0.263500	0.964630
0.264000	0.965110
0.264500	0.965570
0.265000	0.966030
0.265500	0.966470
0.266000	0.966910
0.266500	0.967340
0.267000	0.967760
0.267500	0.968170
0.268000	0.968580
0.268500	0.968970
0.269000	0.969360
0.269500	0.969740
0.270000	0.970120
0.270500	0.970480
0.271000	0.970830
0.271500	0.971180
0.272000	0.971520
0.272500	0.971850
0.273000	0.972170
0.273500	0.972490
0.274000	0.972790
0.274500	0.973090
0.275000	0.973380
0.275500	0.973660
0.276000	0.973930
0.276500	0.974200
0.277000	0.974450
0.277500	0.974700
0.278000	0.974940
0.278500	0.975170
0.279000	0.975390
0.279500	0.975600
0.280000	0.975810
0.280500	0.976000
0.281000	0.976190
0.281500	0.976370
0.282000	0.976540
0.282500	0.976710
0.283000	0.976860
0.283500	0.977010
0.284000	0.977140
0.284500	0.977270
0.285000	0.977390
0.285500	0.977510
0.286000	0.977610
0.286500	0.977700
0.287000	0.977790
0.287500	0.977870
0.288000	0.977940
0.288500	0.978000
0.289000	0.978050
0.289500	0.978090
0.290000	0.978130
0.290500	0.978160
0.291000	0.978170
0.291500	0.978180
0.292000	0.978190
0.292500	0.978180
0.293000	0.978170
0.293500	0.978150
0.294000	0.978120
0.294500	0.978080
0.295000	0.978040
0.295500	0.977980
0.296000	0.977930
0.296500	0.977860
0.297000	0.977790
0.297500	0.977710
0.298000	0.977620
0.298500	0.977530
