0.000000	-0.127100
0.000500	-0.127100
0.001000	-0.127100
0.001500	-0.127100
0.002000	-0.127100
0.002500	-0.127100
0.003000	-0.127100
0.003500	-0.127120
0.004000	-0.127190
0.004500	-0.127240
0.005000	-0.127260
0.005500	-0.127250
0.006000	-0.127210
0.006500	-0.127170
0.007000	-0.127110
0.007500	-0.127030
0.008000	-0.126950
0.008500	-0.126870
0.009000	-0.126780
0.009500	-0.126700
0.010000	-0.126620
0.010500	-0.126550
0.011000	-0.126470
0.011500	-0.126400
0.012000	-0.126340
0.012500	-0.126300
0.013000	-0.126280
0.013500	-0.126250
0.014000	-0.126240
0.014500	-0.126250
0.015000	-0.126270
0.015500	-0.126270
0.016000	-0.126230
0.016500	-0.126180
0.017000	-0.126100
0.017500	-0.126010
0.018000	-0.125910
0.018500	-0.125780
0.019000	-0.125650
0.019500	-0.125520
0.020000	-0.125420
0.020500	-0.125340
0.021000	-0.125280
0.021500	-0.125270
0.022000	-0.125310
0.022500	-0.125360
0.023000	-0.125420
0.023500	-0.125490
0.024000	-0.125560
0.024500	-0.125630
0.025000	-0.125720
0.025500	-0.125790
0.026000	-0.125850
0.026500	-0.125850
0.027000	-0.125810
0.027500	-0.125710
0.028000	-0.125580
0.028500	-0.125410
0.029000	-0.125240
0.029500	-0.125080
0.030000	-0.124920
0.030500	-0.124770
0.031000	-0.124620
0.031500	-0.124470
0.032000	-0.124340
0.032500	-0.124230
0.033000	-0.124130
0.033500	-0.124040
0.034000	-0.123930
0.034500	-0.123810
0.035000	-0.123690
0.035500	-0.123560
0.036000	-0.123440
0.036500	-0.123340
0.037000	-0.123260
0.037500	-0.123190
0.038000	-0.123140
0.038500	-0.123090
0.039000	-0.123070
0.039500	-0.123060
0.040000	-0.123070
0.040500	-0.123100
0.041000	-0.123140
0.041500	-0.123190
0.042000	-0.123270
0.042500	-0.123360
0.043000	-0.123470
0.043500	-0.123590
0.044000	-0.123690
0.044500	-0.123770
0.045000	-0.123840
0.045500	-0.123900
0.046000	-0.123950
0.046500	-0.123990
0.047000	-0.124010
0.047500	-0.124010
0.048000	-0.123980
0.048500	-0.123920
0.049000	-0.123840
0.049500	-0.123720
0.050000	-0.123580
0.050500	-0.123430
0.051000	-0.123260
0.051500	-0.123080
0.052000	-0.122890
0.052500	-0.122690
0.053000	-0.122470
0.053500	-0.122250
0.054000	-0.122010
0.054500	-0.121760
0.055000	-0.121490
0.055500	-0.121220
0.056000	-0.120930
0.056500	-0.120630
0.057000	-0.120330
0.057500	-0.120010
0.058000	-0.119690
0.058500	-0.119350
0.059000	-0.118990
0.059500	-0.118620
0.060000	-0.118250
0.060500	-0.117910
0.061000	-0.117580
0.061500	-0.117260
0.062000	-0.116940
0.062500	-0.116640
0.063000	-0.116340
0.063500	-0.116060
0.064000	-0.115770
0.064500	-0.115460
0.065000	-0.115130
0.065500	-0.114790
0.066000	-0.114440
0.066500	-0.114110
0.067000	-0.113790
0.067500	-0.113470
0.068000	-0.113150
0.068500	-0.112840
0.069000	-0.112520
0.069500	-0.112210
0.070000	-0.111900
0.070500	-0.111590
0.071000	-0.111250
0.071500	-0.110860
0.072000	-0.110430
0.072500	-0.109960
0.073000	-0.109450
0.073500	-0.108860
0.074000	-0.108210
0.074500	-0.107510
0.075000	-0.106780
0.075500	-0.106000
0.076000	-0.105160
0.076500	-0.104250
0.077000	-0.103260
0.077500	-0.102220
0.078000	-0.101110
0.078500	-0.099917
0.079000	-0.098648
0.079500	-0.097352
0.080000	-0.096051
0.080500	-0.094761
0.081000	-0.093495
0.081500	-0.092244
0.082000	-0.090994
0.082500	-0.089733
0.083000	-0.088449
0.083500	-0.087136
0.084000	-0.085809
0.084500	-0.084486
0.085000	-0.083181
0.085500	-0.081890
0.086000	-0.080608
0.086500	-0.079336
0.087000	-0.078077
0.087500	-0.076856
0.088000	-0.075658
0.088500	-0.074463
0.089000	-0.073246
0.089500	-0.071984
0.090000	-0.070682
0.090500	-0.069348
0.091000	-0.067982
0.091500	-0.066264
0.092000	-0.064152
0.092500	-0.061799
0.093000	-0.059345
0.093500	-0.056584
0.094000	-0.053404
0.094500	-0.049839
0.095000	-0.045923
0.095500	-0.041552
0.096000	-0.036569
0.096500	-0.030924
0.097000	-0.024569
0.097500	-0.017670
0.098000	-0.010457
0.098500	-0.002976
0.099000	0.004727
0.099500	0.012577
0.100000	0.020583
0.100500	0.028827
0.101000	0.037392
0.101500	0.046380
0.102000	0.055876
0.102500	0.065891
0.103000	0.076431
0.103500	0.087404
0.104000	0.098584
0.104500	0.109920
0.105000	0.121370
0.105500	0.132910
0.106000	0.144570
0.106500	0.156410
0.107000	0.168470
0.107500	0.180890
0.108000	0.193990
0.108500	0.207810
0.109000	0.222330
0.109500	0.237450
0.110000	0.252780
0.110500	0.268230
0.111000	0.283800
0.111500	0.299420
0.112000	0.315040
0.112500	0.330760
0.113000	0.346700
0.113500	0.362990
0.114000	0.379770
0.114500	0.396930
0.115000	0.414300
0.115500	0.431770
0.116000	0.449610
0.116500	0.467540
0.117000	0.485150
0.117500	0.502120
0.118000	0.518890
0.118500	0.535640
0.119000	0.552380
0.119500	0.569150
0.120000	0.585940
0.120500	0.602740
0.121000	0.619540
0.121500	0.636300
0.122000	0.652600
0.122500	0.668300
0.123000	0.683480
0.123500	0.698230
0.124000	0.712570
0.124500	0.726660
0.125000	0.740790
0.125500	0.755220
0.126000	0.769940
0.126500	0.784710
0.127000	0.799490
0.127500	0.814210
0.128000	0.828880
0.128500	0.843490
0.129000	0.857940
0.129500	0.872100
0.130000	0.885860
0.130500	0.899250
0.131000	0.912430
0.131500	0.925550
0.132000	0.938700
0.132500	0.951760
0.133000	0.964740
0.133500	0.977600
0.134000	0.990320
0.134500	1.002700
0.135000	1.014600
0.135500	1.025800
0.136000	1.036500
0.136500	1.047000
0.137000	1.057500
0.137500	1.067900
0.138000	1.078300
0.138500	1.088700
0.139000	1.099100
0.139500	1.109400
0.140000	1.119700
0.140500	1.129900
0.141000	1.139800
0.141500	1.149500
0.142000	1.158900
0.142500	1.168000
0.143000	1.177100
0.143500	1.186200
0.144000	1.195400
0.144500	1.204700
0.145000	1.214100
0.145500	1.223400
0.146000	1.232700
0.146500	1.241900
0.147000	1.250900
0.147500	1.259700
0.148000	1.268100
0.148500	1.276200
0.149000	1.284000
0.149500	1.291700
0.150000	1.299400
0.150500	1.307000
0.151000	1.314500
0.151500	1.321900
0.152000	1.329200
0.152500	1.336300
0.153000	1.343100
0.153500	1.349600
0.154000	1.355800
0.154500	1.361600
0.155000	1.367200
0.155500	1.372600
0.156000	1.377900
0.156500	1.383100
0.157000	1.388100
0.157500	1.392900
0.158000	1.397600
0.158500	1.402000
0.159000	1.406200
0.159500	1.410100
0.160000	1.413800
0.160500	1.417300
0.161000	1.420600
0.161500	1.423800
0.162000	1.426900
0.162500	1.429900
0.163000	1.432900
0.163500	1.435700
0.164000	1.438400
0.164500	1.441000
0.165000	1.443400
0.165500	1.445600
0.166000	1.447600
0.166500	1.449500
0.167000	1.451300
0.167500	1.452900
0.168000	1.454400
0.168500	1.455900
0.169000	1.457200
0.169500	1.458500
0.170000	1.459600
0.170500	1.460700
0.171000	1.461400
0.171500	1.462000
0.172000	1.462400
0.172500	1.462600
0.173000	1.462500
0.173500	1.462200
0.174000	1.461600
0.174500	1.460800
0.175000	1.459700
0.175500	1.458500
0.176000	1.457000
0.176500	1.455300
0.177000	1.453400
0.177500	1.451300
0.178000	1.449000
0.178500	1.446400
0.179000	1.443600
0.179500	1.440700
0.180000	1.437700
0.180500	1.434500
0.181000	1.431300
0.181500	1.428000
0.182000	1.424500
0.182500	1.420800
0.183000	1.416900
0.183500	1.412900
0.184000	1.408600
0.184500	1.404000
0.185000	1.399400
0.185500	1.394800
0.186000	1.390100
0.186500	1.385400
0.187000	1.380600
0.187500	1.375900
0.188000	1.371000
0.188500	1.366100
0.189000	1.361000
0.189500	1.355600
0.190000	1.349900
0.190500	1.344000
0.191000	1.338000
0.191500	1.331900
0.192000	1.325800
0.192500	1.319700
0.193000	1.313500
0.193500	1.307400
0.194000	1.301100
0.194500	1.294800
0.195000	1.288200
0.195500	1.281300
0.196000	1.274300
0.196500	1.267100
0.197000	1.259900
0.197500	1.252700
0.198000	1.245400
0.198500	1.238100
0.199000	1.230700
0.199500	1.223300
0.200000	1.215800
0.200500	1.208300
0.201000	1.201100
0.201500	1.194000
0.202000	1.186900
0.202500	1.179600
0.203000	1.172100
0.203500	1.164500
0.204000	1.156900
0.204500	1.149300
0.205000	1.141700
0.205500	1.134100
0.206000	1.126600
0.206500	1.119000
0.207000	1.111400
0.207500	1.103800
0.208000	1.096200
0.208500	1.088700
0.209000	1.081200
0.209500	1.074000
0.210000	1.067000
0.210500	1.059900
0.211000	1.052500
0.211500	1.045100
0.212000	1.037600
0.212500	1.030100
0.213000	1.022600
0.213500	1.015200
0.214000	1.007700
0.214500	1.000300
0.215000	0.992920
0.215500	0.985810
0.216000	0.978820
0.216500	0.971720
0.217000	0.964300
0.217500	0.956700
0.218000	0.949070
0.218500	0.941430
0.219000	0.933770
0.219500	0.926100
0.220000	0.918430
0.220500	0.910760
0.221000	0.903090
0.221500	0.895440
0.222000	0.887830
0.222500	0.880310
0.223000	0.872940
0.223500	0.865850
0.224000	0.858970
0.224500	0.852110
0.225000	0.845120
0.225500	0.837980
0.226000	0.830820
0.226500	0.823660
0.227000	0.816530
0.227500	0.809400
0.228000	0.802290
0.228500	0.795230
0.229000	0.788270
0.229500	0.781500
0.230000	0.774910
0.230500	0.768390
0.231000	0.761790
0.231500	0.755030
0.232000	0.748200
0.232500	0.741390
0.233000	0.734670
0.233500	0.728070
0.234000	0.721500
0.234500	0.714950
0.235000	0.708420
0.235500	0.701900
0.236000	0.695380
0.236500	0.688860
0.237000	0.682350
0.237500	0.675830
0.238000	0.669320
0.238500	0.662860
0.239000	0.656500
0.239500	0.650330
0.240000	0.644380
0.240500	0.638510
0.241000	0.632620
0.241500	0.626600
0.242000	0.620520
0.242500	0.614440
0.243000	0.608390
0.243500	0.602380
0.244000	0.596460
0.244500	0.590640
0.245000	0.584920
0.245500	0.579340
0.246000	0.573970
0.246500	0.568690
0.247000	0.563360
0.247500	0.557830
0.248000	0.552160
0.248500	0.546450
0.249000	0.540790
0.249500	0.535260
0.250000	0.529840
0.250500	0.524450
0.251000	0.519040
0.251500	0.513560
0.252000	0.507980
0.252500	0.502360
0.253000	0.496760
0.253500	0.491250
0.254000	0.485790
0.254500	0.480370
0.255000	0.474980
0.255500	0.469620
0.256000	0.464280
0.256500	0.458950
0.257000	0.453640
0.257500	0.448330
0.258000	0.443050
0.258500	0.437790
0.259000	0.432550
0.259500	0.427330
0.260000	0.422280
0.260500	0.417330
0.261000	0.412370
0.261500	0.407230
0.262000	0.401950
0.262500	0.396620
0.263000	0.391250
0.263500	0.385870
0.264000	0.380470
0.264500	0.375060
0.265000	0.369640
0.265500	0.364200
0.266000	0.358670
0.266500	0.353060
0.267000	0.347460
0.267500	0.341940
0.268000	0.336560
0.268500	0.331260
0.269000	0.325970
0.269500	0.320630
0.270000	0.315200
0.270500	0.309710
0.271000	0.304220
0.271500	0.298770
0.272000	0.293390
0.272500	0.288080
0.273000	0.282820
0.273500	0.277580
0.274000	0.272360
0.274500	0.267170
0.275000	0.262100
0.275500	0.257230
0.276000	0.252570
0.276500	0.247940
0.277000	0.243340
0.277500	0.238720
0.278000	0.234070
0.278500	0.229390
0.279000	0.224700
0.279500	0.220080
0.280000	0.215560
0.280500	0.211160
0.281000	0.206810
0.281500	0.202480
0.282000	0.198130
0.282500	0.193750
0.283000	0.189390
0.283500	0.185080
0.284000	0.180850
0.284500	0.176660
0.285000	0.172500
0.285500	0.168340
0.286000	0.164160
0.286500	0.159960
0.287000	0.155770
0.287500	0.151570
0.288000	0.147370
0.288500	0.143180
0.289000	0.138930
0.289500	0.134550
0.290000	0.129970
0.290500	0.125130
0.291000	0.120130
0.291500	0.115060
0.292000	0.110020
0.292500	0.104970
0.293000	0.099914
0.293500	0.094827
0.294000	0.089696
0.294500	0.084370
0.295000	0.078912
0.295500	0.073495
0.296000	0.068288
0.296500	0.063225
0.297000	0.058234
0.297500	0.053318
0.298000	0.048482
0.298500	0.043677
0.299000	0.038877
0.299500	0.034080
0.300000	0.029285
0.300500	0.024490
0.301000	0.019705
0.301500	0.014936
0.302000	0.010202
0.302500	0.005789
0.303000	0.001723
0.303500	-0.002139
0.304000	-0.005943
0.304500	-0.009758
0.305000	-0.013518
0.305500	-0.017164
0.306000	-0.020634
0.306500	-0.023963
0.307000	-0.027228
0.307500	-0.030432
0.308000	-0.033578
0.308500	-0.036690
0.309000	-0.039783
0.309500	-0.042848
0.310000	-0.045877
0.310500	-0.048804
0.311000	-0.051642
0.311500	-0.054500
0.312000	-0.057484
0.312500	-0.060614
0.313000	-0.063754
0.313500	-0.066895
0.314000	-0.070034
0.314500	-0.073171
0.315000	-0.076307
0.315500	-0.079441
0.316000	-0.082574
0.316500	-0.085658
0.317000	-0.088615
0.317500	-0.091475
0.318000	-0.094272
0.318500	-0.097026
0.319000	-0.099718
0.319500	-0.102330
0.320000	-0.104850
0.320500	-0.107280
0.321000	-0.109640
0.321500	-0.112000
0.322000	-0.114400
0.322500	-0.116860
0.323000	-0.119340
0.323500	-0.121830
0.324000	-0.124310
0.324500	-0.126770
0.325000	-0.129230
0.325500	-0.131680
0.326000	-0.134120
0.326500	-0.136540
0.327000	-0.138900
0.327500	-0.141170
0.328000	-0.143340
0.328500	-0.145400
0.329000	-0.147270
0.329500	-0.149000
0.330000	-0.150630
0.330500	-0.152200
0.331000	-0.153720
0.331500	-0.155170
0.332000	-0.156560
0.332500	-0.157890
0.333000	-0.159120
0.333500	-0.160260
0.334000	-0.161300
0.334500	-0.162210
0.335000	-0.163020
0.335500	-0.163730
0.336000	-0.164310
0.336500	-0.164790
0.337000	-0.165210
0.337500	-0.165600
0.338000	-0.165930
0.338500	-0.166190
0.339000	-0.166440
0.339500	-0.166670
0.340000	-0.166880
0.340500	-0.167050
0.341000	-0.167170
0.341500	-0.167280
0.342000	-0.167400
0.342500	-0.167550
0.343000	-0.167730
0.343500	-0.167930
0.344000	-0.168130
0.344500	-0.168340
0.345000	-0.168580
0.345500	-0.168840
0.346000	-0.169100
0.346500	-0.169320
0.347000	-0.169470
0.347500	-0.169570
0.348000	-0.169630
0.348500	-0.169660
0.349000	-0.169680
0.349500	-0.169660
0.350000	-0.169600
0.350500	-0.169470
0.351000	-0.169280
0.351500	-0.169080
0.352000	-0.168870
0.352500	-0.168640
0.353000	-0.168390
0.353500	-0.168120
0.354000	-0.167870
0.354500	-0.167680
0.355000	-0.167540
0.355500	-0.167410
0.356000	-0.167280
0.356500	-0.167150
0.357000	-0.167020
0.357500	-0.166890
0.358000	-0.166760
0.358500	-0.166630
0.359000	-0.166460
0.359500	-0.166210
0.360000	-0.165900
0.360500	-0.165520
0.361000	-0.165090
0.361500	-0.164610
0.362000	-0.164130
0.362500	-0.163670
0.363000	-0.163250
0.363500	-0.162830
0.364000	-0.162430
0.364500	-0.162030
0.365000	-0.161660
0.365500	-0.161320
0.366000	-0.160990
0.366500	-0.160650
0.367000	-0.160270
0.367500	-0.159880
0.368000	-0.159440
0.368500	-0.158940
0.369000	-0.158370
0.369500	-0.157780
0.370000	-0.157170
0.370500	-0.156560
0.371000	-0.155970
0.371500	-0.155370
0.372000	-0.154790
0.372500	-0.154230
0.373000	-0.153730
0.373500	-0.153300
0.374000	-0.152940
0.374500	-0.152600
0.375000	-0.152270
0.375500	-0.151940
0.376000	-0.151610
0.376500	-0.151280
0.377000	-0.150930
0.377500	-0.150580
0.378000	-0.150220
0.378500	-0.149860
0.379000	-0.149530
0.379500	-0.149240
0.380000	-0.148950
0.380500	-0.148660
0.381000	-0.148350
0.381500	-0.148020
0.382000	-0.147680
0.382500	-0.147320
0.383000	-0.146950
0.383500	-0.146560
0.384000	-0.146150
0.384500	-0.145730
0.385000	-0.145290
0.385500	-0.144830
0.386000	-0.144380
0.386500	-0.143920
0.387000	-0.143460
0.387500	-0.143000
0.388000	-0.142540
0.388500	-0.142060
0.389000	-0.141560
0.389500	-0.140990
0.390000	-0.140360
0.390500	-0.139690
0.391000	-0.139030
0.391500	-0.138380
0.392000	-0.137710
0.392500	-0.137030
0.393000	-0.136340
0.393500	-0.135640
0.394000	-0.134910
0.394500	-0.134130
0.395000	-0.133270
0.395500	-0.132370
0.396000	-0.131460
0.396500	-0.130550
0.397000	-0.129650
0.397500	-0.128770
0.398000	-0.127880
0.398500	-0.126990
0.399000	-0.126100
0.399500	-0.125170
0.400000	-0.124200
0.400500	-0.123200
0.401000	-0.122170
0.401500	-0.121120
0.402000	-0.120060
0.402500	-0.119000
0.403000	-0.117950
0.403500	-0.116910
0.404000	-0.115870
0.404500	-0.114840
0.405000	-0.113830
0.405500	-0.112850
0.406000	-0.111930
0.406500	-0.111070
0.407000	-0.110270
0.407500	-0.109500
0.408000	-0.108740
0.408500	-0.107980
0.409000	-0.107230
0.409500	-0.106480
0.410000	-0.105740
0.410500	-0.105000
0.411000	-0.104260
0.411500	-0.103530
0.412000	-0.102840
0.412500	-0.102130
0.413000	-0.101400
0.413500	-0.100600
0.414000	-0.099792
0.414500	-0.098974
0.415000	-0.098154
0.415500	-0.097337
0.416000	-0.096517
0.416500	-0.095696
0.417000	-0.094878
0.417500	-0.094083
0.418000	-0.093384
0.418500	-0.092758
0.419000	-0.092177
0.419500	-0.091619
0.420000	-0.091111
0.420500	-0.090658
0.421000	-0.090259
0.421500	-0.089910
0.422000	-0.089601
0.422500	-0.089353
0.423000	-0.089192
0.423500	-0.089122
0.424000	-0.089077
0.424500	-0.089039
0.425000	-0.088996
0.425500	-0.088941
0.426000	-0.088882
0.426500	-0.088814
0.427000	-0.088734
0.427500	-0.088619
0.428000	-0.088404
0.428500	-0.088093
0.429000	-0.087698
0.429500	-0.087239
0.430000	-0.086771
0.430500	-0.086298
0.431000	-0.085820
0.431500	-0.085338
0.432000	-0.084850
0.432500	-0.084361
0.433000	-0.083876
0.433500	-0.083403
0.434000	-0.082955
0.434500	-0.082531
0.435000	-0.082128
0.435500	-0.081741
0.436000	-0.081363
0.436500	-0.080990
0.437000	-0.080621
0.437500	-0.080254
0.438000	-0.079897
0.438500	-0.079547
0.439000	-0.079195
0.439500	-0.078831
0.440000	-0.078420
0.440500	-0.077948
0.441000	-0.077406
0.441500	-0.076786
0.442000	-0.076072
0.442500	-0.075266
0.443000	-0.074377
0.443500	-0.073417
0.444000	-0.072434
0.444500	-0.071447
0.445000	-0.070457
0.445500	-0.069460
0.446000	-0.068461
0.446500	-0.067460
0.447000	-0.066457
0.447500	-0.065450
0.448000	-0.064437
0.448500	-0.063400
0.449000	-0.062322
0.449500	-0.061186
0.450000	-0.060007
0.450500	-0.058811
0.451000	-0.057616
0.451500	-0.056437
0.452000	-0.055267
0.452500	-0.054098
0.453000	-0.052929
0.453500	-0.051755
0.454000	-0.050579
0.454500	-0.049401
0.455000	-0.048222
0.455500	-0.047043
0.456000	-0.045864
0.456500	-0.044682
0.457000	-0.043495
0.457500	-0.042304
0.458000	-0.041076
0.458500	-0.039803
0.459000	-0.038515
0.459500	-0.037246
0.460000	-0.035993
0.460500	-0.034749
0.461000	-0.033539
0.461500	-0.032386
0.462000	-0.031304
0.462500	-0.030275
0.463000	-0.029278
0.463500	-0.028292
0.464000	-0.027301
0.464500	-0.026314
0.465000	-0.025338
0.465500	-0.024384
0.466000	-0.023459
0.466500	-0.022563
0.467000	-0.021694
0.467500	-0.020846
0.468000	-0.020015
0.468500	-0.019197
0.469000	-0.018388
0.469500	-0.017586
0.470000	-0.016794
0.470500	-0.016017
0.471000	-0.015254
0.471500	-0.014502
0.472000	-0.013773
0.472500	-0.013096
0.473000	-0.012467
0.473500	-0.011885
0.474000	-0.011353
0.474500	-0.010874
0.475000	-0.010440
0.475500	-0.010038
0.476000	-0.009659
0.476500	-0.009304
0.477000	-0.008984
0.477500	-0.008707
0.478000	-0.008480
0.478500	-0.008288
0.479000	-0.008143
0.479500	-0.008058
0.480000	-0.008032
0.480500	-0.008019
0.481000	-0.008008
0.481500	-0.007994
0.482000	-0.007976
0.482500	-0.007956
0.483000	-0.007933
0.483500	-0.007904
0.484000	-0.007853
0.484500	-0.007734
0.485000	-0.007578
0.485500	-0.007420
0.486000	-0.007278
0.486500	-0.007104
0.487000	-0.006895
0.487500	-0.006652
0.488000	144.940002
0.488500	1627.599976
0.489000	4347.000000
0.489500	7848.700195
0.490000	11739.000000
0.490500	16261.000000
0.491000	21505.000000
0.491500	27445.000000
