0.000000	-0.004806
0.000500	-0.005495
0.001000	-0.005844
0.001500	-0.006239
0.002000	-0.007096
0.002500	-0.008377
0.003000	-0.009115
0.003500	-0.009868
0.004000	-0.011089
0.004500	-0.012370
0.005000	-0.013223
0.005500	-0.013733
0.006000	-0.014504
0.006500	-0.015243
0.007000	-0.016012
0.007500	-0.016229
0.008000	-0.015811
0.008500	-0.015920
0.009000	-0.016100
0.009500	-0.015731
0.010000	-0.015586
0.010500	-0.015556
0.011000	-0.014971
0.011500	-0.014581
0.012000	-0.014146
0.012500	-0.013640
0.013000	-0.013531
0.013500	-0.013382
0.014000	-0.012657
0.014500	-0.011792
0.015000	-0.011370
0.015500	-0.010784
0.016000	-0.010187
0.016500	-0.009604
0.017000	-0.008813
0.017500	-0.007798
0.018000	-0.006293
0.018500	-0.004930
0.019000	-0.003972
0.019500	-0.002765
0.020000	-0.001660
0.020500	-0.000792
0.021000	0.000273
0.021500	0.001654
0.022000	0.003287
0.022500	0.004785
0.023000	0.005870
0.023500	0.006801
0.024000	0.007661
0.024500	0.008212
0.025000	0.008444
0.025500	0.008752
0.026000	0.008986
0.026500	0.008714
0.027000	0.008320
0.027500	0.008033
0.028000	0.007372
0.028500	0.006566
0.029000	0.005826
0.029500	0.004936
0.030000	0.003735
0.030500	0.002301
0.031000	0.001463
0.031500	0.001023
0.032000	0.000710
0.032500	0.000729
0.033000	0.000856
0.033500	0.000810
0.034000	0.000919
0.034500	0.001736
0.035000	0.002800
0.035500	0.004366
0.036000	0.007136
0.036500	0.011025
0.037000	0.015606
0.037500	0.020975
0.038000	0.028069
0.038500	0.037147
0.039000	0.047770
0.039500	0.059634
0.040000	0.073162
0.040500	0.088850
0.041000	0.106527
0.041500	0.126702
0.042000	0.149856
0.042500	0.176336
0.043000	0.206801
0.043500	0.241305
0.044000	0.279768
0.044500	0.321611
0.045000	0.366995
0.045500	0.416176
0.046000	0.468770
0.046500	0.524694
0.047000	0.584337
0.047500	0.647970
0.048000	0.715402
0.048500	0.786374
0.049000	0.860516
0.049500	0.937459
0.050000	1.017459
0.050500	1.100453
0.051000	1.186376
0.051500	1.275357
0.052000	1.367572
0.052500	1.462781
0.053000	1.560742
0.053500	1.661165
0.054000	1.762714
0.054500	1.865873
0.055000	1.970964
0.055500	2.077663
0.056000	2.186294
0.056500	2.296856
0.057000	2.408866
0.057500	2.521842
0.058000	2.635623
0.058500	2.750691
0.059000	2.867690
0.059500	2.986621
0.060000	3.107321
0.060500	3.230758
0.061000	3.355965
0.061500	3.482299
0.062000	3.610080
0.062500	3.738989
0.063000	3.867575
0.063500	3.996162
0.064000	4.125231
0.064500	4.253174
0.065000	4.378221
0.065500	4.500208
0.066000	4.617369
0.066500	4.728414
0.067000	4.833021
0.067500	4.931030
0.068000	5.021636
0.068500	5.104356
0.069000	5.179030
0.069500	5.245335
0.070000	5.304076
0.070500	5.355093
0.071000	5.399188
0.071500	5.437490
0.072000	5.469999
0.072500	5.496714
0.073000	5.519084
0.073500	5.537109
0.074000	5.549501
0.074500	5.555616
0.075000	5.554973
0.075500	5.546443
0.076000	5.529545
0.076500	5.504279
0.077000	5.469517
0.077500	5.425260
0.078000	5.370220
0.078500	5.303915
0.079000	5.227471
0.079500	5.140889
0.080000	5.044650
0.080500	4.940203
0.081000	4.828515
0.081500	4.711033
0.082000	4.590815
0.082500	4.468826
0.083000	4.345390
0.083500	4.223080
0.084000	4.104793
0.084500	3.988920
0.085000	3.873530
0.085500	3.758784
0.086000	3.644521
0.086500	3.528970
0.087000	3.414384
0.087500	3.305271
0.088000	3.203721
0.088500	3.111023
0.089000	3.033453
0.089500	2.973424
0.090000	2.930294
0.090500	2.904705
0.091000	2.897624
0.091500	2.904061
0.092000	2.916614
0.092500	2.929650
0.093000	2.935122
0.093500	2.921442
0.094000	2.882174
0.094500	2.818605
0.095000	2.734114
0.095500	2.633852
0.096000	2.525222
0.096500	2.416591
0.097000	2.316329
0.097500	2.232160
0.098000	2.170361
0.098500	2.135278
0.099000	2.126748
0.099500	2.145256
0.100000	2.190800
0.100500	2.261289
0.101000	2.353022
0.101500	2.462296
0.102000	2.584124
0.102500	2.711101
0.103000	2.836147
0.103500	2.952502
0.104000	3.053408
0.104500	3.134358
0.105000	3.192456
0.105500	3.226252
0.106000	3.235586
0.106500	3.222389
0.107000	3.189076
0.107500	3.136933
0.108000	3.068858
0.108500	2.988230
0.109000	2.897946
0.109500	2.799454
0.110000	2.698065
0.110500	2.599091
0.111000	2.505749
0.111500	2.422706
0.112000	2.356401
0.112500	2.310535
0.113000	2.286556
0.113500	2.287200
0.114000	2.314076
0.114500	2.366379
0.115000	2.442662
0.115500	2.540510
0.116000	2.655740
0.116500	2.784004
0.117000	2.921603
0.117500	3.062582
0.118000	3.202595
0.118500	3.337940
0.119000	3.465079
0.119500	3.581917
0.120000	3.686363
0.120500	3.776165
0.121000	3.853413
0.121500	3.921006
0.122000	3.981517
0.122500	4.039293
0.123000	4.099803
0.123500	4.167235
0.124000	4.242875
0.124500	4.325917
0.125000	4.414431
0.125500	4.504393
0.126000	4.590332
0.126500	4.669351
0.127000	4.739840
0.127500	4.800673
0.128000	4.853137
0.128500	4.899165
0.129000	4.940686
0.129500	4.978989
0.130000	5.016325
0.130500	5.053501
0.131000	5.089872
0.131500	5.124473
0.132000	5.156338
0.132500	5.182570
0.133000	5.201561
0.133500	5.212021
0.134000	5.213792
0.134500	5.208159
0.135000	5.196089
0.135500	5.179835
0.136000	5.158913
0.136500	5.134130
0.137000	5.107414
0.137500	5.078124
0.138000	5.046259
0.138500	5.011497
0.139000	4.972390
0.139500	4.927007
0.140000	4.873737
0.140500	4.810329
0.141000	4.735173
0.141500	4.648268
0.142000	4.548811
0.142500	4.437927
0.143000	4.317387
0.143500	4.187352
0.144000	4.048144
0.144500	3.901050
0.145000	3.746392
0.145500	3.583687
0.146000	3.413258
0.146500	3.236874
0.147000	3.054857
0.147500	2.867529
0.148000	2.675374
0.148500	2.478229
0.149000	2.276417
0.149500	2.068812
0.150000	1.854608
0.150500	1.633645
0.151000	1.405424
0.151500	1.172198
0.152000	0.936864
0.152500	0.700853
0.153000	0.465583
0.153500	0.230281
0.154000	-0.007218
0.154500	-0.251814
0.155000	-0.501536
0.155500	-0.744692
0.156000	-0.968873
0.156500	-1.163845
0.157000	-1.318536
0.157500	-1.426458
0.158000	-1.491942
0.158500	-1.523309
0.159000	-1.529456
0.159500	-1.519333
0.160000	-1.502017
0.160500	-1.486471
0.161000	-1.478166
0.161500	-1.478472
0.162000	-1.488965
0.162500	-1.507360
0.163000	-1.528973
0.163500	-1.551665
0.164000	-1.570688
0.164500	-1.579893
0.165000	-1.577077
0.165500	-1.561611
0.166000	-1.533093
0.166500	-1.493085
0.167000	-1.444595
0.167500	-1.389974
0.168000	-1.331201
0.168500	-1.271639
0.169000	-1.214170
0.169500	-1.159565
0.170000	-1.109755
0.170500	-1.067188
0.171000	-1.031944
0.171500	-1.003523
0.172000	-0.982344
0.172500	-0.968358
0.173000	-0.959266
0.173500	-0.953359
0.174000	-0.950302
0.174500	-0.947904
0.175000	-0.944846
0.175500	-0.941096
0.176000	-0.936896
0.176500	-0.932438
0.177000	-0.927111
0.177500	-0.921897
0.178000	-0.916377
0.178500	-0.908040
0.179000	-0.896437
0.179500	-0.880440
0.180000	-0.857684
0.180500	-0.829166
0.181000	-0.796947
0.181500	-0.761880
0.182000	-0.726265
0.182500	-0.692581
0.183000	-0.662213
0.183500	-0.635401
0.184000	-0.611760
0.184500	-0.590710
0.185000	-0.570738
0.185500	-0.550557
0.186000	-0.531196
0.186500	-0.512383
0.187000	-0.494471
0.187500	-0.479102
0.188000	-0.467032
0.188500	-0.459162
0.189000	-0.455557
0.189500	-0.457102
0.190000	-0.464424
0.190500	-0.475786
0.191000	-0.490158
0.191500	-0.509309
0.192000	-0.533143
0.192500	-0.560100
0.193000	-0.590275
0.193500	-0.623943
0.194000	-0.659799
0.194500	-0.697007
0.195000	-0.735728
0.195500	-0.775479
0.196000	-0.814650
0.196500	-0.853065
0.197000	-0.891062
0.197500	-0.927159
0.198000	-0.961116
0.198500	-0.993400
0.199000	-1.023189
0.199500	-1.049292
0.200000	-1.072258
0.200500	-1.092841
0.201000	-1.110351
0.201500	-1.124883
0.202000	-1.137275
0.202500	-1.147945
0.203000	-1.156539
0.203500	-1.162928
0.204000	-1.167273
0.204500	-1.168512
0.205000	-1.166324
0.205500	-1.161238
0.206000	-1.153546
0.206500	-1.143278
0.207000	-1.130757
0.207500	-1.116675
0.208000	-1.101033
0.208500	-1.084312
0.209000	-1.067832
0.209500	-1.052447
0.210000	-1.038912
0.210500	-1.027824
0.211000	-1.019278
0.211500	-1.013275
0.212000	-1.008608
0.212500	-1.004440
0.213000	-1.000674
0.213500	-0.995975
0.214000	-0.989473
0.214500	-0.981217
0.215000	-0.971207
0.215500	-0.958896
0.216000	-0.944878
0.216500	-0.930281
0.217000	-0.915234
0.217500	-0.899543
0.218000	-0.884672
0.218500	-0.871669
0.219000	-0.858698
0.219500	-0.845227
0.220000	-0.831435
0.220500	-0.816774
0.221000	-0.801775
0.221500	-0.786631
0.222000	-0.770924
0.222500	-0.755474
0.223000	-0.740668
0.223500	-0.727086
0.224000	-0.715176
0.224500	-0.704925
0.225000	-0.696717
0.225500	-0.690328
0.226000	-0.686224
0.226500	-0.684341
0.227000	-0.684196
0.227500	-0.685243
0.228000	-0.685870
0.228500	-0.685516
0.229000	-0.683842
0.229500	-0.679658
0.230000	-0.672915
0.230500	-0.663549
0.231000	-0.650835
0.231500	-0.635369
0.232000	-0.617875
0.232500	-0.598193
0.233000	-0.576451
0.233500	-0.554258
0.234000	-0.532403
0.234500	-0.510500
0.235000	-0.489112
0.235500	-0.469011
0.236000	-0.450874
0.236500	-0.434201
0.237000	-0.418864
0.237500	-0.404766
0.238000	-0.390379
0.238500	-0.374736
0.239000	-0.358320
0.239500	-0.340746
0.240000	-0.320903
0.240500	-0.300223
0.241000	-0.280283
0.241500	-0.261551
0.242000	-0.244652
0.242500	-0.230007
0.243000	-0.217535
0.243500	-0.206833
0.244000	-0.197547
0.244500	-0.189854
0.245000	-0.182918
0.245500	-0.175660
0.246000	-0.168579
0.246500	-0.161321
0.247000	-0.152683
0.247500	-0.142068
0.248000	-0.129517
0.248500	-0.114724
0.249000	-0.097605
0.249500	-0.078719
0.250000	-0.058451
0.250500	-0.036733
0.251000	-0.014398
0.251500	0.006752
0.252000	0.025984
0.252500	0.043256
0.253000	0.058403
0.253500	0.070618
0.254000	0.080197
0.254500	0.088120
0.255000	0.094644
0.255500	0.101265
0.256000	0.108636
0.256500	0.115886
0.257000	0.122927
0.257500	0.129340
0.258000	0.134657
0.258500	0.139089
0.259000	0.142223
0.259500	0.144678
0.260000	0.146751
0.260500	0.148320
0.261000	0.151410
0.261500	0.156058
0.262000	0.162383
0.262500	0.171395
0.263000	0.183256
0.263500	0.198561
0.264000	0.217245
0.264500	0.239132
0.265000	0.263997
0.265500	0.290728
0.266000	0.318183
0.266500	0.345864
0.267000	0.373207
0.267500	0.399182
0.268000	0.423483
0.268500	0.446609
0.269000	0.468367
0.269500	0.489514
0.270000	0.510790
0.270500	0.533111
0.271000	0.557718
0.271500	0.586477
0.272000	0.619581
0.272500	0.654520
0.273000	0.690473
0.273500	0.727665
0.274000	0.764422
0.274500	0.798605
0.275000	0.830180
0.275500	0.860162
0.276000	0.887762
0.276500	0.912096
0.277000	0.935270
0.277500	0.958702
0.278000	0.981990
0.278500	1.005921
0.279000	1.030817
0.279500	1.055617
0.280000	1.079870
0.280500	1.103704
0.281000	1.126283
0.281500	1.146416
0.282000	1.164039
0.282500	1.179569
0.283000	1.192106
0.283500	1.200828
0.284000	1.206316
0.284500	1.208344
0.285000	1.205914
0.285500	1.200377
0.286000	1.192942
0.286500	1.182578
0.287000	1.169575
0.287500	1.155589
0.288000	1.141476
0.288500	1.128569
0.289000	1.119460
0.289500	1.115291
0.290000	1.115114
0.290500	1.118961
0.291000	1.127152
0.291500	1.139126
0.292000	1.154753
0.292500	1.173920
0.293000	1.196000
0.293500	1.220237
0.294000	1.245793
0.294500	1.271543
0.295000	1.297485
0.295500	1.322269
0.296000	1.345009
0.296500	1.366156
0.297000	1.385130
0.297500	1.401208
0.298000	1.414629
0.298500	1.426056
