0.000000	0.012779
0.000500	-0.012646
0.001000	-0.012206
0.001500	0.007640
0.002000	0.004045
0.002500	-0.013855
0.003000	0.018006
0.003500	0.007774
0.004000	0.003162
0.004500	0.000279
0.005000	-0.006054
0.005500	-0.013669
0.006000	-0.015580
0.006500	-0.009087
0.007000	0.009704
0.007500	0.004550
0.008000	-0.011834
0.008500	-0.008676
0.009000	-0.006925
0.009500	0.012152
0.010000	-0.000409
0.010500	0.000618
0.011000	-0.007140
0.011500	-0.000063
0.012000	-0.009292
0.012500	0.000181
0.013000	0.002265
0.013500	-0.009852
0.014000	-0.016871
0.014500	-0.001336
0.015000	-0.018411
0.015500	0.014365
0.016000	0.000986
0.016500	-0.007473
0.017000	-0.011034
0.017500	-0.005986
0.018000	-0.014074
0.018500	-0.010412
0.019000	-0.015591
0.019500	-0.015701
0.020000	-0.012189
0.020500	-0.029607
0.021000	-0.022268
0.021500	-0.011896
0.022000	-0.012302
0.022500	-0.008739
0.023000	-0.019237
0.023500	-0.027453
0.024000	-0.019994
0.024500	-0.020873
0.025000	-0.024420
0.025500	-0.046952
0.026000	-0.027703
0.026500	-0.043764
0.027000	-0.024059
0.027500	-0.038705
0.028000	-0.031976
0.028500	-0.025503
0.029000	-0.027568
0.029500	-0.036327
0.030000	-0.033692
0.030500	-0.034661
0.031000	-0.025594
0.031500	-0.013005
0.032000	-0.034000
0.032500	-0.013349
0.033000	-0.022308
0.033500	-0.017042
0.034000	-0.030546
0.034500	-0.015578
0.035000	-0.016731
0.035500	-0.019825
0.036000	-0.020769
0.036500	-0.009457
0.037000	-0.026558
0.037500	-0.006712
0.038000	-0.002847
0.038500	-0.034077
0.039000	-0.033084
0.039500	-0.024640
0.040000	-0.020040
0.040500	-0.019365
0.041000	-0.022809
0.041500	-0.026664
0.042000	-0.034458
0.042500	-0.035616
0.043000	-0.029303
0.043500	-0.046139
0.044000	-0.058418
0.044500	-0.063546
0.045000	-0.070397
0.045500	-0.067991
0.046000	-0.096800
0.046500	-0.093558
0.047000	-0.113780
0.047500	-0.136890
0.048000	-0.178240
0.048500	-0.189880
0.049000	-0.209760
0.049500	-0.254490
0.050000	-0.293900
0.050500	-0.301190
0.051000	-0.367500
0.051500	-0.387900
0.052000	-0.447290
0.052500	-0.498330
0.053000	-0.568870
0.053500	-0.631030
0.054000	-0.707430
0.054500	-0.771150
0.055000	-0.813300
0.055500	-0.898610
0.056000	-0.952170
0.056500	-0.984260
0.057000	-1.026300
0.057500	-1.059700
0.058000	-1.087800
0.058500	-1.090700
0.059000	-1.109700
0.059500	-1.164600
0.060000	-1.207400
0.060500	-1.267300
0.061000	-1.321600
0.061500	-1.351300
0.062000	-1.368000
0.062500	-1.393700
0.063000	-1.434700
0.063500	-1.511500
0.064000	-1.600200
0.064500	-1.706700
0.065000	-1.794400
0.065500	-1.879500
0.066000	-1.987100
0.066500	-2.080600
0.067000	-2.188800
0.067500	-2.302300
0.068000	-2.416000
0.068500	-2.517800
0.069000	-2.581800
0.069500	-2.635500
0.070000	-2.673900
0.070500	-2.711900
0.071000	-2.713000
0.071500	-2.706000
0.072000	-2.725900
0.072500	-2.731300
0.073000	-2.782800
0.073500	-2.800200
0.074000	-2.851000
0.074500	-2.927200
0.075000	-2.975000
0.075500	-3.017500
0.076000	-3.097100
0.076500	-3.163500
0.077000	-3.256000
0.077500	-3.359000
0.078000	-3.475300
0.078500	-3.605200
0.079000	-3.770900
0.079500	-3.929700
0.080000	-4.144600
0.080500	-4.332900
0.081000	-4.584600
0.081500	-4.862600
0.082000	-5.163600
0.082500	-5.543000
0.083000	-5.973900
0.083500	-6.497000
0.084000	-7.039800
0.084500	-7.696600
0.085000	-8.417900
0.085500	-9.178800
0.086000	-10.083000
0.086500	-11.178000
0.087000	-12.414000
0.087500	-13.844000
0.088000	-15.321000
0.088500	-16.768000
0.089000	-17.688999
0.089500	-18.091000
0.090000	-18.590000
0.090500	-18.445999
0.091000	-17.922001
0.091500	-17.086000
0.092000	-16.183001
0.092500	-16.341000
0.093000	-15.723000
0.093500	-15.345000
0.094000	-14.998000
0.094500	-15.011000
0.095000	-15.368000
0.095500	-15.336000
0.096000	-15.219000
0.096500	-14.767000
0.097000	-14.069000
0.097500	-13.236000
0.098000	-12.383000
0.098500	-11.485000
0.099000	-10.850000
0.099500	-10.178000
0.100000	-9.711100
0.100500	-9.309500
0.101000	-8.839100
0.101500	-8.432700
0.102000	-7.874700
0.102500	-7.199000
0.103000	-6.444300
0.103500	-5.614900
0.104000	-4.799700
0.104500	-3.925600
0.105000	-3.105100
0.105500	-2.412100
0.106000	-1.769400
0.106500	-1.244700
0.107000	-0.866920
0.107500	-0.453330
0.108000	-0.201590
0.108500	0.031332
0.109000	0.270700
0.109500	0.379920
0.110000	0.508750
0.110500	0.618520
0.111000	0.792290
0.111500	0.871540
0.112000	0.968570
0.112500	0.997080
0.113000	1.022200
0.113500	0.992440
0.114000	0.986730
0.114500	0.955850
0.115000	0.874990
0.115500	0.811610
0.116000	0.686820
0.116500	0.494640
0.117000	0.248790
0.117500	-0.015132
0.118000	-0.322120
0.118500	-0.640780
0.119000	-0.994200
0.119500	-1.322100
0.120000	-1.595400
0.120500	-1.789200
0.121000	-1.901300
0.121500	-1.904100
0.122000	-1.828700
0.122500	-1.714400
0.123000	-1.548500
0.123500	-1.410600
0.124000	-1.291100
0.124500	-1.237800
0.125000	-1.224100
0.125500	-1.205600
0.126000	-1.146200
0.126500	-1.045900
0.127000	-0.875780
0.127500	-0.630510
0.128000	-0.375400
0.128500	-0.095900
0.129000	0.216520
0.129500	0.515340
0.130000	0.818540
0.130500	1.094700
0.131000	1.367800
0.131500	1.627200
0.132000	1.915900
0.132500	2.204000
0.133000	2.506100
0.133500	2.777300
0.134000	3.093500
0.134500	3.618900
0.135000	3.935500
0.135500	4.310500
0.136000	4.710800
0.136500	5.033000
0.137000	5.349500
0.137500	5.553400
0.138000	5.834400
0.138500	6.152100
0.139000	6.514300
0.139500	6.904100
0.140000	7.287200
0.140500	7.659900
0.141000	7.947300
0.141500	8.199300
0.142000	8.518500
0.142500	8.882600
0.143000	9.263800
0.143500	9.668400
0.144000	10.101000
0.144500	10.503000
0.145000	10.821000
0.145500	11.083000
0.146000	11.308000
0.146500	11.557000
0.147000	11.835000
0.147500	12.121000
0.148000	12.369000
0.148500	12.606000
0.149000	12.826000
0.149500	13.077000
0.150000	13.286000
0.150500	13.491000
0.151000	13.712000
0.151500	13.905000
0.152000	14.081000
0.152500	14.286000
0.153000	14.404000
0.153500	14.548000
0.154000	14.687000
0.154500	14.817000
0.155000	14.950000
0.155500	15.074000
0.156000	15.272000
0.156500	15.447000
0.157000	15.480000
0.157500	15.452000
0.158000	15.387000
0.158500	15.304000
0.159000	15.198000
0.159500	15.094000
0.160000	15.003000
0.160500	14.887000
0.161000	14.819000
0.161500	14.748000
0.162000	14.734000
0.162500	14.704000
0.163000	14.618000
0.163500	14.488000
0.164000	14.289000
0.164500	14.036000
0.165000	13.743000
0.165500	13.469000
0.166000	13.189000
0.166500	12.948000
0.167000	12.706000
0.167500	12.501000
0.168000	12.327000
0.168500	12.169000
0.169000	12.029000
0.169500	11.870000
0.170000	11.677000
0.170500	11.419000
0.171000	11.189000
0.171500	10.958000
0.172000	10.750000
0.172500	10.552000
0.173000	10.371000
0.173500	10.185000
0.174000	10.011000
0.174500	9.794900
0.175000	9.570600
0.175500	9.328900
0.176000	9.073200
0.176500	8.821100
0.177000	8.588300
0.177500	8.372400
0.178000	8.164000
0.178500	7.979700
0.179000	7.783000
0.179500	7.611500
0.180000	7.445800
0.180500	7.272100
0.181000	7.108700
0.181500	6.950100
0.182000	6.794800
0.182500	6.598100
0.183000	6.399600
0.183500	6.189900
0.184000	5.965800
0.184500	5.735900
0.185000	5.491000
0.185500	5.259900
0.186000	5.053900
0.186500	4.876900
0.187000	4.709400
0.187500	4.596100
0.188000	4.486500
0.188500	4.377500
0.189000	4.249700
0.189500	4.117800
0.190000	3.973900
0.190500	3.817800
0.191000	3.677100
0.191500	3.524500
0.192000	3.412200
0.192500	3.293900
0.193000	3.181800
0.193500	3.081700
0.194000	2.973800
0.194500	2.867300
0.195000	2.771500
0.195500	2.696400
0.196000	2.618500
0.196500	2.548200
0.197000	2.460900
0.197500	2.381300
0.198000	2.288000
0.198500	2.214700
0.199000	2.146900
0.199500	2.089100
0.200000	2.032700
0.200500	1.970600
0.201000	1.905800
0.201500	1.814500
0.202000	1.717500
0.202500	1.628400
0.203000	1.544700
0.203500	1.454800
0.204000	1.372400
0.204500	1.310800
0.205000	1.231600
0.205500	1.162700
0.206000	1.083200
0.206500	1.021500
0.207000	0.935320
0.207500	0.861610
0.208000	0.781860
0.208500	0.700200
0.209000	0.619240
0.209500	0.536880
0.210000	0.458960
0.210500	0.378690
0.211000	0.294760
0.211500	0.213380
0.212000	0.143620
0.212500	0.059220
0.213000	-0.007153
0.213500	-0.077066
0.214000	-0.152080
0.214500	-0.218990
0.215000	-0.286240
0.215500	-0.343790
0.216000	-0.408810
0.216500	-0.452600
0.217000	-0.509650
0.217500	-0.553020
0.218000	-0.589970
0.218500	-0.643310
0.219000	-0.688940
0.219500	-0.734210
0.220000	-0.779490
0.220500	-0.827580
0.221000	-0.870650
0.221500	-0.919930
0.222000	-0.951230
0.222500	-1.016900
0.223000	-1.045400
0.223500	-1.095300
0.224000	-1.143900
0.224500	-1.187100
0.225000	-1.233600
0.225500	-1.272900
0.226000	-1.326200
0.226500	-1.356200
0.227000	-1.393700
0.227500	-1.430000
0.228000	-1.436300
0.228500	-1.454300
0.229000	-1.470300
0.229500	-1.505600
0.230000	-1.521100
0.230500	-1.547800
0.231000	-1.548300
0.231500	-1.579800
0.232000	-1.610500
0.232500	-1.632900
0.233000	-1.654300
0.233500	-1.686400
0.234000	-1.721000
0.234500	-1.739700
0.235000	-1.760500
0.235500	-1.785800
0.236000	-1.799700
0.236500	-1.801400
0.237000	-1.831000
0.237500	-1.841500
0.238000	-1.868700
0.238500	-1.894500
0.239000	-1.916900
0.239500	-1.944300
0.240000	-1.986700
0.240500	-2.018200
0.241000	-2.049300
0.241500	-2.090100
0.242000	-2.136000
0.242500	-2.167400
0.243000	-2.210700
0.243500	-2.241300
0.244000	-2.285500
0.244500	-2.307200
0.245000	-2.335600
0.245500	-2.373300
0.246000	-2.387000
0.246500	-2.422700
0.247000	-2.449100
0.247500	-2.455800
0.248000	-2.500100
0.248500	-2.526600
0.249000	-2.558700
0.249500	-2.590400
0.250000	-2.626900
0.250500	-2.657800
0.251000	-2.688300
0.251500	-2.716500
0.252000	-2.758900
0.252500	-2.801900
0.253000	-2.838400
0.253500	-2.887600
0.254000	-2.928000
0.254500	-2.994100
0.255000	-3.012200
0.255500	-3.067600
0.256000	-3.111200
0.256500	-3.159000
0.257000	-3.204000
0.257500	-3.219100
0.258000	-3.248700
0.258500	-3.275000
0.259000	-3.310800
0.259500	-3.301200
0.260000	-3.302800
0.260500	-3.299600
0.261000	-3.310300
0.261500	-3.290300
0.262000	-3.263700
0.262500	-3.245500
0.263000	-3.229500
0.263500	-3.220000
0.264000	-3.205800
0.264500	-3.184300
0.265000	-3.196300
0.265500	-3.172300
0.266000	-3.177800
0.266500	-3.181400
0.267000	-3.203800
0.267500	-3.207600
0.268000	-3.199300
0.268500	-3.195500
0.269000	-3.210800
0.269500	-3.188000
0.270000	-3.174500
0.270500	-3.160800
0.271000	-3.143700
0.271500	-3.092500
0.272000	-3.081900
0.272500	-3.027400
0.273000	-2.995400
0.273500	-2.936100
0.274000	-2.910900
0.274500	-2.853900
0.275000	-2.830700
0.275500	-2.787300
0.276000	-2.744300
0.276500	-2.707400
0.277000	-2.684600
0.277500	-2.659800
0.278000	-2.639100
0.278500	-2.627900
0.279000	-2.627300
0.279500	-2.606200
0.280000	-2.603100
0.280500	-2.625600
0.281000	-2.639200
0.281500	-2.637000
0.282000	-2.654200
0.282500	-2.687600
0.283000	-2.702700
0.283500	-2.713700
0.284000	-2.753300
0.284500	-2.764400
0.285000	-2.779100
0.285500	-2.779900
0.286000	-2.776100
0.286500	-2.754500
0.287000	-2.737600
0.287500	-2.702800
0.288000	-2.655100
0.288500	-2.587800
0.289000	-2.544800
0.289500	-2.467600
0.290000	-2.396500
0.290500	-2.313500
0.291000	-2.241400
0.291500	-2.147600
0.292000	-2.074600
0.292500	-2.016700
0.293000	-1.952100
0.293500	-1.901900
0.294000	-1.830400
0.294500	-1.743500
0.295000	-1.676900
0.295500	-1.604600
0.296000	-1.542600
0.296500	-1.483800
0.297000	-1.403500
0.297500	-1.367800
0.298000	-1.317200
0.298500	-1.243000
