0.000000	0.241540
0.000500	0.241540
0.001000	0.241540
0.001500	0.241540
0.002000	0.241540
0.002500	0.241540
0.003000	0.241550
0.003500	0.241550
0.004000	0.241560
0.004500	0.241570
0.005000	0.241570
0.005500	0.241580
0.006000	0.241590
0.006500	0.241600
0.007000	0.241610
0.007500	0.241610
0.008000	0.241620
0.008500	0.241620
0.009000	0.241630
0.009500	0.241630
0.010000	0.241630
0.010500	0.241630
0.011000	0.241630
0.011500	0.241620
0.012000	0.241620
0.012500	0.241610
0.013000	0.241610
0.013500	0.241600
0.014000	0.241600
0.014500	0.241590
0.015000	0.241580
0.015500	0.241570
0.016000	0.241570
0.016500	0.241560
0.017000	0.241550
0.017500	0.241550
0.018000	0.241540
0.018500	0.241530
0.019000	0.241530
0.019500	0.241520
0.020000	0.241520
0.020500	0.241510
0.021000	0.241510
0.021500	0.241510
0.022000	0.241510
0.022500	0.241500
0.023000	0.241500
0.023500	0.241500
0.024000	0.241490
0.024500	0.241490
0.025000	0.241490
0.025500	0.241490
0.026000	0.241490
0.026500	0.241490
0.027000	0.241490
0.027500	0.241490
0.028000	0.241490
0.028500	0.241500
0.029000	0.241500
0.029500	0.241510
0.030000	0.241520
0.030500	0.241530
0.031000	0.241540
0.031500	0.241550
0.032000	0.241560
0.032500	0.241570
0.033000	0.241590
0.033500	0.241600
0.034000	0.241610
0.034500	0.241620
0.035000	0.241630
0.035500	0.241640
0.036000	0.241650
0.036500	0.241660
0.037000	0.241670
0.037500	0.241680
0.038000	0.241690
0.038500	0.241690
0.039000	0.241700
0.039500	0.241700
0.040000	0.241700
0.040500	0.241700
0.041000	0.241700
0.041500	0.241690
0.042000	0.241690
0.042500	0.241690
0.043000	0.241680
0.043500	0.241680
0.044000	0.241680
0.044500	0.241670
0.045000	0.241670
0.045500	0.241670
0.046000	0.241670
0.046500	0.241680
0.047000	0.241690
0.047500	0.241700
0.048000	0.241710
0.048500	0.241730
0.049000	0.241760
0.049500	0.241790
0.050000	0.241840
0.050500	0.241890
0.051000	0.241950
0.051500	0.242020
0.052000	0.242100
0.052500	0.242200
0.053000	0.242300
0.053500	0.242420
0.054000	0.242550
0.054500	0.242700
0.055000	0.242860
0.055500	0.243040
0.056000	0.243250
0.056500	0.243480
0.057000	0.243750
0.057500	0.244050
0.058000	0.244410
0.058500	0.244800
0.059000	0.245250
0.059500	0.245740
0.060000	0.246270
0.060500	0.246850
0.061000	0.247470
0.061500	0.248130
0.062000	0.248830
0.062500	0.249550
0.063000	0.250300
0.063500	0.251080
0.064000	0.251880
0.064500	0.252710
0.065000	0.253560
0.065500	0.254450
0.066000	0.255360
0.066500	0.256310
0.067000	0.257310
0.067500	0.258340
0.068000	0.259430
0.068500	0.260570
0.069000	0.261770
0.069500	0.263040
0.070000	0.264380
0.070500	0.265790
0.071000	0.267280
0.071500	0.268840
0.072000	0.270490
0.072500	0.272220
0.073000	0.274030
0.073500	0.275920
0.074000	0.277900
0.074500	0.279950
0.075000	0.282090
0.075500	0.284310
0.076000	0.286620
0.076500	0.289000
0.077000	0.291470
0.077500	0.294010
0.078000	0.296630
0.078500	0.299320
0.079000	0.302080
0.079500	0.304900
0.080000	0.307760
0.080500	0.310660
0.081000	0.313580
0.081500	0.316490
0.082000	0.319370
0.082500	0.322190
0.083000	0.324910
0.083500	0.327490
0.084000	0.329890
0.084500	0.332050
0.085000	0.333940
0.085500	0.335500
0.086000	0.336710
0.086500	0.337530
0.087000	0.337940
0.087500	0.337900
0.088000	0.337390
0.088500	0.336400
0.089000	0.334900
0.089500	0.332870
0.090000	0.330290
0.090500	0.327140
0.091000	0.323420
0.091500	0.319120
0.092000	0.314250
0.092500	0.308850
0.093000	0.302940
0.093500	0.296610
0.094000	0.289930
0.094500	0.283020
0.095000	0.275990
0.095500	0.268950
0.096000	0.262010
0.096500	0.255270
0.097000	0.248800
0.097500	0.242680
0.098000	0.236940
0.098500	0.231630
0.099000	0.226760
0.099500	0.222350
0.100000	0.218400
0.100500	0.214910
0.101000	0.211870
0.101500	0.209270
0.102000	0.207100
0.102500	0.205340
0.103000	0.204020
0.103500	0.203130
0.104000	0.202700
0.104500	0.202770
0.105000	0.203370
0.105500	0.204540
0.106000	0.206310
0.106500	0.208720
0.107000	0.211780
0.107500	0.215500
0.108000	0.219870
0.108500	0.224860
0.109000	0.230440
0.109500	0.236550
0.110000	0.243150
0.110500	0.250150
0.111000	0.257490
0.111500	0.265070
0.112000	0.272810
0.112500	0.280630
0.113000	0.288430
0.113500	0.296160
0.114000	0.303720
0.114500	0.311070
0.115000	0.318140
0.115500	0.324910
0.116000	0.331350
0.116500	0.337450
0.117000	0.343210
0.117500	0.348640
0.118000	0.353770
0.118500	0.358630
0.119000	0.363270
0.119500	0.367720
0.120000	0.372040
0.120500	0.376240
0.121000	0.380380
0.121500	0.384450
0.122000	0.388480
0.122500	0.392470
0.123000	0.396410
0.123500	0.400310
0.124000	0.404140
0.124500	0.407910
0.125000	0.411610
0.125500	0.415230
0.126000	0.418770
0.126500	0.422260
0.127000	0.425690
0.127500	0.429100
0.128000	0.432470
0.128500	0.435840
0.129000	0.439180
0.129500	0.442520
0.130000	0.445830
0.130500	0.449130
0.131000	0.452390
0.131500	0.455630
0.132000	0.458840
0.132500	0.462020
0.133000	0.465190
0.133500	0.468350
0.134000	0.471530
0.134500	0.474730
0.135000	0.477970
0.135500	0.481260
0.136000	0.484610
0.136500	0.488030
0.137000	0.491520
0.137500	0.495080
0.138000	0.498700
0.138500	0.502400
0.139000	0.506160
0.139500	0.509980
0.140000	0.513870
0.140500	0.517820
0.141000	0.521840
0.141500	0.525930
0.142000	0.530100
0.142500	0.534350
0.143000	0.538690
0.143500	0.543120
0.144000	0.547650
0.144500	0.552270
0.145000	0.557010
0.145500	0.561850
0.146000	0.566810
0.146500	0.571890
0.147000	0.577080
0.147500	0.582390
0.148000	0.587800
0.148500	0.593330
0.149000	0.598950
0.149500	0.604670
0.150000	0.610490
0.150500	0.616390
0.151000	0.622370
0.151500	0.628430
0.152000	0.634540
0.152500	0.640710
0.153000	0.646900
0.153500	0.653110
0.154000	0.659300
0.154500	0.665460
0.155000	0.671550
0.155500	0.677530
0.156000	0.683340
0.156500	0.688930
0.157000	0.694210
0.157500	0.699110
0.158000	0.703560
0.158500	0.707510
0.159000	0.710920
0.159500	0.713770
0.160000	0.716070
0.160500	0.717850
0.161000	0.719130
0.161500	0.719970
0.162000	0.720400
0.162500	0.720490
0.163000	0.720270
0.163500	0.719770
0.164000	0.719030
0.164500	0.718070
0.165000	0.716900
0.165500	0.715530
0.166000	0.713960
0.166500	0.712210
0.167000	0.710270
0.167500	0.708170
0.168000	0.705920
0.168500	0.703530
0.169000	0.701020
0.169500	0.698420
0.170000	0.695740
0.170500	0.693000
0.171000	0.690240
0.171500	0.687460
0.172000	0.684690
0.172500	0.681940
0.173000	0.679220
0.173500	0.676550
0.174000	0.673940
0.174500	0.671380
0.175000	0.668900
0.175500	0.666490
0.176000	0.664150
0.176500	0.661910
0.177000	0.659750
0.177500	0.657690
0.178000	0.655740
0.178500	0.653890
0.179000	0.652150
0.179500	0.650520
0.180000	0.648990
0.180500	0.647560
0.181000	0.646220
0.181500	0.644980
0.182000	0.643820
0.182500	0.642750
0.183000	0.641760
0.183500	0.640870
0.184000	0.640070
0.184500	0.639350
0.185000	0.638730
0.185500	0.638200
0.186000	0.637750
0.186500	0.637400
0.187000	0.637120
0.187500	0.636940
0.188000	0.636840
0.188500	0.636830
0.189000	0.636910
0.189500	0.637090
0.190000	0.637360
0.190500	0.637730
0.191000	0.638190
0.191500	0.638750
0.192000	0.639390
0.192500	0.640130
0.193000	0.640960
0.193500	0.641870
0.194000	0.642860
0.194500	0.643930
0.195000	0.645060
0.195500	0.646250
0.196000	0.647500
0.196500	0.648800
0.197000	0.650140
0.197500	0.651500
0.198000	0.652890
0.198500	0.654280
0.199000	0.655670
0.199500	0.657060
0.200000	0.658420
0.200500	0.659750
0.201000	0.661050
0.201500	0.662300
0.202000	0.663490
0.202500	0.664620
0.203000	0.665680
0.203500	0.666670
0.204000	0.667580
0.204500	0.668390
0.205000	0.669110
0.205500	0.669710
0.206000	0.670200
0.206500	0.670570
0.207000	0.670810
0.207500	0.670920
0.208000	0.670900
0.208500	0.670740
0.209000	0.670440
0.209500	0.670020
0.210000	0.669470
0.210500	0.668800
0.211000	0.668020
0.211500	0.667130
0.212000	0.666140
0.212500	0.665060
0.213000	0.663900
0.213500	0.662640
0.214000	0.661310
0.214500	0.659900
0.215000	0.658420
0.215500	0.656870
0.216000	0.655240
0.216500	0.653560
0.217000	0.651820
0.217500	0.650030
0.218000	0.648190
0.218500	0.646320
0.219000	0.644430
0.219500	0.642520
0.220000	0.640590
0.220500	0.638660
0.221000	0.636730
0.221500	0.634810
0.222000	0.632900
0.222500	0.631000
0.223000	0.629120
0.223500	0.627280
0.224000	0.625460
0.224500	0.623690
0.225000	0.621970
0.225500	0.620290
0.226000	0.618680
0.226500	0.617130
0.227000	0.615640
0.227500	0.614230
0.228000	0.612890
0.228500	0.611620
0.229000	0.610430
0.229500	0.609290
0.230000	0.608220
0.230500	0.607210
0.231000	0.606250
0.231500	0.605340
0.232000	0.604470
0.232500	0.603640
0.233000	0.602840
0.233500	0.602070
0.234000	0.601320
0.234500	0.600590
0.235000	0.599880
0.235500	0.599190
0.236000	0.598510
0.236500	0.597840
0.237000	0.597180
0.237500	0.596530
0.238000	0.595890
0.238500	0.595240
0.239000	0.594600
0.239500	0.593950
0.240000	0.593290
0.240500	0.592610
0.241000	0.591930
0.241500	0.591230
0.242000	0.590520
0.242500	0.589800
0.243000	0.589070
0.243500	0.588330
0.244000	0.587600
0.244500	0.586870
0.245000	0.586150
0.245500	0.585430
0.246000	0.584730
0.246500	0.584050
0.247000	0.583380
0.247500	0.582730
0.248000	0.582090
0.248500	0.581470
0.249000	0.580870
0.249500	0.580300
0.250000	0.579750
0.250500	0.579230
0.251000	0.578740
0.251500	0.578290
0.252000	0.577890
0.252500	0.577540
0.253000	0.577250
0.253500	0.577010
0.254000	0.576830
0.254500	0.576720
0.255000	0.576680
0.255500	0.576700
0.256000	0.576790
0.256500	0.576950
0.257000	0.577180
0.257500	0.577460
0.258000	0.577810
0.258500	0.578230
0.259000	0.578700
0.259500	0.579240
0.260000	0.579840
0.260500	0.580490
0.261000	0.581210
0.261500	0.581980
0.262000	0.582800
0.262500	0.583670
0.263000	0.584590
0.263500	0.585540
0.264000	0.586530
0.264500	0.587550
0.265000	0.588590
0.265500	0.589650
0.266000	0.590730
0.266500	0.591820
0.267000	0.592940
0.267500	0.594060
0.268000	0.595200
0.268500	0.596360
0.269000	0.597530
0.269500	0.598720
0.270000	0.599920
0.270500	0.601130
0.271000	0.602340
0.271500	0.603550
0.272000	0.604750
0.272500	0.605940
0.273000	0.607100
0.273500	0.608250
0.274000	0.609370
0.274500	0.610480
0.275000	0.611560
0.275500	0.612630
0.276000	0.613690
0.276500	0.614740
0.277000	0.615790
0.277500	0.616820
0.278000	0.617850
0.278500	0.618880
0.279000	0.619900
0.279500	0.620920
0.280000	0.621940
0.280500	0.622950
0.281000	0.623970
0.281500	0.624980
0.282000	0.626000
0.282500	0.627030
0.283000	0.628060
0.283500	0.629110
0.284000	0.630180
0.284500	0.631260
0.285000	0.632380
0.285500	0.633520
0.286000	0.634710
0.286500	0.635940
0.287000	0.637210
0.287500	0.638540
0.288000	0.639920
0.288500	0.641350
0.289000	0.642840
0.289500	0.644370
0.290000	0.645940
0.290500	0.647550
0.291000	0.649180
0.291500	0.650840
0.292000	0.652500
0.292500	0.654180
0.293000	0.655850
0.293500	0.657510
0.294000	0.659170
0.294500	0.660820
0.295000	0.662460
0.295500	0.664100
0.296000	0.665730
0.296500	0.667360
0.297000	0.668990
0.297500	0.670620
0.298000	0.672260
0.298500	0.673910
