0.000000	0.122230
0.000500	0.122230
0.001000	0.122230
0.001500	0.122230
0.002000	0.122230
0.002500	0.122230
0.003000	0.122230
0.003500	0.122220
0.004000	0.122170
0.004500	0.122120
0.005000	0.122080
0.005500	0.122030
0.006000	0.121980
0.006500	0.121920
0.007000	0.121870
0.007500	0.121820
0.008000	0.121790
0.008500	0.121790
0.009000	0.121810
0.009500	0.121860
0.010000	0.121930
0.010500	0.122000
0.011000	0.122070
0.011500	0.122130
0.012000	0.122200
0.012500	0.122270
0.013000	0.122330
0.013500	0.122390
0.014000	0.122450
0.014500	0.122470
0.015000	0.122470
0.015500	0.122450
0.016000	0.122410
0.016500	0.122370
0.017000	0.122320
0.017500	0.122260
0.018000	0.122190
0.018500	0.122120
0.019000	0.122050
0.019500	0.121980
0.020000	0.121920
0.020500	0.121870
0.021000	0.121840
0.021500	0.121810
0.022000	0.121810
0.022500	0.121800
0.023000	0.121800
0.023500	0.121790
0.024000	0.121790
0.024500	0.121780
0.025000	0.121780
0.025500	0.121760
0.026000	0.121740
0.026500	0.121710
0.027000	0.121670
0.027500	0.121630
0.028000	0.121590
0.028500	0.121560
0.029000	0.121520
0.029500	0.121490
0.030000	0.121460
0.030500	0.121440
0.031000	0.121430
0.031500	0.121430
0.032000	0.121430
0.032500	0.121440
0.033000	0.121450
0.033500	0.121470
0.034000	0.121490
0.034500	0.121530
0.035000	0.121580
0.035500	0.121640
0.036000	0.121680
0.036500	0.121700
0.037000	0.121710
0.037500	0.121710
0.038000	0.121700
0.038500	0.121670
0.039000	0.121640
0.039500	0.121610
0.040000	0.121590
0.040500	0.121570
0.041000	0.121550
0.041500	0.121540
0.042000	0.121520
0.042500	0.121510
0.043000	0.121500
0.043500	0.121490
0.044000	0.121480
0.044500	0.121480
0.045000	0.121470
0.045500	0.121470
0.046000	0.121470
0.046500	0.121470
0.047000	0.121460
0.047500	0.121460
0.048000	0.121460
0.048500	0.121470
0.049000	0.121470
0.049500	0.121470
0.050000	0.121480
0.050500	0.121480
0.051000	0.121500
0.051500	0.121520
0.052000	0.121540
0.052500	0.121560
0.053000	0.121580
0.053500	0.121610
0.054000	0.121650
0.054500	0.121680
0.055000	0.121730
0.055500	0.121780
0.056000	0.121850
0.056500	0.121930
0.057000	0.122030
0.057500	0.122130
0.058000	0.122240
0.058500	0.122360
0.059000	0.122480
0.059500	0.122600
0.060000	0.122720
0.060500	0.122850
0.061000	0.122990
0.061500	0.123140
0.062000	0.123290
0.062500	0.123460
0.063000	0.123640
0.063500	0.123830
0.064000	0.124040
0.064500	0.124250
0.065000	0.124470
0.065500	0.124690
0.066000	0.124930
0.066500	0.125180
0.067000	0.125450
0.067500	0.125720
0.068000	0.126000
0.068500	0.126280
0.069000	0.126560
0.069500	0.126840
0.070000	0.127130
0.070500	0.127410
0.071000	0.127720
0.071500	0.128070
0.072000	0.128470
0.072500	0.128900
0.073000	0.129380
0.073500	0.129960
0.074000	0.130610
0.074500	0.131330
0.075000	0.132070
0.075500	0.132840
0.076000	0.133690
0.076500	0.134640
0.077000	0.135700
0.077500	0.136770
0.078000	0.137850
0.078500	0.138930
0.079000	0.140000
0.079500	0.141080
0.080000	0.142150
0.080500	0.143220
0.081000	0.144250
0.081500	0.145150
0.082000	0.145930
0.082500	0.146650
0.083000	0.147330
0.083500	0.147860
0.084000	0.148220
0.084500	0.148460
0.085000	0.148590
0.085500	0.148500
0.086000	0.148170
0.086500	0.147620
0.087000	0.146870
0.087500	0.145900
0.088000	0.144700
0.088500	0.143280
0.089000	0.141650
0.089500	0.139910
0.090000	0.138020
0.090500	0.135890
0.091000	0.133450
0.091500	0.130840
0.092000	0.128180
0.092500	0.125540
0.093000	0.122950
0.093500	0.120410
0.094000	0.117880
0.094500	0.115370
0.095000	0.112870
0.095500	0.110460
0.096000	0.108170
0.096500	0.105980
0.097000	0.103850
0.097500	0.101910
0.098000	0.100220
0.098500	0.098745
0.099000	0.097427
0.099500	0.096300
0.100000	0.095414
0.100500	0.094745
0.101000	0.094266
0.101500	0.093977
0.102000	0.093922
0.102500	0.094116
0.103000	0.094573
0.103500	0.095290
0.104000	0.096240
0.104500	0.097422
0.105000	0.098839
0.105500	0.100440
0.106000	0.102180
0.106500	0.104090
0.107000	0.106240
0.107500	0.108630
0.108000	0.111110
0.108500	0.113710
0.109000	0.116450
0.109500	0.119350
0.110000	0.122280
0.110500	0.125210
0.111000	0.128130
0.111500	0.131040
0.112000	0.133930
0.112500	0.136830
0.113000	0.139730
0.113500	0.142640
0.114000	0.145610
0.114500	0.148600
0.115000	0.151600
0.115500	0.154540
0.116000	0.157410
0.116500	0.160170
0.117000	0.162810
0.117500	0.165310
0.118000	0.167670
0.118500	0.169930
0.119000	0.172110
0.119500	0.174250
0.120000	0.176360
0.120500	0.178430
0.121000	0.180460
0.121500	0.182440
0.122000	0.184360
0.122500	0.186190
0.123000	0.187910
0.123500	0.189510
0.124000	0.191010
0.124500	0.192430
0.125000	0.193790
0.125500	0.195090
0.126000	0.196360
0.126500	0.197610
0.127000	0.198820
0.127500	0.199990
0.128000	0.201120
0.128500	0.202230
0.129000	0.203310
0.129500	0.204340
0.130000	0.205330
0.130500	0.206310
0.131000	0.207290
0.131500	0.208280
0.132000	0.209280
0.132500	0.210290
0.133000	0.211310
0.133500	0.212330
0.134000	0.213350
0.134500	0.214390
0.135000	0.215440
0.135500	0.216490
0.136000	0.217550
0.136500	0.218650
0.137000	0.219770
0.137500	0.220920
0.138000	0.222100
0.138500	0.223400
0.139000	0.224800
0.139500	0.226280
0.140000	0.227850
0.140500	0.229500
0.141000	0.231210
0.141500	0.232960
0.142000	0.234750
0.142500	0.236570
0.143000	0.238440
0.143500	0.240390
0.144000	0.242440
0.144500	0.244580
0.145000	0.246800
0.145500	0.249100
0.146000	0.251460
0.146500	0.253880
0.147000	0.256320
0.147500	0.258720
0.148000	0.261070
0.148500	0.263400
0.149000	0.265720
0.149500	0.268040
0.150000	0.270370
0.150500	0.272710
0.151000	0.275050
0.151500	0.277390
0.152000	0.279720
0.152500	0.281950
0.153000	0.284060
0.153500	0.286060
0.154000	0.288000
0.154500	0.289780
0.155000	0.291400
0.155500	0.292900
0.156000	0.294300
0.156500	0.295600
0.157000	0.296790
0.157500	0.297860
0.158000	0.298780
0.158500	0.299570
0.159000	0.300210
0.159500	0.300720
0.160000	0.301110
0.160500	0.301390
0.161000	0.301550
0.161500	0.301610
0.162000	0.301550
0.162500	0.301380
0.163000	0.301080
0.163500	0.300650
0.164000	0.300070
0.164500	0.299350
0.165000	0.298500
0.165500	0.297540
0.166000	0.296470
0.166500	0.295300
0.167000	0.294090
0.167500	0.292770
0.168000	0.291300
0.168500	0.289680
0.169000	0.288000
0.169500	0.286270
0.170000	0.284510
0.170500	0.282710
0.171000	0.280850
0.171500	0.278990
0.172000	0.277180
0.172500	0.275440
0.173000	0.273760
0.173500	0.272120
0.174000	0.270520
0.174500	0.268930
0.175000	0.267370
0.175500	0.265830
0.176000	0.264320
0.176500	0.262850
0.177000	0.261440
0.177500	0.260070
0.178000	0.258740
0.178500	0.257430
0.179000	0.256170
0.179500	0.254960
0.180000	0.253820
0.180500	0.252760
0.181000	0.251780
0.181500	0.250850
0.182000	0.249960
0.182500	0.249110
0.183000	0.248280
0.183500	0.247490
0.184000	0.246720
0.184500	0.245990
0.185000	0.245310
0.185500	0.244680
0.186000	0.244090
0.186500	0.243560
0.187000	0.243080
0.187500	0.242660
0.188000	0.242270
0.188500	0.241920
0.189000	0.241610
0.189500	0.241330
0.190000	0.241100
0.190500	0.240920
0.191000	0.240800
0.191500	0.240720
0.192000	0.240680
0.192500	0.240710
0.193000	0.240770
0.193500	0.240860
0.194000	0.240960
0.194500	0.241100
0.195000	0.241270
0.195500	0.241450
0.196000	0.241630
0.196500	0.241810
0.197000	0.241980
0.197500	0.242130
0.198000	0.242280
0.198500	0.242420
0.199000	0.242530
0.199500	0.242580
0.200000	0.242570
0.200500	0.242480
0.201000	0.242340
0.201500	0.242150
0.202000	0.241940
0.202500	0.241720
0.203000	0.241480
0.203500	0.241170
0.204000	0.240860
0.204500	0.240620
0.205000	0.240500
0.205500	0.240530
0.206000	0.240660
0.206500	0.240860
0.207000	0.241070
0.207500	0.241290
0.208000	0.241510
0.208500	0.241750
0.209000	0.242000
0.209500	0.242270
0.210000	0.242560
0.210500	0.242850
0.211000	0.243100
0.211500	0.243240
0.212000	0.243260
0.212500	0.243160
0.213000	0.242930
0.213500	0.242470
0.214000	0.241810
0.214500	0.241000
0.215000	0.240080
0.215500	0.239110
0.216000	0.238060
0.216500	0.236870
0.217000	0.235520
0.217500	0.234080
0.218000	0.232580
0.218500	0.231000
0.219000	0.229330
0.219500	0.227620
0.220000	0.225900
0.220500	0.224170
0.221000	0.222440
0.221500	0.220680
0.222000	0.218910
0.222500	0.217150
0.223000	0.215430
0.223500	0.213790
0.224000	0.212200
0.224500	0.210660
0.225000	0.209110
0.225500	0.207580
0.226000	0.206060
0.226500	0.204560
0.227000	0.203080
0.227500	0.201640
0.228000	0.200260
0.228500	0.198950
0.229000	0.197720
0.229500	0.196550
0.230000	0.195410
0.230500	0.194290
0.231000	0.193190
0.231500	0.192110
0.232000	0.191030
0.232500	0.189960
0.233000	0.188920
0.233500	0.187900
0.234000	0.186900
0.234500	0.185920
0.235000	0.184970
0.235500	0.184030
0.236000	0.183100
0.236500	0.182170
0.237000	0.181250
0.237500	0.180330
0.238000	0.179410
0.238500	0.178500
0.239000	0.177590
0.239500	0.176690
0.240000	0.175810
0.240500	0.174940
0.241000	0.174050
0.241500	0.173130
0.242000	0.172180
0.242500	0.171210
0.243000	0.170230
0.243500	0.169230
0.244000	0.168230
0.244500	0.167220
0.245000	0.166210
0.245500	0.165200
0.246000	0.164170
0.246500	0.163140
0.247000	0.162100
0.247500	0.161050
0.248000	0.159940
0.248500	0.158790
0.249000	0.157660
0.249500	0.156600
0.250000	0.155580
0.250500	0.154600
0.251000	0.153650
0.251500	0.152710
0.252000	0.151790
0.252500	0.150900
0.253000	0.150040
0.253500	0.149210
0.254000	0.148420
0.254500	0.147700
0.255000	0.147030
0.255500	0.146410
0.256000	0.145840
0.256500	0.145330
0.257000	0.144880
0.257500	0.144490
0.258000	0.144140
0.258500	0.143810
0.259000	0.143520
0.259500	0.143280
0.260000	0.143060
0.260500	0.142840
0.261000	0.142640
0.261500	0.142460
0.262000	0.142290
0.262500	0.142130
0.263000	0.141980
0.263500	0.141860
0.264000	0.141760
0.264500	0.141680
0.265000	0.141630
0.265500	0.141620
0.266000	0.141640
0.266500	0.141660
0.267000	0.141680
0.267500	0.141710
0.268000	0.141750
0.268500	0.141780
0.269000	0.141820
0.269500	0.141860
0.270000	0.141880
0.270500	0.141890
0.271000	0.141890
0.271500	0.141870
0.272000	0.141850
0.272500	0.141800
0.273000	0.141730
0.273500	0.141650
0.274000	0.141540
0.274500	0.141420
0.275000	0.141290
0.275500	0.141180
0.276000	0.141080
0.276500	0.140980
0.277000	0.140890
0.277500	0.140820
0.278000	0.140750
0.278500	0.140700
0.279000	0.140650
0.279500	0.140590
0.280000	0.140530
0.280500	0.140470
0.281000	0.140410
0.281500	0.140340
0.282000	0.140270
0.282500	0.140170
0.283000	0.140070
0.283500	0.139980
0.284000	0.139900
0.284500	0.139840
0.285000	0.139790
0.285500	0.139760
0.286000	0.139750
0.286500	0.139770
0.287000	0.139840
0.287500	0.139930
0.288000	0.140050
0.288500	0.140190
0.289000	0.140360
0.289500	0.140570
0.290000	0.140830
0.290500	0.141100
0.291000	0.141380
0.291500	0.141670
0.292000	0.141960
0.292500	0.142260
0.293000	0.142560
0.293500	0.142860
0.294000	0.143160
0.294500	0.143440
0.295000	0.143700
0.295500	0.143950
0.296000	0.144180
0.296500	0.144390
0.297000	0.144550
0.297500	0.144660
0.298000	0.144720
0.298500	0.144740
0.299000	0.144760
0.299500	0.144770
0.300000	0.144790
0.300500	0.144820
0.301000	0.144860
0.301500	0.144900
0.302000	0.144950
0.302500	0.145030
0.303000	0.145160
0.303500	0.145330
0.304000	0.145530
0.304500	0.145740
0.305000	0.145980
0.305500	0.146250
0.306000	0.146560
0.306500	0.146910
0.307000	0.147260
0.307500	0.147620
0.308000	0.148000
0.308500	0.148390
0.309000	0.148790
0.309500	0.149180
0.310000	0.149570
0.310500	0.149950
0.311000	0.150330
0.311500	0.150710
0.312000	0.151080
0.312500	0.151460
0.313000	0.151820
0.313500	0.152180
0.314000	0.152530
0.314500	0.152870
0.315000	0.153180
0.315500	0.153460
0.316000	0.153730
0.316500	0.153970
0.317000	0.154190
0.317500	0.154370
0.318000	0.154510
0.318500	0.154620
0.319000	0.154710
0.319500	0.154780
0.320000	0.154810
0.320500	0.154820
0.321000	0.154820
0.321500	0.154820
0.322000	0.154810
0.322500	0.154790
0.323000	0.154770
0.323500	0.154750
0.324000	0.154730
0.324500	0.154710
0.325000	0.154700
0.325500	0.154690
0.326000	0.154690
0.326500	0.154680
0.327000	0.154680
0.327500	0.154680
0.328000	0.154690
0.328500	0.154700
0.329000	0.154720
0.329500	0.154750
0.330000	0.154780
0.330500	0.154790
0.331000	0.154790
0.331500	0.154770
0.332000	0.154720
0.332500	0.154650
0.333000	0.154550
0.333500	0.154410
0.334000	0.154240
0.334500	0.154040
0.335000	0.153830
0.335500	0.153620
0.336000	0.153400
0.336500	0.153180
0.337000	0.152950
0.337500	0.152720
0.338000	0.152490
0.338500	0.152280
0.339000	0.152080
0.339500	0.151900
0.340000	0.151720
0.340500	0.151550
0.341000	0.151390
0.341500	0.151240
0.342000	0.151090
0.342500	0.150910
0.343000	0.150730
0.343500	0.150540
0.344000	0.150350
0.344500	0.150160
0.345000	0.149960
0.345500	0.149760
0.346000	0.149550
0.346500	0.149360
0.347000	0.149180
0.347500	0.149020
0.348000	0.148860
0.348500	0.148710
0.349000	0.148560
0.349500	0.148430
0.350000	0.148310
0.350500	0.148190
0.351000	0.148090
0.351500	0.148000
0.352000	0.147920
0.352500	0.147860
0.353000	0.147820
0.353500	0.147780
0.354000	0.147750
0.354500	0.147710
0.355000	0.147670
0.355500	0.147620
0.356000	0.147560
0.356500	0.147480
0.357000	0.147380
0.357500	0.147240
0.358000	0.147080
0.358500	0.146890
0.359000	0.146700
0.359500	0.146500
0.360000	0.146310
0.360500	0.146110
0.361000	0.145920
0.361500	0.145730
0.362000	0.145530
0.362500	0.145340
0.363000	0.145150
0.363500	0.144990
0.364000	0.144850
0.364500	0.144730
0.365000	0.144630
0.365500	0.144550
0.366000	0.144480
0.366500	0.144430
0.367000	0.144390
0.367500	0.144340
0.368000	0.144300
0.368500	0.144260
0.369000	0.144210
0.369500	0.144170
0.370000	0.144140
0.370500	0.144100
0.371000	0.144060
0.371500	0.144040
0.372000	0.144020
0.372500	0.144000
0.373000	0.143950
0.373500	0.143890
0.374000	0.143810
0.374500	0.143740
0.375000	0.143680
0.375500	0.143630
0.376000	0.143580
0.376500	0.143540
0.377000	0.143520
0.377500	0.143530
0.378000	0.143550
0.378500	0.143570
0.379000	0.143610
0.379500	0.143640
0.380000	0.143680
0.380500	0.143720
0.381000	0.143750
0.381500	0.143770
0.382000	0.143780
0.382500	0.143780
0.383000	0.143770
0.383500	0.143740
0.384000	0.143690
0.384500	0.143620
0.385000	0.143530
0.385500	0.143420
0.386000	0.143310
0.386500	0.143180
0.387000	0.143030
0.387500	0.142880
0.388000	0.142720
0.388500	0.142560
0.389000	0.142400
0.389500	0.142230
0.390000	0.142060
0.390500	0.141890
0.391000	0.141720
0.391500	0.141550
0.392000	0.141380
0.392500	0.141210
0.393000	0.141040
0.393500	0.140890
0.394000	0.140770
0.394500	0.140670
0.395000	0.140590
0.395500	0.140530
0.396000	0.140470
0.396500	0.140420
0.397000	0.140380
0.397500	0.140330
0.398000	0.140280
0.398500	0.140240
0.399000	0.140220
0.399500	0.140200
0.400000	0.140190
0.400500	0.140190
0.401000	0.140180
0.401500	0.140170
0.402000	0.140170
0.402500	0.140170
0.403000	0.140170
0.403500	0.140180
0.404000	0.140220
0.404500	0.140280
0.405000	0.140340
0.405500	0.140420
0.406000	0.140490
0.406500	0.140580
0.407000	0.140670
0.407500	0.140770
0.408000	0.140870
0.408500	0.140980
0.409000	0.141110
0.409500	0.141250
0.410000	0.141400
0.410500	0.141550
0.411000	0.141700
0.411500	0.141840
0.412000	0.141980
0.412500	0.142110
0.413000	0.142250
0.413500	0.142400
0.414000	0.142540
0.414500	0.142690
0.415000	0.142830
0.415500	0.142970
0.416000	0.143100
0.416500	0.143210
0.417000	0.143310
0.417500	0.143400
0.418000	0.143470
0.418500	0.143520
0.419000	0.143570
0.419500	0.143610
0.420000	0.143610
0.420500	0.143620
0.421000	0.143640
0.421500	0.143690
0.422000	0.143770
0.422500	0.143870
0.423000	0.143990
0.423500	0.144130
0.424000	0.144270
0.424500	0.144430
0.425000	0.144570
0.425500	0.144700
0.426000	0.144830
0.426500	0.144960
0.427000	0.145090
0.427500	0.145200
0.428000	0.145320
0.428500	0.145430
0.429000	0.145530
0.429500	0.145620
0.430000	0.145710
0.430500	0.145790
0.431000	0.145860
0.431500	0.145940
0.432000	0.146010
0.432500	0.146070
0.433000	0.146110
0.433500	0.146110
0.434000	0.146110
0.434500	0.146110
0.435000	0.146100
0.435500	0.146100
0.436000	0.146090
0.436500	0.146080
0.437000	0.146080
0.437500	0.146070
0.438000	0.146060
0.438500	0.146050
0.439000	0.146020
0.439500	0.145990
0.440000	0.145950
0.440500	0.145890
0.441000	0.145830
0.441500	0.145780
0.442000	0.145740
0.442500	0.145710
0.443000	0.145680
0.443500	0.145660
0.444000	0.145660
0.444500	0.145680
0.445000	0.145730
0.445500	0.145810
0.446000	0.145900
0.446500	0.145990
0.447000	0.146090
0.447500	0.146190
0.448000	0.146280
0.448500	0.146380
0.449000	0.146480
0.449500	0.146580
0.450000	0.146660
0.450500	0.146700
0.451000	0.146720
0.451500	0.146720
0.452000	0.146700
0.452500	0.146680
0.453000	0.146640
0.453500	0.146610
0.454000	0.146570
0.454500	0.146520
0.455000	0.146480
0.455500	0.146440
0.456000	0.146430
0.456500	0.146420
0.457000	0.146430
0.457500	0.146420
0.458000	0.146400
0.458500	0.146390
0.459000	0.146360
0.459500	0.146320
0.460000	0.146270
0.460500	0.146190
0.461000	0.146110
0.461500	0.146010
0.462000	0.145920
0.462500	0.145820
0.463000	0.145720
0.463500	0.145610
0.464000	0.145480
0.464500	0.145350
0.465000	0.145230
0.465500	0.145100
0.466000	0.144970
0.466500	0.144850
0.467000	0.144730
0.467500	0.144610
0.468000	0.144500
0.468500	0.144420
0.469000	0.144370
0.469500	0.144330
0.470000	0.144300
0.470500	0.144280
0.471000	0.144260
0.471500	0.144270
0.472000	0.144290
0.472500	0.144310
0.473000	0.144340
0.473500	0.144360
0.474000	0.144380
0.474500	0.144400
0.475000	0.144430
0.475500	0.144450
0.476000	0.144470
0.476500	0.144480
0.477000	0.144480
0.477500	0.144490
0.478000	0.144520
0.478500	0.144560
0.479000	0.144620
0.479500	0.144700
0.480000	0.144780
0.480500	0.144870
0.481000	0.144970
0.481500	0.145090
0.482000	0.145220
0.482500	0.145360
0.483000	0.145510
0.483500	0.145690
0.484000	0.145880
0.484500	0.146100
0.485000	0.146340
0.485500	0.146570
0.486000	0.146790
0.486500	0.146960
0.487000	0.147110
0.487500	0.147280
0.488000	145.100006
0.488500	1627.800049
0.489000	4347.100098
0.489500	7848.799805
0.490000	11739.000000
0.490500	16262.000000
0.491000	21505.000000
0.491500	27445.000000
